240
5.000000 5.689680 39.000000 4.000000 1.000000 4.000000 3.000000 1.000000 0.000000 2.000000 3.000000 2.000000 3.000000 0.000000 1.000000 
4.624012 13.948664 27.000000 11.000000 4.000000 1.000000 2.000000 3.000000 3.000000 0.000000 4.000000 2.000000 4.000000 1.000000 1.000000 
3.586825 20.911477 27.000000 6.000000 7.000000 3.000000 1.000000 1.000000 2.000000 3.000000 3.000000 4.000000 3.000000 2.000000 1.000000 
4.880237 29.997072 27.000000 9.000000 0.000000 2.000000 1.000000 0.000000 3.000000 1.000000 1.000000 5.000000 11.000000 2.000000 1.000000 
3.585763 38.103917 27.000000 2.000000 0.000000 3.000000 7.000000 2.000000 2.000000 3.000000 0.000000 1.000000 3.000000 8.000000 5.000000 
3.165281 44.911477 27.000000 3.000000 4.000000 2.000000 4.000000 5.000000 3.000000 4.000000 2.000000 3.000000 0.000000 4.000000 2.000000 
4.322413 53.002240 27.000000 6.000000 4.000000 5.000000 4.000000 1.000000 0.000000 1.000000 3.000000 1.000000 2.000000 0.000000 9.000000 
3.583138 61.324652 27.000000 3.000000 7.000000 0.000000 1.000000 0.000000 1.000000 2.000000 2.000000 1.000000 9.000000 4.000000 6.000000 
4.000000 68.959625 27.000000 10.000000 3.000000 1.000000 4.000000 3.000000 4.000000 2.000000 0.000000 1.000000 4.000000 3.000000 1.000000 
3.586825 78.136048 27.000000 4.000000 3.000000 2.000000 9.000000 2.000000 2.000000 0.000000 1.000000 2.000000 1.000000 6.000000 4.000000 
4.324652 85.324652 27.000000 3.000000 6.000000 4.000000 6.000000 1.000000 1.000000 1.000000 0.000000 3.000000 5.000000 4.000000 2.000000 
2.570820 92.911477 27.000000 6.000000 4.000000 3.000000 6.000000 2.000000 0.000000 1.000000 3.000000 1.000000 5.000000 1.000000 4.000000 
3.144928 101.353374 27.000000 9.000000 3.000000 1.000000 6.000000 2.000000 1.000000 3.000000 1.000000 2.000000 1.000000 4.000000 3.000000 
3.586825 108.911477 27.000000 4.000000 2.000000 2.000000 5.000000 4.000000 2.000000 1.000000 1.000000 2.000000 2.000000 8.000000 3.000000 
4.322413 117.002240 27.000000 2.000000 2.000000 3.000000 1.000000 4.000000 2.000000 1.000000 1.000000 2.000000 5.000000 8.000000 5.000000 
3.555771 123.653446 27.000000 3.000000 2.000000 3.000000 5.000000 3.000000 1.000000 3.000000 3.000000 1.000000 5.000000 4.000000 3.000000 
4.322413 133.647065 27.000000 4.000000 3.000000 1.000000 6.000000 4.000000 0.000000 0.000000 0.000000 0.000000 7.000000 4.000000 7.000000 
3.586825 141.737828 27.000000 5.000000 3.000000 1.000000 1.000000 1.000000 1.000000 4.000000 1.000000 1.000000 6.000000 6.000000 6.000000 
3.207438 148.532091 27.000000 1.000000 2.000000 1.000000 11.000000 1.000000 0.000000 0.000000 0.000000 0.000000 7.000000 5.000000 8.000000 
4.322413 157.002240 27.000000 7.000000 2.000000 3.000000 8.000000 4.000000 1.000000 1.000000 1.000000 2.000000 4.000000 2.000000 1.000000 
3.175451 164.500104 27.000000 3.000000 1.000000 2.000000 9.000000 2.000000 3.000000 1.000000 1.000000 1.000000 7.000000 4.000000 2.000000 
4.000000 173.689680 27.000000 4.000000 9.000000 3.000000 1.000000 1.000000 0.000000 1.000000 1.000000 2.000000 2.000000 8.000000 4.000000 
4.000000 181.306546 27.000000 4.000000 10.000000 3.000000 4.000000 2.000000 0.000000 0.000000 2.000000 2.000000 4.000000 4.000000 1.000000 
4.618856 189.030449 27.000000 2.000000 5.000000 6.000000 3.000000 1.000000 1.000000 1.000000 2.000000 2.000000 3.000000 6.000000 4.000000 
4.594384 197.919036 27.000000 3.000000 1.000000 7.000000 4.000000 0.000000 1.000000 0.000000 5.000000 4.000000 6.000000 1.000000 4.000000 
5.114660 205.002240 27.000000 2.000000 2.000000 1.000000 0.000000 2.000000 6.000000 0.000000 2.000000 4.000000 11.000000 4.000000 2.000000 
4.822871 213.915741 27.000000 2.000000 1.000000 0.000000 1.000000 1.000000 10.000000 14.000000 3.000000 2.000000 0.000000 1.000000 1.000000 
4.856535 220.720989 27.000000 4.000000 1.000000 2.000000 2.000000 0.000000 3.000000 15.000000 6.000000 1.000000 1.000000 0.000000 1.000000 
4.365028 228.634972 27.000000 5.000000 3.000000 4.000000 8.000000 2.000000 4.000000 4.000000 2.000000 1.000000 1.000000 2.000000 0.000000 
5.000000 236.365028 36.000000 4.000000 2.000000 1.000000 6.000000 4.000000 0.000000 2.000000 0.000000 0.000000 0.000000 1.000000 0.000000 
12.687651 6.052679 27.000000 3.000000 4.000000 4.000000 7.000000 5.000000 3.000000 4.000000 6.000000 6.000000 2.000000 4.000000 6.000000 
14.215589 13.586825 0.000000 12.000000 8.000000 4.000000 4.000000 2.000000 3.000000 5.000000 4.000000 9.000000 9.000000 8.000000 13.000000 
12.757296 19.937139 0.000000 9.000000 12.000000 8.000000 8.000000 2.000000 4.000000 1.000000 2.000000 4.000000 14.000000 9.000000 8.000000 
14.563910 31.085395 0.000000 11.000000 6.000000 7.000000 19.000000 4.000000 2.000000 3.000000 4.000000 1.000000 3.000000 6.000000 15.000000 
10.922112 37.292779 0.000000 10.000000 8.000000 4.000000 21.000000 4.000000 2.000000 3.000000 1.000000 0.000000 3.000000 11.000000 14.000000 
10.174979 42.825021 0.000000 12.000000 9.000000 5.000000 4.000000 3.000000 4.000000 3.000000 5.000000 3.000000 3.000000 19.000000 11.000000 
13.263921 51.926013 0.000000 12.000000 14.000000 7.000000 11.000000 4.000000 3.000000 2.000000 1.000000 3.000000 5.000000 8.000000 11.000000 
11.587946 59.319844 0.000000 14.000000 11.000000 3.000000 8.000000 4.000000 4.000000 3.000000 4.000000 3.000000 6.000000 7.000000 14.000000 
11.677587 67.962081 0.000000 21.000000 5.000000 9.000000 5.000000 4.000000 6.000000 4.000000 6.000000 3.000000 6.000000 10.000000 2.000000 
10.948166 78.000000 0.000000 3.000000 9.000000 6.000000 16.000000 2.000000 5.000000 3.000000 2.000000 5.000000 16.000000 5.000000 9.000000 
11.447485 84.076086 0.000000 7.000000 10.000000 14.000000 6.000000 6.000000 6.000000 4.000000 3.000000 4.000000 10.000000 6.000000 5.000000 
7.817918 91.355731 0.000000 10.000000 7.000000 4.000000 7.000000 6.000000 3.000000 2.000000 6.000000 2.000000 18.000000 5.000000 11.000000 
9.549566 99.264412 0.000000 19.000000 5.000000 5.000000 10.000000 5.000000 11.000000 2.000000 5.000000 4.000000 3.000000 8.000000 4.000000 
11.650189 107.572591 0.000000 9.000000 5.000000 9.000000 9.000000 11.000000 7.000000 2.000000 1.000000 4.000000 8.000000 8.000000 8.000000 
11.692385 112.193661 0.000000 14.000000 6.000000 5.000000 8.000000 3.000000 5.000000 4.000000 6.000000 8.000000 11.000000 6.000000 5.000000 
11.932711 119.356940 0.000000 8.000000 7.000000 6.000000 7.000000 0.000000 3.000000 0.000000 8.000000 10.000000 15.000000 9.000000 8.000000 
12.696550 133.249063 0.000000 9.000000 13.000000 5.000000 10.000000 2.000000 3.000000 2.000000 4.000000 6.000000 7.000000 7.000000 13.000000 
10.660673 139.525684 0.000000 12.000000 8.000000 10.000000 5.000000 1.000000 2.000000 1.000000 4.000000 7.000000 16.000000 7.000000 8.000000 
11.024311 145.909237 0.000000 12.000000 6.000000 12.000000 8.000000 4.000000 0.000000 2.000000 1.000000 4.000000 14.000000 6.000000 12.000000 
11.021583 153.021583 0.000000 15.000000 5.000000 3.000000 10.000000 4.000000 4.000000 0.000000 2.000000 6.000000 16.000000 10.000000 6.000000 
10.568948 162.893600 0.000000 2.000000 4.000000 8.000000 16.000000 11.000000 2.000000 5.000000 6.000000 2.000000 13.000000 7.000000 5.000000 
12.029370 172.059038 0.000000 14.000000 14.000000 10.000000 0.000000 2.000000 5.000000 7.000000 5.000000 5.000000 4.000000 10.000000 5.000000 
12.696944 179.303056 0.000000 22.000000 8.000000 6.000000 1.000000 2.000000 3.000000 6.000000 7.000000 7.000000 6.000000 9.000000 4.000000 
14.200783 187.617645 0.000000 5.000000 16.000000 10.000000 8.000000 5.000000 6.000000 4.000000 6.000000 6.000000 5.000000 3.000000 7.000000 
17.126055 198.700342 0.000000 2.000000 3.000000 16.000000 12.000000 4.000000 6.000000 3.000000 4.000000 11.000000 10.000000 8.000000 2.000000 
16.505382 203.202131 0.000000 8.000000 2.000000 11.000000 15.000000 2.000000 7.000000 2.000000 3.000000 7.000000 10.000000 10.000000 4.000000 
16.527814 212.692972 0.000000 11.000000 6.000000 8.000000 19.000000 3.000000 10.000000 8.000000 1.000000 0.000000 6.000000 6.000000 3.000000 
16.151451 218.275537 0.000000 11.000000 9.000000 7.000000 15.000000 3.000000 8.000000 12.000000 2.000000 5.000000 4.000000 3.000000 2.000000 
13.566133 226.389720 0.000000 8.000000 2.000000 7.000000 6.000000 8.000000 8.000000 8.000000 7.000000 7.000000 10.000000 8.000000 2.000000 
12.000000 237.365028 27.000000 6.000000 2.000000 8.000000 3.000000 2.000000 3.000000 2.000000 2.000000 1.000000 3.000000 6.000000 7.000000 
20.787243 5.365028 27.000000 10.000000 4.000000 3.000000 5.000000 6.000000 2.000000 6.000000 4.000000 2.000000 3.000000 4.000000 5.000000 
22.760195 12.298872 0.000000 9.000000 8.000000 5.000000 9.000000 8.000000 1.000000 8.000000 7.000000 4.000000 9.000000 7.000000 6.000000 
22.380871 20.628982 0.000000 6.000000 9.000000 11.000000 5.000000 0.000000 5.000000 6.000000 6.000000 6.000000 15.000000 6.000000 6.000000 
21.491433 29.203695 0.000000 5.000000 10.000000 6.000000 9.000000 7.000000 3.000000 5.000000 4.000000 2.000000 4.000000 8.000000 18.000000 
20.210417 35.114236 0.000000 15.000000 9.000000 8.000000 5.000000 4.000000 3.000000 6.000000 6.000000 11.000000 3.000000 5.000000 6.000000 
22.351666 44.210544 0.000000 6.000000 11.000000 6.000000 9.000000 2.000000 4.000000 5.000000 5.000000 7.000000 5.000000 12.000000 9.000000 
22.242932 54.179226 0.000000 15.000000 6.000000 4.000000 1.000000 7.000000 4.000000 3.000000 2.000000 3.000000 23.000000 3.000000 10.000000 
22.884877 60.190652 0.000000 14.000000 9.000000 9.000000 4.000000 2.000000 4.000000 4.000000 6.000000 4.000000 11.000000 8.000000 6.000000 
19.557708 69.442292 0.000000 14.000000 11.000000 6.000000 2.000000 5.000000 4.000000 3.000000 7.000000 6.000000 3.000000 11.000000 9.000000 
18.959625 76.356234 0.000000 6.000000 3.000000 8.000000 14.000000 5.000000 6.000000 3.000000 8.000000 7.000000 11.000000 4.000000 6.000000 
18.950149 84.960002 0.000000 20.000000 6.000000 7.000000 6.000000 3.000000 2.000000 1.000000 5.000000 5.000000 9.000000 9.000000 8.000000 
18.895703 92.221797 0.000000 6.000000 2.000000 2.000000 11.000000 10.000000 5.000000 7.000000 4.000000 4.000000 5.000000 8.000000 17.000000 
19.755569 99.411785 0.000000 8.000000 4.000000 5.000000 13.000000 7.000000 9.000000 2.000000 6.000000 2.000000 6.000000 6.000000 13.000000 
19.707126 110.939748 0.000000 12.000000 6.000000 7.000000 6.000000 6.000000 10.000000 5.000000 5.000000 3.000000 17.000000 2.000000 2.000000 
18.963382 114.006095 0.000000 15.000000 1.000000 7.000000 11.000000 7.000000 3.000000 2.000000 5.000000 5.000000 14.000000 5.000000 6.000000 
21.157695 123.478837 0.000000 7.000000 6.000000 5.000000 3.000000 4.000000 10.000000 6.000000 9.000000 3.000000 15.000000 5.000000 8.000000 
21.560604 133.080828 0.000000 9.000000 5.000000 2.000000 5.000000 4.000000 4.000000 6.000000 8.000000 4.000000 21.000000 7.000000 6.000000 
22.220491 137.909237 0.000000 3.000000 8.000000 14.000000 7.000000 3.000000 6.000000 5.000000 7.000000 6.000000 14.000000 6.000000 2.000000 
21.124182 147.404059 0.000000 12.000000 1.000000 6.000000 12.000000 4.000000 2.000000 4.000000 5.000000 5.000000 11.000000 10.000000 9.000000 
18.584270 154.219242 0.000000 9.000000 7.000000 6.000000 27.000000 7.000000 7.000000 2.000000 4.000000 2.000000 4.000000 2.000000 4.000000 
22.413175 164.662831 0.000000 5.000000 10.000000 5.000000 7.000000 3.000000 3.000000 3.000000 3.000000 6.000000 19.000000 8.000000 9.000000 
21.104034 169.687172 0.000000 8.000000 9.000000 7.000000 8.000000 6.000000 3.000000 4.000000 4.000000 6.000000 8.000000 7.000000 11.000000 
19.634972 179.487924 0.000000 9.000000 12.000000 12.000000 11.000000 7.000000 0.000000 3.000000 5.000000 4.000000 5.000000 5.000000 8.000000 
20.755667 189.094331 0.000000 11.000000 9.000000 9.000000 7.000000 5.000000 5.000000 6.000000 8.000000 4.000000 6.000000 6.000000 5.000000 
23.755202 198.640972 0.000000 3.000000 4.000000 13.000000 11.000000 2.000000 5.000000 9.000000 1.000000 7.000000 20.000000 5.000000 1.000000 
21.212429 203.870886 0.000000 2.000000 1.000000 10.000000 22.000000 1.000000 3.000000 3.000000 2.000000 6.000000 20.000000 10.000000 1.000000 
21.190534 211.768829 0.000000 9.000000 3.000000 7.000000 19.000000 4.000000 5.000000 3.000000 4.000000 1.000000 5.000000 12.000000 9.000000 
22.476878 222.469029 0.000000 3.000000 5.000000 10.000000 30.000000 6.000000 7.000000 8.000000 2.000000 4.000000 2.000000 3.000000 1.000000 
23.000000 225.959625 0.000000 8.000000 11.000000 9.000000 19.000000 5.000000 5.000000 6.000000 3.000000 3.000000 4.000000 6.000000 2.000000 
20.472478 237.129853 27.000000 0.000000 1.000000 1.000000 2.000000 4.000000 6.000000 11.000000 3.000000 6.000000 3.000000 2.000000 6.000000 
28.000000 5.689680 27.000000 10.000000 5.000000 5.000000 4.000000 3.000000 1.000000 1.000000 2.000000 4.000000 6.000000 8.000000 5.000000 
29.098716 13.000000 0.000000 13.000000 9.000000 8.000000 11.000000 6.000000 4.000000 4.000000 3.000000 4.000000 10.000000 5.000000 4.000000 
30.062310 21.737657 0.000000 17.000000 9.000000 10.000000 5.000000 4.000000 5.000000 6.000000 3.000000 4.000000 7.000000 8.000000 3.000000 
29.802060 28.887620 0.000000 14.000000 5.000000 5.000000 7.000000 3.000000 5.000000 2.000000 5.000000 5.000000 10.000000 8.000000 12.000000 
30.679299 36.115757 0.000000 15.000000 9.000000 7.000000 4.000000 4.000000 6.000000 4.000000 4.000000 2.000000 8.000000 11.000000 7.000000 
29.079514 44.909237 0.000000 9.000000 9.000000 5.000000 10.000000 7.000000 6.000000 1.000000 6.000000 6.000000 4.000000 8.000000 10.000000 
25.256200 50.959625 0.000000 10.000000 9.000000 10.000000 2.000000 3.000000 2.000000 0.000000 2.000000 2.000000 27.000000 5.000000 9.000000 
27.979713 62.108458 0.000000 13.000000 6.000000 7.000000 2.000000 1.000000 3.000000 8.000000 8.000000 6.000000 11.000000 5.000000 11.000000 
27.687440 69.677587 0.000000 15.000000 6.000000 7.000000 4.000000 3.000000 6.000000 5.000000 5.000000 3.000000 9.000000 10.000000 8.000000 
29.168727 76.732444 0.000000 9.000000 7.000000 6.000000 4.000000 5.000000 8.000000 4.000000 11.000000 5.000000 6.000000 9.000000 7.000000 
29.000000 86.321972 0.000000 12.000000 9.000000 8.000000 1.000000 4.000000 5.000000 6.000000 5.000000 5.000000 8.000000 6.000000 12.000000 
26.962786 91.510952 0.000000 8.000000 8.000000 7.000000 7.000000 6.000000 7.000000 9.000000 4.000000 8.000000 9.000000 4.000000 4.000000 
24.218936 99.612958 0.000000 9.000000 9.000000 7.000000 16.000000 8.000000 6.000000 2.000000 3.000000 0.000000 3.000000 3.000000 15.000000 
25.365028 112.365028 0.000000 14.000000 2.000000 1.000000 7.000000 4.000000 9.000000 3.000000 3.000000 4.000000 22.000000 6.000000 6.000000 
26.574807 117.276244 0.000000 8.000000 5.000000 5.000000 8.000000 6.000000 7.000000 8.000000 2.000000 9.000000 10.000000 6.000000 7.000000 
27.621292 124.365028 0.000000 4.000000 4.000000 8.000000 7.000000 3.000000 9.000000 8.000000 2.000000 4.000000 20.000000 6.000000 6.000000 
30.882824 132.571088 0.000000 4.000000 9.000000 7.000000 6.000000 7.000000 3.000000 17.000000 10.000000 4.000000 6.000000 5.000000 3.000000 
27.802863 137.458631 0.000000 4.000000 8.000000 10.000000 11.000000 3.000000 5.000000 4.000000 7.000000 6.000000 11.000000 7.000000 5.000000 
28.623860 144.959278 0.000000 10.000000 4.000000 6.000000 23.000000 4.000000 4.000000 3.000000 2.000000 3.000000 10.000000 6.000000 6.000000 
28.037510 154.889580 0.000000 7.000000 5.000000 9.000000 6.000000 3.000000 4.000000 4.000000 5.000000 9.000000 17.000000 9.000000 3.000000 
28.378146 163.053494 0.000000 9.000000 11.000000 5.000000 10.000000 3.000000 6.000000 6.000000 5.000000 5.000000 6.000000 8.000000 7.000000 
27.272245 172.349476 0.000000 5.000000 3.000000 6.000000 10.000000 6.000000 2.000000 7.000000 9.000000 10.000000 6.000000 6.000000 11.000000 
28.322413 182.057207 0.000000 4.000000 6.000000 8.000000 4.000000 7.000000 6.000000 13.000000 7.000000 3.000000 4.000000 4.000000 15.000000 
30.712135 189.928992 0.000000 9.000000 6.000000 2.000000 3.000000 4.000000 3.000000 6.000000 7.000000 12.000000 16.000000 7.000000 6.000000 
31.541048 198.076376 0.000000 4.000000 7.000000 9.000000 14.000000 11.000000 8.000000 6.000000 4.000000 6.000000 4.000000 3.000000 5.000000 
30.089711 205.373585 0.000000 4.000000 2.000000 6.000000 12.000000 12.000000 7.000000 18.000000 4.000000 5.000000 3.000000 3.000000 5.000000 
27.463489 210.259044 0.000000 5.000000 2.000000 4.000000 9.000000 7.000000 6.000000 9.000000 6.000000 8.000000 15.000000 4.000000 6.000000 
25.586825 223.740987 0.000000 4.000000 4.000000 6.000000 22.000000 5.000000 8.000000 7.000000 9.000000 5.000000 4.000000 3.000000 4.000000 
27.538302 227.920467 0.000000 8.000000 10.000000 6.000000 15.000000 5.000000 7.000000 4.000000 3.000000 1.000000 3.000000 11.000000 8.000000 
28.000000 237.365028 27.000000 5.000000 7.000000 4.000000 3.000000 3.000000 2.000000 1.000000 2.000000 3.000000 4.000000 5.000000 6.000000 
36.413175 4.951852 27.000000 4.000000 6.000000 8.000000 5.000000 1.000000 3.000000 4.000000 6.000000 5.000000 2.000000 5.000000 5.000000 
38.017959 11.331763 0.000000 6.000000 6.000000 7.000000 9.000000 5.000000 8.000000 6.000000 5.000000 7.000000 8.000000 8.000000 6.000000 
37.365028 20.790659 0.000000 11.000000 15.000000 5.000000 4.000000 3.000000 4.000000 2.000000 5.000000 5.000000 10.000000 6.000000 11.000000 
37.322413 28.274194 0.000000 11.000000 8.000000 5.000000 7.000000 5.000000 7.000000 9.000000 6.000000 4.000000 3.000000 10.000000 6.000000 
35.461592 38.322413 0.000000 9.000000 7.000000 3.000000 4.000000 7.000000 6.000000 5.000000 7.000000 10.000000 5.000000 7.000000 11.000000 
37.412154 45.380117 0.000000 5.000000 13.000000 4.000000 11.000000 7.000000 3.000000 1.000000 4.000000 9.000000 13.000000 4.000000 7.000000 
34.674800 51.263097 0.000000 17.000000 10.000000 10.000000 2.000000 4.000000 3.000000 2.000000 2.000000 3.000000 9.000000 9.000000 10.000000 
36.791897 59.926602 0.000000 15.000000 6.000000 8.000000 8.000000 4.000000 4.000000 6.000000 6.000000 2.000000 12.000000 4.000000 6.000000 
36.702870 66.880268 0.000000 9.000000 5.000000 7.000000 1.000000 6.000000 4.000000 3.000000 6.000000 6.000000 9.000000 8.000000 17.000000 
37.322413 75.231007 0.000000 13.000000 5.000000 5.000000 9.000000 7.000000 5.000000 4.000000 8.000000 5.000000 6.000000 6.000000 8.000000 
35.677587 86.687440 0.000000 10.000000 5.000000 12.000000 5.000000 3.000000 7.000000 4.000000 5.000000 6.000000 6.000000 10.000000 8.000000 
34.586825 92.667171 0.000000 15.000000 10.000000 7.000000 5.000000 3.000000 5.000000 2.000000 4.000000 3.000000 4.000000 11.000000 12.000000 
35.824181 99.002240 0.000000 10.000000 7.000000 6.000000 7.000000 7.000000 6.000000 5.000000 5.000000 5.000000 12.000000 5.000000 6.000000 
34.172894 109.095111 0.000000 5.000000 6.000000 4.000000 12.000000 9.000000 6.000000 8.000000 4.000000 12.000000 5.000000 4.000000 6.000000 
35.192597 115.911477 0.000000 9.000000 7.000000 6.000000 6.000000 7.000000 6.000000 17.000000 2.000000 4.000000 3.000000 9.000000 5.000000 
41.341408 126.365413 0.000000 5.000000 5.000000 6.000000 7.000000 5.000000 2.000000 7.000000 6.000000 4.000000 20.000000 6.000000 8.000000 
40.397996 135.445073 0.000000 6.000000 15.000000 13.000000 11.000000 3.000000 3.000000 5.000000 7.000000 6.000000 6.000000 4.000000 2.000000 
38.220801 140.594389 0.000000 8.000000 4.000000 8.000000 8.000000 2.000000 4.000000 5.000000 8.000000 9.000000 12.000000 8.000000 5.000000 
37.334052 144.650263 0.000000 10.000000 5.000000 6.000000 5.000000 0.000000 4.000000 4.000000 8.000000 7.000000 16.000000 6.000000 10.000000 
37.365028 159.365028 0.000000 11.000000 5.000000 8.000000 2.000000 1.000000 2.000000 3.000000 6.000000 7.000000 18.000000 8.000000 10.000000 
37.657430 165.975103 0.000000 5.000000 6.000000 11.000000 5.000000 3.000000 1.000000 3.000000 9.000000 7.000000 11.000000 8.000000 12.000000 
36.078557 177.737828 0.000000 3.000000 3.000000 6.000000 10.000000 5.000000 6.000000 20.000000 3.000000 5.000000 2.000000 9.000000 9.000000 
36.327991 183.330155 0.000000 5.000000 2.000000 4.000000 5.000000 4.000000 7.000000 20.000000 4.000000 5.000000 4.000000 12.000000 9.000000 
38.030485 188.002240 0.000000 11.000000 2.000000 2.000000 6.000000 8.000000 3.000000 6.000000 3.000000 10.000000 8.000000 15.000000 7.000000 
37.444540 198.102445 0.000000 8.000000 7.000000 6.000000 13.000000 7.000000 7.000000 4.000000 5.000000 3.000000 7.000000 6.000000 8.000000 
34.993053 203.352153 0.000000 10.000000 6.000000 5.000000 12.000000 5.000000 7.000000 4.000000 4.000000 4.000000 13.000000 7.000000 4.000000 
32.164159 209.468569 0.000000 1.000000 2.000000 5.000000 10.000000 10.000000 7.000000 6.000000 5.000000 6.000000 21.000000 5.000000 3.000000 
34.778184 223.000000 0.000000 6.000000 6.000000 5.000000 8.000000 3.000000 6.000000 6.000000 6.000000 3.000000 8.000000 18.000000 6.000000 
35.000000 228.941337 0.000000 10.000000 2.000000 6.000000 5.000000 5.000000 7.000000 6.000000 7.000000 6.000000 3.000000 16.000000 8.000000 
36.000000 237.365028 27.000000 4.000000 2.000000 5.000000 2.000000 6.000000 6.000000 3.000000 4.000000 1.000000 2.000000 5.000000 5.000000 
44.784356 5.670382 27.000000 12.000000 4.000000 4.000000 7.000000 1.000000 1.000000 3.000000 6.000000 4.000000 3.000000 2.000000 7.000000 
46.671490 13.569260 0.000000 16.000000 10.000000 7.000000 7.000000 3.000000 4.000000 2.000000 5.000000 4.000000 5.000000 9.000000 9.000000 
43.502609 22.324384 0.000000 16.000000 7.000000 8.000000 5.000000 4.000000 2.000000 4.000000 6.000000 4.000000 3.000000 12.000000 10.000000 
43.468693 26.686327 0.000000 12.000000 6.000000 6.000000 5.000000 5.000000 3.000000 10.000000 6.000000 5.000000 8.000000 9.000000 6.000000 
42.324652 36.324652 0.000000 10.000000 4.000000 10.000000 16.000000 8.000000 4.000000 2.000000 6.000000 6.000000 4.000000 1.000000 10.000000 
44.146708 44.039217 0.000000 8.000000 6.000000 3.000000 7.000000 4.000000 5.000000 13.000000 6.000000 5.000000 7.000000 9.000000 8.000000 
42.985154 50.793238 0.000000 23.000000 9.000000 12.000000 2.000000 1.000000 2.000000 1.000000 7.000000 3.000000 9.000000 3.000000 9.000000 
44.639551 56.518196 0.000000 20.000000 6.000000 7.000000 4.000000 1.000000 5.000000 3.000000 7.000000 3.000000 14.000000 8.000000 3.000000 
43.912012 68.016936 0.000000 17.000000 11.000000 9.000000 5.000000 3.000000 3.000000 3.000000 3.000000 5.000000 3.000000 10.000000 9.000000 
45.322413 75.647065 0.000000 11.000000 9.000000 7.000000 3.000000 2.000000 2.000000 9.000000 8.000000 4.000000 5.000000 12.000000 9.000000 
43.586825 85.656970 0.000000 11.000000 7.000000 7.000000 4.000000 2.000000 5.000000 4.000000 7.000000 5.000000 5.000000 11.000000 13.000000 
43.887835 91.162724 0.000000 9.000000 8.000000 7.000000 6.000000 5.000000 7.000000 5.000000 5.000000 6.000000 8.000000 8.000000 7.000000 
45.416793 97.069168 0.000000 10.000000 14.000000 7.000000 7.000000 3.000000 5.000000 6.000000 7.000000 6.000000 7.000000 4.000000 5.000000 
41.221453 105.951852 0.000000 5.000000 11.000000 11.000000 4.000000 4.000000 2.000000 3.000000 5.000000 10.000000 10.000000 8.000000 8.000000 
42.322413 115.002240 0.000000 17.000000 7.000000 3.000000 6.000000 7.000000 3.000000 1.000000 2.000000 6.000000 6.000000 11.000000 12.000000 
46.071408 125.324652 0.000000 3.000000 4.000000 5.000000 4.000000 4.000000 10.000000 10.000000 4.000000 4.000000 22.000000 4.000000 7.000000 
45.949621 133.194125 0.000000 11.000000 19.000000 6.000000 4.000000 0.000000 2.000000 8.000000 6.000000 7.000000 6.000000 7.000000 5.000000 
44.075737 138.335356 0.000000 3.000000 4.000000 8.000000 10.000000 5.000000 3.000000 6.000000 10.000000 8.000000 13.000000 8.000000 3.000000 
41.000000 142.662914 0.000000 6.000000 2.000000 4.000000 8.000000 3.000000 4.000000 3.000000 9.000000 6.000000 19.000000 12.000000 5.000000 
44.011213 156.973881 0.000000 11.000000 9.000000 4.000000 3.000000 1.000000 6.000000 6.000000 4.000000 9.000000 10.000000 10.000000 8.000000 
44.749034 163.000000 0.000000 10.000000 7.000000 8.000000 6.000000 2.000000 5.000000 4.000000 7.000000 4.000000 8.000000 12.000000 8.000000 
41.543906 175.023266 0.000000 17.000000 10.000000 7.000000 8.000000 0.000000 1.000000 8.000000 3.000000 2.000000 4.000000 10.000000 11.000000 
42.562037 180.173650 0.000000 11.000000 10.000000 6.000000 20.000000 0.000000 0.000000 4.000000 4.000000 5.000000 11.000000 7.000000 3.000000 
47.293833 187.660234 0.000000 10.000000 6.000000 3.000000 11.000000 1.000000 3.000000 5.000000 5.000000 10.000000 9.000000 6.000000 12.000000 
50.371540 196.951852 0.000000 12.000000 3.000000 6.000000 8.000000 3.000000 6.000000 8.000000 5.000000 4.000000 11.000000 7.000000 8.000000 
49.718743 201.910354 0.000000 16.000000 11.000000 7.000000 3.000000 3.000000 4.000000 8.000000 3.000000 2.000000 10.000000 5.000000 9.000000 
47.525168 209.906535 0.000000 4.000000 4.000000 5.000000 4.000000 9.000000 3.000000 7.000000 6.000000 5.000000 13.000000 11.000000 10.000000 
45.289449 219.940702 0.000000 10.000000 4.000000 2.000000 18.000000 3.000000 2.000000 5.000000 5.000000 5.000000 7.000000 7.000000 13.000000 
44.000000 227.689680 0.000000 4.000000 5.000000 12.000000 7.000000 4.000000 1.000000 2.000000 4.000000 4.000000 10.000000 11.000000 17.000000 
44.000000 237.365028 27.000000 4.000000 5.000000 1.000000 1.000000 4.000000 5.000000 4.000000 6.000000 3.000000 5.000000 6.000000 1.000000 
52.732557 5.277296 27.000000 6.000000 8.000000 4.000000 1.000000 3.000000 3.000000 3.000000 6.000000 2.000000 5.000000 9.000000 4.000000 
53.304828 13.120681 0.000000 10.000000 8.000000 6.000000 7.000000 3.000000 5.000000 3.000000 5.000000 5.000000 8.000000 6.000000 15.000000 
49.078795 20.443822 0.000000 15.000000 5.000000 5.000000 9.000000 2.000000 5.000000 4.000000 5.000000 5.000000 10.000000 5.000000 11.000000 
50.365028 26.365028 0.000000 14.000000 8.000000 6.000000 0.000000 6.000000 5.000000 3.000000 4.000000 4.000000 7.000000 10.000000 14.000000 
53.778666 34.767754 0.000000 8.000000 9.000000 8.000000 3.000000 3.000000 8.000000 7.000000 8.000000 4.000000 8.000000 7.000000 8.000000 
54.112539 41.316360 0.000000 9.000000 7.000000 10.000000 7.000000 5.000000 3.000000 2.000000 8.000000 6.000000 12.000000 6.000000 6.000000 
47.118631 49.968055 0.000000 21.000000 11.000000 7.000000 2.000000 0.000000 1.000000 4.000000 5.000000 5.000000 9.000000 5.000000 11.000000 
48.527352 57.412746 0.000000 19.000000 5.000000 3.000000 6.000000 2.000000 5.000000 0.000000 3.000000 6.000000 20.000000 8.000000 4.000000 
51.925686 70.508113 0.000000 9.000000 12.000000 8.000000 5.000000 2.000000 2.000000 0.000000 2.000000 4.000000 10.000000 18.000000 9.000000 
53.000000 78.427138 0.000000 15.000000 7.000000 8.000000 10.000000 0.000000 0.000000 5.000000 2.000000 7.000000 7.000000 9.000000 11.000000 
52.832028 87.079219 0.000000 3.000000 8.000000 7.000000 3.000000 3.000000 11.000000 10.000000 3.000000 5.000000 8.000000 12.000000 8.000000 
55.885979 92.825410 0.000000 13.000000 8.000000 4.000000 2.000000 2.000000 7.000000 11.000000 3.000000 1.000000 8.000000 12.000000 10.000000 
56.000000 96.689680 0.000000 6.000000 4.000000 8.000000 5.000000 8.000000 16.000000 12.000000 5.000000 3.000000 4.000000 4.000000 6.000000 
52.970191 107.961411 0.000000 5.000000 4.000000 8.000000 8.000000 6.000000 11.000000 13.000000 8.000000 2.000000 5.000000 6.000000 5.000000 
53.113719 115.365028 0.000000 7.000000 2.000000 13.000000 10.000000 6.000000 5.000000 16.000000 5.000000 6.000000 3.000000 5.000000 3.000000 
53.413175 122.949624 0.000000 8.000000 9.000000 1.000000 16.000000 2.000000 12.000000 6.000000 3.000000 3.000000 9.000000 5.000000 7.000000 
53.000000 128.534990 0.000000 10.000000 12.000000 7.000000 19.000000 5.000000 3.000000 2.000000 4.000000 3.000000 4.000000 5.000000 7.000000 
52.000000 137.281709 0.000000 9.000000 2.000000 3.000000 2.000000 2.000000 1.000000 5.000000 10.000000 12.000000 21.000000 12.000000 2.000000 
51.471428 145.579502 0.000000 10.000000 6.000000 7.000000 5.000000 3.000000 3.000000 12.000000 6.000000 7.000000 9.000000 7.000000 6.000000 
52.413175 156.694599 0.000000 16.000000 7.000000 8.000000 2.000000 2.000000 4.000000 8.000000 3.000000 10.000000 5.000000 7.000000 9.000000 
53.322413 163.687440 0.000000 9.000000 5.000000 3.000000 11.000000 3.000000 2.000000 11.000000 11.000000 5.000000 4.000000 9.000000 8.000000 
52.321337 172.951852 0.000000 10.000000 10.000000 7.000000 6.000000 3.000000 2.000000 9.000000 9.000000 5.000000 3.000000 5.000000 12.000000 
51.628990 179.628990 0.000000 10.000000 1.000000 2.000000 6.000000 2.000000 6.000000 14.000000 10.000000 9.000000 11.000000 8.000000 2.000000 
54.000000 189.689680 0.000000 8.000000 6.000000 11.000000 8.000000 5.000000 6.000000 6.000000 12.000000 8.000000 3.000000 3.000000 5.000000 
54.025341 197.338355 0.000000 21.000000 6.000000 4.000000 6.000000 4.000000 2.000000 10.000000 7.000000 5.000000 3.000000 4.000000 9.000000 
54.620220 203.687440 0.000000 14.000000 8.000000 9.000000 3.000000 4.000000 1.000000 6.000000 4.000000 2.000000 12.000000 6.000000 12.000000 
54.414387 212.891862 0.000000 7.000000 4.000000 5.000000 13.000000 9.000000 4.000000 7.000000 10.000000 7.000000 1.000000 7.000000 7.000000 
52.356730 221.689680 0.000000 11.000000 2.000000 1.000000 10.000000 4.000000 5.000000 6.000000 10.000000 14.000000 8.000000 3.000000 7.000000 
52.000000 229.689680 0.000000 7.000000 6.000000 9.000000 10.000000 5.000000 5.000000 2.000000 5.000000 5.000000 4.000000 7.000000 16.000000 
52.000000 237.002427 27.000000 6.000000 1.000000 5.000000 5.000000 4.000000 3.000000 3.000000 2.000000 2.000000 1.000000 6.000000 7.000000 
60.000000 5.324652 39.000000 5.000000 1.000000 1.000000 4.000000 6.000000 0.000000 5.000000 3.000000 5.000000 6.000000 4.000000 2.000000 
60.451895 12.872757 18.000000 10.000000 1.000000 6.000000 3.000000 7.000000 4.000000 5.000000 4.000000 3.000000 9.000000 6.000000 5.000000 
59.728143 21.324652 18.000000 7.000000 1.000000 7.000000 7.000000 4.000000 4.000000 3.000000 3.000000 5.000000 9.000000 5.000000 8.000000 
59.716321 29.040973 18.000000 11.000000 12.000000 5.000000 2.000000 2.000000 2.000000 0.000000 4.000000 5.000000 7.000000 4.000000 9.000000 
60.000000 37.324652 18.000000 6.000000 9.000000 4.000000 4.000000 3.000000 3.000000 3.000000 3.000000 7.000000 9.000000 6.000000 6.000000 
60.795078 44.529575 18.000000 3.000000 6.000000 5.000000 7.000000 6.000000 3.000000 2.000000 9.000000 6.000000 8.000000 5.000000 3.000000 
59.496404 53.157478 18.000000 10.000000 10.000000 3.000000 5.000000 7.000000 1.000000 7.000000 6.000000 1.000000 2.000000 5.000000 6.000000 
59.233854 60.813535 18.000000 8.000000 7.000000 3.000000 8.000000 7.000000 1.000000 2.000000 10.000000 2.000000 5.000000 3.000000 7.000000 
60.000000 69.701958 18.000000 8.000000 4.000000 2.000000 1.000000 9.000000 5.000000 5.000000 8.000000 9.000000 0.000000 7.000000 5.000000 
60.000000 77.324652 18.000000 10.000000 4.000000 0.000000 5.000000 4.000000 4.000000 11.000000 9.000000 9.000000 1.000000 2.000000 4.000000 
60.000000 85.687253 18.000000 3.000000 2.000000 4.000000 1.000000 8.000000 8.000000 11.000000 10.000000 7.000000 2.000000 2.000000 5.000000 
61.029221 93.888785 18.000000 7.000000 2.000000 0.000000 1.000000 2.000000 13.000000 12.000000 10.000000 3.000000 2.000000 6.000000 5.000000 
61.401416 99.962841 18.000000 6.000000 3.000000 7.000000 7.000000 4.000000 6.000000 7.000000 10.000000 4.000000 3.000000 3.000000 3.000000 
60.000000 109.324652 18.000000 3.000000 5.000000 6.000000 3.000000 5.000000 2.000000 4.000000 0.000000 2.000000 18.000000 12.000000 3.000000 
60.000000 117.324652 18.000000 1.000000 3.000000 6.000000 14.000000 0.000000 5.000000 12.000000 2.000000 2.000000 6.000000 10.000000 2.000000 
60.000000 125.324652 18.000000 2.000000 3.000000 5.000000 9.000000 8.000000 5.000000 4.000000 9.000000 2.000000 6.000000 4.000000 6.000000 
60.000000 132.590632 18.000000 3.000000 2.000000 2.000000 4.000000 2.000000 9.000000 5.000000 8.000000 5.000000 8.000000 9.000000 6.000000 
60.000000 140.986892 18.000000 11.000000 5.000000 2.000000 2.000000 2.000000 1.000000 9.000000 6.000000 6.000000 8.000000 6.000000 5.000000 
60.000000 148.995191 18.000000 7.000000 4.000000 3.000000 2.000000 5.000000 3.000000 5.000000 8.000000 8.000000 9.000000 5.000000 4.000000 
60.000000 157.324652 18.000000 18.000000 5.000000 5.000000 4.000000 1.000000 2.000000 1.000000 4.000000 5.000000 4.000000 9.000000 5.000000 
60.000000 165.324652 18.000000 7.000000 4.000000 6.000000 15.000000 3.000000 1.000000 1.000000 4.000000 3.000000 6.000000 7.000000 6.000000 
60.000000 173.324652 18.000000 17.000000 5.000000 3.000000 7.000000 3.000000 4.000000 1.000000 3.000000 6.000000 3.000000 5.000000 6.000000 
60.000000 181.324652 18.000000 10.000000 0.000000 5.000000 5.000000 9.000000 8.000000 10.000000 7.000000 6.000000 0.000000 1.000000 2.000000 
60.471712 189.796364 18.000000 13.000000 2.000000 4.000000 4.000000 6.000000 3.000000 2.000000 6.000000 6.000000 4.000000 6.000000 7.000000 
60.000000 197.324652 18.000000 15.000000 4.000000 2.000000 2.000000 1.000000 1.000000 0.000000 4.000000 6.000000 17.000000 4.000000 7.000000 
60.000000 205.324652 18.000000 8.000000 7.000000 4.000000 7.000000 2.000000 4.000000 7.000000 5.000000 5.000000 3.000000 5.000000 6.000000 
60.471712 213.324652 18.000000 8.000000 6.000000 9.000000 7.000000 1.000000 2.000000 3.000000 6.000000 5.000000 8.000000 2.000000 6.000000 
60.000000 221.324652 18.000000 8.000000 3.000000 3.000000 6.000000 4.000000 3.000000 3.000000 6.000000 6.000000 10.000000 4.000000 7.000000 
60.000000 228.890526 18.000000 11.000000 5.000000 4.000000 3.000000 4.000000 1.000000 1.000000 5.000000 2.000000 4.000000 13.000000 10.000000 
60.000000 236.000000 35.000000 5.000000 2.000000 3.000000 2.000000 2.000000 2.000000 1.000000 2.000000 1.000000 1.000000 3.000000 4.000000 
