240
5.000000 5.689680 39.000000 4.000000 0.000000 3.000000 11.000000 1.000000 0.000000 2.000000 0.000000 1.000000 0.000000 2.000000 0.000000 
4.300297 13.989977 27.000000 11.000000 3.000000 3.000000 1.000000 1.000000 0.000000 0.000000 0.000000 1.000000 5.000000 4.000000 7.000000 
4.000000 21.689680 27.000000 4.000000 4.000000 7.000000 5.000000 2.000000 1.000000 1.000000 0.000000 2.000000 3.000000 3.000000 4.000000 
3.158705 29.737828 27.000000 8.000000 3.000000 7.000000 9.000000 0.000000 0.000000 0.000000 0.000000 0.000000 3.000000 1.000000 5.000000 
4.000000 36.959625 27.000000 6.000000 3.000000 4.000000 5.000000 0.000000 0.000000 2.000000 0.000000 1.000000 6.000000 2.000000 7.000000 
2.185324 45.366818 27.000000 8.000000 3.000000 3.000000 2.000000 0.000000 0.000000 1.000000 1.000000 0.000000 6.000000 10.000000 2.000000 
2.974610 52.664290 27.000000 10.000000 6.000000 3.000000 6.000000 0.000000 0.000000 0.000000 0.000000 0.000000 4.000000 3.000000 4.000000 
4.324652 61.324652 27.000000 5.000000 5.000000 2.000000 6.000000 0.000000 0.000000 0.000000 0.000000 0.000000 3.000000 9.000000 6.000000 
3.657542 68.617167 27.000000 3.000000 7.000000 2.000000 8.000000 2.000000 1.000000 0.000000 4.000000 0.000000 4.000000 2.000000 3.000000 
4.322413 77.002240 27.000000 5.000000 0.000000 3.000000 4.000000 0.000000 1.000000 2.000000 2.000000 4.000000 5.000000 4.000000 6.000000 
2.707346 84.963451 27.000000 9.000000 3.000000 2.000000 4.000000 4.000000 1.000000 0.000000 1.000000 0.000000 2.000000 5.000000 5.000000 
4.000000 93.689680 27.000000 5.000000 7.000000 3.000000 5.000000 4.000000 1.000000 1.000000 0.000000 1.000000 5.000000 1.000000 3.000000 
4.000000 101.689680 27.000000 4.000000 3.000000 1.000000 8.000000 1.000000 0.000000 1.000000 0.000000 2.000000 5.000000 8.000000 3.000000 
4.324652 109.324652 27.000000 4.000000 3.000000 5.000000 4.000000 0.000000 1.000000 0.000000 0.000000 2.000000 7.000000 5.000000 5.000000 
2.530905 118.793747 27.000000 11.000000 1.000000 2.000000 3.000000 0.000000 0.000000 5.000000 0.000000 0.000000 6.000000 4.000000 4.000000 
2.148157 125.406213 27.000000 12.000000 3.000000 2.000000 11.000000 1.000000 0.000000 2.000000 0.000000 0.000000 1.000000 2.000000 2.000000 
3.154477 132.479130 27.000000 3.000000 4.000000 4.000000 9.000000 3.000000 0.000000 0.000000 0.000000 0.000000 5.000000 4.000000 4.000000 
4.000000 141.689680 27.000000 1.000000 1.000000 1.000000 5.000000 2.000000 2.000000 5.000000 4.000000 3.000000 7.000000 4.000000 1.000000 
4.324652 149.324652 27.000000 3.000000 5.000000 7.000000 6.000000 0.000000 0.000000 0.000000 1.000000 0.000000 3.000000 7.000000 4.000000 
2.178337 157.324652 27.000000 13.000000 3.000000 2.000000 1.000000 1.000000 0.000000 1.000000 2.000000 3.000000 9.000000 1.000000 0.000000 
3.530449 165.220129 27.000000 6.000000 4.000000 5.000000 2.000000 3.000000 1.000000 1.000000 1.000000 2.000000 4.000000 3.000000 4.000000 
2.672614 174.186117 27.000000 5.000000 9.000000 2.000000 1.000000 3.000000 1.000000 0.000000 0.000000 2.000000 8.000000 2.000000 3.000000 
3.586825 181.737828 27.000000 10.000000 6.000000 4.000000 8.000000 1.000000 0.000000 1.000000 2.000000 1.000000 3.000000 0.000000 0.000000 
4.847542 188.729132 27.000000 6.000000 5.000000 10.000000 2.000000 3.000000 0.000000 0.000000 0.000000 3.000000 3.000000 3.000000 1.000000 
4.324652 197.324652 27.000000 8.000000 1.000000 5.000000 7.000000 4.000000 2.000000 1.000000 1.000000 1.000000 3.000000 1.000000 2.000000 
4.000000 204.959625 27.000000 8.000000 2.000000 5.000000 6.000000 1.000000 0.000000 0.000000 2.000000 2.000000 3.000000 3.000000 4.000000 
3.586825 213.737828 27.000000 8.000000 4.000000 5.000000 4.000000 0.000000 0.000000 0.000000 0.000000 0.000000 7.000000 4.000000 4.000000 
4.000000 220.959625 27.000000 8.000000 5.000000 3.000000 8.000000 2.000000 0.000000 2.000000 0.000000 0.000000 6.000000 2.000000 0.000000 
4.365028 229.744631 27.000000 6.000000 4.000000 6.000000 6.000000 0.000000 1.000000 1.000000 0.000000 0.000000 3.000000 1.000000 8.000000 
5.000000 236.365028 36.000000 1.000000 0.000000 1.000000 4.000000 0.000000 0.000000 0.000000 0.000000 3.000000 6.000000 3.000000 2.000000 
12.346945 6.036625 27.000000 3.000000 2.000000 3.000000 6.000000 6.000000 4.000000 5.000000 5.000000 6.000000 7.000000 5.000000 2.000000 
13.618780 14.002240 0.000000 13.000000 5.000000 10.000000 3.000000 2.000000 3.000000 6.000000 3.000000 8.000000 5.000000 9.000000 14.000000 
12.267835 21.759286 0.000000 11.000000 8.000000 8.000000 8.000000 4.000000 5.000000 3.000000 2.000000 3.000000 5.000000 11.000000 13.000000 
10.580824 29.163962 0.000000 6.000000 11.000000 11.000000 20.000000 2.000000 2.000000 1.000000 5.000000 3.000000 5.000000 7.000000 8.000000 
10.660367 35.209034 0.000000 14.000000 0.000000 2.000000 9.000000 6.000000 4.000000 5.000000 2.000000 9.000000 13.000000 3.000000 14.000000 
7.490388 44.944857 0.000000 25.000000 10.000000 7.000000 4.000000 3.000000 1.000000 5.000000 2.000000 3.000000 3.000000 8.000000 10.000000 
8.467690 51.810689 0.000000 11.000000 12.000000 9.000000 10.000000 1.000000 6.000000 4.000000 5.000000 4.000000 5.000000 7.000000 7.000000 
10.839820 58.339496 0.000000 11.000000 7.000000 6.000000 7.000000 4.000000 5.000000 5.000000 5.000000 6.000000 12.000000 9.000000 4.000000 
10.725418 63.768674 0.000000 14.000000 9.000000 4.000000 4.000000 4.000000 4.000000 5.000000 5.000000 6.000000 20.000000 4.000000 2.000000 
11.155250 74.213409 0.000000 11.000000 12.000000 7.000000 9.000000 2.000000 5.000000 4.000000 3.000000 9.000000 7.000000 4.000000 8.000000 
9.000000 82.648724 0.000000 15.000000 6.000000 5.000000 5.000000 8.000000 5.000000 5.000000 4.000000 8.000000 6.000000 8.000000 6.000000 
11.526370 93.711400 0.000000 21.000000 4.000000 7.000000 6.000000 7.000000 4.000000 5.000000 5.000000 3.000000 4.000000 5.000000 10.000000 
12.687440 100.677587 0.000000 15.000000 7.000000 4.000000 12.000000 4.000000 8.000000 2.000000 3.000000 4.000000 8.000000 9.000000 5.000000 
11.711315 108.462335 0.000000 12.000000 4.000000 7.000000 5.000000 6.000000 11.000000 2.000000 4.000000 3.000000 13.000000 7.000000 7.000000 
6.688459 118.644696 0.000000 21.000000 5.000000 10.000000 7.000000 6.000000 2.000000 7.000000 1.000000 0.000000 5.000000 7.000000 10.000000 
7.517095 123.192442 0.000000 22.000000 6.000000 9.000000 8.000000 3.000000 1.000000 3.000000 2.000000 4.000000 5.000000 7.000000 11.000000 
8.707397 129.681351 0.000000 9.000000 9.000000 7.000000 8.000000 2.000000 5.000000 6.000000 6.000000 4.000000 18.000000 4.000000 3.000000 
12.452589 140.762908 0.000000 0.000000 0.000000 4.000000 22.000000 4.000000 5.000000 9.000000 3.000000 10.000000 15.000000 5.000000 4.000000 
11.261348 148.000000 0.000000 10.000000 12.000000 9.000000 6.000000 2.000000 4.000000 4.000000 3.000000 6.000000 16.000000 4.000000 5.000000 
7.959705 156.563857 0.000000 17.000000 7.000000 6.000000 3.000000 6.000000 6.000000 5.000000 6.000000 6.000000 13.000000 3.000000 3.000000 
9.322683 165.033890 0.000000 9.000000 10.000000 6.000000 2.000000 4.000000 5.000000 4.000000 2.000000 5.000000 17.000000 4.000000 13.000000 
9.248125 174.248125 0.000000 16.000000 15.000000 5.000000 3.000000 2.000000 2.000000 2.000000 6.000000 5.000000 12.000000 5.000000 8.000000 
12.225046 179.990315 0.000000 11.000000 10.000000 2.000000 18.000000 4.000000 1.000000 8.000000 3.000000 4.000000 0.000000 11.000000 9.000000 
15.365028 186.365028 0.000000 11.000000 9.000000 7.000000 19.000000 5.000000 2.000000 6.000000 3.000000 4.000000 3.000000 7.000000 5.000000 
13.932454 195.604256 0.000000 10.000000 3.000000 6.000000 11.000000 4.000000 6.000000 4.000000 3.000000 5.000000 13.000000 12.000000 4.000000 
11.677587 204.014154 0.000000 12.000000 8.000000 12.000000 8.000000 2.000000 2.000000 3.000000 3.000000 7.000000 12.000000 11.000000 1.000000 
11.000000 212.948166 0.000000 9.000000 5.000000 16.000000 7.000000 3.000000 6.000000 4.000000 3.000000 5.000000 6.000000 5.000000 12.000000 
11.586825 219.991946 0.000000 9.000000 7.000000 10.000000 5.000000 7.000000 4.000000 5.000000 6.000000 8.000000 6.000000 8.000000 6.000000 
11.599610 230.689680 0.000000 17.000000 7.000000 9.000000 9.000000 3.000000 2.000000 5.000000 6.000000 3.000000 7.000000 6.000000 7.000000 
12.000000 237.799155 27.000000 6.000000 5.000000 1.000000 9.000000 2.000000 4.000000 3.000000 4.000000 2.000000 3.000000 4.000000 2.000000 
20.854542 4.951852 27.000000 3.000000 3.000000 3.000000 9.000000 6.000000 2.000000 5.000000 2.000000 3.000000 6.000000 2.000000 10.000000 
22.532364 11.337092 0.000000 5.000000 6.000000 10.000000 13.000000 9.000000 5.000000 12.000000 4.000000 8.000000 3.000000 3.000000 3.000000 
22.173584 21.010970 0.000000 6.000000 4.000000 7.000000 8.000000 6.000000 6.000000 5.000000 10.000000 4.000000 11.000000 7.000000 7.000000 
21.502978 31.186702 0.000000 16.000000 9.000000 8.000000 8.000000 3.000000 5.000000 4.000000 5.000000 5.000000 4.000000 5.000000 9.000000 
19.868186 37.755854 0.000000 10.000000 7.000000 5.000000 9.000000 4.000000 1.000000 1.000000 4.000000 9.000000 17.000000 3.000000 11.000000 
19.226460 49.099438 0.000000 7.000000 8.000000 8.000000 18.000000 10.000000 7.000000 6.000000 3.000000 0.000000 1.000000 6.000000 7.000000 
18.050457 53.799639 0.000000 18.000000 10.000000 6.000000 6.000000 4.000000 4.000000 3.000000 5.000000 4.000000 3.000000 8.000000 10.000000 
17.030836 57.643668 0.000000 17.000000 7.000000 8.000000 4.000000 3.000000 5.000000 3.000000 5.000000 5.000000 6.000000 11.000000 7.000000 
16.452809 63.480082 0.000000 5.000000 7.000000 2.000000 5.000000 6.000000 5.000000 9.000000 9.000000 8.000000 17.000000 4.000000 4.000000 
18.969766 74.762896 0.000000 9.000000 12.000000 8.000000 6.000000 3.000000 4.000000 8.000000 5.000000 7.000000 8.000000 6.000000 5.000000 
20.901132 82.558416 0.000000 6.000000 9.000000 6.000000 6.000000 4.000000 7.000000 6.000000 6.000000 8.000000 10.000000 6.000000 7.000000 
21.873315 92.495617 0.000000 7.000000 7.000000 11.000000 13.000000 5.000000 3.000000 2.000000 1.000000 1.000000 16.000000 8.000000 7.000000 
19.759670 99.413980 0.000000 11.000000 5.000000 9.000000 9.000000 8.000000 4.000000 4.000000 6.000000 4.000000 12.000000 5.000000 4.000000 
19.161348 105.751750 0.000000 5.000000 6.000000 7.000000 8.000000 3.000000 5.000000 4.000000 7.000000 5.000000 12.000000 11.000000 8.000000 
18.020569 115.120458 0.000000 9.000000 9.000000 2.000000 5.000000 4.000000 6.000000 11.000000 2.000000 3.000000 11.000000 8.000000 11.000000 
18.459993 122.208832 0.000000 13.000000 5.000000 9.000000 14.000000 3.000000 3.000000 7.000000 1.000000 4.000000 4.000000 9.000000 9.000000 
18.535192 129.412974 0.000000 11.000000 3.000000 14.000000 5.000000 3.000000 6.000000 6.000000 4.000000 5.000000 8.000000 12.000000 4.000000 
20.221797 139.002444 0.000000 18.000000 6.000000 10.000000 11.000000 3.000000 2.000000 3.000000 4.000000 6.000000 9.000000 2.000000 7.000000 
19.924045 148.592918 0.000000 8.000000 4.000000 17.000000 2.000000 5.000000 5.000000 6.000000 6.000000 8.000000 14.000000 4.000000 2.000000 
20.913182 158.647065 0.000000 8.000000 2.000000 5.000000 3.000000 5.000000 7.000000 2.000000 7.000000 9.000000 9.000000 11.000000 13.000000 
20.604664 165.594357 0.000000 15.000000 8.000000 7.000000 7.000000 7.000000 5.000000 1.000000 1.000000 3.000000 5.000000 10.000000 12.000000 
22.606542 170.191530 0.000000 15.000000 6.000000 4.000000 12.000000 9.000000 3.000000 6.000000 5.000000 3.000000 3.000000 3.000000 12.000000 
22.586825 177.911477 0.000000 4.000000 4.000000 1.000000 17.000000 8.000000 6.000000 8.000000 6.000000 4.000000 9.000000 6.000000 8.000000 
21.979219 189.002747 0.000000 5.000000 7.000000 8.000000 16.000000 4.000000 2.000000 4.000000 5.000000 14.000000 10.000000 3.000000 3.000000 
21.467992 196.351145 0.000000 10.000000 14.000000 3.000000 0.000000 3.000000 2.000000 9.000000 5.000000 6.000000 11.000000 7.000000 11.000000 
20.322413 205.669759 0.000000 10.000000 7.000000 12.000000 14.000000 5.000000 3.000000 6.000000 4.000000 5.000000 6.000000 7.000000 2.000000 
19.264412 213.326748 0.000000 12.000000 8.000000 8.000000 8.000000 2.000000 2.000000 3.000000 8.000000 4.000000 7.000000 12.000000 7.000000 
18.231234 221.324652 0.000000 6.000000 4.000000 7.000000 14.000000 15.000000 6.000000 7.000000 10.000000 3.000000 4.000000 1.000000 4.000000 
19.322413 229.647065 0.000000 10.000000 16.000000 7.000000 8.000000 2.000000 2.000000 4.000000 5.000000 3.000000 3.000000 7.000000 14.000000 
19.620331 237.365028 27.000000 3.000000 6.000000 3.000000 3.000000 3.000000 2.000000 3.000000 5.000000 5.000000 4.000000 5.000000 3.000000 
27.634972 5.365028 27.000000 10.000000 4.000000 4.000000 9.000000 2.000000 2.000000 1.000000 5.000000 2.000000 4.000000 4.000000 7.000000 
27.191042 12.689680 0.000000 6.000000 10.000000 5.000000 15.000000 9.000000 4.000000 8.000000 3.000000 4.000000 8.000000 2.000000 7.000000 
26.976139 22.331105 0.000000 17.000000 10.000000 5.000000 6.000000 1.000000 4.000000 4.000000 5.000000 3.000000 9.000000 11.000000 6.000000 
26.074329 29.439356 0.000000 20.000000 6.000000 8.000000 10.000000 3.000000 3.000000 3.000000 4.000000 1.000000 7.000000 7.000000 9.000000 
25.586825 33.911477 0.000000 10.000000 5.000000 6.000000 13.000000 0.000000 6.000000 1.000000 4.000000 7.000000 12.000000 7.000000 10.000000 
28.181963 46.954401 0.000000 20.000000 4.000000 5.000000 3.000000 1.000000 3.000000 5.000000 4.000000 3.000000 14.000000 11.000000 8.000000 
27.765081 51.217663 0.000000 15.000000 7.000000 5.000000 15.000000 5.000000 8.000000 3.000000 3.000000 9.000000 6.000000 3.000000 2.000000 
26.001045 56.959311 0.000000 9.000000 8.000000 5.000000 4.000000 3.000000 6.000000 5.000000 5.000000 7.000000 9.000000 10.000000 10.000000 
24.127172 67.796038 0.000000 8.000000 7.000000 6.000000 18.000000 5.000000 5.000000 4.000000 4.000000 3.000000 7.000000 7.000000 7.000000 
32.046715 77.563328 0.000000 13.000000 11.000000 5.000000 10.000000 4.000000 4.000000 5.000000 2.000000 3.000000 10.000000 5.000000 9.000000 
33.412878 84.241151 0.000000 14.000000 13.000000 8.000000 10.000000 6.000000 5.000000 6.000000 2.000000 1.000000 0.000000 7.000000 9.000000 
32.762284 93.168926 0.000000 9.000000 6.000000 6.000000 19.000000 8.000000 3.000000 0.000000 2.000000 0.000000 6.000000 11.000000 11.000000 
28.474594 101.161056 0.000000 9.000000 6.000000 6.000000 20.000000 9.000000 5.000000 2.000000 6.000000 5.000000 1.000000 6.000000 6.000000 
30.113981 105.125868 0.000000 11.000000 1.000000 6.000000 15.000000 8.000000 10.000000 2.000000 2.000000 5.000000 8.000000 5.000000 8.000000 
25.380328 114.379177 0.000000 11.000000 3.000000 6.000000 4.000000 6.000000 12.000000 15.000000 8.000000 8.000000 1.000000 4.000000 3.000000 
24.936844 122.588055 0.000000 11.000000 4.000000 4.000000 8.000000 5.000000 10.000000 19.000000 4.000000 5.000000 4.000000 0.000000 7.000000 
25.576349 131.960262 0.000000 14.000000 18.000000 4.000000 2.000000 0.000000 4.000000 7.000000 5.000000 8.000000 5.000000 7.000000 7.000000 
26.830830 139.426601 0.000000 14.000000 10.000000 4.000000 9.000000 5.000000 5.000000 5.000000 2.000000 5.000000 7.000000 9.000000 6.000000 
29.410062 147.410062 0.000000 12.000000 9.000000 12.000000 7.000000 1.000000 4.000000 4.000000 4.000000 6.000000 9.000000 9.000000 4.000000 
29.292928 158.918017 0.000000 11.000000 3.000000 1.000000 4.000000 5.000000 10.000000 8.000000 5.000000 7.000000 10.000000 8.000000 9.000000 
27.586825 163.776792 0.000000 13.000000 5.000000 5.000000 7.000000 6.000000 8.000000 3.000000 3.000000 8.000000 5.000000 13.000000 5.000000 
26.420260 170.593239 0.000000 17.000000 5.000000 8.000000 8.000000 6.000000 6.000000 9.000000 6.000000 5.000000 1.000000 3.000000 7.000000 
28.305697 178.879567 0.000000 8.000000 2.000000 4.000000 26.000000 2.000000 2.000000 6.000000 10.000000 4.000000 6.000000 6.000000 5.000000 
29.457998 187.715651 0.000000 10.000000 4.000000 6.000000 23.000000 4.000000 3.000000 1.000000 4.000000 10.000000 6.000000 5.000000 5.000000 
30.981345 191.742995 0.000000 10.000000 7.000000 5.000000 19.000000 3.000000 3.000000 2.000000 3.000000 8.000000 9.000000 10.000000 2.000000 
29.181460 201.357217 0.000000 11.000000 12.000000 7.000000 9.000000 6.000000 7.000000 9.000000 2.000000 2.000000 5.000000 6.000000 5.000000 
27.463277 210.347887 0.000000 8.000000 7.000000 7.000000 6.000000 7.000000 6.000000 3.000000 6.000000 2.000000 13.000000 9.000000 7.000000 
27.322413 220.687440 0.000000 8.000000 6.000000 2.000000 9.000000 8.000000 5.000000 7.000000 7.000000 3.000000 15.000000 6.000000 5.000000 
28.701716 229.689680 0.000000 12.000000 10.000000 4.000000 12.000000 2.000000 6.000000 7.000000 4.000000 7.000000 3.000000 3.000000 11.000000 
28.000000 237.365028 27.000000 0.000000 1.000000 3.000000 3.000000 2.000000 2.000000 2.000000 7.000000 8.000000 10.000000 2.000000 5.000000 
36.000000 5.689680 27.000000 10.000000 3.000000 0.000000 6.000000 2.000000 6.000000 1.000000 4.000000 3.000000 3.000000 5.000000 11.000000 
35.511633 12.831617 0.000000 8.000000 6.000000 11.000000 5.000000 3.000000 5.000000 6.000000 8.000000 14.000000 8.000000 4.000000 3.000000 
37.000000 21.959625 0.000000 7.000000 13.000000 9.000000 11.000000 6.000000 6.000000 3.000000 6.000000 4.000000 4.000000 7.000000 5.000000 
35.255010 29.326644 0.000000 8.000000 8.000000 5.000000 6.000000 2.000000 7.000000 4.000000 6.000000 3.000000 14.000000 10.000000 8.000000 
34.698039 35.663641 0.000000 4.000000 5.000000 9.000000 7.000000 3.000000 7.000000 4.000000 9.000000 4.000000 8.000000 8.000000 13.000000 
37.442537 45.659817 0.000000 11.000000 14.000000 6.000000 4.000000 8.000000 5.000000 7.000000 5.000000 4.000000 2.000000 7.000000 8.000000 
37.892617 49.432036 0.000000 8.000000 12.000000 5.000000 4.000000 6.000000 3.000000 3.000000 9.000000 5.000000 6.000000 9.000000 11.000000 
34.220698 61.445781 0.000000 10.000000 11.000000 7.000000 3.000000 7.000000 5.000000 10.000000 5.000000 3.000000 4.000000 9.000000 7.000000 
34.237220 73.347923 0.000000 8.000000 12.000000 8.000000 0.000000 1.000000 1.000000 10.000000 5.000000 1.000000 5.000000 12.000000 18.000000 
37.307216 77.844188 0.000000 13.000000 6.000000 6.000000 2.000000 3.000000 4.000000 8.000000 7.000000 4.000000 10.000000 5.000000 13.000000 
36.629693 83.586825 0.000000 18.000000 15.000000 6.000000 7.000000 3.000000 3.000000 2.000000 3.000000 3.000000 0.000000 4.000000 17.000000 
37.947381 91.721175 0.000000 4.000000 7.000000 7.000000 19.000000 10.000000 6.000000 4.000000 2.000000 1.000000 4.000000 6.000000 11.000000 
37.738179 101.263365 0.000000 11.000000 8.000000 6.000000 8.000000 1.000000 4.000000 6.000000 2.000000 4.000000 8.000000 10.000000 13.000000 
39.917697 110.272872 0.000000 11.000000 9.000000 7.000000 13.000000 5.000000 8.000000 7.000000 2.000000 3.000000 5.000000 5.000000 6.000000 
38.561046 119.651781 0.000000 16.000000 11.000000 3.000000 2.000000 2.000000 4.000000 6.000000 2.000000 6.000000 5.000000 11.000000 13.000000 
37.461447 124.158478 0.000000 22.000000 9.000000 6.000000 9.000000 6.000000 7.000000 3.000000 3.000000 1.000000 7.000000 2.000000 6.000000 
37.957385 130.677587 0.000000 12.000000 11.000000 5.000000 8.000000 3.000000 4.000000 3.000000 9.000000 4.000000 2.000000 9.000000 11.000000 
35.214844 139.918203 0.000000 15.000000 11.000000 8.000000 2.000000 2.000000 1.000000 6.000000 4.000000 4.000000 6.000000 14.000000 8.000000 
34.322413 147.141414 0.000000 9.000000 9.000000 15.000000 8.000000 1.000000 3.000000 5.000000 4.000000 2.000000 3.000000 11.000000 11.000000 
36.299058 158.649108 0.000000 2.000000 6.000000 5.000000 22.000000 5.000000 2.000000 6.000000 3.000000 5.000000 8.000000 11.000000 6.000000 
35.928421 165.642555 0.000000 9.000000 6.000000 6.000000 6.000000 2.000000 2.000000 4.000000 6.000000 8.000000 7.000000 16.000000 9.000000 
34.527582 173.364180 0.000000 11.000000 4.000000 3.000000 1.000000 3.000000 4.000000 8.000000 4.000000 5.000000 10.000000 11.000000 17.000000 
36.118018 182.742507 0.000000 3.000000 2.000000 5.000000 26.000000 5.000000 4.000000 5.000000 5.000000 5.000000 9.000000 8.000000 4.000000 
34.629364 191.316804 0.000000 7.000000 3.000000 7.000000 19.000000 4.000000 5.000000 2.000000 3.000000 9.000000 11.000000 5.000000 6.000000 
39.190780 198.456570 0.000000 25.000000 16.000000 7.000000 5.000000 5.000000 5.000000 3.000000 2.000000 0.000000 3.000000 7.000000 3.000000 
38.124481 205.016829 0.000000 18.000000 8.000000 9.000000 8.000000 3.000000 1.000000 3.000000 5.000000 5.000000 10.000000 4.000000 7.000000 
38.586825 210.911477 0.000000 13.000000 6.000000 11.000000 6.000000 3.000000 2.000000 5.000000 4.000000 5.000000 4.000000 9.000000 13.000000 
37.166228 220.425403 0.000000 9.000000 6.000000 8.000000 5.000000 6.000000 6.000000 5.000000 5.000000 3.000000 5.000000 8.000000 15.000000 
36.000000 229.689680 0.000000 21.000000 4.000000 5.000000 9.000000 4.000000 7.000000 2.000000 5.000000 5.000000 2.000000 6.000000 11.000000 
36.000000 237.365028 27.000000 14.000000 1.000000 1.000000 6.000000 2.000000 3.000000 3.000000 5.000000 5.000000 3.000000 0.000000 2.000000 
43.016369 4.381397 27.000000 11.000000 5.000000 6.000000 8.000000 4.000000 6.000000 4.000000 1.000000 1.000000 0.000000 2.000000 6.000000 
42.598799 9.260725 0.000000 15.000000 8.000000 6.000000 9.000000 4.000000 7.000000 4.000000 4.000000 4.000000 9.000000 8.000000 3.000000 
42.893513 18.217087 0.000000 14.000000 12.000000 11.000000 3.000000 7.000000 3.000000 2.000000 5.000000 2.000000 8.000000 8.000000 6.000000 
44.322413 28.002240 0.000000 12.000000 6.000000 6.000000 4.000000 7.000000 8.000000 7.000000 4.000000 6.000000 14.000000 5.000000 2.000000 
45.134229 38.374596 0.000000 22.000000 6.000000 6.000000 14.000000 5.000000 2.000000 3.000000 4.000000 2.000000 1.000000 4.000000 12.000000 
48.443009 44.191963 0.000000 10.000000 6.000000 2.000000 5.000000 3.000000 1.000000 3.000000 3.000000 1.000000 24.000000 15.000000 8.000000 
47.002240 49.322413 0.000000 11.000000 10.000000 1.000000 1.000000 2.000000 0.000000 6.000000 1.000000 3.000000 19.000000 14.000000 13.000000 
44.447313 62.774538 0.000000 13.000000 8.000000 5.000000 7.000000 2.000000 3.000000 6.000000 2.000000 5.000000 7.000000 8.000000 15.000000 
49.488439 77.041928 0.000000 11.000000 4.000000 9.000000 34.000000 6.000000 2.000000 0.000000 2.000000 0.000000 4.000000 4.000000 5.000000 
47.695565 80.898262 0.000000 15.000000 6.000000 6.000000 21.000000 7.000000 6.000000 1.000000 1.000000 3.000000 6.000000 6.000000 3.000000 
45.562971 81.920366 0.000000 14.000000 14.000000 5.000000 0.000000 2.000000 3.000000 5.000000 7.000000 3.000000 7.000000 12.000000 9.000000 
45.929060 90.929060 0.000000 11.000000 2.000000 4.000000 9.000000 6.000000 4.000000 8.000000 5.000000 4.000000 12.000000 10.000000 6.000000 
46.144949 99.678361 0.000000 16.000000 9.000000 8.000000 8.000000 3.000000 3.000000 1.000000 3.000000 5.000000 10.000000 7.000000 8.000000 
45.671925 108.112783 0.000000 9.000000 7.000000 12.000000 12.000000 2.000000 5.000000 7.000000 1.000000 2.000000 11.000000 7.000000 6.000000 
41.275663 117.574366 0.000000 21.000000 10.000000 5.000000 5.000000 4.000000 4.000000 10.000000 3.000000 6.000000 3.000000 4.000000 6.000000 
42.008888 122.951852 0.000000 25.000000 8.000000 4.000000 6.000000 3.000000 3.000000 3.000000 5.000000 6.000000 8.000000 2.000000 8.000000 
44.332319 131.378421 0.000000 14.000000 11.000000 4.000000 3.000000 4.000000 5.000000 7.000000 8.000000 4.000000 7.000000 6.000000 8.000000 
47.322413 142.957385 0.000000 15.000000 16.000000 6.000000 3.000000 3.000000 3.000000 2.000000 4.000000 5.000000 11.000000 4.000000 9.000000 
46.896668 149.825838 0.000000 14.000000 11.000000 2.000000 4.000000 5.000000 3.000000 9.000000 4.000000 4.000000 9.000000 6.000000 10.000000 
46.475911 158.541943 0.000000 8.000000 3.000000 8.000000 7.000000 6.000000 6.000000 7.000000 11.000000 11.000000 8.000000 4.000000 2.000000 
46.827162 169.345788 0.000000 9.000000 1.000000 3.000000 0.000000 12.000000 6.000000 9.000000 3.000000 3.000000 11.000000 13.000000 11.000000 
49.346195 176.218975 0.000000 17.000000 7.000000 5.000000 0.000000 1.000000 0.000000 4.000000 1.000000 1.000000 9.000000 11.000000 25.000000 
47.898899 182.931467 0.000000 12.000000 2.000000 2.000000 20.000000 5.000000 6.000000 13.000000 1.000000 2.000000 8.000000 3.000000 7.000000 
45.267053 192.027481 0.000000 21.000000 4.000000 2.000000 8.000000 8.000000 5.000000 7.000000 6.000000 5.000000 5.000000 5.000000 5.000000 
45.909237 199.287891 0.000000 22.000000 15.000000 0.000000 6.000000 4.000000 1.000000 3.000000 3.000000 7.000000 7.000000 7.000000 6.000000 
44.163818 204.663557 0.000000 15.000000 8.000000 3.000000 12.000000 6.000000 4.000000 1.000000 1.000000 4.000000 11.000000 3.000000 13.000000 
44.368832 209.488814 0.000000 6.000000 7.000000 11.000000 5.000000 8.000000 4.000000 5.000000 5.000000 4.000000 6.000000 7.000000 13.000000 
46.613257 217.747721 0.000000 10.000000 4.000000 7.000000 4.000000 6.000000 2.000000 4.000000 9.000000 7.000000 13.000000 7.000000 8.000000 
45.397507 229.207984 0.000000 13.000000 14.000000 7.000000 5.000000 4.000000 7.000000 4.000000 3.000000 7.000000 5.000000 4.000000 8.000000 
44.000000 237.365028 27.000000 9.000000 2.000000 3.000000 9.000000 4.000000 0.000000 3.000000 2.000000 2.000000 7.000000 2.000000 2.000000 
52.878875 4.951852 27.000000 7.000000 5.000000 5.000000 0.000000 4.000000 2.000000 2.000000 3.000000 3.000000 5.000000 11.000000 7.000000 
53.186794 10.551822 0.000000 9.000000 10.000000 12.000000 5.000000 3.000000 4.000000 3.000000 5.000000 8.000000 6.000000 6.000000 10.000000 
50.413175 17.951852 0.000000 10.000000 10.000000 5.000000 11.000000 5.000000 5.000000 7.000000 5.000000 5.000000 8.000000 3.000000 7.000000 
52.717186 27.683785 0.000000 10.000000 7.000000 7.000000 7.000000 6.000000 3.000000 5.000000 4.000000 5.000000 10.000000 7.000000 10.000000 
53.000000 37.948166 0.000000 11.000000 8.000000 10.000000 3.000000 2.000000 1.000000 0.000000 3.000000 4.000000 24.000000 8.000000 7.000000 
53.361397 44.329469 0.000000 11.000000 9.000000 6.000000 7.000000 2.000000 1.000000 0.000000 3.000000 3.000000 23.000000 11.000000 5.000000 
53.811373 51.878307 0.000000 15.000000 9.000000 1.000000 11.000000 4.000000 3.000000 2.000000 5.000000 1.000000 10.000000 11.000000 9.000000 
52.000000 62.014189 0.000000 8.000000 4.000000 3.000000 9.000000 5.000000 7.000000 10.000000 5.000000 4.000000 18.000000 3.000000 5.000000 
53.555660 74.749504 0.000000 6.000000 3.000000 4.000000 10.000000 3.000000 9.000000 12.000000 17.000000 8.000000 3.000000 1.000000 5.000000 
48.305613 76.357192 0.000000 8.000000 3.000000 10.000000 34.000000 4.000000 3.000000 2.000000 2.000000 5.000000 3.000000 3.000000 4.000000 
51.002751 80.002751 0.000000 12.000000 6.000000 12.000000 21.000000 5.000000 4.000000 3.000000 5.000000 1.000000 3.000000 5.000000 4.000000 
54.285723 89.409236 0.000000 12.000000 9.000000 9.000000 9.000000 5.000000 2.000000 5.000000 3.000000 4.000000 6.000000 10.000000 7.000000 
57.000000 96.948166 0.000000 2.000000 9.000000 4.000000 8.000000 11.000000 6.000000 9.000000 3.000000 6.000000 8.000000 7.000000 8.000000 
52.424765 106.819742 0.000000 9.000000 6.000000 5.000000 11.000000 4.000000 2.000000 4.000000 4.000000 9.000000 6.000000 11.000000 10.000000 
49.628920 116.689680 0.000000 15.000000 6.000000 8.000000 7.000000 4.000000 3.000000 8.000000 6.000000 5.000000 3.000000 9.000000 7.000000 
49.024661 124.602490 0.000000 10.000000 7.000000 4.000000 7.000000 4.000000 8.000000 5.000000 3.000000 6.000000 9.000000 3.000000 15.000000 
49.000000 130.948166 0.000000 21.000000 11.000000 4.000000 2.000000 6.000000 5.000000 5.000000 4.000000 5.000000 2.000000 6.000000 10.000000 
53.206896 140.548282 0.000000 10.000000 9.000000 9.000000 6.000000 8.000000 3.000000 8.000000 7.000000 5.000000 9.000000 5.000000 2.000000 
56.043081 150.342715 0.000000 5.000000 8.000000 5.000000 5.000000 7.000000 5.000000 10.000000 7.000000 9.000000 10.000000 5.000000 5.000000 
56.065583 159.678964 0.000000 8.000000 7.000000 3.000000 0.000000 4.000000 5.000000 5.000000 5.000000 7.000000 14.000000 13.000000 10.000000 
55.865066 167.022510 0.000000 8.000000 9.000000 5.000000 23.000000 6.000000 6.000000 6.000000 2.000000 3.000000 4.000000 4.000000 5.000000 
58.632226 171.001978 0.000000 8.000000 6.000000 0.000000 25.000000 5.000000 6.000000 6.000000 3.000000 3.000000 1.000000 9.000000 9.000000 
53.110551 177.345513 0.000000 6.000000 6.000000 3.000000 9.000000 1.000000 5.000000 5.000000 2.000000 4.000000 11.000000 8.000000 21.000000 
52.056435 190.662306 0.000000 28.000000 7.000000 6.000000 7.000000 2.000000 0.000000 1.000000 0.000000 4.000000 11.000000 11.000000 4.000000 
50.654170 198.938359 0.000000 26.000000 12.000000 6.000000 5.000000 1.000000 2.000000 0.000000 1.000000 7.000000 7.000000 10.000000 4.000000 
49.586825 203.546894 0.000000 18.000000 4.000000 2.000000 3.000000 1.000000 1.000000 2.000000 4.000000 13.000000 23.000000 6.000000 4.000000 
51.204279 211.662723 0.000000 10.000000 6.000000 7.000000 3.000000 7.000000 4.000000 3.000000 8.000000 5.000000 9.000000 7.000000 12.000000 
55.839145 221.090901 0.000000 17.000000 7.000000 3.000000 5.000000 4.000000 7.000000 6.000000 10.000000 4.000000 7.000000 4.000000 7.000000 
56.000000 229.689680 0.000000 13.000000 3.000000 7.000000 5.000000 6.000000 3.000000 8.000000 6.000000 8.000000 4.000000 7.000000 11.000000 
53.531734 237.002427 27.000000 14.000000 0.000000 6.000000 4.000000 3.000000 2.000000 2.000000 2.000000 3.000000 0.000000 2.000000 7.000000 
60.000000 5.324652 39.000000 4.000000 3.000000 2.000000 0.000000 4.000000 5.000000 8.000000 8.000000 3.000000 1.000000 1.000000 3.000000 
60.425387 13.324652 18.000000 8.000000 4.000000 4.000000 1.000000 6.000000 6.000000 9.000000 9.000000 5.000000 3.000000 3.000000 5.000000 
59.719267 21.043920 18.000000 11.000000 9.000000 6.000000 0.000000 3.000000 7.000000 6.000000 5.000000 4.000000 3.000000 3.000000 6.000000 
60.000000 29.324652 18.000000 5.000000 8.000000 6.000000 1.000000 4.000000 3.000000 6.000000 7.000000 6.000000 4.000000 5.000000 8.000000 
60.000000 37.740073 18.000000 7.000000 5.000000 6.000000 0.000000 1.000000 3.000000 10.000000 6.000000 6.000000 11.000000 1.000000 7.000000 
60.000000 45.324652 18.000000 2.000000 3.000000 8.000000 8.000000 11.000000 14.000000 5.000000 1.000000 3.000000 5.000000 1.000000 2.000000 
60.000000 53.324652 18.000000 8.000000 6.000000 3.000000 5.000000 4.000000 8.000000 5.000000 5.000000 1.000000 8.000000 5.000000 5.000000 
60.000000 61.324652 18.000000 12.000000 7.000000 2.000000 1.000000 2.000000 3.000000 15.000000 3.000000 2.000000 5.000000 7.000000 4.000000 
60.000000 69.673139 18.000000 13.000000 3.000000 3.000000 6.000000 7.000000 4.000000 5.000000 1.000000 0.000000 8.000000 4.000000 9.000000 
59.422152 77.601083 18.000000 3.000000 4.000000 3.000000 12.000000 4.000000 1.000000 4.000000 10.000000 10.000000 8.000000 0.000000 4.000000 
59.338074 84.259454 18.000000 1.000000 3.000000 5.000000 2.000000 4.000000 4.000000 9.000000 10.000000 9.000000 5.000000 8.000000 3.000000 
59.613015 92.937667 18.000000 4.000000 7.000000 6.000000 2.000000 9.000000 6.000000 12.000000 4.000000 3.000000 2.000000 5.000000 3.000000 
61.825476 100.469553 18.000000 4.000000 6.000000 5.000000 4.000000 5.000000 9.000000 13.000000 5.000000 4.000000 2.000000 4.000000 2.000000 
60.000000 109.324652 18.000000 7.000000 6.000000 2.000000 3.000000 4.000000 6.000000 11.000000 9.000000 6.000000 4.000000 3.000000 2.000000 
59.714216 117.038868 18.000000 9.000000 7.000000 4.000000 4.000000 4.000000 4.000000 9.000000 6.000000 5.000000 0.000000 4.000000 7.000000 
59.732766 125.324652 18.000000 4.000000 8.000000 6.000000 2.000000 5.000000 7.000000 4.000000 8.000000 4.000000 2.000000 7.000000 6.000000 
59.469935 133.324652 18.000000 2.000000 6.000000 2.000000 5.000000 10.000000 10.000000 7.000000 11.000000 7.000000 2.000000 0.000000 1.000000 
60.000000 141.324652 18.000000 3.000000 5.000000 4.000000 5.000000 5.000000 7.000000 6.000000 5.000000 6.000000 8.000000 5.000000 4.000000 
61.042767 149.819063 18.000000 5.000000 9.000000 4.000000 8.000000 3.000000 2.000000 4.000000 3.000000 4.000000 14.000000 5.000000 2.000000 
60.957825 158.789897 18.000000 6.000000 3.000000 4.000000 4.000000 5.000000 3.000000 7.000000 4.000000 6.000000 10.000000 9.000000 2.000000 
61.231003 166.309961 18.000000 9.000000 5.000000 2.000000 10.000000 3.000000 4.000000 7.000000 5.000000 2.000000 5.000000 4.000000 7.000000 
61.819628 173.368645 18.000000 6.000000 6.000000 4.000000 21.000000 4.000000 2.000000 1.000000 2.000000 2.000000 2.000000 5.000000 8.000000 
60.368785 180.406792 18.000000 10.000000 3.000000 2.000000 11.000000 4.000000 5.000000 2.000000 3.000000 4.000000 5.000000 7.000000 7.000000 
60.000000 189.673139 18.000000 15.000000 9.000000 7.000000 8.000000 3.000000 3.000000 2.000000 2.000000 3.000000 1.000000 6.000000 4.000000 
60.000000 197.630241 18.000000 20.000000 4.000000 8.000000 3.000000 3.000000 4.000000 1.000000 3.000000 3.000000 3.000000 5.000000 6.000000 
59.736845 205.324652 18.000000 15.000000 9.000000 5.000000 5.000000 6.000000 1.000000 3.000000 2.000000 2.000000 9.000000 5.000000 1.000000 
60.000000 213.324652 18.000000 6.000000 6.000000 3.000000 3.000000 3.000000 2.000000 3.000000 4.000000 5.000000 13.000000 4.000000 11.000000 
60.974163 221.228148 18.000000 7.000000 5.000000 6.000000 4.000000 4.000000 6.000000 11.000000 7.000000 4.000000 1.000000 1.000000 7.000000 
61.848577 228.890526 18.000000 11.000000 1.000000 4.000000 1.000000 0.000000 6.000000 19.000000 7.000000 3.000000 3.000000 2.000000 6.000000 
60.000000 236.000000 35.000000 10.000000 0.000000 0.000000 0.000000 2.000000 3.000000 4.000000 1.000000 2.000000 0.000000 3.000000 3.000000 
