240
5.000000 5.689680 39.000000 3.000000 3.000000 4.000000 0.000000 3.000000 2.000000 0.000000 0.000000 0.000000 2.000000 2.000000 5.000000 
4.324652 13.324652 27.000000 5.000000 2.000000 6.000000 5.000000 2.000000 1.000000 0.000000 3.000000 2.000000 5.000000 3.000000 2.000000 
3.099544 21.737828 27.000000 9.000000 3.000000 2.000000 2.000000 0.000000 0.000000 0.000000 1.000000 1.000000 13.000000 4.000000 1.000000 
3.583138 29.324652 27.000000 10.000000 2.000000 4.000000 6.000000 0.000000 0.000000 0.000000 0.000000 1.000000 9.000000 1.000000 3.000000 
2.307118 36.077336 27.000000 12.000000 0.000000 7.000000 5.000000 0.000000 0.000000 3.000000 0.000000 1.000000 2.000000 1.000000 5.000000 
5.098510 45.647065 27.000000 6.000000 2.000000 3.000000 1.000000 1.000000 2.000000 3.000000 2.000000 3.000000 5.000000 2.000000 6.000000 
4.322413 53.002240 27.000000 5.000000 3.000000 2.000000 2.000000 3.000000 1.000000 3.000000 2.000000 0.000000 8.000000 3.000000 4.000000 
4.322413 61.969294 27.000000 12.000000 2.000000 3.000000 2.000000 4.000000 3.000000 3.000000 1.000000 1.000000 0.000000 2.000000 3.000000 
4.322413 70.262335 27.000000 10.000000 5.000000 3.000000 1.000000 1.000000 1.000000 0.000000 0.000000 3.000000 9.000000 2.000000 1.000000 
4.322413 77.002240 27.000000 7.000000 5.000000 6.000000 2.000000 5.000000 1.000000 0.000000 0.000000 0.000000 0.000000 5.000000 5.000000 
4.836647 85.132831 27.000000 8.000000 4.000000 2.000000 7.000000 0.000000 2.000000 0.000000 1.000000 3.000000 1.000000 6.000000 2.000000 
4.322413 93.647065 27.000000 15.000000 1.000000 1.000000 4.000000 2.000000 2.000000 3.000000 1.000000 3.000000 2.000000 1.000000 1.000000 
3.586825 102.117921 27.000000 6.000000 2.000000 7.000000 6.000000 1.000000 0.000000 1.000000 0.000000 0.000000 1.000000 7.000000 5.000000 
4.902801 110.227453 27.000000 5.000000 4.000000 3.000000 5.000000 0.000000 1.000000 0.000000 0.000000 1.000000 9.000000 3.000000 5.000000 
2.661753 115.986406 27.000000 18.000000 0.000000 0.000000 1.000000 1.000000 2.000000 0.000000 1.000000 2.000000 9.000000 1.000000 1.000000 
2.608664 124.442277 27.000000 8.000000 1.000000 8.000000 6.000000 1.000000 2.000000 1.000000 0.000000 2.000000 5.000000 2.000000 0.000000 
2.429409 134.668961 27.000000 6.000000 3.000000 3.000000 5.000000 2.000000 1.000000 1.000000 0.000000 2.000000 6.000000 3.000000 4.000000 
2.211443 140.037467 27.000000 14.000000 2.000000 1.000000 1.000000 1.000000 1.000000 0.000000 3.000000 3.000000 5.000000 3.000000 2.000000 
4.000000 150.026298 27.000000 8.000000 2.000000 2.000000 11.000000 1.000000 0.000000 0.000000 2.000000 2.000000 4.000000 3.000000 1.000000 
4.017821 157.324652 27.000000 7.000000 6.000000 1.000000 6.000000 3.000000 0.000000 1.000000 1.000000 2.000000 2.000000 5.000000 2.000000 
4.322413 165.647065 27.000000 2.000000 4.000000 3.000000 6.000000 5.000000 2.000000 2.000000 2.000000 7.000000 2.000000 1.000000 0.000000 
3.619906 174.069774 27.000000 6.000000 3.000000 1.000000 10.000000 1.000000 2.000000 0.000000 1.000000 3.000000 5.000000 2.000000 2.000000 
4.001527 180.379742 27.000000 6.000000 4.000000 4.000000 3.000000 1.000000 0.000000 0.000000 2.000000 4.000000 2.000000 5.000000 5.000000 
4.891538 189.299954 27.000000 4.000000 4.000000 1.000000 15.000000 1.000000 1.000000 0.000000 0.000000 2.000000 3.000000 2.000000 3.000000 
3.586825 196.911477 27.000000 5.000000 7.000000 2.000000 4.000000 1.000000 1.000000 0.000000 1.000000 2.000000 6.000000 2.000000 5.000000 
4.322413 205.647065 27.000000 6.000000 4.000000 3.000000 6.000000 3.000000 0.000000 1.000000 1.000000 0.000000 7.000000 2.000000 3.000000 
4.856816 213.324652 27.000000 5.000000 4.000000 1.000000 5.000000 1.000000 1.000000 2.000000 0.000000 0.000000 11.000000 6.000000 0.000000 
4.290181 222.329045 27.000000 6.000000 4.000000 4.000000 9.000000 0.000000 1.000000 0.000000 1.000000 1.000000 4.000000 4.000000 2.000000 
5.272787 228.373456 27.000000 5.000000 3.000000 3.000000 9.000000 0.000000 2.000000 2.000000 0.000000 0.000000 5.000000 4.000000 3.000000 
5.000000 236.365028 36.000000 4.000000 3.000000 1.000000 2.000000 1.000000 1.000000 1.000000 0.000000 0.000000 1.000000 3.000000 3.000000 
12.365028 5.365028 27.000000 5.000000 2.000000 6.000000 5.000000 4.000000 2.000000 6.000000 4.000000 2.000000 4.000000 6.000000 8.000000 
12.337236 13.103055 0.000000 9.000000 12.000000 9.000000 4.000000 3.000000 4.000000 5.000000 4.000000 6.000000 3.000000 14.000000 8.000000 
8.843608 20.965014 0.000000 11.000000 5.000000 4.000000 9.000000 4.000000 4.000000 5.000000 5.000000 2.000000 20.000000 6.000000 6.000000 
8.743834 26.973735 0.000000 32.000000 7.000000 2.000000 7.000000 5.000000 1.000000 3.000000 5.000000 3.000000 5.000000 3.000000 8.000000 
8.565916 32.909237 0.000000 30.000000 2.000000 7.000000 11.000000 4.000000 0.000000 5.000000 4.000000 3.000000 5.000000 3.000000 7.000000 
16.413175 44.951852 0.000000 6.000000 3.000000 7.000000 25.000000 6.000000 2.000000 4.000000 4.000000 4.000000 9.000000 5.000000 6.000000 
14.555290 51.940280 0.000000 6.000000 12.000000 7.000000 11.000000 6.000000 0.000000 6.000000 3.000000 3.000000 7.000000 10.000000 10.000000 
12.874038 63.973987 0.000000 11.000000 3.000000 1.000000 6.000000 1.000000 2.000000 1.000000 6.000000 4.000000 17.000000 13.000000 16.000000 
14.820680 70.285405 0.000000 13.000000 6.000000 5.000000 24.000000 4.000000 4.000000 10.000000 2.000000 1.000000 1.000000 5.000000 6.000000 
15.832996 76.324689 0.000000 10.000000 6.000000 10.000000 9.000000 6.000000 4.000000 3.000000 2.000000 4.000000 8.000000 12.000000 7.000000 
15.635322 82.574758 0.000000 5.000000 8.000000 7.000000 3.000000 4.000000 2.000000 7.000000 13.000000 8.000000 7.000000 7.000000 10.000000 
13.203331 93.512500 0.000000 13.000000 15.000000 6.000000 8.000000 3.000000 1.000000 8.000000 2.000000 5.000000 9.000000 7.000000 4.000000 
12.033443 102.668415 0.000000 8.000000 3.000000 13.000000 16.000000 4.000000 3.000000 2.000000 0.000000 1.000000 8.000000 12.000000 11.000000 
14.425336 109.095719 0.000000 15.000000 6.000000 6.000000 6.000000 4.000000 4.000000 1.000000 4.000000 4.000000 8.000000 10.000000 13.000000 
6.627029 112.024870 0.000000 28.000000 4.000000 4.000000 8.000000 4.000000 3.000000 0.000000 2.000000 2.000000 16.000000 2.000000 8.000000 
8.291636 122.885728 0.000000 16.000000 6.000000 11.000000 13.000000 2.000000 4.000000 2.000000 3.000000 5.000000 7.000000 8.000000 4.000000 
5.874849 134.047280 9.000000 14.000000 4.000000 3.000000 11.000000 6.000000 4.000000 1.000000 6.000000 6.000000 6.000000 6.000000 5.000000 
8.064060 138.669788 0.000000 21.000000 5.000000 8.000000 10.000000 6.000000 5.000000 3.000000 7.000000 4.000000 5.000000 4.000000 3.000000 
12.100706 150.427498 0.000000 3.000000 3.000000 4.000000 9.000000 5.000000 4.000000 18.000000 11.000000 4.000000 9.000000 9.000000 2.000000 
13.977179 156.116795 0.000000 9.000000 7.000000 3.000000 1.000000 4.000000 2.000000 8.000000 16.000000 12.000000 5.000000 11.000000 3.000000 
11.495266 166.133072 0.000000 10.000000 7.000000 9.000000 18.000000 4.000000 4.000000 5.000000 3.000000 2.000000 13.000000 5.000000 1.000000 
11.132175 172.776414 0.000000 6.000000 11.000000 6.000000 23.000000 4.000000 7.000000 2.000000 7.000000 3.000000 4.000000 5.000000 3.000000 
13.062441 177.291052 0.000000 4.000000 9.000000 6.000000 21.000000 3.000000 6.000000 5.000000 5.000000 4.000000 7.000000 2.000000 9.000000 
14.911477 187.586825 0.000000 15.000000 4.000000 5.000000 4.000000 4.000000 5.000000 6.000000 8.000000 4.000000 5.000000 14.000000 7.000000 
12.324771 195.996046 0.000000 12.000000 12.000000 10.000000 22.000000 5.000000 5.000000 3.000000 5.000000 2.000000 0.000000 1.000000 4.000000 
13.289919 204.586825 0.000000 10.000000 7.000000 6.000000 5.000000 4.000000 0.000000 4.000000 8.000000 5.000000 14.000000 9.000000 9.000000 
16.981930 211.879068 0.000000 11.000000 20.000000 5.000000 5.000000 7.000000 6.000000 10.000000 2.000000 4.000000 5.000000 1.000000 5.000000 
15.464421 222.122199 0.000000 6.000000 7.000000 4.000000 7.000000 5.000000 5.000000 6.000000 2.000000 4.000000 16.000000 9.000000 10.000000 
15.000000 226.689680 0.000000 8.000000 6.000000 8.000000 7.000000 4.000000 2.000000 3.000000 2.000000 9.000000 17.000000 6.000000 9.000000 
12.517383 237.107759 27.000000 12.000000 7.000000 0.000000 1.000000 0.000000 1.000000 4.000000 4.000000 1.000000 4.000000 7.000000 4.000000 
20.000000 6.045240 27.000000 0.000000 3.000000 1.000000 14.000000 4.000000 9.000000 13.000000 1.000000 5.000000 3.000000 0.000000 1.000000 
19.214265 14.324412 0.000000 12.000000 4.000000 7.000000 5.000000 5.000000 4.000000 4.000000 7.000000 6.000000 5.000000 15.000000 7.000000 
18.000000 20.689680 0.000000 2.000000 3.000000 3.000000 12.000000 5.000000 2.000000 4.000000 9.000000 10.000000 21.000000 7.000000 3.000000 
18.785719 28.561580 0.000000 14.000000 5.000000 13.000000 10.000000 4.000000 1.000000 2.000000 3.000000 3.000000 10.000000 8.000000 8.000000 
18.459241 34.409982 0.000000 9.000000 2.000000 5.000000 7.000000 0.000000 2.000000 2.000000 4.000000 7.000000 22.000000 13.000000 8.000000 
21.256733 47.131887 0.000000 9.000000 9.000000 5.000000 26.000000 7.000000 3.000000 2.000000 4.000000 2.000000 5.000000 2.000000 7.000000 
19.262131 53.236171 0.000000 15.000000 10.000000 8.000000 4.000000 0.000000 2.000000 3.000000 3.000000 3.000000 9.000000 11.000000 13.000000 
21.623313 61.086658 0.000000 4.000000 2.000000 4.000000 14.000000 6.000000 2.000000 5.000000 6.000000 8.000000 15.000000 7.000000 8.000000 
28.064850 66.726375 0.000000 14.000000 8.000000 7.000000 11.000000 2.000000 5.000000 1.000000 5.000000 4.000000 9.000000 8.000000 7.000000 
25.689492 77.783728 0.000000 6.000000 17.000000 9.000000 0.000000 5.000000 3.000000 0.000000 3.000000 9.000000 13.000000 7.000000 9.000000 
23.298228 82.367671 0.000000 4.000000 7.000000 13.000000 11.000000 7.000000 4.000000 1.000000 1.000000 4.000000 13.000000 3.000000 13.000000 
20.649109 91.407599 0.000000 14.000000 11.000000 7.000000 6.000000 5.000000 3.000000 2.000000 5.000000 7.000000 4.000000 6.000000 11.000000 
21.428786 98.493907 0.000000 7.000000 5.000000 7.000000 12.000000 7.000000 5.000000 8.000000 4.000000 9.000000 8.000000 4.000000 5.000000 
19.876209 105.142713 0.000000 6.000000 8.000000 5.000000 8.000000 6.000000 6.000000 5.000000 5.000000 7.000000 9.000000 6.000000 10.000000 
15.385139 116.926624 0.000000 13.000000 9.000000 11.000000 11.000000 2.000000 7.000000 2.000000 5.000000 3.000000 8.000000 5.000000 5.000000 
20.894604 125.417210 0.000000 6.000000 3.000000 5.000000 9.000000 5.000000 5.000000 3.000000 8.000000 3.000000 14.000000 10.000000 10.000000 
18.008313 136.003904 0.000000 9.000000 5.000000 5.000000 2.000000 8.000000 8.000000 9.000000 1.000000 6.000000 18.000000 8.000000 2.000000 
20.625363 142.950863 0.000000 8.000000 4.000000 6.000000 1.000000 8.000000 13.000000 5.000000 2.000000 6.000000 9.000000 14.000000 5.000000 
24.178976 149.051903 0.000000 4.000000 5.000000 10.000000 21.000000 5.000000 10.000000 14.000000 3.000000 4.000000 3.000000 2.000000 0.000000 
23.671269 153.834352 0.000000 5.000000 6.000000 12.000000 21.000000 7.000000 5.000000 1.000000 5.000000 2.000000 4.000000 7.000000 6.000000 
19.747110 166.634881 0.000000 5.000000 5.000000 3.000000 18.000000 3.000000 6.000000 11.000000 6.000000 2.000000 13.000000 6.000000 3.000000 
19.350857 174.026300 0.000000 10.000000 4.000000 8.000000 10.000000 3.000000 9.000000 4.000000 10.000000 5.000000 4.000000 6.000000 8.000000 
19.112554 179.773417 0.000000 8.000000 7.000000 8.000000 13.000000 4.000000 9.000000 5.000000 6.000000 6.000000 5.000000 4.000000 6.000000 
22.133103 189.079427 0.000000 14.000000 5.000000 15.000000 3.000000 2.000000 3.000000 5.000000 7.000000 1.000000 5.000000 14.000000 7.000000 
19.691034 195.779908 0.000000 5.000000 5.000000 3.000000 8.000000 5.000000 8.000000 12.000000 5.000000 7.000000 10.000000 2.000000 11.000000 
20.027909 201.590827 0.000000 2.000000 8.000000 2.000000 3.000000 5.000000 6.000000 9.000000 7.000000 11.000000 18.000000 5.000000 5.000000 
25.805646 209.825640 0.000000 13.000000 21.000000 7.000000 6.000000 6.000000 9.000000 3.000000 2.000000 4.000000 4.000000 5.000000 1.000000 
23.655629 219.876515 0.000000 6.000000 4.000000 7.000000 3.000000 5.000000 4.000000 4.000000 5.000000 8.000000 21.000000 7.000000 7.000000 
21.689634 227.732976 0.000000 11.000000 3.000000 11.000000 7.000000 4.000000 1.000000 6.000000 5.000000 6.000000 8.000000 7.000000 12.000000 
20.000000 237.365028 27.000000 6.000000 2.000000 5.000000 7.000000 5.000000 3.000000 6.000000 1.000000 3.000000 3.000000 3.000000 1.000000 
28.000000 5.689680 27.000000 5.000000 3.000000 1.000000 1.000000 0.000000 3.000000 6.000000 4.000000 2.000000 13.000000 7.000000 9.000000 
28.322413 14.304817 0.000000 17.000000 6.000000 5.000000 11.000000 1.000000 1.000000 4.000000 5.000000 1.000000 7.000000 12.000000 11.000000 
27.285269 21.253408 0.000000 19.000000 4.000000 4.000000 6.000000 5.000000 8.000000 8.000000 8.000000 1.000000 2.000000 7.000000 9.000000 
27.737828 26.586825 0.000000 13.000000 9.000000 8.000000 12.000000 3.000000 5.000000 5.000000 3.000000 3.000000 5.000000 5.000000 10.000000 
28.212570 35.554654 0.000000 9.000000 8.000000 7.000000 5.000000 4.000000 6.000000 6.000000 4.000000 9.000000 10.000000 8.000000 5.000000 
26.284169 48.545268 0.000000 5.000000 2.000000 2.000000 21.000000 9.000000 8.000000 7.000000 5.000000 4.000000 8.000000 8.000000 2.000000 
27.055327 53.606550 0.000000 12.000000 6.000000 6.000000 14.000000 6.000000 7.000000 4.000000 2.000000 4.000000 5.000000 9.000000 6.000000 
29.617432 60.897399 0.000000 15.000000 1.000000 8.000000 10.000000 6.000000 5.000000 5.000000 2.000000 3.000000 16.000000 6.000000 4.000000 
33.358886 65.785167 0.000000 14.000000 9.000000 6.000000 13.000000 4.000000 7.000000 3.000000 5.000000 2.000000 6.000000 8.000000 4.000000 
29.910959 77.382177 0.000000 8.000000 15.000000 8.000000 0.000000 6.000000 2.000000 3.000000 1.000000 11.000000 11.000000 9.000000 7.000000 
29.796277 82.785457 0.000000 6.000000 8.000000 2.000000 12.000000 9.000000 9.000000 3.000000 2.000000 6.000000 11.000000 7.000000 6.000000 
30.014168 89.000000 0.000000 6.000000 2.000000 4.000000 19.000000 8.000000 8.000000 4.000000 2.000000 1.000000 9.000000 9.000000 9.000000 
29.312630 99.027887 0.000000 4.000000 4.000000 11.000000 10.000000 2.000000 1.000000 8.000000 6.000000 6.000000 10.000000 8.000000 11.000000 
24.810736 106.513917 0.000000 11.000000 7.000000 10.000000 17.000000 6.000000 2.000000 2.000000 0.000000 1.000000 6.000000 9.000000 10.000000 
24.341553 117.302924 0.000000 10.000000 10.000000 2.000000 7.000000 3.000000 2.000000 1.000000 2.000000 5.000000 21.000000 13.000000 5.000000 
26.508309 122.906424 0.000000 8.000000 4.000000 6.000000 11.000000 7.000000 9.000000 3.000000 7.000000 3.000000 10.000000 6.000000 7.000000 
26.229062 135.483248 0.000000 5.000000 5.000000 8.000000 7.000000 4.000000 9.000000 5.000000 7.000000 4.000000 16.000000 8.000000 3.000000 
25.501102 142.210778 0.000000 8.000000 5.000000 5.000000 3.000000 3.000000 5.000000 4.000000 10.000000 4.000000 7.000000 19.000000 8.000000 
25.701790 147.954027 0.000000 7.000000 7.000000 8.000000 10.000000 4.000000 5.000000 2.000000 5.000000 9.000000 5.000000 14.000000 5.000000 
28.044345 155.822165 0.000000 8.000000 7.000000 6.000000 27.000000 9.000000 6.000000 0.000000 2.000000 0.000000 4.000000 5.000000 7.000000 
30.555188 169.998513 0.000000 3.000000 3.000000 5.000000 21.000000 6.000000 4.000000 0.000000 5.000000 3.000000 5.000000 12.000000 14.000000 
24.212386 172.518319 0.000000 11.000000 2.000000 6.000000 1.000000 1.000000 5.000000 4.000000 8.000000 3.000000 15.000000 11.000000 14.000000 
26.322413 178.730239 0.000000 7.000000 6.000000 9.000000 24.000000 3.000000 2.000000 7.000000 2.000000 2.000000 4.000000 8.000000 7.000000 
27.614597 188.029476 0.000000 20.000000 4.000000 10.000000 9.000000 4.000000 1.000000 1.000000 4.000000 1.000000 6.000000 6.000000 15.000000 
25.013911 192.656698 0.000000 5.000000 3.000000 10.000000 1.000000 3.000000 2.000000 1.000000 6.000000 4.000000 16.000000 8.000000 22.000000 
27.191244 202.386404 0.000000 7.000000 17.000000 7.000000 11.000000 6.000000 3.000000 2.000000 1.000000 6.000000 8.000000 8.000000 5.000000 
28.356893 213.226823 0.000000 7.000000 13.000000 8.000000 6.000000 4.000000 5.000000 3.000000 6.000000 5.000000 18.000000 3.000000 3.000000 
27.453905 216.078852 0.000000 8.000000 3.000000 7.000000 5.000000 1.000000 3.000000 5.000000 8.000000 2.000000 25.000000 7.000000 7.000000 
27.322413 226.002240 0.000000 5.000000 8.000000 11.000000 12.000000 8.000000 2.000000 8.000000 6.000000 5.000000 4.000000 6.000000 6.000000 
28.000000 237.124007 27.000000 1.000000 2.000000 0.000000 2.000000 5.000000 6.000000 4.000000 3.000000 3.000000 13.000000 2.000000 4.000000 
36.322413 6.011474 27.000000 10.000000 3.000000 4.000000 0.000000 2.000000 0.000000 7.000000 4.000000 5.000000 5.000000 5.000000 9.000000 
37.674063 14.998716 0.000000 9.000000 6.000000 9.000000 9.000000 6.000000 4.000000 7.000000 4.000000 4.000000 6.000000 11.000000 6.000000 
35.951852 21.835095 0.000000 16.000000 7.000000 8.000000 11.000000 8.000000 4.000000 6.000000 3.000000 3.000000 6.000000 4.000000 5.000000 
36.173650 27.173650 0.000000 7.000000 2.000000 8.000000 2.000000 8.000000 7.000000 5.000000 5.000000 3.000000 11.000000 12.000000 11.000000 
34.768979 36.802638 0.000000 11.000000 7.000000 4.000000 9.000000 3.000000 7.000000 6.000000 7.000000 5.000000 6.000000 5.000000 11.000000 
35.324889 48.316777 0.000000 16.000000 10.000000 5.000000 5.000000 6.000000 6.000000 1.000000 5.000000 7.000000 5.000000 2.000000 13.000000 
34.504776 54.775022 0.000000 10.000000 14.000000 6.000000 6.000000 5.000000 7.000000 4.000000 4.000000 4.000000 6.000000 4.000000 11.000000 
35.480006 59.799480 0.000000 18.000000 7.000000 6.000000 5.000000 3.000000 4.000000 8.000000 6.000000 1.000000 4.000000 10.000000 9.000000 
36.515144 65.561052 0.000000 14.000000 4.000000 4.000000 10.000000 7.000000 5.000000 8.000000 2.000000 2.000000 6.000000 8.000000 11.000000 
36.901933 75.258404 0.000000 7.000000 5.000000 6.000000 25.000000 2.000000 2.000000 0.000000 3.000000 4.000000 10.000000 12.000000 5.000000 
36.613644 83.394613 0.000000 14.000000 9.000000 6.000000 10.000000 4.000000 6.000000 2.000000 0.000000 2.000000 6.000000 12.000000 10.000000 
38.869386 91.972958 0.000000 16.000000 3.000000 5.000000 17.000000 5.000000 5.000000 1.000000 1.000000 2.000000 6.000000 5.000000 15.000000 
38.351410 99.010350 0.000000 16.000000 8.000000 7.000000 5.000000 2.000000 3.000000 4.000000 4.000000 7.000000 11.000000 4.000000 10.000000 
37.843340 104.882652 0.000000 11.000000 12.000000 12.000000 4.000000 1.000000 6.000000 5.000000 6.000000 4.000000 5.000000 7.000000 8.000000 
33.010313 113.790069 0.000000 19.000000 4.000000 6.000000 4.000000 8.000000 9.000000 5.000000 5.000000 7.000000 4.000000 8.000000 2.000000 
32.973370 122.391658 0.000000 8.000000 6.000000 9.000000 5.000000 3.000000 7.000000 4.000000 7.000000 9.000000 10.000000 6.000000 7.000000 
34.786731 133.955642 0.000000 2.000000 2.000000 3.000000 5.000000 9.000000 8.000000 13.000000 6.000000 9.000000 14.000000 7.000000 3.000000 
36.312550 140.898767 0.000000 5.000000 8.000000 7.000000 16.000000 12.000000 9.000000 6.000000 3.000000 8.000000 3.000000 3.000000 1.000000 
32.491676 148.331151 0.000000 6.000000 5.000000 3.000000 5.000000 4.000000 4.000000 9.000000 4.000000 10.000000 5.000000 16.000000 10.000000 
31.068553 155.531750 0.000000 5.000000 3.000000 4.000000 22.000000 9.000000 5.000000 7.000000 7.000000 2.000000 7.000000 6.000000 4.000000 
35.730059 167.733810 0.000000 8.000000 2.000000 6.000000 19.000000 6.000000 4.000000 4.000000 6.000000 7.000000 1.000000 9.000000 9.000000 
31.922874 170.220608 0.000000 2.000000 2.000000 6.000000 25.000000 9.000000 7.000000 0.000000 4.000000 4.000000 4.000000 7.000000 11.000000 
37.176397 178.017167 0.000000 3.000000 6.000000 5.000000 9.000000 9.000000 4.000000 3.000000 6.000000 6.000000 15.000000 11.000000 4.000000 
35.502860 186.585238 0.000000 8.000000 8.000000 5.000000 8.000000 3.000000 4.000000 6.000000 9.000000 3.000000 8.000000 9.000000 10.000000 
30.352171 193.352609 0.000000 14.000000 1.000000 7.000000 1.000000 0.000000 0.000000 3.000000 11.000000 7.000000 11.000000 7.000000 19.000000 
31.890931 202.152011 0.000000 6.000000 19.000000 6.000000 11.000000 4.000000 6.000000 2.000000 0.000000 5.000000 7.000000 7.000000 8.000000 
35.487840 213.029991 0.000000 8.000000 13.000000 12.000000 4.000000 3.000000 2.000000 2.000000 4.000000 4.000000 19.000000 8.000000 2.000000 
37.781941 216.853031 0.000000 10.000000 13.000000 9.000000 3.000000 4.000000 5.000000 2.000000 5.000000 8.000000 11.000000 7.000000 4.000000 
37.322413 227.093673 0.000000 7.000000 10.000000 10.000000 4.000000 3.000000 9.000000 3.000000 9.000000 5.000000 10.000000 4.000000 7.000000 
36.000000 237.365028 27.000000 1.000000 7.000000 5.000000 5.000000 1.000000 7.000000 4.000000 1.000000 4.000000 7.000000 3.000000 0.000000 
44.673216 6.038243 27.000000 3.000000 7.000000 10.000000 7.000000 2.000000 2.000000 3.000000 10.000000 4.000000 2.000000 1.000000 3.000000 
45.677587 13.957385 0.000000 17.000000 1.000000 8.000000 1.000000 2.000000 3.000000 16.000000 5.000000 5.000000 2.000000 10.000000 11.000000 
43.765612 21.301687 0.000000 19.000000 6.000000 3.000000 4.000000 5.000000 4.000000 8.000000 1.000000 5.000000 12.000000 1.000000 13.000000 
43.322413 27.490161 0.000000 10.000000 5.000000 4.000000 15.000000 6.000000 5.000000 1.000000 5.000000 6.000000 6.000000 11.000000 7.000000 
43.909237 38.909237 0.000000 15.000000 11.000000 4.000000 5.000000 3.000000 1.000000 5.000000 8.000000 6.000000 9.000000 5.000000 9.000000 
45.051799 47.039368 0.000000 16.000000 9.000000 7.000000 3.000000 3.000000 3.000000 6.000000 8.000000 2.000000 7.000000 6.000000 11.000000 
45.599714 52.485459 0.000000 11.000000 4.000000 5.000000 6.000000 4.000000 6.000000 10.000000 7.000000 5.000000 11.000000 5.000000 7.000000 
44.775896 57.451243 0.000000 18.000000 5.000000 8.000000 3.000000 4.000000 5.000000 6.000000 5.000000 6.000000 6.000000 5.000000 10.000000 
41.948177 65.031916 0.000000 18.000000 4.000000 6.000000 4.000000 5.000000 3.000000 5.000000 4.000000 6.000000 9.000000 8.000000 9.000000 
47.961790 75.635336 0.000000 4.000000 4.000000 7.000000 24.000000 2.000000 6.000000 9.000000 10.000000 5.000000 7.000000 0.000000 3.000000 
46.557849 85.227126 0.000000 8.000000 6.000000 5.000000 7.000000 5.000000 6.000000 7.000000 6.000000 3.000000 8.000000 12.000000 8.000000 
46.581182 94.071813 0.000000 8.000000 6.000000 3.000000 8.000000 4.000000 7.000000 9.000000 5.000000 7.000000 16.000000 4.000000 4.000000 
41.609969 100.023789 0.000000 21.000000 4.000000 4.000000 6.000000 2.000000 2.000000 9.000000 7.000000 5.000000 9.000000 7.000000 5.000000 
43.839213 108.145231 0.000000 8.000000 9.000000 9.000000 3.000000 3.000000 5.000000 18.000000 7.000000 5.000000 6.000000 5.000000 3.000000 
45.286555 117.080977 0.000000 7.000000 2.000000 7.000000 11.000000 4.000000 9.000000 18.000000 5.000000 3.000000 6.000000 6.000000 3.000000 
43.746645 120.929300 0.000000 10.000000 5.000000 4.000000 14.000000 4.000000 8.000000 16.000000 2.000000 2.000000 4.000000 6.000000 6.000000 
40.951852 134.413175 0.000000 7.000000 6.000000 7.000000 16.000000 9.000000 6.000000 7.000000 2.000000 5.000000 7.000000 5.000000 4.000000 
44.469457 140.401778 0.000000 11.000000 13.000000 5.000000 10.000000 4.000000 3.000000 9.000000 5.000000 4.000000 8.000000 6.000000 3.000000 
44.990106 149.786541 0.000000 6.000000 6.000000 6.000000 9.000000 5.000000 8.000000 4.000000 5.000000 7.000000 8.000000 6.000000 11.000000 
44.146375 156.049709 0.000000 8.000000 9.000000 11.000000 9.000000 7.000000 7.000000 2.000000 2.000000 9.000000 4.000000 7.000000 6.000000 
45.848675 164.773800 0.000000 10.000000 5.000000 5.000000 6.000000 1.000000 2.000000 2.000000 4.000000 7.000000 23.000000 7.000000 9.000000 
44.367226 168.226861 0.000000 13.000000 6.000000 2.000000 4.000000 6.000000 4.000000 2.000000 3.000000 8.000000 17.000000 8.000000 8.000000 
44.918987 179.071851 0.000000 12.000000 7.000000 6.000000 2.000000 7.000000 4.000000 7.000000 7.000000 3.000000 9.000000 8.000000 9.000000 
45.045731 186.649332 0.000000 10.000000 8.000000 8.000000 8.000000 4.000000 6.000000 6.000000 4.000000 4.000000 6.000000 8.000000 9.000000 
47.371902 198.568282 0.000000 13.000000 8.000000 5.000000 10.000000 7.000000 5.000000 7.000000 4.000000 5.000000 6.000000 7.000000 4.000000 
46.611168 205.002389 0.000000 10.000000 9.000000 4.000000 14.000000 9.000000 3.000000 4.000000 3.000000 4.000000 10.000000 7.000000 4.000000 
46.234199 210.920541 0.000000 13.000000 17.000000 9.000000 5.000000 2.000000 2.000000 4.000000 7.000000 6.000000 9.000000 4.000000 3.000000 
45.322413 218.287724 0.000000 10.000000 18.000000 6.000000 4.000000 4.000000 4.000000 4.000000 4.000000 11.000000 8.000000 7.000000 1.000000 
45.584438 228.740215 0.000000 6.000000 9.000000 8.000000 5.000000 4.000000 4.000000 6.000000 7.000000 10.000000 8.000000 7.000000 7.000000 
44.000000 237.365028 27.000000 7.000000 8.000000 4.000000 3.000000 2.000000 3.000000 3.000000 1.000000 4.000000 3.000000 4.000000 3.000000 
52.000000 4.948166 27.000000 9.000000 6.000000 2.000000 3.000000 2.000000 5.000000 6.000000 7.000000 3.000000 8.000000 1.000000 2.000000 
53.361421 12.103165 0.000000 15.000000 11.000000 5.000000 13.000000 0.000000 3.000000 11.000000 9.000000 4.000000 2.000000 7.000000 1.000000 
55.413175 20.951852 0.000000 10.000000 4.000000 0.000000 11.000000 6.000000 7.000000 13.000000 10.000000 2.000000 2.000000 6.000000 10.000000 
53.489884 26.951852 0.000000 10.000000 3.000000 2.000000 3.000000 4.000000 7.000000 7.000000 3.000000 4.000000 14.000000 15.000000 9.000000 
51.000000 36.469893 0.000000 15.000000 2.000000 7.000000 6.000000 10.000000 6.000000 6.000000 10.000000 4.000000 5.000000 5.000000 5.000000 
52.000000 44.948166 0.000000 17.000000 6.000000 7.000000 9.000000 5.000000 3.000000 5.000000 6.000000 2.000000 6.000000 5.000000 10.000000 
52.012131 51.012131 0.000000 10.000000 4.000000 4.000000 11.000000 3.000000 9.000000 6.000000 6.000000 3.000000 17.000000 1.000000 7.000000 
52.000000 59.689680 0.000000 21.000000 4.000000 6.000000 12.000000 2.000000 5.000000 5.000000 5.000000 5.000000 6.000000 2.000000 8.000000 
51.509830 68.874857 0.000000 11.000000 4.000000 5.000000 18.000000 2.000000 2.000000 7.000000 6.000000 5.000000 0.000000 7.000000 14.000000 
53.543655 76.502459 0.000000 13.000000 4.000000 6.000000 14.000000 1.000000 1.000000 5.000000 3.000000 5.000000 18.000000 2.000000 9.000000 
51.607768 83.306121 0.000000 10.000000 14.000000 10.000000 7.000000 4.000000 5.000000 7.000000 1.000000 2.000000 2.000000 6.000000 13.000000 
51.335964 92.494134 0.000000 7.000000 4.000000 7.000000 2.000000 4.000000 10.000000 7.000000 2.000000 3.000000 20.000000 7.000000 8.000000 
50.000000 99.689680 0.000000 11.000000 6.000000 5.000000 16.000000 5.000000 8.000000 10.000000 3.000000 5.000000 3.000000 2.000000 7.000000 
51.174948 109.077094 0.000000 17.000000 6.000000 4.000000 7.000000 1.000000 1.000000 9.000000 9.000000 6.000000 7.000000 4.000000 10.000000 
50.078763 114.515725 0.000000 19.000000 3.000000 3.000000 4.000000 5.000000 6.000000 22.000000 4.000000 1.000000 2.000000 5.000000 7.000000 
49.755991 120.229289 0.000000 11.000000 2.000000 2.000000 8.000000 5.000000 8.000000 23.000000 3.000000 2.000000 5.000000 6.000000 6.000000 
49.907470 132.577334 0.000000 22.000000 8.000000 1.000000 5.000000 5.000000 1.000000 2.000000 5.000000 7.000000 15.000000 5.000000 5.000000 
52.653342 140.518885 0.000000 7.000000 9.000000 3.000000 5.000000 13.000000 10.000000 8.000000 5.000000 3.000000 8.000000 4.000000 6.000000 
56.880791 154.025543 0.000000 9.000000 7.000000 4.000000 3.000000 2.000000 1.000000 5.000000 7.000000 7.000000 19.000000 10.000000 7.000000 
59.784426 160.837637 9.000000 10.000000 4.000000 2.000000 7.000000 3.000000 2.000000 8.000000 2.000000 5.000000 15.000000 9.000000 5.000000 
55.419383 168.694935 0.000000 10.000000 6.000000 12.000000 15.000000 2.000000 1.000000 10.000000 4.000000 4.000000 4.000000 6.000000 7.000000 
52.087712 172.770686 0.000000 9.000000 4.000000 7.000000 9.000000 9.000000 8.000000 4.000000 4.000000 4.000000 8.000000 7.000000 8.000000 
49.156234 179.521262 0.000000 14.000000 6.000000 8.000000 8.000000 7.000000 3.000000 5.000000 4.000000 2.000000 5.000000 10.000000 9.000000 
50.764607 186.930263 0.000000 9.000000 8.000000 6.000000 7.000000 6.000000 3.000000 7.000000 4.000000 7.000000 5.000000 7.000000 12.000000 
55.000000 199.044774 0.000000 12.000000 7.000000 7.000000 5.000000 5.000000 5.000000 5.000000 5.000000 4.000000 5.000000 11.000000 10.000000 
53.772612 205.351931 0.000000 6.000000 7.000000 13.000000 15.000000 8.000000 4.000000 2.000000 3.000000 4.000000 6.000000 6.000000 7.000000 
54.000000 209.689680 0.000000 9.000000 8.000000 10.000000 13.000000 9.000000 2.000000 4.000000 2.000000 3.000000 7.000000 6.000000 8.000000 
53.066171 220.048137 0.000000 14.000000 20.000000 7.000000 4.000000 7.000000 5.000000 4.000000 4.000000 3.000000 8.000000 4.000000 1.000000 
53.000000 227.689680 0.000000 10.000000 7.000000 2.000000 6.000000 8.000000 4.000000 9.000000 10.000000 7.000000 11.000000 5.000000 2.000000 
52.000000 237.002427 27.000000 11.000000 2.000000 2.000000 6.000000 1.000000 2.000000 4.000000 6.000000 2.000000 1.000000 2.000000 6.000000 
60.000000 5.324652 39.000000 9.000000 2.000000 0.000000 0.000000 2.000000 4.000000 7.000000 8.000000 6.000000 0.000000 1.000000 3.000000 
60.000000 13.324652 18.000000 6.000000 2.000000 7.000000 0.000000 2.000000 8.000000 13.000000 12.000000 7.000000 0.000000 2.000000 4.000000 
61.025435 21.324652 18.000000 16.000000 2.000000 1.000000 2.000000 2.000000 11.000000 12.000000 9.000000 5.000000 1.000000 1.000000 1.000000 
60.000000 29.324652 18.000000 8.000000 3.000000 3.000000 1.000000 6.000000 10.000000 16.000000 9.000000 3.000000 1.000000 2.000000 1.000000 
60.000000 37.324652 18.000000 4.000000 2.000000 5.000000 0.000000 4.000000 9.000000 18.000000 9.000000 6.000000 2.000000 1.000000 3.000000 
60.000000 45.324652 18.000000 10.000000 8.000000 1.000000 4.000000 2.000000 4.000000 9.000000 8.000000 10.000000 3.000000 2.000000 2.000000 
60.000000 53.324652 18.000000 11.000000 5.000000 5.000000 6.000000 3.000000 7.000000 6.000000 6.000000 5.000000 3.000000 2.000000 4.000000 
59.639647 60.964299 18.000000 10.000000 6.000000 4.000000 1.000000 4.000000 7.000000 5.000000 8.000000 4.000000 6.000000 1.000000 7.000000 
60.000000 69.324652 18.000000 6.000000 1.000000 2.000000 1.000000 1.000000 6.000000 10.000000 10.000000 10.000000 7.000000 4.000000 5.000000 
60.000000 77.324652 18.000000 6.000000 2.000000 7.000000 5.000000 3.000000 6.000000 7.000000 3.000000 7.000000 4.000000 6.000000 7.000000 
60.000000 85.324652 18.000000 4.000000 4.000000 5.000000 1.000000 5.000000 9.000000 4.000000 3.000000 6.000000 4.000000 8.000000 10.000000 
60.000000 93.324652 18.000000 10.000000 5.000000 9.000000 3.000000 4.000000 3.000000 6.000000 4.000000 4.000000 4.000000 5.000000 6.000000 
59.718211 101.042864 18.000000 11.000000 10.000000 9.000000 1.000000 3.000000 3.000000 2.000000 2.000000 4.000000 5.000000 5.000000 8.000000 
60.000000 109.324652 18.000000 9.000000 9.000000 7.000000 3.000000 1.000000 1.000000 11.000000 6.000000 4.000000 9.000000 2.000000 1.000000 
59.344866 117.324652 18.000000 7.000000 5.000000 4.000000 1.000000 7.000000 4.000000 14.000000 5.000000 2.000000 5.000000 6.000000 3.000000 
59.440175 124.502118 18.000000 6.000000 5.000000 2.000000 5.000000 4.000000 1.000000 7.000000 8.000000 7.000000 3.000000 6.000000 9.000000 
60.000000 133.324652 18.000000 5.000000 4.000000 6.000000 6.000000 7.000000 2.000000 6.000000 4.000000 3.000000 4.000000 6.000000 10.000000 
60.000000 141.324652 18.000000 7.000000 6.000000 1.000000 3.000000 4.000000 3.000000 4.000000 6.000000 4.000000 13.000000 8.000000 4.000000 
61.543434 151.356100 18.000000 7.000000 4.000000 6.000000 11.000000 7.000000 4.000000 5.000000 2.000000 1.000000 3.000000 9.000000 4.000000 
62.708462 157.802497 18.000000 7.000000 3.000000 1.000000 3.000000 1.000000 2.000000 6.000000 3.000000 5.000000 17.000000 10.000000 5.000000 
60.510834 166.693377 18.000000 12.000000 2.000000 4.000000 9.000000 2.000000 2.000000 4.000000 3.000000 3.000000 8.000000 9.000000 5.000000 
60.000000 173.324652 18.000000 8.000000 3.000000 5.000000 10.000000 4.000000 3.000000 7.000000 0.000000 2.000000 5.000000 9.000000 7.000000 
59.730964 181.324652 18.000000 2.000000 6.000000 6.000000 3.000000 1.000000 11.000000 10.000000 5.000000 2.000000 3.000000 10.000000 4.000000 
59.714585 189.039237 18.000000 6.000000 7.000000 4.000000 7.000000 4.000000 3.000000 11.000000 5.000000 4.000000 7.000000 2.000000 3.000000 
60.959608 197.788053 18.000000 9.000000 7.000000 6.000000 2.000000 2.000000 3.000000 4.000000 5.000000 4.000000 5.000000 6.000000 10.000000 
60.000000 205.710780 18.000000 11.000000 6.000000 2.000000 6.000000 7.000000 5.000000 2.000000 3.000000 2.000000 3.000000 6.000000 10.000000 
60.440812 212.476729 18.000000 6.000000 4.000000 7.000000 12.000000 8.000000 4.000000 5.000000 2.000000 2.000000 1.000000 4.000000 8.000000 
60.000000 221.324652 18.000000 7.000000 8.000000 7.000000 5.000000 4.000000 4.000000 2.000000 4.000000 5.000000 6.000000 5.000000 6.000000 
60.000000 228.890526 18.000000 9.000000 0.000000 2.000000 2.000000 8.000000 4.000000 6.000000 3.000000 7.000000 12.000000 5.000000 5.000000 
60.000000 236.000000 35.000000 6.000000 7.000000 3.000000 1.000000 3.000000 4.000000 1.000000 0.000000 0.000000 0.000000 1.000000 2.000000 
