240
5.000000 5.689680 39.000000 5.000000 3.000000 2.000000 5.000000 1.000000 2.000000 1.000000 0.000000 1.000000 0.000000 0.000000 4.000000 
3.991507 12.671334 27.000000 6.000000 7.000000 3.000000 6.000000 0.000000 0.000000 2.000000 0.000000 1.000000 3.000000 8.000000 0.000000 
5.182809 21.959278 27.000000 6.000000 5.000000 2.000000 3.000000 0.000000 1.000000 6.000000 3.000000 1.000000 5.000000 2.000000 2.000000 
3.583138 29.324652 27.000000 9.000000 4.000000 2.000000 4.000000 0.000000 0.000000 0.000000 2.000000 1.000000 6.000000 4.000000 4.000000 
4.000000 36.959625 27.000000 9.000000 0.000000 7.000000 6.000000 0.000000 0.000000 3.000000 1.000000 0.000000 1.000000 4.000000 5.000000 
4.622394 45.647065 27.000000 5.000000 3.000000 2.000000 4.000000 1.000000 3.000000 1.000000 2.000000 2.000000 5.000000 3.000000 5.000000 
3.443625 54.205680 27.000000 7.000000 3.000000 1.000000 1.000000 3.000000 3.000000 2.000000 2.000000 3.000000 2.000000 4.000000 5.000000 
2.140410 62.188797 27.000000 17.000000 1.000000 5.000000 5.000000 1.000000 1.000000 1.000000 1.000000 0.000000 0.000000 2.000000 2.000000 
3.583138 69.324652 27.000000 8.000000 5.000000 5.000000 4.000000 2.000000 0.000000 3.000000 1.000000 2.000000 3.000000 3.000000 0.000000 
3.586825 76.911477 27.000000 4.000000 10.000000 5.000000 5.000000 4.000000 1.000000 0.000000 0.000000 0.000000 1.000000 4.000000 2.000000 
4.322413 85.647065 27.000000 5.000000 8.000000 2.000000 4.000000 1.000000 2.000000 1.000000 0.000000 2.000000 4.000000 6.000000 1.000000 
4.000000 94.076759 27.000000 9.000000 2.000000 1.000000 2.000000 2.000000 3.000000 1.000000 3.000000 2.000000 4.000000 3.000000 4.000000 
4.317869 100.297455 27.000000 6.000000 4.000000 4.000000 3.000000 4.000000 0.000000 0.000000 0.000000 1.000000 3.000000 4.000000 7.000000 
2.683073 110.641580 27.000000 5.000000 5.000000 4.000000 3.000000 0.000000 1.000000 1.000000 2.000000 4.000000 7.000000 3.000000 1.000000 
3.585173 117.731672 27.000000 14.000000 0.000000 3.000000 3.000000 1.000000 1.000000 2.000000 1.000000 2.000000 5.000000 1.000000 3.000000 
2.021179 123.345832 27.000000 9.000000 2.000000 1.000000 3.000000 1.000000 2.000000 2.000000 3.000000 2.000000 7.000000 2.000000 2.000000 
4.291395 132.959625 27.000000 11.000000 1.000000 2.000000 9.000000 1.000000 1.000000 1.000000 0.000000 0.000000 4.000000 1.000000 5.000000 
4.328246 142.017926 27.000000 9.000000 1.000000 1.000000 0.000000 0.000000 1.000000 5.000000 2.000000 1.000000 7.000000 3.000000 6.000000 
4.269857 149.647065 27.000000 1.000000 0.000000 5.000000 4.000000 1.000000 2.000000 11.000000 3.000000 1.000000 5.000000 2.000000 1.000000 
4.000000 157.689680 27.000000 3.000000 0.000000 1.000000 2.000000 1.000000 1.000000 6.000000 6.000000 2.000000 5.000000 6.000000 3.000000 
4.617655 165.002240 27.000000 2.000000 4.000000 7.000000 12.000000 1.000000 1.000000 2.000000 2.000000 1.000000 1.000000 3.000000 0.000000 
4.636874 173.324652 27.000000 4.000000 6.000000 2.000000 8.000000 3.000000 1.000000 0.000000 0.000000 0.000000 5.000000 3.000000 4.000000 
4.000000 181.689680 27.000000 6.000000 6.000000 2.000000 9.000000 3.000000 1.000000 2.000000 1.000000 0.000000 1.000000 1.000000 4.000000 
4.607395 189.932048 27.000000 7.000000 2.000000 3.000000 3.000000 0.000000 2.000000 1.000000 3.000000 0.000000 2.000000 4.000000 9.000000 
4.617951 197.031354 27.000000 6.000000 6.000000 5.000000 5.000000 0.000000 1.000000 0.000000 1.000000 1.000000 0.000000 6.000000 5.000000 
4.000000 205.689680 27.000000 5.000000 8.000000 3.000000 4.000000 3.000000 0.000000 1.000000 0.000000 2.000000 7.000000 1.000000 2.000000 
4.414262 211.458969 27.000000 6.000000 2.000000 4.000000 4.000000 1.000000 1.000000 0.000000 0.000000 2.000000 7.000000 8.000000 1.000000 
3.182032 220.506685 27.000000 4.000000 6.000000 7.000000 2.000000 0.000000 2.000000 0.000000 0.000000 0.000000 4.000000 7.000000 4.000000 
4.687440 228.677587 27.000000 6.000000 2.000000 3.000000 6.000000 1.000000 1.000000 5.000000 1.000000 1.000000 2.000000 5.000000 3.000000 
5.000000 236.365028 36.000000 7.000000 4.000000 1.000000 2.000000 0.000000 0.000000 1.000000 1.000000 1.000000 0.000000 1.000000 2.000000 
11.881479 4.420156 27.000000 3.000000 1.000000 6.000000 6.000000 4.000000 3.000000 2.000000 3.000000 2.000000 9.000000 8.000000 7.000000 
13.380394 10.264643 0.000000 9.000000 11.000000 7.000000 4.000000 2.000000 3.000000 5.000000 5.000000 5.000000 9.000000 15.000000 6.000000 
15.634972 21.634972 0.000000 12.000000 2.000000 2.000000 4.000000 3.000000 4.000000 7.000000 6.000000 9.000000 19.000000 6.000000 7.000000 
12.639067 27.728245 0.000000 28.000000 2.000000 5.000000 6.000000 5.000000 5.000000 2.000000 4.000000 4.000000 5.000000 6.000000 9.000000 
12.171716 34.909237 0.000000 12.000000 7.000000 4.000000 7.000000 4.000000 6.000000 7.000000 2.000000 4.000000 12.000000 10.000000 6.000000 
12.188027 46.052765 0.000000 9.000000 5.000000 6.000000 23.000000 5.000000 3.000000 2.000000 2.000000 2.000000 5.000000 6.000000 13.000000 
8.709481 55.463894 0.000000 24.000000 3.000000 9.000000 4.000000 5.000000 7.000000 0.000000 0.000000 4.000000 6.000000 8.000000 11.000000 
7.957385 61.677587 0.000000 26.000000 4.000000 9.000000 8.000000 2.000000 2.000000 1.000000 4.000000 2.000000 8.000000 9.000000 6.000000 
9.833767 68.500253 0.000000 10.000000 11.000000 4.000000 23.000000 3.000000 1.000000 1.000000 0.000000 2.000000 8.000000 9.000000 9.000000 
11.895778 75.895778 0.000000 10.000000 8.000000 7.000000 7.000000 5.000000 6.000000 4.000000 2.000000 3.000000 9.000000 11.000000 9.000000 
13.658528 85.655694 0.000000 10.000000 7.000000 4.000000 7.000000 6.000000 3.000000 10.000000 5.000000 6.000000 4.000000 6.000000 13.000000 
12.187860 92.861401 0.000000 14.000000 18.000000 4.000000 10.000000 2.000000 2.000000 1.000000 4.000000 4.000000 10.000000 4.000000 8.000000 
12.590306 97.409694 0.000000 8.000000 11.000000 4.000000 7.000000 3.000000 4.000000 2.000000 2.000000 3.000000 18.000000 6.000000 13.000000 
9.084950 111.490652 0.000000 28.000000 6.000000 10.000000 11.000000 2.000000 1.000000 1.000000 2.000000 2.000000 6.000000 7.000000 5.000000 
6.425609 114.692800 18.000000 23.000000 0.000000 6.000000 6.000000 2.000000 1.000000 2.000000 3.000000 3.000000 10.000000 6.000000 1.000000 
7.615159 118.311055 0.000000 23.000000 1.000000 5.000000 15.000000 2.000000 3.000000 4.000000 4.000000 3.000000 10.000000 7.000000 4.000000 
13.475390 129.946060 0.000000 9.000000 14.000000 5.000000 7.000000 1.000000 5.000000 4.000000 6.000000 7.000000 7.000000 8.000000 8.000000 
12.265131 141.043671 0.000000 8.000000 9.000000 7.000000 10.000000 10.000000 7.000000 7.000000 2.000000 2.000000 6.000000 7.000000 6.000000 
13.000000 149.689680 0.000000 6.000000 7.000000 9.000000 17.000000 9.000000 7.000000 4.000000 4.000000 0.000000 7.000000 6.000000 5.000000 
12.375398 156.173650 0.000000 5.000000 7.000000 7.000000 5.000000 5.000000 3.000000 13.000000 8.000000 1.000000 4.000000 16.000000 7.000000 
13.704290 163.413175 0.000000 6.000000 3.000000 5.000000 16.000000 6.000000 3.000000 3.000000 8.000000 8.000000 6.000000 6.000000 11.000000 
13.583138 172.324652 0.000000 6.000000 5.000000 9.000000 3.000000 5.000000 9.000000 1.000000 6.000000 6.000000 8.000000 12.000000 11.000000 
12.567561 182.486846 0.000000 4.000000 7.000000 4.000000 24.000000 8.000000 7.000000 7.000000 5.000000 3.000000 5.000000 4.000000 3.000000 
14.777575 189.222425 0.000000 17.000000 7.000000 9.000000 3.000000 3.000000 6.000000 3.000000 4.000000 3.000000 3.000000 10.000000 13.000000 
14.000000 195.689680 0.000000 11.000000 5.000000 11.000000 6.000000 3.000000 5.000000 7.000000 4.000000 5.000000 6.000000 5.000000 13.000000 
12.193882 200.375359 0.000000 9.000000 3.000000 3.000000 12.000000 5.000000 4.000000 6.000000 4.000000 4.000000 22.000000 3.000000 6.000000 
13.842669 205.289756 0.000000 10.000000 9.000000 3.000000 8.000000 1.000000 2.000000 2.000000 5.000000 3.000000 24.000000 3.000000 11.000000 
10.674946 217.697125 0.000000 4.000000 14.000000 18.000000 4.000000 5.000000 8.000000 5.000000 2.000000 1.000000 2.000000 7.000000 11.000000 
12.614604 225.757745 0.000000 11.000000 6.000000 6.000000 8.000000 2.000000 5.000000 9.000000 7.000000 6.000000 7.000000 11.000000 3.000000 
12.000000 237.365028 27.000000 8.000000 11.000000 2.000000 1.000000 1.000000 1.000000 1.000000 6.000000 2.000000 0.000000 3.000000 9.000000 
20.413175 4.951852 27.000000 3.000000 1.000000 6.000000 13.000000 6.000000 7.000000 11.000000 3.000000 0.000000 2.000000 2.000000 0.000000 
20.984574 9.922887 0.000000 7.000000 10.000000 10.000000 1.000000 3.000000 5.000000 7.000000 5.000000 3.000000 6.000000 12.000000 12.000000 
20.406842 19.000886 0.000000 10.000000 0.000000 3.000000 9.000000 4.000000 4.000000 7.000000 8.000000 8.000000 20.000000 6.000000 2.000000 
19.155680 26.173650 0.000000 12.000000 8.000000 6.000000 9.000000 5.000000 2.000000 5.000000 5.000000 6.000000 6.000000 7.000000 10.000000 
18.434873 35.322413 0.000000 6.000000 4.000000 4.000000 2.000000 2.000000 0.000000 5.000000 3.000000 13.000000 19.000000 15.000000 8.000000 
16.872361 45.690022 0.000000 15.000000 4.000000 3.000000 29.000000 7.000000 4.000000 1.000000 0.000000 1.000000 3.000000 8.000000 6.000000 
17.985347 53.324246 0.000000 12.000000 8.000000 10.000000 2.000000 1.000000 5.000000 4.000000 3.000000 0.000000 5.000000 18.000000 13.000000 
20.960208 60.169918 0.000000 7.000000 2.000000 6.000000 8.000000 6.000000 7.000000 5.000000 8.000000 10.000000 6.000000 10.000000 6.000000 
22.917697 70.272872 0.000000 9.000000 8.000000 13.000000 2.000000 4.000000 4.000000 3.000000 4.000000 5.000000 11.000000 9.000000 9.000000 
22.271077 79.652080 0.000000 11.000000 13.000000 15.000000 4.000000 5.000000 2.000000 7.000000 3.000000 0.000000 5.000000 10.000000 6.000000 
22.648330 84.000000 0.000000 9.000000 5.000000 12.000000 11.000000 3.000000 4.000000 9.000000 4.000000 4.000000 9.000000 3.000000 8.000000 
20.546618 93.197342 0.000000 12.000000 12.000000 6.000000 5.000000 3.000000 3.000000 3.000000 4.000000 6.000000 5.000000 6.000000 16.000000 
22.579980 99.405418 0.000000 6.000000 8.000000 6.000000 14.000000 6.000000 5.000000 4.000000 6.000000 7.000000 9.000000 6.000000 4.000000 
18.097699 109.505119 0.000000 16.000000 12.000000 6.000000 3.000000 5.000000 9.000000 3.000000 2.000000 5.000000 6.000000 8.000000 6.000000 
14.218067 115.794363 0.000000 20.000000 6.000000 10.000000 14.000000 6.000000 3.000000 1.000000 2.000000 3.000000 9.000000 5.000000 2.000000 
20.710564 121.508399 0.000000 1.000000 3.000000 5.000000 15.000000 7.000000 5.000000 4.000000 2.000000 7.000000 11.000000 7.000000 14.000000 
22.109809 127.946112 0.000000 3.000000 4.000000 7.000000 11.000000 8.000000 8.000000 4.000000 4.000000 8.000000 7.000000 7.000000 10.000000 
17.785616 137.465443 0.000000 7.000000 4.000000 9.000000 8.000000 3.000000 6.000000 10.000000 6.000000 1.000000 17.000000 4.000000 6.000000 
18.734689 148.075244 0.000000 8.000000 6.000000 6.000000 10.000000 5.000000 3.000000 9.000000 6.000000 4.000000 8.000000 11.000000 5.000000 
18.942447 155.907207 0.000000 8.000000 3.000000 6.000000 19.000000 6.000000 9.000000 1.000000 4.000000 3.000000 4.000000 11.000000 7.000000 
16.832355 164.586825 0.000000 5.000000 1.000000 5.000000 26.000000 4.000000 3.000000 4.000000 5.000000 2.000000 5.000000 8.000000 13.000000 
16.815474 171.025370 0.000000 4.000000 8.000000 11.000000 3.000000 2.000000 2.000000 6.000000 6.000000 3.000000 8.000000 16.000000 12.000000 
19.001874 181.260360 0.000000 7.000000 3.000000 8.000000 25.000000 7.000000 3.000000 1.000000 4.000000 4.000000 4.000000 6.000000 9.000000 
20.474657 188.628291 0.000000 21.000000 6.000000 10.000000 17.000000 4.000000 3.000000 2.000000 3.000000 3.000000 2.000000 5.000000 5.000000 
19.829035 194.649367 0.000000 15.000000 3.000000 6.000000 1.000000 0.000000 2.000000 2.000000 4.000000 6.000000 16.000000 6.000000 20.000000 
17.383672 201.969971 0.000000 2.000000 2.000000 4.000000 7.000000 7.000000 5.000000 2.000000 9.000000 9.000000 23.000000 4.000000 7.000000 
22.409602 211.241167 0.000000 11.000000 16.000000 6.000000 1.000000 0.000000 8.000000 7.000000 5.000000 3.000000 5.000000 9.000000 10.000000 
16.982349 223.055316 0.000000 1.000000 6.000000 3.000000 3.000000 3.000000 5.000000 4.000000 12.000000 5.000000 28.000000 6.000000 5.000000 
20.324652 225.324652 0.000000 11.000000 3.000000 6.000000 1.000000 1.000000 1.000000 3.000000 9.000000 6.000000 25.000000 9.000000 6.000000 
20.228953 236.885156 27.000000 1.000000 4.000000 4.000000 8.000000 5.000000 2.000000 4.000000 3.000000 4.000000 6.000000 3.000000 1.000000 
28.413175 4.951852 27.000000 1.000000 2.000000 3.000000 3.000000 6.000000 4.000000 6.000000 3.000000 5.000000 11.000000 4.000000 6.000000 
28.292967 11.649458 0.000000 12.000000 11.000000 9.000000 5.000000 4.000000 6.000000 3.000000 4.000000 5.000000 9.000000 8.000000 5.000000 
24.398739 19.586825 0.000000 22.000000 0.000000 5.000000 6.000000 5.000000 5.000000 7.000000 4.000000 5.000000 8.000000 9.000000 5.000000 
24.527096 27.421070 0.000000 16.000000 5.000000 4.000000 13.000000 5.000000 1.000000 3.000000 9.000000 5.000000 7.000000 9.000000 4.000000 
28.130586 35.080977 0.000000 14.000000 6.000000 9.000000 5.000000 3.000000 4.000000 8.000000 3.000000 5.000000 10.000000 5.000000 9.000000 
30.223475 43.501199 0.000000 8.000000 2.000000 4.000000 12.000000 3.000000 6.000000 6.000000 7.000000 2.000000 18.000000 8.000000 5.000000 
30.518585 50.841826 0.000000 7.000000 13.000000 5.000000 16.000000 4.000000 3.000000 5.000000 6.000000 2.000000 7.000000 8.000000 5.000000 
30.932170 58.893209 0.000000 9.000000 5.000000 8.000000 10.000000 4.000000 6.000000 3.000000 3.000000 8.000000 13.000000 9.000000 3.000000 
28.252612 68.333529 0.000000 7.000000 15.000000 13.000000 8.000000 7.000000 2.000000 1.000000 0.000000 3.000000 7.000000 12.000000 6.000000 
28.381455 78.563572 0.000000 13.000000 6.000000 7.000000 2.000000 1.000000 2.000000 3.000000 2.000000 5.000000 21.000000 10.000000 9.000000 
31.462478 82.843851 0.000000 13.000000 5.000000 8.000000 8.000000 8.000000 2.000000 4.000000 4.000000 1.000000 11.000000 9.000000 8.000000 
32.628260 93.623968 0.000000 14.000000 7.000000 6.000000 6.000000 4.000000 6.000000 3.000000 8.000000 11.000000 9.000000 3.000000 4.000000 
31.229037 102.279280 0.000000 11.000000 1.000000 5.000000 6.000000 2.000000 3.000000 6.000000 3.000000 11.000000 15.000000 5.000000 13.000000 
28.019614 105.878501 0.000000 15.000000 10.000000 10.000000 15.000000 3.000000 2.000000 1.000000 0.000000 4.000000 3.000000 6.000000 12.000000 
24.796594 113.911134 0.000000 7.000000 9.000000 5.000000 4.000000 3.000000 4.000000 1.000000 6.000000 5.000000 18.000000 10.000000 9.000000 
29.599146 124.076547 0.000000 8.000000 6.000000 6.000000 11.000000 10.000000 3.000000 10.000000 3.000000 5.000000 6.000000 4.000000 9.000000 
31.538961 132.605833 0.000000 11.000000 2.000000 7.000000 7.000000 7.000000 9.000000 4.000000 4.000000 5.000000 12.000000 9.000000 4.000000 
31.628287 140.313206 0.000000 5.000000 6.000000 10.000000 11.000000 6.000000 5.000000 6.000000 5.000000 4.000000 6.000000 10.000000 7.000000 
28.637744 148.992918 0.000000 2.000000 6.000000 9.000000 6.000000 7.000000 8.000000 13.000000 5.000000 1.000000 5.000000 12.000000 7.000000 
30.071600 156.933248 0.000000 7.000000 7.000000 9.000000 11.000000 2.000000 4.000000 4.000000 7.000000 5.000000 12.000000 7.000000 6.000000 
23.855487 161.640461 0.000000 5.000000 6.000000 6.000000 7.000000 9.000000 3.000000 1.000000 5.000000 5.000000 11.000000 9.000000 14.000000 
23.012332 168.012332 0.000000 6.000000 8.000000 9.000000 19.000000 6.000000 3.000000 4.000000 1.000000 2.000000 3.000000 8.000000 12.000000 
27.986227 179.545313 0.000000 7.000000 10.000000 5.000000 3.000000 3.000000 6.000000 7.000000 8.000000 2.000000 14.000000 12.000000 4.000000 
27.670264 187.784824 0.000000 18.000000 6.000000 8.000000 5.000000 2.000000 3.000000 9.000000 9.000000 6.000000 3.000000 6.000000 6.000000 
29.374868 194.797779 0.000000 11.000000 4.000000 12.000000 8.000000 5.000000 3.000000 4.000000 10.000000 7.000000 4.000000 5.000000 8.000000 
27.166537 206.705214 0.000000 6.000000 24.000000 8.000000 13.000000 1.000000 2.000000 4.000000 4.000000 5.000000 3.000000 6.000000 5.000000 
27.337251 212.761347 0.000000 8.000000 22.000000 5.000000 6.000000 4.000000 3.000000 5.000000 6.000000 5.000000 4.000000 7.000000 6.000000 
23.556570 223.191542 0.000000 5.000000 4.000000 2.000000 3.000000 1.000000 3.000000 2.000000 12.000000 6.000000 28.000000 7.000000 8.000000 
29.228948 229.423372 0.000000 12.000000 6.000000 12.000000 7.000000 7.000000 4.000000 5.000000 4.000000 4.000000 4.000000 8.000000 8.000000 
28.000000 237.365028 27.000000 2.000000 3.000000 2.000000 8.000000 3.000000 1.000000 3.000000 4.000000 6.000000 2.000000 6.000000 5.000000 
36.322413 6.022817 27.000000 5.000000 6.000000 3.000000 2.000000 0.000000 3.000000 6.000000 7.000000 4.000000 7.000000 6.000000 5.000000 
37.799903 14.778203 0.000000 6.000000 8.000000 6.000000 2.000000 4.000000 4.000000 13.000000 5.000000 8.000000 15.000000 5.000000 5.000000 
37.457946 20.302471 0.000000 10.000000 12.000000 9.000000 11.000000 6.000000 7.000000 9.000000 2.000000 4.000000 3.000000 2.000000 6.000000 
32.542886 28.793052 0.000000 15.000000 8.000000 1.000000 9.000000 4.000000 6.000000 2.000000 7.000000 5.000000 10.000000 6.000000 8.000000 
34.322413 34.647065 0.000000 14.000000 10.000000 5.000000 4.000000 3.000000 8.000000 10.000000 4.000000 2.000000 12.000000 4.000000 5.000000 
38.067681 45.045602 0.000000 17.000000 7.000000 6.000000 4.000000 4.000000 7.000000 8.000000 3.000000 4.000000 9.000000 2.000000 10.000000 
44.160267 53.893170 0.000000 18.000000 6.000000 2.000000 3.000000 4.000000 5.000000 4.000000 4.000000 8.000000 15.000000 4.000000 8.000000 
41.660228 58.723724 0.000000 18.000000 10.000000 9.000000 14.000000 2.000000 4.000000 2.000000 1.000000 2.000000 6.000000 3.000000 10.000000 
35.096693 66.590634 0.000000 14.000000 15.000000 2.000000 5.000000 8.000000 4.000000 6.000000 5.000000 3.000000 3.000000 9.000000 7.000000 
36.118808 76.505461 0.000000 12.000000 7.000000 1.000000 15.000000 4.000000 6.000000 3.000000 2.000000 2.000000 10.000000 10.000000 9.000000 
36.317213 81.807274 0.000000 15.000000 9.000000 4.000000 6.000000 7.000000 5.000000 5.000000 5.000000 2.000000 6.000000 10.000000 7.000000 
40.991498 93.185866 0.000000 17.000000 12.000000 6.000000 13.000000 7.000000 4.000000 0.000000 2.000000 2.000000 3.000000 5.000000 10.000000 
38.870473 99.704611 0.000000 19.000000 10.000000 1.000000 1.000000 2.000000 2.000000 4.000000 4.000000 7.000000 17.000000 1.000000 13.000000 
38.586825 105.470328 0.000000 12.000000 10.000000 8.000000 6.000000 3.000000 5.000000 6.000000 5.000000 6.000000 5.000000 4.000000 11.000000 
35.594555 115.022906 0.000000 9.000000 8.000000 7.000000 4.000000 5.000000 6.000000 3.000000 10.000000 5.000000 9.000000 7.000000 8.000000 
39.532027 127.318452 0.000000 23.000000 5.000000 7.000000 5.000000 6.000000 3.000000 3.000000 3.000000 4.000000 6.000000 8.000000 8.000000 
39.981915 134.636663 0.000000 5.000000 2.000000 5.000000 4.000000 3.000000 4.000000 4.000000 7.000000 9.000000 20.000000 9.000000 9.000000 
39.158219 140.249632 0.000000 10.000000 2.000000 6.000000 9.000000 3.000000 3.000000 7.000000 5.000000 7.000000 12.000000 10.000000 7.000000 
38.905770 145.625224 0.000000 7.000000 10.000000 5.000000 9.000000 5.000000 7.000000 4.000000 6.000000 3.000000 7.000000 9.000000 9.000000 
40.337547 155.662199 0.000000 7.000000 13.000000 7.000000 15.000000 6.000000 3.000000 6.000000 6.000000 4.000000 6.000000 6.000000 2.000000 
36.207622 164.623665 0.000000 6.000000 7.000000 8.000000 14.000000 7.000000 7.000000 1.000000 4.000000 8.000000 6.000000 8.000000 5.000000 
34.829284 172.925795 0.000000 5.000000 4.000000 4.000000 10.000000 5.000000 4.000000 0.000000 5.000000 9.000000 13.000000 13.000000 9.000000 
37.587769 182.000000 0.000000 11.000000 5.000000 8.000000 9.000000 4.000000 10.000000 7.000000 3.000000 3.000000 8.000000 7.000000 6.000000 
34.368675 188.094366 0.000000 18.000000 9.000000 8.000000 10.000000 4.000000 5.000000 1.000000 4.000000 2.000000 7.000000 6.000000 7.000000 
35.418812 195.528657 0.000000 4.000000 4.000000 6.000000 19.000000 12.000000 4.000000 4.000000 2.000000 9.000000 3.000000 7.000000 7.000000 
35.860859 205.907938 0.000000 6.000000 10.000000 9.000000 7.000000 7.000000 5.000000 3.000000 5.000000 6.000000 15.000000 3.000000 5.000000 
34.812314 209.961364 0.000000 7.000000 12.000000 6.000000 4.000000 6.000000 6.000000 8.000000 8.000000 5.000000 11.000000 5.000000 3.000000 
34.352247 219.435933 0.000000 7.000000 10.000000 8.000000 6.000000 3.000000 4.000000 2.000000 6.000000 8.000000 19.000000 6.000000 2.000000 
40.292949 228.693112 0.000000 5.000000 13.000000 8.000000 8.000000 6.000000 8.000000 4.000000 4.000000 4.000000 10.000000 8.000000 3.000000 
36.651563 237.365028 27.000000 10.000000 3.000000 5.000000 3.000000 3.000000 0.000000 2.000000 4.000000 2.000000 5.000000 4.000000 4.000000 
44.000000 6.027454 27.000000 4.000000 5.000000 6.000000 6.000000 4.000000 7.000000 4.000000 3.000000 3.000000 6.000000 3.000000 3.000000 
44.365028 14.744631 0.000000 9.000000 4.000000 6.000000 5.000000 5.000000 4.000000 15.000000 2.000000 6.000000 11.000000 5.000000 9.000000 
45.161224 21.393258 0.000000 14.000000 4.000000 5.000000 2.000000 3.000000 4.000000 10.000000 6.000000 5.000000 5.000000 8.000000 15.000000 
42.635070 31.819090 0.000000 9.000000 8.000000 13.000000 11.000000 4.000000 4.000000 2.000000 2.000000 2.000000 3.000000 7.000000 16.000000 
44.622370 36.519532 0.000000 8.000000 8.000000 9.000000 15.000000 2.000000 4.000000 12.000000 2.000000 3.000000 5.000000 5.000000 8.000000 
45.158694 43.158694 0.000000 14.000000 12.000000 8.000000 8.000000 7.000000 2.000000 6.000000 3.000000 4.000000 2.000000 5.000000 10.000000 
46.571782 54.445407 0.000000 22.000000 4.000000 2.000000 4.000000 3.000000 3.000000 8.000000 4.000000 5.000000 14.000000 5.000000 7.000000 
46.688277 58.779258 0.000000 20.000000 5.000000 7.000000 15.000000 1.000000 0.000000 2.000000 4.000000 6.000000 9.000000 1.000000 11.000000 
44.225830 68.193661 0.000000 13.000000 8.000000 2.000000 7.000000 1.000000 2.000000 6.000000 4.000000 8.000000 11.000000 5.000000 14.000000 
46.911477 77.113369 0.000000 2.000000 6.000000 5.000000 21.000000 5.000000 4.000000 13.000000 10.000000 8.000000 6.000000 1.000000 0.000000 
45.391361 83.103041 0.000000 12.000000 7.000000 3.000000 5.000000 5.000000 2.000000 10.000000 11.000000 5.000000 7.000000 8.000000 6.000000 
47.766929 91.401901 0.000000 8.000000 2.000000 5.000000 2.000000 2.000000 10.000000 9.000000 7.000000 4.000000 19.000000 8.000000 5.000000 
43.181109 99.876690 0.000000 12.000000 9.000000 2.000000 5.000000 5.000000 2.000000 11.000000 7.000000 4.000000 10.000000 4.000000 10.000000 
44.876689 108.258247 0.000000 8.000000 8.000000 9.000000 7.000000 1.000000 2.000000 13.000000 9.000000 3.000000 7.000000 6.000000 8.000000 
45.508326 117.724938 0.000000 10.000000 9.000000 6.000000 12.000000 4.000000 3.000000 13.000000 4.000000 2.000000 5.000000 8.000000 5.000000 
47.912690 124.511434 0.000000 19.000000 4.000000 2.000000 7.000000 8.000000 6.000000 9.000000 4.000000 2.000000 3.000000 12.000000 5.000000 
45.990996 134.254976 0.000000 12.000000 7.000000 2.000000 7.000000 7.000000 4.000000 3.000000 9.000000 10.000000 11.000000 5.000000 4.000000 
45.025241 141.974759 0.000000 8.000000 5.000000 5.000000 9.000000 12.000000 8.000000 4.000000 2.000000 3.000000 11.000000 6.000000 8.000000 
46.359972 144.699931 0.000000 9.000000 4.000000 3.000000 4.000000 6.000000 3.000000 8.000000 6.000000 3.000000 17.000000 8.000000 10.000000 
46.865685 158.558701 0.000000 9.000000 2.000000 3.000000 8.000000 4.000000 2.000000 3.000000 5.000000 8.000000 19.000000 10.000000 8.000000 
42.466328 163.155844 0.000000 6.000000 4.000000 2.000000 12.000000 4.000000 3.000000 8.000000 7.000000 7.000000 16.000000 7.000000 5.000000 
41.951852 171.586825 0.000000 5.000000 6.000000 2.000000 17.000000 10.000000 6.000000 10.000000 6.000000 5.000000 2.000000 9.000000 3.000000 
46.584036 180.589527 0.000000 9.000000 7.000000 2.000000 8.000000 4.000000 5.000000 16.000000 3.000000 4.000000 6.000000 9.000000 8.000000 
48.113293 186.886707 0.000000 14.000000 13.000000 13.000000 4.000000 4.000000 4.000000 5.000000 4.000000 4.000000 4.000000 6.000000 6.000000 
46.271426 195.604661 0.000000 9.000000 5.000000 5.000000 5.000000 10.000000 3.000000 3.000000 4.000000 10.000000 13.000000 7.000000 7.000000 
45.894429 206.470599 0.000000 4.000000 6.000000 8.000000 16.000000 5.000000 7.000000 3.000000 6.000000 1.000000 7.000000 15.000000 3.000000 
45.582898 209.881663 0.000000 4.000000 8.000000 11.000000 7.000000 5.000000 5.000000 4.000000 8.000000 3.000000 8.000000 11.000000 7.000000 
44.252814 219.540494 0.000000 7.000000 22.000000 11.000000 6.000000 3.000000 8.000000 2.000000 4.000000 0.000000 4.000000 8.000000 6.000000 
48.324652 226.324652 0.000000 12.000000 16.000000 10.000000 4.000000 3.000000 4.000000 3.000000 3.000000 6.000000 12.000000 4.000000 4.000000 
44.728625 237.120959 27.000000 9.000000 3.000000 0.000000 4.000000 2.000000 3.000000 7.000000 2.000000 5.000000 5.000000 1.000000 4.000000 
52.000000 6.014333 27.000000 3.000000 2.000000 7.000000 3.000000 4.000000 6.000000 3.000000 3.000000 4.000000 11.000000 4.000000 4.000000 
52.000000 14.689680 0.000000 19.000000 7.000000 5.000000 6.000000 3.000000 3.000000 8.000000 8.000000 5.000000 3.000000 7.000000 7.000000 
51.677587 22.803771 0.000000 14.000000 4.000000 5.000000 11.000000 5.000000 5.000000 12.000000 5.000000 2.000000 2.000000 5.000000 11.000000 
50.650506 31.297660 0.000000 5.000000 4.000000 4.000000 5.000000 3.000000 2.000000 10.000000 9.000000 8.000000 20.000000 4.000000 7.000000 
51.586825 36.049100 0.000000 12.000000 5.000000 3.000000 14.000000 6.000000 2.000000 7.000000 8.000000 7.000000 9.000000 1.000000 7.000000 
50.053975 43.687440 0.000000 12.000000 14.000000 8.000000 9.000000 4.000000 3.000000 4.000000 6.000000 4.000000 5.000000 3.000000 9.000000 
49.000000 52.948166 0.000000 20.000000 4.000000 3.000000 9.000000 4.000000 5.000000 9.000000 5.000000 4.000000 8.000000 6.000000 4.000000 
51.786253 59.944383 0.000000 13.000000 7.000000 7.000000 14.000000 3.000000 2.000000 5.000000 3.000000 7.000000 4.000000 5.000000 11.000000 
54.365028 70.365028 0.000000 15.000000 8.000000 5.000000 7.000000 2.000000 5.000000 8.000000 1.000000 3.000000 8.000000 10.000000 9.000000 
54.277310 77.554754 0.000000 10.000000 5.000000 3.000000 18.000000 3.000000 1.000000 3.000000 2.000000 5.000000 21.000000 6.000000 4.000000 
51.506305 84.130348 0.000000 16.000000 8.000000 12.000000 7.000000 3.000000 6.000000 3.000000 3.000000 2.000000 11.000000 5.000000 5.000000 
52.844521 91.894706 0.000000 8.000000 3.000000 6.000000 4.000000 5.000000 7.000000 8.000000 3.000000 2.000000 20.000000 9.000000 6.000000 
52.869126 100.869126 0.000000 16.000000 4.000000 4.000000 19.000000 5.000000 8.000000 10.000000 2.000000 1.000000 4.000000 4.000000 4.000000 
53.322413 108.687440 0.000000 14.000000 3.000000 8.000000 9.000000 2.000000 2.000000 9.000000 14.000000 2.000000 8.000000 4.000000 6.000000 
52.923699 116.923699 0.000000 15.000000 5.000000 7.000000 8.000000 1.000000 9.000000 13.000000 3.000000 3.000000 5.000000 5.000000 7.000000 
52.274105 124.283958 0.000000 17.000000 8.000000 6.000000 4.000000 3.000000 2.000000 4.000000 5.000000 5.000000 10.000000 14.000000 3.000000 
50.040118 133.755461 0.000000 4.000000 6.000000 8.000000 16.000000 4.000000 4.000000 5.000000 3.000000 2.000000 12.000000 9.000000 8.000000 
49.697012 140.286269 0.000000 4.000000 5.000000 3.000000 1.000000 3.000000 2.000000 7.000000 4.000000 9.000000 30.000000 9.000000 4.000000 
50.711706 144.689680 0.000000 5.000000 5.000000 7.000000 8.000000 4.000000 1.000000 6.000000 2.000000 8.000000 24.000000 7.000000 4.000000 
50.495555 156.411784 0.000000 9.000000 6.000000 2.000000 3.000000 3.000000 3.000000 4.000000 5.000000 11.000000 21.000000 7.000000 7.000000 
49.075087 161.951852 0.000000 13.000000 6.000000 9.000000 14.000000 5.000000 3.000000 3.000000 4.000000 5.000000 7.000000 7.000000 5.000000 
50.721971 171.396935 0.000000 9.000000 1.000000 3.000000 7.000000 13.000000 4.000000 2.000000 3.000000 10.000000 7.000000 9.000000 13.000000 
53.923374 180.441654 0.000000 13.000000 6.000000 6.000000 7.000000 11.000000 13.000000 1.000000 1.000000 3.000000 9.000000 9.000000 2.000000 
54.456186 186.233494 0.000000 11.000000 3.000000 10.000000 2.000000 6.000000 7.000000 9.000000 8.000000 3.000000 5.000000 9.000000 8.000000 
51.550555 197.814473 0.000000 15.000000 11.000000 8.000000 10.000000 2.000000 2.000000 6.000000 4.000000 5.000000 6.000000 10.000000 2.000000 
49.682462 204.850078 0.000000 6.000000 6.000000 6.000000 21.000000 3.000000 6.000000 5.000000 0.000000 4.000000 10.000000 9.000000 5.000000 
50.023985 209.365028 0.000000 3.000000 6.000000 9.000000 18.000000 6.000000 3.000000 6.000000 3.000000 3.000000 9.000000 9.000000 6.000000 
49.365028 220.365028 0.000000 13.000000 22.000000 4.000000 5.000000 1.000000 8.000000 1.000000 4.000000 3.000000 4.000000 5.000000 11.000000 
53.727586 228.277065 0.000000 12.000000 10.000000 5.000000 3.000000 7.000000 3.000000 6.000000 7.000000 9.000000 10.000000 5.000000 4.000000 
52.000000 237.002427 27.000000 8.000000 5.000000 0.000000 4.000000 2.000000 2.000000 3.000000 7.000000 7.000000 1.000000 3.000000 3.000000 
60.000000 5.324652 39.000000 1.000000 1.000000 0.000000 0.000000 3.000000 3.000000 12.000000 11.000000 6.000000 3.000000 0.000000 2.000000 
60.000000 13.687253 18.000000 15.000000 7.000000 2.000000 2.000000 5.000000 5.000000 7.000000 3.000000 4.000000 5.000000 4.000000 4.000000 
60.000000 21.324652 18.000000 8.000000 5.000000 3.000000 6.000000 3.000000 6.000000 8.000000 9.000000 9.000000 3.000000 1.000000 2.000000 
60.000000 29.969316 18.000000 4.000000 3.000000 1.000000 4.000000 6.000000 9.000000 9.000000 9.000000 9.000000 3.000000 3.000000 3.000000 
60.000000 37.324652 18.000000 8.000000 4.000000 3.000000 4.000000 6.000000 9.000000 5.000000 10.000000 6.000000 4.000000 1.000000 3.000000 
60.000000 45.324652 18.000000 7.000000 2.000000 5.000000 4.000000 3.000000 2.000000 10.000000 13.000000 7.000000 2.000000 3.000000 5.000000 
59.451915 53.324652 18.000000 6.000000 1.000000 2.000000 10.000000 8.000000 8.000000 8.000000 8.000000 3.000000 6.000000 0.000000 3.000000 
60.000000 61.324652 18.000000 6.000000 7.000000 6.000000 4.000000 3.000000 4.000000 7.000000 2.000000 4.000000 5.000000 6.000000 9.000000 
60.488568 69.813221 18.000000 8.000000 7.000000 3.000000 3.000000 4.000000 5.000000 5.000000 9.000000 5.000000 2.000000 5.000000 7.000000 
60.000000 77.324652 18.000000 5.000000 6.000000 4.000000 5.000000 4.000000 5.000000 4.000000 4.000000 5.000000 7.000000 9.000000 5.000000 
60.000000 85.324652 18.000000 5.000000 4.000000 0.000000 1.000000 1.000000 5.000000 8.000000 2.000000 5.000000 17.000000 9.000000 6.000000 
59.667291 92.991944 18.000000 13.000000 10.000000 9.000000 7.000000 2.000000 1.000000 0.000000 4.000000 3.000000 5.000000 5.000000 4.000000 
60.000000 101.324652 18.000000 13.000000 9.000000 7.000000 5.000000 6.000000 2.000000 0.000000 2.000000 2.000000 6.000000 6.000000 5.000000 
60.000000 109.324652 18.000000 9.000000 6.000000 9.000000 7.000000 0.000000 1.000000 3.000000 3.000000 6.000000 15.000000 2.000000 2.000000 
60.000000 117.324652 18.000000 11.000000 6.000000 3.000000 3.000000 4.000000 8.000000 8.000000 3.000000 1.000000 4.000000 3.000000 9.000000 
59.653627 124.978280 18.000000 7.000000 5.000000 4.000000 4.000000 2.000000 4.000000 12.000000 7.000000 5.000000 4.000000 3.000000 6.000000 
60.000000 133.324652 18.000000 2.000000 5.000000 3.000000 3.000000 8.000000 5.000000 7.000000 9.000000 6.000000 6.000000 4.000000 5.000000 
59.728558 141.596095 18.000000 7.000000 5.000000 3.000000 9.000000 10.000000 16.000000 6.000000 1.000000 5.000000 0.000000 0.000000 1.000000 
60.015721 148.483539 18.000000 4.000000 4.000000 3.000000 4.000000 0.000000 2.000000 14.000000 5.000000 8.000000 11.000000 4.000000 4.000000 
59.704518 157.324652 18.000000 9.000000 5.000000 5.000000 6.000000 4.000000 4.000000 1.000000 4.000000 8.000000 11.000000 4.000000 2.000000 
59.745441 165.070093 18.000000 2.000000 2.000000 6.000000 10.000000 0.000000 1.000000 6.000000 4.000000 9.000000 9.000000 6.000000 8.000000 
60.000000 173.324652 18.000000 11.000000 6.000000 9.000000 5.000000 7.000000 4.000000 5.000000 1.000000 3.000000 3.000000 8.000000 1.000000 
60.000000 181.324652 18.000000 7.000000 5.000000 6.000000 4.000000 5.000000 10.000000 4.000000 1.000000 1.000000 8.000000 7.000000 5.000000 
60.452295 188.872358 18.000000 13.000000 2.000000 7.000000 3.000000 4.000000 6.000000 10.000000 5.000000 1.000000 4.000000 3.000000 5.000000 
60.000000 197.324652 18.000000 7.000000 4.000000 9.000000 4.000000 4.000000 3.000000 4.000000 11.000000 8.000000 4.000000 2.000000 3.000000 
59.728558 205.596095 18.000000 7.000000 6.000000 2.000000 3.000000 9.000000 8.000000 3.000000 7.000000 4.000000 5.000000 4.000000 5.000000 
60.021995 212.782833 18.000000 6.000000 3.000000 6.000000 9.000000 8.000000 9.000000 6.000000 7.000000 1.000000 1.000000 2.000000 5.000000 
59.428732 221.324652 18.000000 6.000000 8.000000 7.000000 2.000000 2.000000 3.000000 3.000000 5.000000 4.000000 3.000000 8.000000 12.000000 
60.000000 228.890526 18.000000 9.000000 11.000000 5.000000 3.000000 3.000000 5.000000 7.000000 6.000000 3.000000 5.000000 5.000000 1.000000 
60.000000 236.000000 35.000000 4.000000 5.000000 2.000000 1.000000 2.000000 3.000000 2.000000 2.000000 1.000000 1.000000 0.000000 5.000000 
