240
5.000000 5.689680 39.000000 4.000000 0.000000 6.000000 1.000000 1.000000 1.000000 2.000000 2.000000 1.000000 0.000000 1.000000 5.000000 
4.617673 13.031632 27.000000 4.000000 5.000000 5.000000 2.000000 4.000000 4.000000 1.000000 0.000000 0.000000 3.000000 4.000000 4.000000 
3.586825 21.737828 27.000000 10.000000 6.000000 3.000000 2.000000 0.000000 2.000000 3.000000 3.000000 3.000000 4.000000 0.000000 0.000000 
3.991507 28.671334 27.000000 6.000000 2.000000 3.000000 0.000000 3.000000 3.000000 3.000000 2.000000 2.000000 4.000000 5.000000 3.000000 
4.322413 37.647065 27.000000 7.000000 4.000000 1.000000 3.000000 3.000000 2.000000 4.000000 2.000000 3.000000 2.000000 2.000000 3.000000 
3.583138 45.324652 27.000000 4.000000 5.000000 6.000000 9.000000 0.000000 1.000000 0.000000 0.000000 0.000000 2.000000 3.000000 6.000000 
3.586825 52.911477 27.000000 7.000000 2.000000 8.000000 5.000000 1.000000 0.000000 0.000000 0.000000 0.000000 3.000000 5.000000 5.000000 
4.851407 61.851407 27.000000 3.000000 1.000000 6.000000 3.000000 2.000000 1.000000 2.000000 0.000000 1.000000 10.000000 2.000000 5.000000 
4.000000 69.689680 27.000000 4.000000 3.000000 5.000000 5.000000 0.000000 0.000000 4.000000 1.000000 0.000000 5.000000 1.000000 8.000000 
4.617437 77.324652 27.000000 5.000000 1.000000 6.000000 5.000000 3.000000 0.000000 1.000000 1.000000 1.000000 2.000000 6.000000 5.000000 
4.322413 85.002240 27.000000 9.000000 1.000000 3.000000 2.000000 1.000000 0.000000 1.000000 2.000000 1.000000 10.000000 3.000000 3.000000 
2.128136 94.339367 27.000000 16.000000 5.000000 0.000000 1.000000 3.000000 2.000000 5.000000 2.000000 0.000000 0.000000 0.000000 2.000000 
2.754997 100.079649 27.000000 3.000000 2.000000 3.000000 7.000000 2.000000 2.000000 3.000000 3.000000 3.000000 3.000000 0.000000 5.000000 
4.588609 108.736044 27.000000 12.000000 1.000000 6.000000 0.000000 1.000000 1.000000 1.000000 0.000000 0.000000 4.000000 6.000000 4.000000 
4.620460 117.945113 27.000000 3.000000 0.000000 3.000000 1.000000 2.000000 1.000000 4.000000 2.000000 3.000000 7.000000 2.000000 8.000000 
4.322413 124.696755 27.000000 6.000000 2.000000 4.000000 5.000000 0.000000 0.000000 0.000000 3.000000 2.000000 8.000000 5.000000 1.000000 
4.000000 133.689680 27.000000 12.000000 3.000000 2.000000 2.000000 0.000000 2.000000 0.000000 2.000000 3.000000 2.000000 3.000000 5.000000 
4.322413 141.647065 27.000000 8.000000 3.000000 5.000000 3.000000 3.000000 1.000000 1.000000 3.000000 0.000000 7.000000 1.000000 1.000000 
3.583138 149.324652 27.000000 10.000000 4.000000 1.000000 4.000000 1.000000 2.000000 0.000000 0.000000 1.000000 7.000000 2.000000 4.000000 
4.322413 157.002240 27.000000 5.000000 6.000000 5.000000 0.000000 0.000000 1.000000 5.000000 0.000000 1.000000 11.000000 2.000000 0.000000 
4.612426 164.712227 27.000000 4.000000 2.000000 8.000000 2.000000 1.000000 1.000000 2.000000 1.000000 1.000000 9.000000 3.000000 2.000000 
3.583138 172.978918 27.000000 7.000000 6.000000 2.000000 3.000000 1.000000 2.000000 0.000000 0.000000 3.000000 2.000000 5.000000 5.000000 
4.000000 181.689680 27.000000 7.000000 3.000000 0.000000 9.000000 0.000000 0.000000 1.000000 0.000000 0.000000 9.000000 2.000000 5.000000 
3.586825 189.737828 27.000000 6.000000 6.000000 4.000000 9.000000 1.000000 0.000000 0.000000 1.000000 0.000000 0.000000 6.000000 3.000000 
3.619906 198.069774 27.000000 11.000000 0.000000 5.000000 5.000000 1.000000 0.000000 0.000000 0.000000 1.000000 5.000000 4.000000 4.000000 
4.322413 204.695988 27.000000 3.000000 5.000000 2.000000 8.000000 3.000000 0.000000 0.000000 0.000000 0.000000 8.000000 4.000000 3.000000 
4.000000 212.959625 27.000000 6.000000 1.000000 3.000000 7.000000 2.000000 2.000000 0.000000 0.000000 0.000000 7.000000 2.000000 6.000000 
4.000000 222.057283 27.000000 2.000000 3.000000 5.000000 4.000000 2.000000 1.000000 3.000000 0.000000 0.000000 2.000000 9.000000 5.000000 
3.951852 229.821639 27.000000 6.000000 2.000000 4.000000 4.000000 1.000000 3.000000 3.000000 3.000000 1.000000 2.000000 1.000000 6.000000 
5.000000 236.365028 36.000000 5.000000 3.000000 3.000000 0.000000 1.000000 0.000000 1.000000 2.000000 1.000000 1.000000 0.000000 3.000000 
12.809378 4.920678 27.000000 8.000000 3.000000 5.000000 7.000000 4.000000 2.000000 3.000000 6.000000 6.000000 3.000000 5.000000 2.000000 
14.000000 11.644825 0.000000 9.000000 15.000000 5.000000 7.000000 6.000000 6.000000 3.000000 3.000000 3.000000 10.000000 10.000000 4.000000 
10.484439 19.381475 0.000000 15.000000 16.000000 10.000000 3.000000 2.000000 0.000000 1.000000 3.000000 7.000000 20.000000 4.000000 0.000000 
13.271829 26.349291 0.000000 9.000000 7.000000 11.000000 7.000000 2.000000 4.000000 5.000000 5.000000 4.000000 12.000000 12.000000 3.000000 
10.911351 36.671183 0.000000 22.000000 10.000000 4.000000 7.000000 6.000000 2.000000 6.000000 4.000000 3.000000 5.000000 7.000000 5.000000 
8.997948 43.588890 0.000000 25.000000 6.000000 9.000000 2.000000 2.000000 1.000000 4.000000 2.000000 5.000000 9.000000 10.000000 6.000000 
12.183828 51.494147 0.000000 12.000000 6.000000 11.000000 7.000000 6.000000 5.000000 2.000000 5.000000 4.000000 5.000000 11.000000 7.000000 
15.632697 62.324652 0.000000 8.000000 5.000000 6.000000 16.000000 8.000000 6.000000 7.000000 3.000000 7.000000 10.000000 2.000000 3.000000 
13.906693 69.481649 0.000000 23.000000 11.000000 13.000000 0.000000 0.000000 0.000000 5.000000 5.000000 1.000000 4.000000 11.000000 8.000000 
13.483470 75.586825 0.000000 18.000000 11.000000 8.000000 8.000000 3.000000 3.000000 3.000000 2.000000 2.000000 10.000000 8.000000 5.000000 
12.085641 83.948333 0.000000 22.000000 8.000000 5.000000 8.000000 3.000000 3.000000 5.000000 5.000000 5.000000 7.000000 5.000000 5.000000 
7.156052 92.351049 0.000000 26.000000 8.000000 1.000000 7.000000 3.000000 5.000000 8.000000 4.000000 0.000000 2.000000 8.000000 9.000000 
9.101967 97.539714 0.000000 15.000000 7.000000 4.000000 7.000000 4.000000 5.000000 6.000000 4.000000 6.000000 5.000000 9.000000 9.000000 
15.052775 107.052775 0.000000 8.000000 11.000000 10.000000 6.000000 6.000000 3.000000 2.000000 3.000000 4.000000 6.000000 10.000000 12.000000 
13.491695 117.465582 0.000000 22.000000 3.000000 4.000000 10.000000 5.000000 7.000000 5.000000 6.000000 4.000000 11.000000 2.000000 2.000000 
13.664175 122.002240 0.000000 20.000000 4.000000 5.000000 18.000000 5.000000 7.000000 6.000000 6.000000 1.000000 1.000000 6.000000 2.000000 
12.151604 134.392206 0.000000 23.000000 18.000000 4.000000 2.000000 0.000000 3.000000 2.000000 0.000000 3.000000 9.000000 9.000000 8.000000 
10.026707 140.586825 0.000000 15.000000 4.000000 3.000000 16.000000 4.000000 3.000000 4.000000 3.000000 4.000000 4.000000 6.000000 15.000000 
11.413175 147.951852 0.000000 22.000000 7.000000 2.000000 7.000000 7.000000 4.000000 6.000000 3.000000 2.000000 8.000000 9.000000 4.000000 
13.846681 154.959722 0.000000 7.000000 12.000000 6.000000 8.000000 4.000000 5.000000 7.000000 6.000000 5.000000 7.000000 9.000000 5.000000 
13.634972 161.764302 0.000000 10.000000 5.000000 6.000000 4.000000 3.000000 4.000000 4.000000 7.000000 8.000000 12.000000 9.000000 9.000000 
11.587484 170.474399 0.000000 17.000000 14.000000 11.000000 3.000000 2.000000 3.000000 5.000000 3.000000 3.000000 1.000000 10.000000 9.000000 
12.000000 180.408581 0.000000 20.000000 3.000000 3.000000 13.000000 5.000000 3.000000 3.000000 5.000000 8.000000 10.000000 4.000000 4.000000 
10.966853 190.874952 0.000000 20.000000 11.000000 5.000000 8.000000 4.000000 8.000000 4.000000 4.000000 3.000000 4.000000 4.000000 6.000000 
11.735588 197.665676 0.000000 5.000000 16.000000 4.000000 5.000000 3.000000 8.000000 12.000000 5.000000 3.000000 5.000000 10.000000 5.000000 
13.641348 200.576763 0.000000 5.000000 15.000000 4.000000 6.000000 4.000000 7.000000 7.000000 5.000000 5.000000 8.000000 8.000000 7.000000 
12.613740 211.941559 0.000000 16.000000 5.000000 9.000000 3.000000 4.000000 2.000000 6.000000 3.000000 5.000000 15.000000 5.000000 8.000000 
12.000000 222.295927 0.000000 19.000000 13.000000 7.000000 4.000000 1.000000 3.000000 4.000000 1.000000 2.000000 11.000000 7.000000 9.000000 
10.594022 231.095658 0.000000 6.000000 7.000000 4.000000 17.000000 8.000000 3.000000 9.000000 7.000000 4.000000 5.000000 4.000000 7.000000 
12.000000 237.795131 27.000000 6.000000 2.000000 0.000000 4.000000 6.000000 2.000000 3.000000 7.000000 1.000000 9.000000 2.000000 3.000000 
20.322413 5.687440 27.000000 3.000000 5.000000 10.000000 3.000000 3.000000 7.000000 3.000000 6.000000 6.000000 3.000000 3.000000 2.000000 
20.484655 11.095091 0.000000 10.000000 13.000000 7.000000 3.000000 1.000000 6.000000 10.000000 7.000000 4.000000 8.000000 9.000000 3.000000 
19.569628 18.551080 0.000000 8.000000 17.000000 6.000000 9.000000 6.000000 6.000000 7.000000 4.000000 7.000000 5.000000 3.000000 3.000000 
23.135980 28.066691 0.000000 4.000000 6.000000 11.000000 4.000000 4.000000 6.000000 4.000000 6.000000 5.000000 16.000000 10.000000 5.000000 
15.445174 37.065703 0.000000 18.000000 4.000000 6.000000 5.000000 6.000000 2.000000 8.000000 4.000000 6.000000 8.000000 9.000000 5.000000 
16.546709 44.007089 0.000000 27.000000 11.000000 12.000000 6.000000 1.000000 2.000000 2.000000 3.000000 4.000000 3.000000 3.000000 7.000000 
22.279165 52.935098 0.000000 16.000000 8.000000 3.000000 17.000000 5.000000 1.000000 5.000000 2.000000 2.000000 7.000000 13.000000 2.000000 
24.257994 60.555010 0.000000 15.000000 7.000000 4.000000 15.000000 1.000000 1.000000 7.000000 9.000000 2.000000 5.000000 4.000000 11.000000 
19.366155 68.307669 0.000000 10.000000 8.000000 8.000000 8.000000 4.000000 2.000000 3.000000 1.000000 5.000000 12.000000 15.000000 5.000000 
18.322413 76.274309 0.000000 15.000000 11.000000 12.000000 11.000000 5.000000 3.000000 4.000000 2.000000 1.000000 3.000000 8.000000 6.000000 
20.771135 84.268913 0.000000 17.000000 12.000000 1.000000 8.000000 5.000000 5.000000 7.000000 2.000000 2.000000 6.000000 8.000000 8.000000 
22.666004 91.626492 0.000000 7.000000 11.000000 10.000000 11.000000 7.000000 2.000000 5.000000 5.000000 5.000000 4.000000 9.000000 5.000000 
21.489536 101.854564 0.000000 15.000000 8.000000 9.000000 5.000000 2.000000 1.000000 4.000000 5.000000 4.000000 10.000000 11.000000 7.000000 
20.000491 109.001747 0.000000 25.000000 6.000000 3.000000 10.000000 1.000000 4.000000 3.000000 4.000000 5.000000 7.000000 8.000000 5.000000 
18.838418 116.951852 0.000000 23.000000 6.000000 7.000000 5.000000 7.000000 6.000000 1.000000 5.000000 2.000000 4.000000 3.000000 12.000000 
21.602885 124.416873 0.000000 14.000000 10.000000 5.000000 6.000000 6.000000 2.000000 0.000000 2.000000 4.000000 6.000000 7.000000 19.000000 
17.509505 133.670368 0.000000 23.000000 11.000000 3.000000 3.000000 1.000000 2.000000 2.000000 2.000000 1.000000 5.000000 10.000000 18.000000 
14.583138 139.324652 0.000000 12.000000 4.000000 5.000000 30.000000 5.000000 4.000000 0.000000 0.000000 0.000000 2.000000 9.000000 10.000000 
19.325790 150.014290 0.000000 13.000000 7.000000 9.000000 3.000000 5.000000 2.000000 1.000000 2.000000 5.000000 18.000000 9.000000 7.000000 
19.586825 157.658391 0.000000 9.000000 8.000000 8.000000 18.000000 2.000000 3.000000 2.000000 2.000000 3.000000 7.000000 8.000000 11.000000 
18.948540 162.476884 0.000000 11.000000 6.000000 7.000000 20.000000 6.000000 5.000000 3.000000 0.000000 2.000000 10.000000 7.000000 4.000000 
21.737828 169.320683 0.000000 18.000000 8.000000 8.000000 6.000000 3.000000 3.000000 4.000000 5.000000 4.000000 12.000000 6.000000 4.000000 
20.905551 178.980894 0.000000 8.000000 4.000000 0.000000 3.000000 4.000000 5.000000 8.000000 9.000000 6.000000 19.000000 10.000000 5.000000 
20.909237 192.233655 0.000000 8.000000 2.000000 1.000000 12.000000 1.000000 2.000000 9.000000 7.000000 6.000000 24.000000 7.000000 2.000000 
23.175685 198.084701 0.000000 4.000000 3.000000 8.000000 29.000000 4.000000 5.000000 2.000000 4.000000 6.000000 6.000000 6.000000 4.000000 
22.908222 201.263397 0.000000 8.000000 6.000000 5.000000 13.000000 5.000000 8.000000 4.000000 7.000000 5.000000 10.000000 6.000000 4.000000 
22.209702 213.373436 0.000000 0.000000 2.000000 7.000000 9.000000 10.000000 6.000000 9.000000 4.000000 7.000000 10.000000 10.000000 7.000000 
21.536942 220.381221 0.000000 9.000000 7.000000 10.000000 10.000000 4.000000 9.000000 8.000000 3.000000 3.000000 7.000000 6.000000 5.000000 
17.721909 229.380725 0.000000 17.000000 8.000000 5.000000 2.000000 6.000000 3.000000 6.000000 10.000000 4.000000 4.000000 8.000000 8.000000 
19.621336 237.743692 27.000000 3.000000 2.000000 0.000000 9.000000 5.000000 6.000000 6.000000 6.000000 3.000000 1.000000 1.000000 3.000000 
27.882247 3.858834 27.000000 12.000000 4.000000 0.000000 1.000000 0.000000 2.000000 2.000000 5.000000 4.000000 17.000000 2.000000 5.000000 
26.863677 9.000000 0.000000 19.000000 8.000000 3.000000 3.000000 1.000000 2.000000 0.000000 3.000000 4.000000 19.000000 8.000000 11.000000 
30.544092 17.640758 0.000000 18.000000 4.000000 13.000000 7.000000 4.000000 4.000000 2.000000 5.000000 3.000000 4.000000 4.000000 13.000000 
30.905551 29.061383 0.000000 12.000000 8.000000 11.000000 5.000000 4.000000 6.000000 6.000000 6.000000 5.000000 11.000000 5.000000 2.000000 
29.981867 41.580027 0.000000 10.000000 15.000000 11.000000 6.000000 1.000000 1.000000 0.000000 6.000000 4.000000 23.000000 2.000000 2.000000 
32.677779 47.331961 0.000000 28.000000 16.000000 3.000000 6.000000 3.000000 3.000000 2.000000 1.000000 2.000000 10.000000 1.000000 6.000000 
33.003060 54.314376 0.000000 21.000000 2.000000 7.000000 14.000000 4.000000 1.000000 6.000000 6.000000 3.000000 5.000000 4.000000 8.000000 
29.380030 63.474986 0.000000 8.000000 3.000000 2.000000 14.000000 4.000000 5.000000 5.000000 5.000000 2.000000 8.000000 3.000000 22.000000 
25.793932 70.207516 0.000000 7.000000 2.000000 5.000000 25.000000 3.000000 2.000000 1.000000 0.000000 3.000000 5.000000 9.000000 19.000000 
29.689666 76.654539 0.000000 10.000000 5.000000 4.000000 18.000000 5.000000 2.000000 1.000000 5.000000 5.000000 8.000000 11.000000 7.000000 
30.003105 83.741613 0.000000 11.000000 10.000000 6.000000 8.000000 1.000000 8.000000 4.000000 6.000000 3.000000 10.000000 6.000000 8.000000 
28.832063 92.124161 0.000000 8.000000 3.000000 6.000000 10.000000 7.000000 3.000000 2.000000 5.000000 7.000000 11.000000 6.000000 13.000000 
27.433053 99.661557 0.000000 10.000000 8.000000 9.000000 9.000000 4.000000 1.000000 2.000000 7.000000 5.000000 6.000000 7.000000 13.000000 
25.322413 105.647065 0.000000 27.000000 6.000000 7.000000 10.000000 2.000000 2.000000 0.000000 4.000000 3.000000 8.000000 6.000000 6.000000 
26.734457 117.742933 0.000000 22.000000 6.000000 7.000000 4.000000 3.000000 2.000000 0.000000 3.000000 5.000000 9.000000 7.000000 13.000000 
24.931494 123.751169 0.000000 21.000000 8.000000 4.000000 5.000000 7.000000 1.000000 3.000000 3.000000 5.000000 0.000000 4.000000 20.000000 
24.824638 130.777466 0.000000 16.000000 7.000000 8.000000 6.000000 9.000000 3.000000 6.000000 8.000000 0.000000 6.000000 3.000000 9.000000 
26.380252 140.712268 0.000000 14.000000 6.000000 2.000000 1.000000 3.000000 2.000000 5.000000 6.000000 5.000000 20.000000 8.000000 9.000000 
28.586825 147.838852 0.000000 14.000000 7.000000 6.000000 16.000000 6.000000 5.000000 4.000000 2.000000 1.000000 8.000000 5.000000 7.000000 
25.911537 155.134091 0.000000 7.000000 8.000000 5.000000 8.000000 3.000000 5.000000 6.000000 6.000000 6.000000 6.000000 5.000000 16.000000 
24.365028 161.634972 0.000000 6.000000 7.000000 6.000000 20.000000 10.000000 9.000000 6.000000 3.000000 6.000000 3.000000 4.000000 1.000000 
27.873982 172.071310 0.000000 11.000000 12.000000 9.000000 4.000000 2.000000 2.000000 1.000000 10.000000 6.000000 12.000000 9.000000 3.000000 
26.911477 179.122512 0.000000 16.000000 6.000000 9.000000 10.000000 5.000000 6.000000 4.000000 2.000000 2.000000 3.000000 4.000000 14.000000 
28.802614 189.881262 0.000000 14.000000 2.000000 4.000000 7.000000 4.000000 0.000000 6.000000 5.000000 9.000000 8.000000 9.000000 13.000000 
31.000000 197.547532 0.000000 11.000000 11.000000 5.000000 5.000000 4.000000 4.000000 7.000000 6.000000 5.000000 13.000000 5.000000 5.000000 
30.606771 202.310422 0.000000 11.000000 7.000000 3.000000 15.000000 5.000000 4.000000 4.000000 5.000000 4.000000 9.000000 5.000000 9.000000 
28.442594 213.077566 0.000000 1.000000 5.000000 4.000000 18.000000 4.000000 4.000000 4.000000 4.000000 8.000000 9.000000 10.000000 10.000000 
28.131065 218.806412 0.000000 6.000000 4.000000 11.000000 7.000000 6.000000 5.000000 2.000000 4.000000 2.000000 12.000000 7.000000 15.000000 
24.673067 226.274176 0.000000 9.000000 2.000000 6.000000 6.000000 2.000000 7.000000 4.000000 3.000000 4.000000 17.000000 13.000000 8.000000 
27.512313 236.877341 27.000000 9.000000 4.000000 5.000000 10.000000 4.000000 2.000000 4.000000 1.000000 0.000000 0.000000 4.000000 2.000000 
34.308859 5.687440 27.000000 14.000000 5.000000 2.000000 6.000000 2.000000 1.000000 10.000000 6.000000 1.000000 1.000000 0.000000 6.000000 
31.762866 11.455115 0.000000 18.000000 6.000000 5.000000 5.000000 3.000000 3.000000 3.000000 7.000000 4.000000 7.000000 2.000000 18.000000 
33.396246 18.365028 0.000000 24.000000 2.000000 3.000000 10.000000 5.000000 6.000000 5.000000 6.000000 5.000000 7.000000 1.000000 7.000000 
35.823190 28.742676 0.000000 9.000000 5.000000 9.000000 6.000000 4.000000 5.000000 8.000000 7.000000 6.000000 15.000000 3.000000 4.000000 
35.727718 39.797464 0.000000 24.000000 9.000000 6.000000 3.000000 5.000000 1.000000 3.000000 6.000000 5.000000 14.000000 2.000000 3.000000 
38.000287 46.391682 0.000000 33.000000 10.000000 1.000000 6.000000 0.000000 1.000000 0.000000 1.000000 1.000000 18.000000 0.000000 10.000000 
37.152575 53.129985 0.000000 24.000000 0.000000 5.000000 30.000000 3.000000 0.000000 1.000000 0.000000 1.000000 7.000000 0.000000 10.000000 
34.324652 62.894855 0.000000 8.000000 2.000000 5.000000 29.000000 6.000000 6.000000 5.000000 3.000000 4.000000 9.000000 4.000000 0.000000 
34.687420 70.325148 0.000000 14.000000 6.000000 5.000000 23.000000 3.000000 3.000000 0.000000 3.000000 6.000000 13.000000 0.000000 5.000000 
36.933993 76.445112 0.000000 16.000000 5.000000 7.000000 12.000000 2.000000 2.000000 3.000000 6.000000 3.000000 7.000000 8.000000 10.000000 
34.759743 85.786007 0.000000 16.000000 7.000000 7.000000 11.000000 4.000000 2.000000 5.000000 2.000000 2.000000 11.000000 7.000000 7.000000 
33.478172 91.829253 0.000000 6.000000 1.000000 6.000000 21.000000 8.000000 2.000000 2.000000 5.000000 6.000000 12.000000 6.000000 6.000000 
35.773940 101.797804 0.000000 4.000000 8.000000 14.000000 2.000000 6.000000 1.000000 7.000000 6.000000 8.000000 9.000000 6.000000 10.000000 
37.974941 108.452183 0.000000 9.000000 11.000000 3.000000 9.000000 3.000000 4.000000 3.000000 5.000000 4.000000 15.000000 11.000000 4.000000 
32.562634 117.586825 0.000000 23.000000 9.000000 6.000000 1.000000 2.000000 3.000000 2.000000 1.000000 2.000000 15.000000 6.000000 11.000000 
32.168510 123.130128 0.000000 17.000000 6.000000 13.000000 7.000000 6.000000 7.000000 4.000000 2.000000 2.000000 3.000000 6.000000 8.000000 
33.965127 131.896846 0.000000 11.000000 17.000000 10.000000 3.000000 3.000000 1.000000 1.000000 4.000000 5.000000 12.000000 8.000000 6.000000 
36.586825 141.954030 0.000000 18.000000 15.000000 9.000000 11.000000 6.000000 1.000000 5.000000 3.000000 4.000000 3.000000 5.000000 1.000000 
35.718060 145.718060 0.000000 15.000000 11.000000 11.000000 8.000000 6.000000 4.000000 2.000000 4.000000 2.000000 9.000000 7.000000 2.000000 
36.528251 156.675266 0.000000 4.000000 6.000000 5.000000 12.000000 3.000000 2.000000 0.000000 1.000000 3.000000 26.000000 7.000000 12.000000 
36.328625 164.067562 0.000000 6.000000 8.000000 9.000000 10.000000 5.000000 5.000000 3.000000 1.000000 2.000000 12.000000 6.000000 14.000000 
37.470337 175.100266 0.000000 25.000000 7.000000 1.000000 5.000000 6.000000 6.000000 2.000000 1.000000 5.000000 9.000000 3.000000 11.000000 
38.597038 181.749057 0.000000 18.000000 7.000000 5.000000 18.000000 3.000000 3.000000 3.000000 2.000000 0.000000 4.000000 6.000000 12.000000 
39.236740 190.936909 0.000000 9.000000 3.000000 7.000000 25.000000 5.000000 4.000000 4.000000 3.000000 0.000000 7.000000 5.000000 9.000000 
36.493290 196.444586 0.000000 10.000000 16.000000 4.000000 7.000000 6.000000 4.000000 3.000000 6.000000 6.000000 14.000000 5.000000 0.000000 
35.618316 204.411722 0.000000 6.000000 5.000000 6.000000 9.000000 6.000000 6.000000 4.000000 5.000000 8.000000 13.000000 8.000000 5.000000 
36.861515 214.066544 0.000000 18.000000 12.000000 7.000000 6.000000 5.000000 8.000000 5.000000 3.000000 4.000000 2.000000 6.000000 5.000000 
37.455314 221.663201 0.000000 12.000000 13.000000 9.000000 4.000000 4.000000 5.000000 5.000000 2.000000 4.000000 4.000000 10.000000 9.000000 
34.294433 231.035947 0.000000 16.000000 3.000000 8.000000 3.000000 2.000000 5.000000 11.000000 9.000000 1.000000 6.000000 8.000000 9.000000 
35.609612 238.180328 27.000000 6.000000 2.000000 6.000000 6.000000 2.000000 0.000000 2.000000 4.000000 3.000000 5.000000 3.000000 6.000000 
44.806972 4.923083 27.000000 5.000000 6.000000 2.000000 12.000000 3.000000 1.000000 4.000000 2.000000 5.000000 2.000000 3.000000 9.000000 
45.409504 11.689680 0.000000 11.000000 6.000000 11.000000 6.000000 6.000000 3.000000 3.000000 2.000000 2.000000 13.000000 6.000000 12.000000 
44.334548 19.580351 0.000000 7.000000 5.000000 12.000000 7.000000 7.000000 5.000000 4.000000 3.000000 4.000000 3.000000 5.000000 19.000000 
44.322413 26.905551 0.000000 10.000000 8.000000 8.000000 4.000000 5.000000 3.000000 2.000000 3.000000 4.000000 11.000000 10.000000 13.000000 
44.755659 35.372822 0.000000 9.000000 11.000000 8.000000 15.000000 5.000000 1.000000 1.000000 2.000000 5.000000 14.000000 8.000000 2.000000 
45.737013 41.785611 0.000000 15.000000 10.000000 2.000000 16.000000 6.000000 8.000000 3.000000 2.000000 1.000000 10.000000 2.000000 6.000000 
47.689680 53.306539 0.000000 17.000000 8.000000 4.000000 14.000000 6.000000 5.000000 2.000000 1.000000 5.000000 7.000000 2.000000 10.000000 
42.538510 62.257736 0.000000 7.000000 3.000000 3.000000 5.000000 2.000000 6.000000 10.000000 4.000000 4.000000 10.000000 9.000000 18.000000 
40.621472 68.082896 0.000000 14.000000 6.000000 1.000000 25.000000 7.000000 3.000000 7.000000 3.000000 1.000000 2.000000 7.000000 5.000000 
40.721389 73.218695 0.000000 22.000000 6.000000 2.000000 9.000000 4.000000 1.000000 3.000000 7.000000 4.000000 8.000000 4.000000 11.000000 
39.822664 86.332055 0.000000 18.000000 7.000000 13.000000 6.000000 3.000000 4.000000 3.000000 3.000000 1.000000 9.000000 5.000000 9.000000 
38.700177 92.275378 0.000000 9.000000 2.000000 6.000000 6.000000 10.000000 4.000000 7.000000 6.000000 3.000000 15.000000 6.000000 7.000000 
45.392875 103.537847 0.000000 14.000000 8.000000 7.000000 14.000000 5.000000 6.000000 5.000000 5.000000 2.000000 2.000000 4.000000 9.000000 
46.446955 105.586825 0.000000 8.000000 1.000000 1.000000 19.000000 8.000000 7.000000 8.000000 8.000000 5.000000 4.000000 4.000000 8.000000 
39.215168 115.995340 0.000000 12.000000 7.000000 13.000000 18.000000 6.000000 8.000000 4.000000 0.000000 2.000000 3.000000 5.000000 3.000000 
43.336864 122.383874 0.000000 7.000000 14.000000 8.000000 8.000000 1.000000 2.000000 1.000000 1.000000 2.000000 19.000000 10.000000 8.000000 
42.677587 132.298493 0.000000 14.000000 10.000000 4.000000 8.000000 4.000000 2.000000 7.000000 6.000000 7.000000 9.000000 6.000000 4.000000 
41.635148 141.052010 0.000000 21.000000 14.000000 6.000000 3.000000 4.000000 1.000000 5.000000 2.000000 4.000000 8.000000 9.000000 4.000000 
41.456275 145.209666 0.000000 18.000000 11.000000 5.000000 6.000000 4.000000 7.000000 2.000000 2.000000 3.000000 12.000000 7.000000 4.000000 
40.735186 153.894028 0.000000 5.000000 3.000000 3.000000 11.000000 3.000000 4.000000 2.000000 2.000000 5.000000 29.000000 10.000000 4.000000 
46.077108 166.082923 0.000000 7.000000 5.000000 5.000000 2.000000 6.000000 9.000000 7.000000 6.000000 4.000000 15.000000 7.000000 8.000000 
48.926137 176.365028 0.000000 18.000000 7.000000 17.000000 8.000000 1.000000 5.000000 3.000000 2.000000 3.000000 2.000000 5.000000 10.000000 
47.967661 180.549240 0.000000 12.000000 6.000000 12.000000 15.000000 1.000000 1.000000 9.000000 11.000000 7.000000 2.000000 3.000000 2.000000 
46.447703 187.134128 0.000000 8.000000 3.000000 1.000000 15.000000 2.000000 4.000000 5.000000 11.000000 12.000000 8.000000 5.000000 7.000000 
42.215877 196.792854 0.000000 18.000000 4.000000 8.000000 24.000000 3.000000 4.000000 4.000000 0.000000 2.000000 8.000000 3.000000 3.000000 
40.638451 206.633973 0.000000 12.000000 8.000000 9.000000 8.000000 6.000000 8.000000 5.000000 4.000000 1.000000 4.000000 8.000000 8.000000 
41.322413 212.687440 0.000000 23.000000 7.000000 6.000000 3.000000 8.000000 8.000000 1.000000 5.000000 5.000000 4.000000 5.000000 6.000000 
44.068088 222.100511 0.000000 14.000000 8.000000 6.000000 1.000000 3.000000 3.000000 3.000000 4.000000 7.000000 16.000000 4.000000 12.000000 
43.921601 228.667899 0.000000 13.000000 7.000000 5.000000 10.000000 6.000000 6.000000 5.000000 7.000000 4.000000 4.000000 3.000000 11.000000 
44.000000 237.365028 27.000000 2.000000 2.000000 2.000000 13.000000 7.000000 1.000000 2.000000 1.000000 1.000000 2.000000 8.000000 4.000000 
52.000000 5.689680 27.000000 4.000000 5.000000 2.000000 3.000000 1.000000 5.000000 3.000000 6.000000 7.000000 8.000000 6.000000 4.000000 
52.464720 12.483446 0.000000 14.000000 6.000000 4.000000 7.000000 5.000000 3.000000 5.000000 6.000000 2.000000 0.000000 8.000000 21.000000 
52.322413 19.687440 0.000000 9.000000 7.000000 4.000000 9.000000 1.000000 3.000000 5.000000 6.000000 8.000000 8.000000 8.000000 13.000000 
53.678144 30.043171 0.000000 3.000000 7.000000 7.000000 22.000000 5.000000 7.000000 3.000000 4.000000 3.000000 4.000000 10.000000 6.000000 
53.586825 37.452113 0.000000 19.000000 8.000000 3.000000 10.000000 3.000000 8.000000 1.000000 8.000000 5.000000 2.000000 6.000000 8.000000 
51.365028 42.365028 0.000000 10.000000 3.000000 1.000000 10.000000 3.000000 4.000000 4.000000 9.000000 10.000000 16.000000 6.000000 5.000000 
52.618396 52.081385 0.000000 15.000000 10.000000 8.000000 3.000000 2.000000 2.000000 5.000000 3.000000 5.000000 12.000000 3.000000 13.000000 
48.000000 59.948166 0.000000 7.000000 2.000000 10.000000 21.000000 4.000000 0.000000 2.000000 2.000000 1.000000 17.000000 4.000000 11.000000 
50.689119 68.210817 0.000000 21.000000 4.000000 4.000000 5.000000 6.000000 6.000000 4.000000 2.000000 5.000000 7.000000 7.000000 10.000000 
50.996855 78.561168 0.000000 17.000000 10.000000 6.000000 9.000000 5.000000 3.000000 3.000000 2.000000 3.000000 4.000000 7.000000 12.000000 
49.002943 86.307575 0.000000 13.000000 8.000000 12.000000 4.000000 2.000000 4.000000 2.000000 2.000000 4.000000 9.000000 7.000000 14.000000 
50.070658 93.172144 0.000000 9.000000 6.000000 10.000000 6.000000 3.000000 5.000000 9.000000 6.000000 3.000000 13.000000 3.000000 8.000000 
50.586825 104.951852 0.000000 4.000000 2.000000 4.000000 32.000000 7.000000 8.000000 2.000000 2.000000 3.000000 9.000000 6.000000 2.000000 
52.133934 109.380244 0.000000 14.000000 4.000000 0.000000 28.000000 4.000000 3.000000 2.000000 0.000000 3.000000 10.000000 7.000000 6.000000 
50.632230 118.251405 0.000000 2.000000 8.000000 6.000000 12.000000 6.000000 4.000000 5.000000 6.000000 8.000000 19.000000 2.000000 3.000000 
56.000000 128.361600 0.000000 10.000000 8.000000 3.000000 6.000000 2.000000 1.000000 6.000000 5.000000 6.000000 21.000000 10.000000 3.000000 
51.991428 135.365028 0.000000 15.000000 8.000000 3.000000 7.000000 2.000000 2.000000 14.000000 5.000000 3.000000 15.000000 3.000000 4.000000 
51.718668 141.635841 0.000000 8.000000 7.000000 4.000000 8.000000 4.000000 4.000000 12.000000 7.000000 5.000000 15.000000 3.000000 4.000000 
53.262330 147.992385 0.000000 10.000000 3.000000 3.000000 6.000000 10.000000 9.000000 3.000000 9.000000 8.000000 7.000000 8.000000 5.000000 
48.973807 155.320978 0.000000 4.000000 6.000000 4.000000 19.000000 14.000000 3.000000 0.000000 4.000000 6.000000 10.000000 6.000000 5.000000 
50.000000 164.689680 0.000000 7.000000 5.000000 6.000000 6.000000 2.000000 4.000000 4.000000 7.000000 3.000000 19.000000 10.000000 8.000000 
53.285780 174.187012 0.000000 14.000000 6.000000 12.000000 7.000000 1.000000 7.000000 4.000000 5.000000 4.000000 6.000000 6.000000 9.000000 
52.602827 179.689680 0.000000 17.000000 3.000000 12.000000 14.000000 0.000000 3.000000 2.000000 2.000000 5.000000 9.000000 9.000000 5.000000 
52.099916 189.265111 0.000000 20.000000 5.000000 10.000000 12.000000 2.000000 4.000000 6.000000 5.000000 8.000000 5.000000 1.000000 3.000000 
50.983347 198.036691 0.000000 5.000000 6.000000 2.000000 15.000000 6.000000 2.000000 2.000000 6.000000 8.000000 24.000000 4.000000 1.000000 
52.000000 206.689680 0.000000 6.000000 13.000000 13.000000 16.000000 6.000000 4.000000 3.000000 3.000000 4.000000 2.000000 4.000000 7.000000 
51.825024 215.093091 0.000000 7.000000 4.000000 6.000000 20.000000 4.000000 5.000000 5.000000 3.000000 5.000000 7.000000 5.000000 10.000000 
54.259659 222.923083 0.000000 12.000000 3.000000 12.000000 17.000000 2.000000 2.000000 5.000000 7.000000 2.000000 3.000000 9.000000 7.000000 
57.000000 227.689680 0.000000 9.000000 5.000000 2.000000 20.000000 7.000000 2.000000 1.000000 3.000000 6.000000 14.000000 5.000000 7.000000 
53.188249 236.711588 27.000000 4.000000 4.000000 4.000000 2.000000 2.000000 3.000000 4.000000 1.000000 2.000000 9.000000 3.000000 7.000000 
60.000000 5.324652 39.000000 7.000000 3.000000 4.000000 3.000000 5.000000 5.000000 3.000000 2.000000 2.000000 0.000000 1.000000 7.000000 
60.000000 13.324652 18.000000 13.000000 7.000000 2.000000 2.000000 4.000000 4.000000 3.000000 6.000000 8.000000 2.000000 6.000000 6.000000 
60.000000 21.324652 18.000000 6.000000 6.000000 7.000000 2.000000 5.000000 3.000000 11.000000 9.000000 3.000000 2.000000 3.000000 6.000000 
60.000000 29.324652 18.000000 6.000000 1.000000 1.000000 14.000000 2.000000 2.000000 3.000000 6.000000 9.000000 7.000000 6.000000 6.000000 
60.446877 37.771530 18.000000 11.000000 10.000000 2.000000 9.000000 3.000000 1.000000 4.000000 5.000000 3.000000 5.000000 2.000000 8.000000 
60.000000 45.005157 18.000000 7.000000 5.000000 6.000000 10.000000 1.000000 4.000000 6.000000 3.000000 0.000000 7.000000 8.000000 6.000000 
60.000000 53.324652 18.000000 11.000000 11.000000 5.000000 2.000000 3.000000 8.000000 2.000000 1.000000 0.000000 4.000000 5.000000 11.000000 
59.221439 61.324652 18.000000 5.000000 8.000000 2.000000 9.000000 1.000000 6.000000 3.000000 2.000000 3.000000 15.000000 2.000000 7.000000 
60.000000 69.324652 18.000000 6.000000 10.000000 5.000000 3.000000 1.000000 2.000000 6.000000 7.000000 4.000000 8.000000 6.000000 5.000000 
60.000000 77.687253 18.000000 7.000000 9.000000 7.000000 11.000000 2.000000 3.000000 4.000000 3.000000 3.000000 3.000000 4.000000 7.000000 
59.378057 85.648431 18.000000 10.000000 13.000000 5.000000 1.000000 1.000000 3.000000 6.000000 2.000000 5.000000 6.000000 4.000000 7.000000 
60.000000 93.324652 18.000000 8.000000 10.000000 3.000000 8.000000 5.000000 3.000000 1.000000 3.000000 2.000000 4.000000 9.000000 7.000000 
60.062508 102.367637 18.000000 8.000000 9.000000 3.000000 3.000000 2.000000 3.000000 1.000000 3.000000 3.000000 9.000000 11.000000 8.000000 
60.000000 109.324652 18.000000 9.000000 7.000000 3.000000 10.000000 4.000000 3.000000 5.000000 1.000000 4.000000 15.000000 1.000000 1.000000 
59.701966 117.324652 18.000000 5.000000 6.000000 9.000000 9.000000 4.000000 3.000000 6.000000 0.000000 3.000000 4.000000 4.000000 10.000000 
61.452763 126.266183 18.000000 4.000000 4.000000 5.000000 3.000000 0.000000 0.000000 0.000000 3.000000 5.000000 22.000000 11.000000 6.000000 
60.000000 134.017412 18.000000 7.000000 8.000000 8.000000 7.000000 1.000000 0.000000 5.000000 3.000000 3.000000 4.000000 9.000000 8.000000 
60.000000 141.324652 18.000000 5.000000 6.000000 5.000000 18.000000 7.000000 1.000000 1.000000 1.000000 4.000000 7.000000 5.000000 3.000000 
60.447258 149.324652 18.000000 6.000000 6.000000 6.000000 10.000000 8.000000 2.000000 0.000000 4.000000 4.000000 7.000000 10.000000 0.000000 
59.729215 157.053868 18.000000 8.000000 1.000000 5.000000 3.000000 1.000000 4.000000 7.000000 3.000000 7.000000 11.000000 10.000000 3.000000 
59.714216 165.038868 18.000000 5.000000 7.000000 6.000000 5.000000 8.000000 7.000000 3.000000 3.000000 4.000000 7.000000 5.000000 3.000000 
60.000000 173.324652 18.000000 7.000000 5.000000 8.000000 1.000000 5.000000 2.000000 6.000000 8.000000 3.000000 8.000000 4.000000 6.000000 
60.000000 181.324652 18.000000 7.000000 7.000000 2.000000 11.000000 4.000000 3.000000 2.000000 3.000000 4.000000 6.000000 11.000000 3.000000 
60.000000 189.324652 18.000000 12.000000 5.000000 11.000000 5.000000 2.000000 6.000000 4.000000 2.000000 1.000000 1.000000 6.000000 8.000000 
60.000000 197.324652 18.000000 4.000000 2.000000 2.000000 12.000000 7.000000 5.000000 5.000000 3.000000 1.000000 9.000000 7.000000 6.000000 
60.367497 206.040919 18.000000 6.000000 4.000000 7.000000 5.000000 3.000000 5.000000 6.000000 5.000000 0.000000 3.000000 10.000000 9.000000 
60.000000 213.324652 18.000000 2.000000 0.000000 0.000000 4.000000 4.000000 8.000000 12.000000 10.000000 9.000000 2.000000 10.000000 2.000000 
60.000000 222.108085 18.000000 5.000000 5.000000 5.000000 3.000000 3.000000 7.000000 10.000000 4.000000 3.000000 4.000000 9.000000 5.000000 
62.061738 228.430902 18.000000 5.000000 5.000000 1.000000 21.000000 9.000000 3.000000 1.000000 3.000000 5.000000 5.000000 3.000000 2.000000 
60.000000 236.000000 35.000000 0.000000 1.000000 4.000000 2.000000 0.000000 1.000000 3.000000 3.000000 3.000000 4.000000 1.000000 6.000000 
