240
5.000000 5.689680 39.000000 5.000000 1.000000 1.000000 9.000000 0.000000 0.000000 1.000000 2.000000 0.000000 1.000000 0.000000 4.000000 
4.324652 13.324652 27.000000 1.000000 5.000000 4.000000 12.000000 2.000000 1.000000 1.000000 0.000000 2.000000 2.000000 3.000000 3.000000 
4.324652 21.324652 27.000000 1.000000 1.000000 0.000000 10.000000 5.000000 1.000000 2.000000 0.000000 2.000000 3.000000 6.000000 5.000000 
4.908256 30.232909 27.000000 6.000000 3.000000 0.000000 5.000000 4.000000 1.000000 2.000000 1.000000 0.000000 3.000000 5.000000 6.000000 
4.000000 36.599088 27.000000 5.000000 4.000000 4.000000 3.000000 4.000000 2.000000 0.000000 1.000000 0.000000 3.000000 7.000000 3.000000 
3.586825 44.911477 27.000000 5.000000 7.000000 1.000000 3.000000 2.000000 1.000000 1.000000 1.000000 2.000000 5.000000 4.000000 4.000000 
4.322413 53.002240 27.000000 4.000000 4.000000 2.000000 6.000000 0.000000 0.000000 0.000000 1.000000 1.000000 9.000000 5.000000 4.000000 
4.322413 61.647065 27.000000 10.000000 0.000000 6.000000 6.000000 1.000000 0.000000 0.000000 0.000000 0.000000 3.000000 4.000000 6.000000 
3.586825 68.911477 27.000000 10.000000 4.000000 3.000000 8.000000 2.000000 1.000000 0.000000 1.000000 1.000000 4.000000 1.000000 1.000000 
4.835001 78.159654 27.000000 4.000000 6.000000 3.000000 5.000000 1.000000 0.000000 2.000000 1.000000 2.000000 6.000000 3.000000 3.000000 
4.604730 85.324652 27.000000 6.000000 1.000000 2.000000 2.000000 1.000000 2.000000 1.000000 4.000000 1.000000 7.000000 6.000000 3.000000 
4.322413 92.332226 27.000000 5.000000 4.000000 4.000000 7.000000 2.000000 0.000000 2.000000 2.000000 0.000000 7.000000 2.000000 1.000000 
2.606983 100.911477 27.000000 4.000000 0.000000 3.000000 2.000000 0.000000 1.000000 0.000000 0.000000 1.000000 20.000000 1.000000 4.000000 
2.612977 109.324652 27.000000 10.000000 5.000000 4.000000 1.000000 1.000000 1.000000 1.000000 5.000000 1.000000 4.000000 3.000000 0.000000 
2.671481 117.324652 27.000000 8.000000 3.000000 2.000000 7.000000 5.000000 1.000000 1.000000 0.000000 1.000000 4.000000 2.000000 2.000000 
4.000000 124.959625 27.000000 8.000000 1.000000 2.000000 2.000000 1.000000 0.000000 0.000000 0.000000 3.000000 15.000000 0.000000 4.000000 
4.000000 132.959625 27.000000 2.000000 4.000000 5.000000 13.000000 3.000000 1.000000 1.000000 1.000000 1.000000 1.000000 2.000000 2.000000 
4.000000 141.689680 27.000000 6.000000 5.000000 4.000000 5.000000 1.000000 0.000000 0.000000 2.000000 0.000000 6.000000 3.000000 4.000000 
3.586825 148.911477 27.000000 4.000000 2.000000 2.000000 10.000000 2.000000 1.000000 2.000000 0.000000 0.000000 4.000000 5.000000 4.000000 
5.015185 156.539562 27.000000 8.000000 2.000000 2.000000 8.000000 2.000000 1.000000 2.000000 0.000000 1.000000 5.000000 3.000000 2.000000 
4.322413 165.002240 27.000000 3.000000 3.000000 3.000000 6.000000 1.000000 0.000000 2.000000 3.000000 1.000000 6.000000 5.000000 3.000000 
4.000000 173.689680 27.000000 8.000000 2.000000 8.000000 5.000000 0.000000 1.000000 0.000000 0.000000 0.000000 4.000000 4.000000 4.000000 
3.586825 180.911477 27.000000 2.000000 4.000000 7.000000 6.000000 0.000000 0.000000 3.000000 0.000000 1.000000 9.000000 2.000000 2.000000 
4.614770 188.424600 27.000000 7.000000 4.000000 6.000000 7.000000 0.000000 0.000000 0.000000 0.000000 0.000000 4.000000 4.000000 4.000000 
3.136601 197.737828 27.000000 3.000000 2.000000 1.000000 3.000000 1.000000 0.000000 0.000000 0.000000 0.000000 17.000000 8.000000 1.000000 
3.160349 205.324652 27.000000 2.000000 2.000000 1.000000 2.000000 4.000000 6.000000 3.000000 1.000000 1.000000 8.000000 3.000000 3.000000 
4.000000 212.613043 27.000000 1.000000 2.000000 2.000000 4.000000 3.000000 6.000000 11.000000 1.000000 0.000000 2.000000 1.000000 3.000000 
2.725574 220.050227 27.000000 1.000000 1.000000 1.000000 1.000000 1.000000 0.000000 13.000000 5.000000 2.000000 6.000000 3.000000 2.000000 
2.485628 228.134040 27.000000 8.000000 1.000000 2.000000 2.000000 1.000000 0.000000 1.000000 5.000000 3.000000 6.000000 0.000000 7.000000 
5.000000 236.365028 36.000000 2.000000 3.000000 3.000000 7.000000 0.000000 0.000000 0.000000 0.000000 0.000000 2.000000 2.000000 1.000000 
12.365028 5.365028 27.000000 6.000000 8.000000 2.000000 2.000000 0.000000 1.000000 5.000000 6.000000 5.000000 4.000000 7.000000 8.000000 
12.951852 11.586825 0.000000 3.000000 6.000000 4.000000 14.000000 4.000000 3.000000 10.000000 7.000000 9.000000 14.000000 4.000000 3.000000 
13.924894 21.289922 0.000000 5.000000 10.000000 10.000000 11.000000 1.000000 1.000000 3.000000 6.000000 8.000000 8.000000 9.000000 9.000000 
14.542031 30.884051 0.000000 17.000000 8.000000 4.000000 8.000000 4.000000 2.000000 4.000000 8.000000 5.000000 7.000000 3.000000 11.000000 
12.173985 34.539013 0.000000 8.000000 5.000000 4.000000 16.000000 9.000000 1.000000 3.000000 2.000000 6.000000 11.000000 11.000000 5.000000 
11.735588 42.582901 0.000000 20.000000 5.000000 4.000000 10.000000 3.000000 7.000000 4.000000 3.000000 6.000000 7.000000 2.000000 10.000000 
13.986048 51.644825 0.000000 10.000000 6.000000 8.000000 4.000000 7.000000 8.000000 7.000000 6.000000 8.000000 7.000000 6.000000 4.000000 
13.185170 61.267902 0.000000 10.000000 7.000000 7.000000 8.000000 5.000000 6.000000 8.000000 4.000000 4.000000 9.000000 8.000000 5.000000 
12.112013 68.112013 0.000000 6.000000 9.000000 4.000000 12.000000 5.000000 7.000000 11.000000 7.000000 3.000000 11.000000 5.000000 1.000000 
15.799461 79.838165 0.000000 17.000000 10.000000 6.000000 2.000000 6.000000 5.000000 2.000000 9.000000 7.000000 4.000000 9.000000 4.000000 
14.961087 84.433357 0.000000 7.000000 10.000000 9.000000 12.000000 7.000000 5.000000 2.000000 2.000000 1.000000 9.000000 8.000000 9.000000 
11.566023 88.173650 0.000000 8.000000 8.000000 6.000000 14.000000 7.000000 6.000000 8.000000 6.000000 2.000000 5.000000 5.000000 6.000000 
7.325452 98.270551 0.000000 0.000000 2.000000 7.000000 5.000000 5.000000 9.000000 10.000000 6.000000 3.000000 26.000000 3.000000 5.000000 
7.319298 108.633271 0.000000 11.000000 5.000000 8.000000 5.000000 4.000000 6.000000 3.000000 6.000000 3.000000 8.000000 12.000000 10.000000 
9.000000 115.948166 0.000000 13.000000 4.000000 5.000000 9.000000 7.000000 4.000000 5.000000 7.000000 7.000000 7.000000 7.000000 6.000000 
11.466289 123.210228 0.000000 12.000000 14.000000 3.000000 5.000000 0.000000 0.000000 7.000000 6.000000 8.000000 13.000000 5.000000 8.000000 
12.636493 131.002240 0.000000 5.000000 2.000000 6.000000 9.000000 5.000000 8.000000 7.000000 9.000000 6.000000 5.000000 10.000000 9.000000 
12.123328 140.974642 0.000000 8.000000 3.000000 2.000000 8.000000 6.000000 6.000000 10.000000 4.000000 7.000000 8.000000 7.000000 12.000000 
12.735659 145.579881 0.000000 10.000000 4.000000 6.000000 12.000000 6.000000 5.000000 6.000000 5.000000 5.000000 4.000000 7.000000 11.000000 
17.063003 153.562602 0.000000 12.000000 4.000000 6.000000 5.000000 1.000000 2.000000 9.000000 4.000000 4.000000 12.000000 11.000000 11.000000 
14.580955 162.728751 0.000000 3.000000 4.000000 6.000000 16.000000 6.000000 3.000000 3.000000 8.000000 6.000000 11.000000 5.000000 10.000000 
10.296362 173.422534 0.000000 15.000000 7.000000 12.000000 5.000000 5.000000 8.000000 5.000000 4.000000 0.000000 10.000000 4.000000 6.000000 
12.106208 176.773722 0.000000 0.000000 7.000000 4.000000 8.000000 7.000000 3.000000 10.000000 3.000000 9.000000 14.000000 11.000000 5.000000 
13.770035 184.182201 0.000000 2.000000 6.000000 4.000000 11.000000 3.000000 2.000000 13.000000 8.000000 11.000000 6.000000 9.000000 6.000000 
9.761285 197.133605 0.000000 5.000000 2.000000 8.000000 18.000000 8.000000 3.000000 6.000000 3.000000 4.000000 10.000000 9.000000 5.000000 
10.587079 203.435087 0.000000 6.000000 5.000000 2.000000 7.000000 19.000000 10.000000 4.000000 1.000000 7.000000 7.000000 6.000000 7.000000 
11.113372 209.394797 0.000000 5.000000 6.000000 4.000000 10.000000 5.000000 7.000000 7.000000 4.000000 7.000000 4.000000 10.000000 12.000000 
8.310222 216.533616 0.000000 4.000000 2.000000 5.000000 12.000000 7.000000 2.000000 18.000000 4.000000 5.000000 6.000000 10.000000 6.000000 
7.923283 226.949560 0.000000 7.000000 2.000000 4.000000 8.000000 4.000000 6.000000 8.000000 8.000000 8.000000 8.000000 2.000000 16.000000 
11.229295 237.107759 27.000000 3.000000 4.000000 3.000000 4.000000 1.000000 4.000000 4.000000 8.000000 1.000000 3.000000 4.000000 6.000000 
19.586825 4.951852 27.000000 4.000000 10.000000 5.000000 8.000000 4.000000 2.000000 3.000000 1.000000 0.000000 6.000000 3.000000 8.000000 
19.598438 11.002240 0.000000 10.000000 8.000000 5.000000 5.000000 2.000000 6.000000 4.000000 4.000000 4.000000 18.000000 4.000000 11.000000 
19.705555 21.254070 0.000000 10.000000 7.000000 1.000000 3.000000 6.000000 5.000000 11.000000 6.000000 11.000000 14.000000 4.000000 3.000000 
19.247493 31.600615 0.000000 23.000000 3.000000 2.000000 5.000000 4.000000 1.000000 3.000000 7.000000 8.000000 11.000000 4.000000 10.000000 
20.545845 38.069967 0.000000 10.000000 4.000000 13.000000 14.000000 7.000000 4.000000 0.000000 9.000000 5.000000 10.000000 4.000000 1.000000 
22.991881 44.649055 0.000000 13.000000 7.000000 5.000000 11.000000 6.000000 4.000000 3.000000 4.000000 3.000000 7.000000 7.000000 11.000000 
22.664681 54.015213 0.000000 15.000000 6.000000 6.000000 2.000000 1.000000 1.000000 6.000000 7.000000 2.000000 10.000000 11.000000 14.000000 
23.737215 62.644825 0.000000 13.000000 11.000000 6.000000 4.000000 5.000000 7.000000 9.000000 3.000000 3.000000 5.000000 8.000000 7.000000 
22.509831 69.768701 0.000000 5.000000 5.000000 5.000000 8.000000 4.000000 4.000000 6.000000 5.000000 8.000000 15.000000 7.000000 9.000000 
20.784218 78.527377 0.000000 24.000000 4.000000 7.000000 12.000000 2.000000 4.000000 4.000000 6.000000 4.000000 7.000000 3.000000 4.000000 
18.586825 86.667006 0.000000 13.000000 8.000000 4.000000 2.000000 2.000000 3.000000 1.000000 6.000000 3.000000 25.000000 4.000000 10.000000 
17.153837 89.119845 0.000000 7.000000 11.000000 7.000000 6.000000 4.000000 3.000000 2.000000 7.000000 6.000000 20.000000 3.000000 5.000000 
17.699584 98.563742 0.000000 4.000000 7.000000 9.000000 13.000000 6.000000 6.000000 2.000000 2.000000 5.000000 9.000000 6.000000 12.000000 
18.000000 111.474101 0.000000 18.000000 0.000000 5.000000 5.000000 3.000000 7.000000 4.000000 6.000000 9.000000 14.000000 3.000000 7.000000 
17.978964 117.343623 0.000000 18.000000 1.000000 6.000000 12.000000 2.000000 1.000000 6.000000 5.000000 10.000000 13.000000 2.000000 5.000000 
21.881187 125.951852 0.000000 18.000000 16.000000 5.000000 10.000000 6.000000 1.000000 4.000000 3.000000 2.000000 7.000000 1.000000 8.000000 
22.197309 130.970365 0.000000 11.000000 7.000000 10.000000 8.000000 5.000000 2.000000 2.000000 5.000000 5.000000 14.000000 5.000000 7.000000 
22.735588 140.909237 0.000000 9.000000 8.000000 9.000000 6.000000 5.000000 3.000000 4.000000 3.000000 2.000000 13.000000 8.000000 11.000000 
23.151596 149.035518 0.000000 9.000000 5.000000 6.000000 8.000000 3.000000 6.000000 6.000000 4.000000 5.000000 7.000000 6.000000 16.000000 
22.758332 159.041129 0.000000 17.000000 7.000000 10.000000 8.000000 3.000000 3.000000 5.000000 1.000000 1.000000 6.000000 7.000000 13.000000 
21.356770 164.508449 0.000000 5.000000 5.000000 5.000000 22.000000 7.000000 6.000000 7.000000 2.000000 4.000000 5.000000 5.000000 8.000000 
17.550597 173.101886 0.000000 7.000000 7.000000 14.000000 4.000000 2.000000 2.000000 3.000000 1.000000 4.000000 25.000000 7.000000 5.000000 
20.696844 176.274935 0.000000 7.000000 10.000000 15.000000 8.000000 1.000000 1.000000 8.000000 6.000000 7.000000 11.000000 5.000000 2.000000 
21.054750 184.704435 0.000000 7.000000 9.000000 9.000000 6.000000 7.000000 7.000000 14.000000 10.000000 4.000000 0.000000 3.000000 5.000000 
23.088284 196.728675 0.000000 8.000000 5.000000 4.000000 12.000000 5.000000 7.000000 5.000000 4.000000 9.000000 11.000000 7.000000 4.000000 
21.409763 204.704001 0.000000 6.000000 5.000000 5.000000 9.000000 2.000000 4.000000 11.000000 12.000000 7.000000 13.000000 3.000000 4.000000 
22.061873 214.255901 0.000000 7.000000 5.000000 6.000000 16.000000 6.000000 2.000000 4.000000 9.000000 8.000000 9.000000 5.000000 4.000000 
22.707504 224.031675 0.000000 5.000000 3.000000 5.000000 13.000000 11.000000 8.000000 7.000000 1.000000 3.000000 11.000000 8.000000 6.000000 
21.618381 231.735714 0.000000 11.000000 6.000000 1.000000 6.000000 7.000000 9.000000 5.000000 2.000000 4.000000 7.000000 5.000000 18.000000 
20.377236 238.594880 27.000000 6.000000 4.000000 2.000000 1.000000 2.000000 2.000000 3.000000 1.000000 2.000000 7.000000 3.000000 12.000000 
28.925622 4.951852 27.000000 9.000000 5.000000 3.000000 2.000000 1.000000 4.000000 0.000000 4.000000 7.000000 8.000000 2.000000 9.000000 
29.118010 9.701148 0.000000 9.000000 4.000000 4.000000 5.000000 5.000000 9.000000 7.000000 6.000000 7.000000 9.000000 5.000000 11.000000 
28.353858 20.960126 0.000000 0.000000 1.000000 3.000000 11.000000 7.000000 3.000000 12.000000 9.000000 11.000000 7.000000 11.000000 6.000000 
27.980668 30.256719 0.000000 15.000000 6.000000 7.000000 9.000000 2.000000 5.000000 3.000000 6.000000 6.000000 10.000000 8.000000 4.000000 
30.700631 38.069721 0.000000 10.000000 8.000000 8.000000 6.000000 4.000000 5.000000 2.000000 4.000000 4.000000 17.000000 10.000000 3.000000 
31.583138 42.324652 0.000000 7.000000 8.000000 7.000000 6.000000 4.000000 6.000000 5.000000 3.000000 2.000000 16.000000 10.000000 7.000000 
32.945938 53.119756 0.000000 16.000000 7.000000 9.000000 3.000000 0.000000 6.000000 5.000000 5.000000 4.000000 6.000000 6.000000 14.000000 
34.203226 60.909237 0.000000 14.000000 8.000000 3.000000 7.000000 2.000000 1.000000 6.000000 5.000000 4.000000 7.000000 7.000000 17.000000 
32.210005 66.572772 0.000000 10.000000 11.000000 4.000000 9.000000 3.000000 3.000000 4.000000 11.000000 7.000000 11.000000 3.000000 5.000000 
30.000000 75.257254 0.000000 15.000000 9.000000 6.000000 10.000000 5.000000 1.000000 6.000000 5.000000 5.000000 6.000000 5.000000 8.000000 
28.238597 85.368758 0.000000 17.000000 7.000000 5.000000 6.000000 3.000000 4.000000 6.000000 5.000000 5.000000 7.000000 5.000000 11.000000 
28.160830 89.663304 0.000000 18.000000 8.000000 6.000000 6.000000 4.000000 3.000000 2.000000 5.000000 7.000000 7.000000 2.000000 13.000000 
27.238633 99.692550 0.000000 18.000000 5.000000 5.000000 13.000000 3.000000 6.000000 4.000000 4.000000 3.000000 7.000000 7.000000 6.000000 
27.176844 110.428553 0.000000 6.000000 3.000000 5.000000 10.000000 13.000000 10.000000 7.000000 3.000000 3.000000 10.000000 3.000000 8.000000 
26.114288 114.834279 0.000000 16.000000 2.000000 5.000000 8.000000 9.000000 6.000000 2.000000 2.000000 4.000000 11.000000 3.000000 13.000000 
26.060719 123.905846 0.000000 26.000000 11.000000 4.000000 2.000000 6.000000 4.000000 4.000000 2.000000 2.000000 8.000000 1.000000 11.000000 
26.647065 130.322413 0.000000 20.000000 6.000000 4.000000 8.000000 3.000000 5.000000 7.000000 1.000000 6.000000 12.000000 4.000000 5.000000 
30.223846 142.067100 0.000000 2.000000 2.000000 1.000000 3.000000 8.000000 6.000000 8.000000 11.000000 5.000000 12.000000 11.000000 12.000000 
30.258465 151.644825 0.000000 3.000000 2.000000 4.000000 12.000000 9.000000 5.000000 11.000000 11.000000 9.000000 10.000000 3.000000 2.000000 
29.421733 157.651387 0.000000 16.000000 4.000000 4.000000 5.000000 7.000000 2.000000 3.000000 4.000000 6.000000 8.000000 9.000000 13.000000 
26.937084 161.102244 0.000000 16.000000 7.000000 8.000000 5.000000 1.000000 1.000000 4.000000 3.000000 6.000000 13.000000 7.000000 10.000000 
27.934190 174.365028 0.000000 22.000000 6.000000 3.000000 3.000000 4.000000 8.000000 6.000000 4.000000 0.000000 10.000000 7.000000 8.000000 
28.587673 178.959982 0.000000 20.000000 7.000000 8.000000 13.000000 1.000000 3.000000 3.000000 5.000000 3.000000 11.000000 5.000000 2.000000 
25.947443 186.669933 0.000000 20.000000 8.000000 7.000000 1.000000 3.000000 5.000000 4.000000 7.000000 3.000000 5.000000 7.000000 11.000000 
27.832203 193.436554 0.000000 10.000000 5.000000 6.000000 12.000000 1.000000 2.000000 1.000000 4.000000 6.000000 9.000000 11.000000 14.000000 
25.591134 202.351782 0.000000 3.000000 6.000000 7.000000 9.000000 8.000000 6.000000 3.000000 2.000000 4.000000 25.000000 3.000000 5.000000 
26.879931 212.693249 0.000000 4.000000 6.000000 6.000000 20.000000 2.000000 2.000000 13.000000 11.000000 3.000000 3.000000 8.000000 3.000000 
28.283239 224.821917 0.000000 6.000000 6.000000 9.000000 18.000000 11.000000 4.000000 6.000000 5.000000 5.000000 2.000000 5.000000 4.000000 
28.985344 230.469619 0.000000 7.000000 5.000000 8.000000 11.000000 8.000000 2.000000 5.000000 5.000000 4.000000 6.000000 5.000000 15.000000 
28.000000 237.365028 27.000000 6.000000 5.000000 3.000000 2.000000 5.000000 5.000000 5.000000 3.000000 0.000000 1.000000 4.000000 6.000000 
35.060539 4.425567 27.000000 12.000000 5.000000 3.000000 5.000000 0.000000 4.000000 1.000000 7.000000 3.000000 6.000000 4.000000 4.000000 
34.931444 10.645163 0.000000 16.000000 5.000000 5.000000 5.000000 2.000000 5.000000 1.000000 9.000000 6.000000 11.000000 7.000000 9.000000 
35.827900 24.106411 0.000000 19.000000 4.000000 9.000000 8.000000 2.000000 3.000000 4.000000 4.000000 6.000000 12.000000 5.000000 5.000000 
34.346726 28.972652 0.000000 14.000000 3.000000 10.000000 13.000000 5.000000 3.000000 6.000000 6.000000 4.000000 5.000000 8.000000 4.000000 
33.218110 37.712101 0.000000 6.000000 4.000000 3.000000 9.000000 2.000000 3.000000 5.000000 1.000000 5.000000 28.000000 12.000000 3.000000 
37.844490 43.557368 0.000000 9.000000 6.000000 6.000000 15.000000 3.000000 6.000000 5.000000 5.000000 4.000000 8.000000 8.000000 6.000000 
43.974705 51.610156 0.000000 17.000000 8.000000 6.000000 3.000000 7.000000 4.000000 12.000000 2.000000 3.000000 8.000000 7.000000 4.000000 
41.405769 60.668549 0.000000 6.000000 5.000000 3.000000 7.000000 3.000000 5.000000 13.000000 5.000000 5.000000 5.000000 4.000000 20.000000 
37.853006 69.989657 0.000000 14.000000 4.000000 5.000000 16.000000 5.000000 9.000000 4.000000 2.000000 2.000000 9.000000 2.000000 9.000000 
37.681455 76.525502 0.000000 24.000000 7.000000 4.000000 4.000000 5.000000 2.000000 1.000000 7.000000 7.000000 7.000000 4.000000 9.000000 
39.547342 84.885883 0.000000 13.000000 7.000000 9.000000 13.000000 6.000000 4.000000 6.000000 1.000000 4.000000 5.000000 5.000000 8.000000 
38.704011 89.359643 0.000000 19.000000 11.000000 8.000000 13.000000 4.000000 2.000000 3.000000 3.000000 1.000000 3.000000 6.000000 8.000000 
32.800794 100.285385 0.000000 5.000000 8.000000 9.000000 17.000000 5.000000 6.000000 9.000000 4.000000 1.000000 5.000000 5.000000 7.000000 
34.179388 108.802155 0.000000 5.000000 4.000000 7.000000 7.000000 6.000000 7.000000 7.000000 5.000000 4.000000 12.000000 8.000000 9.000000 
32.535151 114.867825 0.000000 18.000000 6.000000 5.000000 10.000000 5.000000 2.000000 8.000000 1.000000 0.000000 6.000000 8.000000 12.000000 
32.951852 123.751330 0.000000 28.000000 7.000000 4.000000 10.000000 3.000000 3.000000 0.000000 1.000000 3.000000 12.000000 3.000000 7.000000 
36.752347 132.405857 0.000000 15.000000 8.000000 2.000000 12.000000 5.000000 4.000000 2.000000 2.000000 4.000000 13.000000 8.000000 6.000000 
37.355774 141.322413 0.000000 3.000000 5.000000 4.000000 13.000000 12.000000 10.000000 8.000000 10.000000 7.000000 4.000000 2.000000 3.000000 
39.856745 148.554408 0.000000 18.000000 9.000000 5.000000 8.000000 2.000000 0.000000 2.000000 2.000000 3.000000 14.000000 13.000000 5.000000 
34.618556 153.414593 0.000000 9.000000 4.000000 8.000000 23.000000 3.000000 2.000000 5.000000 3.000000 5.000000 13.000000 3.000000 3.000000 
32.094001 160.737865 0.000000 22.000000 4.000000 9.000000 3.000000 2.000000 5.000000 3.000000 4.000000 6.000000 3.000000 9.000000 11.000000 
34.884625 171.572865 0.000000 25.000000 7.000000 8.000000 4.000000 3.000000 4.000000 1.000000 0.000000 4.000000 11.000000 10.000000 4.000000 
35.586825 178.238923 0.000000 21.000000 11.000000 10.000000 3.000000 1.000000 0.000000 0.000000 1.000000 7.000000 12.000000 12.000000 3.000000 
34.939136 186.159242 0.000000 8.000000 12.000000 14.000000 11.000000 2.000000 3.000000 1.000000 4.000000 7.000000 4.000000 7.000000 8.000000 
33.875963 193.911477 0.000000 4.000000 6.000000 7.000000 11.000000 5.000000 1.000000 5.000000 13.000000 7.000000 7.000000 8.000000 7.000000 
33.103755 203.206091 0.000000 7.000000 5.000000 3.000000 3.000000 6.000000 7.000000 7.000000 14.000000 12.000000 7.000000 8.000000 2.000000 
34.734355 212.388909 0.000000 6.000000 4.000000 8.000000 12.000000 1.000000 4.000000 17.000000 10.000000 7.000000 3.000000 6.000000 3.000000 
39.992131 223.687416 0.000000 4.000000 7.000000 10.000000 5.000000 4.000000 4.000000 7.000000 3.000000 4.000000 7.000000 7.000000 19.000000 
40.202781 230.482101 0.000000 8.000000 4.000000 3.000000 10.000000 6.000000 6.000000 5.000000 2.000000 8.000000 12.000000 9.000000 8.000000 
36.370618 237.365028 27.000000 4.000000 2.000000 4.000000 1.000000 2.000000 1.000000 4.000000 3.000000 3.000000 2.000000 9.000000 10.000000 
44.855343 4.951852 27.000000 6.000000 3.000000 3.000000 4.000000 1.000000 1.000000 3.000000 3.000000 3.000000 5.000000 6.000000 16.000000 
45.048332 11.601547 0.000000 9.000000 4.000000 6.000000 11.000000 6.000000 5.000000 8.000000 6.000000 8.000000 7.000000 8.000000 3.000000 
39.361734 21.851285 0.000000 18.000000 8.000000 5.000000 5.000000 5.000000 4.000000 4.000000 6.000000 5.000000 9.000000 2.000000 10.000000 
39.233515 27.884947 0.000000 13.000000 8.000000 10.000000 13.000000 4.000000 3.000000 0.000000 2.000000 2.000000 7.000000 7.000000 12.000000 
41.346749 37.096801 0.000000 12.000000 7.000000 8.000000 13.000000 8.000000 8.000000 5.000000 3.000000 3.000000 4.000000 4.000000 6.000000 
43.766511 42.494326 0.000000 14.000000 4.000000 5.000000 6.000000 11.000000 6.000000 5.000000 6.000000 6.000000 3.000000 8.000000 7.000000 
47.876528 48.057479 0.000000 15.000000 1.000000 2.000000 3.000000 4.000000 4.000000 9.000000 2.000000 3.000000 15.000000 13.000000 10.000000 
47.252902 58.920996 0.000000 13.000000 11.000000 6.000000 8.000000 5.000000 2.000000 5.000000 6.000000 3.000000 9.000000 9.000000 4.000000 
49.948751 70.338494 0.000000 12.000000 6.000000 7.000000 17.000000 2.000000 2.000000 3.000000 6.000000 3.000000 8.000000 3.000000 12.000000 
47.791760 76.640656 0.000000 8.000000 4.000000 7.000000 16.000000 1.000000 4.000000 5.000000 9.000000 3.000000 14.000000 5.000000 5.000000 
44.929665 83.541379 0.000000 20.000000 10.000000 8.000000 2.000000 1.000000 3.000000 6.000000 4.000000 2.000000 6.000000 7.000000 12.000000 
44.763191 89.638575 0.000000 15.000000 7.000000 7.000000 7.000000 8.000000 6.000000 4.000000 7.000000 4.000000 3.000000 8.000000 5.000000 
42.792716 101.359379 0.000000 4.000000 9.000000 0.000000 2.000000 3.000000 5.000000 5.000000 4.000000 15.000000 21.000000 5.000000 8.000000 
42.170712 106.254849 0.000000 9.000000 6.000000 6.000000 2.000000 2.000000 4.000000 6.000000 8.000000 14.000000 13.000000 5.000000 6.000000 
43.381139 114.892809 0.000000 7.000000 4.000000 5.000000 9.000000 11.000000 5.000000 6.000000 3.000000 13.000000 3.000000 5.000000 10.000000 
43.401212 126.766240 0.000000 22.000000 11.000000 2.000000 10.000000 3.000000 4.000000 2.000000 1.000000 2.000000 2.000000 5.000000 17.000000 
47.128246 134.000000 0.000000 22.000000 7.000000 7.000000 6.000000 3.000000 2.000000 3.000000 4.000000 4.000000 12.000000 6.000000 5.000000 
45.880061 139.073004 0.000000 21.000000 6.000000 10.000000 9.000000 4.000000 2.000000 2.000000 6.000000 4.000000 7.000000 6.000000 4.000000 
45.393517 146.909237 0.000000 16.000000 6.000000 16.000000 3.000000 3.000000 1.000000 4.000000 2.000000 2.000000 4.000000 13.000000 11.000000 
41.105874 153.894126 0.000000 7.000000 2.000000 8.000000 23.000000 7.000000 2.000000 3.000000 3.000000 4.000000 8.000000 7.000000 7.000000 
44.835847 161.696405 0.000000 20.000000 6.000000 12.000000 3.000000 2.000000 1.000000 1.000000 3.000000 3.000000 10.000000 9.000000 11.000000 
43.279293 171.670743 0.000000 8.000000 10.000000 12.000000 12.000000 5.000000 6.000000 4.000000 5.000000 5.000000 5.000000 4.000000 5.000000 
43.460412 182.413175 0.000000 19.000000 13.000000 8.000000 3.000000 4.000000 4.000000 2.000000 3.000000 4.000000 5.000000 10.000000 6.000000 
43.322875 187.646890 0.000000 12.000000 10.000000 6.000000 4.000000 4.000000 3.000000 1.000000 4.000000 5.000000 12.000000 13.000000 7.000000 
41.532060 195.197272 0.000000 6.000000 9.000000 7.000000 5.000000 0.000000 3.000000 3.000000 5.000000 6.000000 20.000000 7.000000 10.000000 
42.006600 203.004780 0.000000 13.000000 4.000000 17.000000 12.000000 4.000000 4.000000 4.000000 1.000000 3.000000 7.000000 5.000000 7.000000 
45.267136 212.315255 0.000000 13.000000 7.000000 8.000000 12.000000 3.000000 4.000000 2.000000 2.000000 2.000000 5.000000 9.000000 14.000000 
47.160288 219.363434 0.000000 6.000000 10.000000 4.000000 17.000000 6.000000 6.000000 3.000000 3.000000 1.000000 5.000000 6.000000 14.000000 
47.527633 229.689680 0.000000 16.000000 7.000000 5.000000 12.000000 7.000000 8.000000 6.000000 2.000000 4.000000 4.000000 3.000000 7.000000 
45.100511 237.365028 27.000000 4.000000 4.000000 7.000000 1.000000 0.000000 2.000000 2.000000 2.000000 5.000000 3.000000 6.000000 9.000000 
52.000000 5.689680 27.000000 4.000000 6.000000 7.000000 8.000000 8.000000 2.000000 2.000000 5.000000 4.000000 0.000000 7.000000 1.000000 
52.428686 13.689680 0.000000 11.000000 3.000000 7.000000 12.000000 5.000000 5.000000 8.000000 6.000000 4.000000 7.000000 11.000000 2.000000 
51.824746 21.922586 0.000000 10.000000 12.000000 8.000000 7.000000 4.000000 5.000000 4.000000 4.000000 4.000000 6.000000 7.000000 10.000000 
52.393696 30.580001 0.000000 10.000000 11.000000 4.000000 4.000000 2.000000 7.000000 3.000000 1.000000 5.000000 15.000000 15.000000 4.000000 
52.000000 40.689680 0.000000 6.000000 0.000000 6.000000 7.000000 5.000000 3.000000 6.000000 3.000000 2.000000 28.000000 6.000000 9.000000 
51.067529 45.403336 0.000000 6.000000 1.000000 2.000000 3.000000 5.000000 3.000000 5.000000 3.000000 3.000000 35.000000 9.000000 6.000000 
50.000000 48.948166 0.000000 12.000000 3.000000 2.000000 1.000000 1.000000 1.000000 6.000000 2.000000 4.000000 24.000000 18.000000 7.000000 
52.200418 59.398874 0.000000 10.000000 5.000000 5.000000 7.000000 6.000000 5.000000 11.000000 7.000000 5.000000 9.000000 9.000000 2.000000 
53.952684 70.626667 0.000000 2.000000 6.000000 6.000000 30.000000 4.000000 1.000000 5.000000 7.000000 4.000000 6.000000 3.000000 7.000000 
53.260751 77.798637 0.000000 4.000000 3.000000 6.000000 18.000000 4.000000 3.000000 4.000000 10.000000 7.000000 16.000000 4.000000 2.000000 
49.586825 83.951852 0.000000 16.000000 3.000000 9.000000 10.000000 4.000000 4.000000 2.000000 2.000000 3.000000 9.000000 6.000000 13.000000 
51.622569 91.173769 0.000000 10.000000 8.000000 6.000000 7.000000 5.000000 6.000000 6.000000 6.000000 4.000000 11.000000 7.000000 5.000000 
53.105602 101.470629 0.000000 15.000000 6.000000 2.000000 9.000000 6.000000 4.000000 8.000000 6.000000 4.000000 11.000000 6.000000 4.000000 
50.008132 105.632882 0.000000 11.000000 8.000000 3.000000 7.000000 2.000000 3.000000 7.000000 5.000000 3.000000 12.000000 8.000000 12.000000 
52.736038 116.425718 0.000000 11.000000 6.000000 3.000000 16.000000 8.000000 7.000000 10.000000 7.000000 5.000000 2.000000 1.000000 5.000000 
52.365028 125.684096 0.000000 9.000000 10.000000 15.000000 4.000000 3.000000 5.000000 1.000000 7.000000 5.000000 8.000000 9.000000 5.000000 
52.714693 132.444748 0.000000 17.000000 10.000000 7.000000 2.000000 2.000000 2.000000 1.000000 8.000000 4.000000 21.000000 4.000000 3.000000 
50.926324 139.687440 0.000000 10.000000 7.000000 8.000000 3.000000 5.000000 5.000000 9.000000 6.000000 3.000000 6.000000 4.000000 15.000000 
55.413175 148.951852 0.000000 13.000000 2.000000 15.000000 5.000000 6.000000 5.000000 2.000000 4.000000 2.000000 2.000000 7.000000 18.000000 
53.460336 155.687440 0.000000 9.000000 1.000000 12.000000 6.000000 3.000000 8.000000 1.000000 7.000000 4.000000 9.000000 9.000000 12.000000 
53.366247 165.323434 0.000000 17.000000 6.000000 14.000000 3.000000 4.000000 2.000000 0.000000 5.000000 3.000000 6.000000 11.000000 10.000000 
51.307154 173.687440 0.000000 9.000000 6.000000 7.000000 9.000000 5.000000 7.000000 1.000000 4.000000 4.000000 19.000000 6.000000 4.000000 
49.181702 180.911757 0.000000 16.000000 8.000000 9.000000 12.000000 4.000000 1.000000 2.000000 2.000000 6.000000 8.000000 8.000000 5.000000 
50.322413 188.377152 0.000000 12.000000 6.000000 5.000000 7.000000 0.000000 4.000000 4.000000 5.000000 4.000000 12.000000 12.000000 10.000000 
53.000000 201.012093 0.000000 11.000000 4.000000 2.000000 5.000000 4.000000 4.000000 10.000000 4.000000 6.000000 17.000000 6.000000 8.000000 
52.320843 207.872313 0.000000 4.000000 1.000000 5.000000 9.000000 5.000000 4.000000 7.000000 5.000000 12.000000 18.000000 7.000000 4.000000 
53.322413 214.687440 0.000000 10.000000 4.000000 7.000000 12.000000 6.000000 3.000000 4.000000 2.000000 3.000000 6.000000 8.000000 16.000000 
53.059629 221.736339 0.000000 8.000000 4.000000 2.000000 23.000000 4.000000 4.000000 2.000000 2.000000 1.000000 5.000000 13.000000 13.000000 
52.174949 229.689680 0.000000 14.000000 9.000000 6.000000 16.000000 11.000000 5.000000 4.000000 5.000000 3.000000 3.000000 1.000000 4.000000 
51.619978 237.002427 27.000000 6.000000 10.000000 5.000000 1.000000 1.000000 1.000000 2.000000 4.000000 0.000000 2.000000 5.000000 8.000000 
60.000000 5.324652 39.000000 5.000000 2.000000 2.000000 2.000000 7.000000 1.000000 6.000000 4.000000 3.000000 1.000000 7.000000 2.000000 
60.000000 13.324652 18.000000 5.000000 6.000000 2.000000 4.000000 5.000000 3.000000 12.000000 4.000000 7.000000 9.000000 4.000000 2.000000 
60.000000 21.324652 18.000000 8.000000 6.000000 7.000000 3.000000 3.000000 7.000000 12.000000 4.000000 4.000000 2.000000 3.000000 4.000000 
60.000000 29.324652 18.000000 10.000000 3.000000 3.000000 2.000000 4.000000 7.000000 10.000000 6.000000 6.000000 8.000000 4.000000 0.000000 
60.000000 38.392753 18.000000 1.000000 0.000000 4.000000 2.000000 7.000000 15.000000 18.000000 7.000000 2.000000 3.000000 0.000000 4.000000 
60.000000 45.324652 18.000000 2.000000 1.000000 1.000000 4.000000 10.000000 19.000000 19.000000 3.000000 0.000000 1.000000 1.000000 2.000000 
59.732686 52.790356 18.000000 8.000000 7.000000 4.000000 3.000000 4.000000 7.000000 14.000000 1.000000 7.000000 2.000000 4.000000 2.000000 
60.000000 61.324652 18.000000 9.000000 6.000000 9.000000 7.000000 5.000000 3.000000 3.000000 8.000000 4.000000 3.000000 4.000000 2.000000 
60.000000 69.701958 18.000000 2.000000 3.000000 1.000000 3.000000 4.000000 4.000000 12.000000 13.000000 13.000000 1.000000 3.000000 4.000000 
60.000000 77.324652 18.000000 2.000000 1.000000 3.000000 12.000000 7.000000 6.000000 10.000000 8.000000 4.000000 4.000000 3.000000 3.000000 
59.730964 85.324652 18.000000 5.000000 6.000000 5.000000 1.000000 7.000000 11.000000 11.000000 5.000000 6.000000 1.000000 3.000000 2.000000 
60.000000 93.324652 18.000000 8.000000 7.000000 3.000000 1.000000 2.000000 4.000000 17.000000 8.000000 8.000000 3.000000 0.000000 2.000000 
60.446877 101.771530 18.000000 12.000000 4.000000 0.000000 0.000000 1.000000 2.000000 18.000000 9.000000 9.000000 5.000000 1.000000 2.000000 
59.716321 109.040973 18.000000 10.000000 3.000000 4.000000 3.000000 3.000000 7.000000 11.000000 5.000000 5.000000 5.000000 3.000000 4.000000 
60.000000 117.324652 18.000000 9.000000 4.000000 0.000000 2.000000 1.000000 11.000000 10.000000 9.000000 4.000000 5.000000 2.000000 6.000000 
60.000000 125.324652 18.000000 12.000000 7.000000 5.000000 5.000000 3.000000 4.000000 6.000000 6.000000 3.000000 6.000000 5.000000 1.000000 
60.000000 133.324652 18.000000 9.000000 6.000000 5.000000 1.000000 3.000000 1.000000 3.000000 8.000000 4.000000 17.000000 2.000000 4.000000 
59.706796 141.031449 18.000000 6.000000 2.000000 4.000000 16.000000 6.000000 1.000000 2.000000 3.000000 3.000000 9.000000 1.000000 10.000000 
61.025435 149.324652 18.000000 13.000000 6.000000 6.000000 1.000000 2.000000 2.000000 2.000000 3.000000 2.000000 3.000000 7.000000 16.000000 
60.000000 157.324652 18.000000 3.000000 6.000000 7.000000 11.000000 7.000000 7.000000 1.000000 2.000000 2.000000 5.000000 3.000000 9.000000 
60.000000 165.324652 18.000000 16.000000 8.000000 8.000000 1.000000 2.000000 2.000000 2.000000 5.000000 2.000000 5.000000 4.000000 8.000000 
60.000000 173.324652 18.000000 5.000000 8.000000 7.000000 7.000000 4.000000 4.000000 5.000000 5.000000 4.000000 6.000000 3.000000 5.000000 
59.726277 181.324652 18.000000 5.000000 5.000000 2.000000 6.000000 2.000000 6.000000 7.000000 7.000000 8.000000 7.000000 4.000000 4.000000 
59.706796 189.031449 18.000000 14.000000 4.000000 1.000000 5.000000 3.000000 5.000000 7.000000 9.000000 7.000000 2.000000 1.000000 5.000000 
60.000000 198.521410 18.000000 8.000000 4.000000 5.000000 5.000000 7.000000 7.000000 3.000000 5.000000 6.000000 6.000000 3.000000 4.000000 
60.000000 205.687253 18.000000 10.000000 3.000000 3.000000 6.000000 6.000000 5.000000 9.000000 3.000000 5.000000 3.000000 3.000000 7.000000 
60.426602 213.751254 18.000000 5.000000 2.000000 3.000000 3.000000 9.000000 4.000000 5.000000 5.000000 8.000000 13.000000 3.000000 3.000000 
60.000000 221.324652 18.000000 7.000000 3.000000 4.000000 13.000000 7.000000 2.000000 0.000000 2.000000 1.000000 5.000000 14.000000 5.000000 
59.675648 228.890526 18.000000 9.000000 1.000000 5.000000 11.000000 3.000000 5.000000 4.000000 5.000000 4.000000 2.000000 8.000000 6.000000 
60.000000 236.000000 35.000000 6.000000 5.000000 5.000000 1.000000 1.000000 1.000000 0.000000 2.000000 0.000000 1.000000 4.000000 2.000000 
