240
5.000000 5.689680 39.000000 6.000000 1.000000 1.000000 3.000000 2.000000 0.000000 3.000000 3.000000 2.000000 0.000000 1.000000 2.000000 
2.121336 13.216775 27.000000 1.000000 3.000000 3.000000 17.000000 1.000000 0.000000 2.000000 2.000000 2.000000 2.000000 3.000000 0.000000 
4.328246 22.017926 27.000000 0.000000 1.000000 1.000000 11.000000 2.000000 2.000000 0.000000 1.000000 3.000000 4.000000 5.000000 6.000000 
5.311775 30.422976 27.000000 4.000000 4.000000 1.000000 8.000000 2.000000 2.000000 1.000000 3.000000 1.000000 3.000000 2.000000 5.000000 
4.322413 36.682696 27.000000 4.000000 1.000000 1.000000 6.000000 1.000000 3.000000 3.000000 2.000000 5.000000 8.000000 1.000000 1.000000 
3.586825 44.911477 27.000000 4.000000 5.000000 2.000000 10.000000 1.000000 0.000000 2.000000 0.000000 4.000000 4.000000 3.000000 1.000000 
4.817553 52.831751 27.000000 7.000000 6.000000 1.000000 9.000000 0.000000 0.000000 1.000000 0.000000 4.000000 4.000000 4.000000 0.000000 
4.000000 61.689680 27.000000 4.000000 5.000000 8.000000 3.000000 2.000000 1.000000 1.000000 1.000000 2.000000 5.000000 2.000000 2.000000 
3.586825 68.911477 27.000000 5.000000 9.000000 3.000000 3.000000 1.000000 0.000000 0.000000 1.000000 0.000000 10.000000 3.000000 1.000000 
4.000000 76.959625 27.000000 7.000000 6.000000 3.000000 2.000000 1.000000 0.000000 0.000000 0.000000 1.000000 5.000000 4.000000 7.000000 
4.622493 85.947146 27.000000 6.000000 3.000000 5.000000 3.000000 2.000000 0.000000 0.000000 0.000000 2.000000 8.000000 1.000000 6.000000 
4.324652 93.324652 27.000000 7.000000 4.000000 4.000000 6.000000 0.000000 0.000000 0.000000 1.000000 2.000000 4.000000 6.000000 2.000000 
2.200609 101.409752 27.000000 3.000000 2.000000 3.000000 7.000000 1.000000 0.000000 0.000000 1.000000 2.000000 12.000000 4.000000 1.000000 
4.409314 110.071238 27.000000 9.000000 2.000000 1.000000 2.000000 0.000000 0.000000 0.000000 1.000000 3.000000 5.000000 4.000000 9.000000 
5.112983 117.647065 27.000000 13.000000 0.000000 1.000000 9.000000 1.000000 1.000000 0.000000 0.000000 0.000000 2.000000 0.000000 9.000000 
4.614383 125.294210 27.000000 6.000000 2.000000 2.000000 4.000000 0.000000 0.000000 0.000000 0.000000 1.000000 14.000000 3.000000 4.000000 
4.612855 133.002240 27.000000 4.000000 5.000000 5.000000 11.000000 0.000000 0.000000 0.000000 2.000000 1.000000 2.000000 4.000000 2.000000 
4.000000 141.689680 27.000000 4.000000 4.000000 7.000000 7.000000 0.000000 0.000000 2.000000 1.000000 1.000000 4.000000 4.000000 2.000000 
3.586825 148.911477 27.000000 5.000000 0.000000 2.000000 12.000000 2.000000 1.000000 0.000000 1.000000 0.000000 6.000000 4.000000 3.000000 
5.276699 157.052834 27.000000 2.000000 4.000000 1.000000 9.000000 2.000000 2.000000 0.000000 1.000000 1.000000 3.000000 6.000000 5.000000 
4.889199 165.381954 27.000000 4.000000 2.000000 3.000000 7.000000 1.000000 0.000000 1.000000 1.000000 2.000000 5.000000 5.000000 5.000000 
5.035553 174.601384 27.000000 4.000000 4.000000 3.000000 2.000000 0.000000 1.000000 2.000000 1.000000 2.000000 7.000000 5.000000 5.000000 
4.636035 181.636035 27.000000 2.000000 3.000000 5.000000 4.000000 0.000000 3.000000 8.000000 0.000000 0.000000 6.000000 1.000000 4.000000 
3.495398 187.312872 27.000000 5.000000 1.000000 1.000000 2.000000 0.000000 0.000000 2.000000 2.000000 1.000000 12.000000 5.000000 5.000000 
4.000000 198.041863 27.000000 1.000000 2.000000 4.000000 7.000000 0.000000 3.000000 2.000000 0.000000 1.000000 6.000000 4.000000 6.000000 
4.000000 205.689680 27.000000 5.000000 4.000000 3.000000 3.000000 2.000000 0.000000 0.000000 0.000000 0.000000 12.000000 4.000000 3.000000 
4.554396 214.244077 27.000000 1.000000 2.000000 4.000000 3.000000 1.000000 1.000000 1.000000 2.000000 0.000000 10.000000 7.000000 4.000000 
4.620460 221.945113 27.000000 6.000000 1.000000 3.000000 15.000000 1.000000 0.000000 0.000000 0.000000 0.000000 2.000000 3.000000 5.000000 
5.268811 228.096217 27.000000 7.000000 0.000000 0.000000 10.000000 4.000000 0.000000 1.000000 0.000000 2.000000 3.000000 1.000000 8.000000 
5.000000 236.365028 36.000000 3.000000 2.000000 1.000000 4.000000 0.000000 0.000000 0.000000 0.000000 1.000000 3.000000 2.000000 4.000000 
10.573679 5.275955 27.000000 8.000000 2.000000 3.000000 3.000000 3.000000 2.000000 0.000000 6.000000 4.000000 7.000000 11.000000 5.000000 
7.899816 12.602448 0.000000 1.000000 8.000000 6.000000 32.000000 4.000000 6.000000 2.000000 2.000000 5.000000 4.000000 6.000000 5.000000 
13.069295 21.805399 0.000000 6.000000 4.000000 11.000000 7.000000 3.000000 5.000000 6.000000 10.000000 6.000000 9.000000 5.000000 9.000000 
17.413175 31.415448 0.000000 15.000000 7.000000 1.000000 9.000000 10.000000 4.000000 2.000000 3.000000 7.000000 12.000000 6.000000 5.000000 
14.566962 35.374863 0.000000 0.000000 5.000000 4.000000 12.000000 8.000000 6.000000 4.000000 8.000000 10.000000 19.000000 3.000000 2.000000 
12.387545 42.317025 0.000000 19.000000 2.000000 1.000000 7.000000 6.000000 2.000000 7.000000 5.000000 16.000000 2.000000 7.000000 7.000000 
16.004129 49.963083 0.000000 6.000000 4.000000 8.000000 12.000000 9.000000 4.000000 3.000000 3.000000 3.000000 7.000000 9.000000 13.000000 
11.721061 59.626238 0.000000 13.000000 10.000000 5.000000 7.000000 3.000000 11.000000 11.000000 5.000000 4.000000 6.000000 1.000000 5.000000 
11.292798 66.948166 0.000000 9.000000 10.000000 5.000000 11.000000 8.000000 6.000000 3.000000 3.000000 8.000000 9.000000 7.000000 2.000000 
11.743210 76.470288 0.000000 10.000000 3.000000 6.000000 10.000000 5.000000 4.000000 7.000000 8.000000 10.000000 6.000000 5.000000 7.000000 
13.438325 85.073297 0.000000 11.000000 12.000000 10.000000 7.000000 2.000000 5.000000 9.000000 5.000000 3.000000 6.000000 5.000000 6.000000 
12.309207 91.205367 0.000000 14.000000 8.000000 6.000000 5.000000 8.000000 6.000000 4.000000 4.000000 4.000000 9.000000 11.000000 2.000000 
8.607904 100.229868 0.000000 2.000000 5.000000 6.000000 13.000000 5.000000 5.000000 3.000000 3.000000 7.000000 18.000000 10.000000 4.000000 
15.982706 111.333141 0.000000 13.000000 4.000000 4.000000 8.000000 5.000000 2.000000 5.000000 6.000000 3.000000 10.000000 6.000000 15.000000 
16.921605 117.457598 0.000000 23.000000 9.000000 0.000000 8.000000 3.000000 4.000000 8.000000 5.000000 5.000000 5.000000 2.000000 9.000000 
15.289317 123.173650 0.000000 23.000000 11.000000 0.000000 4.000000 5.000000 5.000000 12.000000 1.000000 5.000000 7.000000 0.000000 8.000000 
14.000000 130.104956 0.000000 12.000000 13.000000 4.000000 6.000000 4.000000 3.000000 6.000000 9.000000 9.000000 4.000000 4.000000 7.000000 
11.445141 141.000000 0.000000 5.000000 5.000000 5.000000 13.000000 4.000000 2.000000 10.000000 7.000000 5.000000 8.000000 6.000000 11.000000 
12.818726 146.758531 0.000000 8.000000 3.000000 7.000000 9.000000 3.000000 7.000000 7.000000 1.000000 1.000000 14.000000 5.000000 16.000000 
19.903923 153.368433 0.000000 1.000000 6.000000 5.000000 21.000000 7.000000 2.000000 2.000000 3.000000 2.000000 15.000000 9.000000 8.000000 
16.372690 165.909587 0.000000 2.000000 1.000000 5.000000 12.000000 7.000000 11.000000 5.000000 3.000000 7.000000 11.000000 9.000000 8.000000 
18.487431 179.428067 0.000000 2.000000 3.000000 8.000000 9.000000 5.000000 1.000000 5.000000 3.000000 5.000000 26.000000 9.000000 5.000000 
13.975450 180.089831 0.000000 4.000000 0.000000 2.000000 7.000000 6.000000 3.000000 11.000000 4.000000 6.000000 23.000000 9.000000 6.000000 
10.155134 183.576704 0.000000 3.000000 2.000000 4.000000 1.000000 4.000000 5.000000 8.000000 6.000000 5.000000 24.000000 13.000000 6.000000 
12.607154 197.796117 0.000000 6.000000 7.000000 4.000000 5.000000 5.000000 7.000000 3.000000 9.000000 6.000000 15.000000 7.000000 7.000000 
12.608747 206.696340 0.000000 7.000000 7.000000 4.000000 8.000000 14.000000 7.000000 2.000000 7.000000 7.000000 10.000000 4.000000 4.000000 
14.991959 215.991959 0.000000 6.000000 5.000000 8.000000 17.000000 6.000000 7.000000 11.000000 4.000000 2.000000 4.000000 4.000000 7.000000 
14.991074 221.934438 0.000000 2.000000 2.000000 3.000000 12.000000 6.000000 2.000000 9.000000 9.000000 7.000000 16.000000 5.000000 8.000000 
15.000000 226.101833 0.000000 11.000000 4.000000 7.000000 6.000000 3.000000 4.000000 4.000000 5.000000 5.000000 14.000000 7.000000 11.000000 
12.499511 236.865517 27.000000 5.000000 4.000000 4.000000 7.000000 2.000000 3.000000 5.000000 1.000000 1.000000 5.000000 5.000000 3.000000 
19.586825 5.402291 27.000000 8.000000 5.000000 8.000000 14.000000 4.000000 4.000000 1.000000 3.000000 2.000000 3.000000 1.000000 1.000000 
17.208841 10.208841 0.000000 18.000000 6.000000 10.000000 2.000000 1.000000 1.000000 1.000000 2.000000 5.000000 19.000000 11.000000 5.000000 
18.324652 18.324652 0.000000 6.000000 14.000000 7.000000 8.000000 5.000000 6.000000 3.000000 2.000000 9.000000 6.000000 6.000000 9.000000 
22.477207 31.228118 0.000000 19.000000 9.000000 3.000000 6.000000 7.000000 2.000000 8.000000 1.000000 4.000000 9.000000 7.000000 6.000000 
19.403884 38.214189 0.000000 7.000000 7.000000 5.000000 19.000000 11.000000 5.000000 0.000000 3.000000 6.000000 6.000000 6.000000 6.000000 
23.196923 45.587907 0.000000 15.000000 3.000000 1.000000 5.000000 7.000000 5.000000 8.000000 6.000000 5.000000 11.000000 9.000000 6.000000 
23.024962 49.322337 0.000000 6.000000 2.000000 8.000000 9.000000 9.000000 8.000000 6.000000 6.000000 6.000000 11.000000 6.000000 4.000000 
19.424667 59.020074 0.000000 13.000000 5.000000 10.000000 4.000000 4.000000 2.000000 1.000000 1.000000 4.000000 8.000000 11.000000 18.000000 
20.328079 70.036949 0.000000 16.000000 7.000000 4.000000 2.000000 6.000000 6.000000 2.000000 2.000000 6.000000 15.000000 11.000000 4.000000 
17.759753 77.388048 0.000000 13.000000 5.000000 12.000000 18.000000 3.000000 1.000000 4.000000 5.000000 2.000000 7.000000 6.000000 5.000000 
18.360919 81.096396 0.000000 15.000000 5.000000 9.000000 13.000000 4.000000 1.000000 7.000000 3.000000 3.000000 6.000000 6.000000 9.000000 
21.727223 88.535845 0.000000 14.000000 6.000000 7.000000 6.000000 6.000000 2.000000 6.000000 8.000000 6.000000 12.000000 4.000000 4.000000 
21.320718 98.142635 0.000000 6.000000 7.000000 6.000000 11.000000 8.000000 8.000000 0.000000 5.000000 10.000000 8.000000 8.000000 4.000000 
22.553227 111.687440 0.000000 17.000000 6.000000 3.000000 3.000000 3.000000 4.000000 7.000000 3.000000 5.000000 7.000000 6.000000 17.000000 
19.174509 117.177685 0.000000 27.000000 14.000000 3.000000 6.000000 0.000000 5.000000 10.000000 3.000000 4.000000 4.000000 0.000000 5.000000 
16.245253 122.285694 0.000000 24.000000 16.000000 5.000000 6.000000 1.000000 3.000000 7.000000 2.000000 4.000000 5.000000 1.000000 7.000000 
20.284724 128.715276 0.000000 21.000000 16.000000 8.000000 2.000000 2.000000 1.000000 4.000000 3.000000 6.000000 13.000000 2.000000 3.000000 
18.586825 141.706963 0.000000 2.000000 6.000000 3.000000 14.000000 6.000000 4.000000 4.000000 4.000000 5.000000 18.000000 8.000000 7.000000 
20.418970 147.278292 0.000000 12.000000 4.000000 9.000000 16.000000 6.000000 1.000000 0.000000 2.000000 3.000000 11.000000 9.000000 8.000000 
25.206091 153.088331 0.000000 1.000000 3.000000 3.000000 27.000000 12.000000 4.000000 3.000000 6.000000 2.000000 11.000000 5.000000 4.000000 
19.242845 167.300611 0.000000 2.000000 3.000000 8.000000 28.000000 7.000000 10.000000 5.000000 4.000000 3.000000 4.000000 4.000000 3.000000 
22.586158 177.600439 0.000000 16.000000 5.000000 4.000000 7.000000 1.000000 1.000000 6.000000 5.000000 1.000000 14.000000 13.000000 8.000000 
18.878429 180.745854 0.000000 6.000000 7.000000 2.000000 9.000000 5.000000 0.000000 6.000000 4.000000 4.000000 27.000000 4.000000 7.000000 
18.719742 186.754621 0.000000 7.000000 12.000000 10.000000 8.000000 6.000000 4.000000 2.000000 10.000000 8.000000 2.000000 6.000000 6.000000 
21.097270 195.838784 0.000000 16.000000 2.000000 7.000000 12.000000 8.000000 5.000000 4.000000 2.000000 4.000000 7.000000 4.000000 10.000000 
21.464777 205.134958 0.000000 6.000000 2.000000 5.000000 4.000000 6.000000 6.000000 15.000000 9.000000 8.000000 10.000000 6.000000 4.000000 
21.831863 213.481550 0.000000 12.000000 9.000000 7.000000 9.000000 8.000000 8.000000 2.000000 6.000000 7.000000 3.000000 4.000000 6.000000 
17.583138 222.647065 0.000000 4.000000 4.000000 5.000000 12.000000 5.000000 6.000000 1.000000 4.000000 4.000000 21.000000 10.000000 5.000000 
19.611471 230.690602 0.000000 26.000000 4.000000 10.000000 5.000000 3.000000 1.000000 2.000000 0.000000 3.000000 7.000000 10.000000 10.000000 
20.000000 237.779152 27.000000 8.000000 2.000000 3.000000 4.000000 2.000000 5.000000 5.000000 2.000000 4.000000 3.000000 6.000000 1.000000 
27.586825 4.951852 27.000000 9.000000 2.000000 3.000000 4.000000 6.000000 3.000000 2.000000 6.000000 4.000000 11.000000 1.000000 3.000000 
28.765927 10.963849 0.000000 12.000000 8.000000 5.000000 6.000000 4.000000 9.000000 8.000000 7.000000 7.000000 3.000000 4.000000 8.000000 
29.044922 20.478146 0.000000 5.000000 4.000000 2.000000 7.000000 4.000000 9.000000 8.000000 11.000000 6.000000 10.000000 9.000000 6.000000 
27.647510 29.341840 0.000000 11.000000 6.000000 9.000000 6.000000 5.000000 7.000000 8.000000 3.000000 5.000000 8.000000 7.000000 6.000000 
25.020987 37.650657 0.000000 12.000000 11.000000 6.000000 22.000000 6.000000 3.000000 1.000000 2.000000 1.000000 4.000000 4.000000 9.000000 
29.305634 44.423154 0.000000 7.000000 3.000000 5.000000 9.000000 5.000000 3.000000 7.000000 4.000000 6.000000 19.000000 10.000000 3.000000 
26.999842 50.413175 0.000000 8.000000 6.000000 5.000000 4.000000 7.000000 9.000000 1.000000 5.000000 4.000000 16.000000 7.000000 9.000000 
26.861265 60.463387 0.000000 16.000000 5.000000 11.000000 7.000000 3.000000 4.000000 1.000000 2.000000 3.000000 12.000000 9.000000 8.000000 
28.292869 68.909237 0.000000 8.000000 6.000000 1.000000 21.000000 7.000000 3.000000 4.000000 6.000000 7.000000 5.000000 2.000000 11.000000 
29.082390 77.887087 0.000000 19.000000 1.000000 3.000000 8.000000 6.000000 5.000000 6.000000 7.000000 5.000000 8.000000 4.000000 9.000000 
29.115203 84.502475 0.000000 7.000000 7.000000 6.000000 5.000000 6.000000 7.000000 9.000000 7.000000 2.000000 11.000000 3.000000 11.000000 
30.620287 89.261985 0.000000 7.000000 8.000000 9.000000 4.000000 7.000000 3.000000 6.000000 5.000000 3.000000 9.000000 7.000000 13.000000 
27.944322 97.268975 0.000000 14.000000 8.000000 0.000000 6.000000 2.000000 7.000000 5.000000 4.000000 5.000000 7.000000 7.000000 16.000000 
27.839868 109.884063 0.000000 8.000000 15.000000 4.000000 7.000000 3.000000 9.000000 10.000000 5.000000 5.000000 5.000000 3.000000 7.000000 
22.992262 115.347049 0.000000 23.000000 11.000000 1.000000 1.000000 2.000000 6.000000 8.000000 5.000000 7.000000 9.000000 1.000000 7.000000 
20.111242 122.022951 0.000000 21.000000 24.000000 4.000000 3.000000 1.000000 3.000000 3.000000 3.000000 5.000000 8.000000 1.000000 5.000000 
28.451107 129.949301 0.000000 14.000000 9.000000 7.000000 9.000000 1.000000 1.000000 8.000000 5.000000 5.000000 11.000000 3.000000 8.000000 
25.184539 141.406761 0.000000 8.000000 6.000000 1.000000 2.000000 3.000000 6.000000 10.000000 10.000000 9.000000 20.000000 4.000000 2.000000 
26.000000 145.872336 0.000000 8.000000 9.000000 9.000000 6.000000 1.000000 4.000000 2.000000 6.000000 5.000000 16.000000 2.000000 13.000000 
29.953654 154.737253 0.000000 12.000000 4.000000 1.000000 11.000000 12.000000 5.000000 5.000000 9.000000 6.000000 11.000000 2.000000 3.000000 
28.441852 165.772011 0.000000 17.000000 3.000000 4.000000 5.000000 5.000000 3.000000 3.000000 2.000000 6.000000 9.000000 12.000000 12.000000 
30.767502 177.470535 0.000000 27.000000 2.000000 8.000000 5.000000 5.000000 1.000000 3.000000 1.000000 1.000000 18.000000 5.000000 5.000000 
29.837774 182.872995 0.000000 21.000000 2.000000 11.000000 8.000000 3.000000 2.000000 7.000000 1.000000 5.000000 14.000000 6.000000 1.000000 
27.628429 185.668804 0.000000 10.000000 2.000000 5.000000 7.000000 5.000000 6.000000 10.000000 5.000000 11.000000 10.000000 2.000000 8.000000 
27.063664 194.946189 0.000000 13.000000 4.000000 5.000000 14.000000 8.000000 4.000000 3.000000 2.000000 2.000000 6.000000 7.000000 13.000000 
32.204304 201.359906 0.000000 7.000000 4.000000 2.000000 12.000000 5.000000 7.000000 3.000000 5.000000 8.000000 15.000000 8.000000 5.000000 
29.957385 209.322413 0.000000 3.000000 6.000000 12.000000 14.000000 7.000000 9.000000 7.000000 7.000000 7.000000 4.000000 3.000000 2.000000 
26.720947 221.024645 0.000000 7.000000 1.000000 10.000000 16.000000 9.000000 7.000000 5.000000 4.000000 4.000000 2.000000 5.000000 11.000000 
26.821139 230.647065 0.000000 24.000000 6.000000 3.000000 8.000000 2.000000 3.000000 8.000000 3.000000 3.000000 3.000000 8.000000 10.000000 
27.627408 238.145974 27.000000 14.000000 3.000000 0.000000 0.000000 2.000000 0.000000 2.000000 3.000000 4.000000 8.000000 3.000000 6.000000 
38.365716 4.882240 27.000000 6.000000 0.000000 0.000000 2.000000 8.000000 5.000000 4.000000 6.000000 2.000000 14.000000 3.000000 4.000000 
40.078854 10.462422 0.000000 17.000000 10.000000 8.000000 2.000000 4.000000 4.000000 4.000000 5.000000 5.000000 11.000000 6.000000 5.000000 
37.590363 21.891134 0.000000 17.000000 9.000000 9.000000 4.000000 3.000000 1.000000 3.000000 5.000000 5.000000 10.000000 9.000000 6.000000 
35.288416 30.454373 0.000000 17.000000 8.000000 11.000000 5.000000 7.000000 3.000000 3.000000 4.000000 2.000000 5.000000 6.000000 10.000000 
36.348559 38.348559 0.000000 15.000000 6.000000 5.000000 0.000000 3.000000 1.000000 5.000000 3.000000 5.000000 18.000000 10.000000 10.000000 
36.766968 45.572786 0.000000 10.000000 4.000000 4.000000 5.000000 8.000000 4.000000 11.000000 5.000000 6.000000 11.000000 7.000000 6.000000 
33.514477 53.514477 0.000000 8.000000 17.000000 5.000000 5.000000 6.000000 11.000000 3.000000 6.000000 2.000000 7.000000 4.000000 7.000000 
33.344066 59.863579 0.000000 17.000000 9.000000 9.000000 3.000000 2.000000 2.000000 6.000000 5.000000 4.000000 14.000000 3.000000 7.000000 
35.936613 67.611960 0.000000 16.000000 7.000000 6.000000 4.000000 4.000000 7.000000 6.000000 7.000000 9.000000 6.000000 2.000000 7.000000 
37.484603 77.593239 0.000000 17.000000 5.000000 13.000000 5.000000 6.000000 4.000000 2.000000 6.000000 6.000000 5.000000 6.000000 6.000000 
39.251620 81.421299 0.000000 11.000000 3.000000 7.000000 1.000000 5.000000 5.000000 2.000000 7.000000 6.000000 13.000000 10.000000 11.000000 
40.238977 89.892199 0.000000 11.000000 12.000000 4.000000 13.000000 2.000000 9.000000 8.000000 3.000000 5.000000 10.000000 0.000000 4.000000 
35.057044 98.222306 0.000000 8.000000 9.000000 6.000000 7.000000 5.000000 5.000000 14.000000 2.000000 4.000000 4.000000 6.000000 11.000000 
38.631383 109.690945 0.000000 9.000000 9.000000 6.000000 9.000000 5.000000 3.000000 7.000000 2.000000 4.000000 17.000000 5.000000 5.000000 
37.489942 113.466640 0.000000 8.000000 10.000000 7.000000 5.000000 5.000000 3.000000 5.000000 2.000000 4.000000 12.000000 9.000000 11.000000 
34.878859 122.637848 0.000000 14.000000 7.000000 8.000000 7.000000 2.000000 4.000000 4.000000 4.000000 5.000000 11.000000 7.000000 8.000000 
35.911092 129.421136 0.000000 16.000000 5.000000 3.000000 15.000000 2.000000 3.000000 6.000000 3.000000 6.000000 7.000000 5.000000 10.000000 
32.902021 142.038654 0.000000 3.000000 4.000000 5.000000 21.000000 6.000000 9.000000 10.000000 2.000000 8.000000 11.000000 0.000000 2.000000 
34.188339 149.735588 0.000000 6.000000 17.000000 9.000000 7.000000 4.000000 4.000000 2.000000 1.000000 2.000000 8.000000 7.000000 14.000000 
35.954399 158.956744 0.000000 13.000000 3.000000 5.000000 21.000000 6.000000 3.000000 2.000000 3.000000 6.000000 9.000000 6.000000 4.000000 
36.407620 165.304218 0.000000 21.000000 5.000000 4.000000 6.000000 5.000000 4.000000 3.000000 2.000000 3.000000 8.000000 11.000000 9.000000 
39.749754 173.146105 0.000000 13.000000 9.000000 12.000000 9.000000 5.000000 1.000000 3.000000 3.000000 5.000000 12.000000 4.000000 5.000000 
39.365028 179.634972 0.000000 10.000000 17.000000 11.000000 8.000000 3.000000 2.000000 2.000000 4.000000 3.000000 5.000000 14.000000 2.000000 
38.388479 187.679452 0.000000 4.000000 20.000000 10.000000 12.000000 3.000000 2.000000 0.000000 3.000000 3.000000 8.000000 11.000000 5.000000 
35.699441 196.289952 0.000000 5.000000 3.000000 5.000000 15.000000 6.000000 4.000000 5.000000 8.000000 8.000000 9.000000 6.000000 7.000000 
37.885327 202.342637 0.000000 3.000000 1.000000 1.000000 7.000000 6.000000 8.000000 6.000000 12.000000 9.000000 9.000000 10.000000 9.000000 
38.236588 212.548676 0.000000 5.000000 3.000000 6.000000 10.000000 7.000000 6.000000 11.000000 14.000000 8.000000 5.000000 1.000000 5.000000 
39.102011 223.069089 0.000000 9.000000 7.000000 6.000000 12.000000 6.000000 4.000000 9.000000 6.000000 3.000000 3.000000 10.000000 6.000000 
38.564732 229.981574 0.000000 10.000000 2.000000 5.000000 12.000000 6.000000 6.000000 3.000000 6.000000 5.000000 5.000000 2.000000 19.000000 
36.759549 237.365028 27.000000 13.000000 1.000000 1.000000 5.000000 4.000000 1.000000 2.000000 2.000000 1.000000 0.000000 1.000000 14.000000 
43.060539 4.425567 27.000000 15.000000 0.000000 1.000000 4.000000 5.000000 2.000000 4.000000 2.000000 5.000000 6.000000 6.000000 4.000000 
45.026282 10.001438 0.000000 15.000000 7.000000 5.000000 6.000000 5.000000 4.000000 5.000000 4.000000 5.000000 8.000000 8.000000 9.000000 
46.286952 22.023916 0.000000 13.000000 8.000000 3.000000 13.000000 6.000000 6.000000 0.000000 4.000000 2.000000 6.000000 5.000000 15.000000 
40.959625 29.000000 0.000000 17.000000 8.000000 6.000000 5.000000 5.000000 3.000000 5.000000 7.000000 9.000000 11.000000 1.000000 4.000000 
43.982421 37.716397 0.000000 20.000000 4.000000 9.000000 0.000000 3.000000 7.000000 6.000000 3.000000 4.000000 9.000000 6.000000 10.000000 
50.740378 48.330889 0.000000 8.000000 5.000000 4.000000 3.000000 4.000000 1.000000 2.000000 1.000000 2.000000 34.000000 13.000000 4.000000 
48.341363 51.461058 0.000000 12.000000 7.000000 5.000000 4.000000 4.000000 1.000000 4.000000 3.000000 3.000000 27.000000 8.000000 3.000000 
44.938187 59.938187 0.000000 10.000000 7.000000 10.000000 2.000000 2.000000 4.000000 5.000000 4.000000 3.000000 18.000000 8.000000 8.000000 
44.433827 70.566173 0.000000 7.000000 12.000000 4.000000 15.000000 1.000000 5.000000 3.000000 9.000000 3.000000 8.000000 7.000000 7.000000 
41.075146 77.173650 0.000000 19.000000 6.000000 5.000000 4.000000 3.000000 3.000000 1.000000 8.000000 7.000000 6.000000 9.000000 10.000000 
43.724870 84.821560 0.000000 13.000000 9.000000 4.000000 3.000000 5.000000 6.000000 3.000000 2.000000 4.000000 10.000000 8.000000 14.000000 
45.116385 95.309292 0.000000 15.000000 11.000000 6.000000 15.000000 7.000000 4.000000 5.000000 4.000000 3.000000 4.000000 0.000000 7.000000 
42.618066 100.618066 0.000000 11.000000 3.000000 3.000000 1.000000 3.000000 4.000000 19.000000 3.000000 5.000000 11.000000 9.000000 9.000000 
46.304068 109.176724 0.000000 9.000000 9.000000 8.000000 2.000000 5.000000 7.000000 5.000000 5.000000 7.000000 7.000000 7.000000 10.000000 
46.711138 115.568659 0.000000 13.000000 7.000000 14.000000 3.000000 5.000000 7.000000 4.000000 6.000000 8.000000 1.000000 9.000000 4.000000 
45.821968 123.052037 0.000000 14.000000 6.000000 7.000000 11.000000 6.000000 5.000000 5.000000 5.000000 3.000000 3.000000 4.000000 12.000000 
41.440319 129.965284 0.000000 18.000000 2.000000 5.000000 22.000000 3.000000 4.000000 1.000000 1.000000 2.000000 4.000000 6.000000 13.000000 
41.999882 141.520001 0.000000 14.000000 2.000000 8.000000 10.000000 9.000000 4.000000 5.000000 3.000000 4.000000 9.000000 7.000000 6.000000 
42.515384 150.221684 0.000000 12.000000 5.000000 13.000000 2.000000 4.000000 6.000000 2.000000 5.000000 5.000000 5.000000 10.000000 12.000000 
44.948166 160.421733 0.000000 9.000000 1.000000 9.000000 7.000000 4.000000 2.000000 1.000000 6.000000 6.000000 16.000000 11.000000 9.000000 
44.585771 165.897559 0.000000 23.000000 6.000000 16.000000 1.000000 2.000000 0.000000 0.000000 3.000000 4.000000 6.000000 11.000000 9.000000 
45.372926 171.721240 0.000000 18.000000 7.000000 6.000000 10.000000 5.000000 5.000000 6.000000 5.000000 5.000000 3.000000 4.000000 7.000000 
45.660355 179.229043 0.000000 10.000000 18.000000 3.000000 8.000000 4.000000 7.000000 6.000000 3.000000 4.000000 6.000000 11.000000 1.000000 
45.957385 187.332406 0.000000 10.000000 7.000000 8.000000 3.000000 3.000000 3.000000 7.000000 5.000000 4.000000 10.000000 12.000000 9.000000 
43.532093 195.758500 0.000000 10.000000 8.000000 3.000000 11.000000 4.000000 2.000000 2.000000 1.000000 4.000000 19.000000 7.000000 10.000000 
43.735588 203.909237 0.000000 9.000000 8.000000 12.000000 12.000000 4.000000 3.000000 2.000000 7.000000 8.000000 6.000000 3.000000 7.000000 
44.586825 212.406658 0.000000 11.000000 5.000000 8.000000 6.000000 2.000000 4.000000 6.000000 11.000000 8.000000 6.000000 8.000000 6.000000 
44.822522 222.112426 0.000000 6.000000 8.000000 6.000000 6.000000 3.000000 0.000000 9.000000 5.000000 6.000000 8.000000 7.000000 17.000000 
43.371178 229.112469 0.000000 10.000000 3.000000 5.000000 20.000000 10.000000 6.000000 6.000000 6.000000 2.000000 4.000000 0.000000 9.000000 
43.670355 237.035382 27.000000 18.000000 2.000000 2.000000 2.000000 1.000000 0.000000 2.000000 2.000000 2.000000 5.000000 2.000000 7.000000 
52.888313 3.982977 27.000000 6.000000 3.000000 2.000000 8.000000 7.000000 4.000000 3.000000 2.000000 2.000000 7.000000 3.000000 7.000000 
54.263106 9.952786 0.000000 8.000000 7.000000 8.000000 12.000000 6.000000 5.000000 8.000000 3.000000 1.000000 3.000000 7.000000 13.000000 
53.795836 22.153962 0.000000 17.000000 5.000000 5.000000 8.000000 4.000000 2.000000 2.000000 4.000000 3.000000 9.000000 6.000000 16.000000 
53.391577 28.837394 0.000000 15.000000 6.000000 7.000000 9.000000 4.000000 3.000000 5.000000 5.000000 6.000000 10.000000 3.000000 8.000000 
52.634972 36.365028 0.000000 12.000000 11.000000 9.000000 5.000000 0.000000 3.000000 4.000000 3.000000 0.000000 14.000000 9.000000 11.000000 
52.573990 41.915022 0.000000 2.000000 3.000000 6.000000 2.000000 3.000000 3.000000 4.000000 0.000000 2.000000 40.000000 14.000000 2.000000 
50.730671 46.420351 0.000000 6.000000 6.000000 3.000000 0.000000 1.000000 1.000000 1.000000 3.000000 4.000000 36.000000 16.000000 4.000000 
52.306021 62.257399 0.000000 5.000000 8.000000 7.000000 12.000000 2.000000 2.000000 7.000000 14.000000 6.000000 7.000000 7.000000 4.000000 
50.009753 69.951852 0.000000 3.000000 7.000000 8.000000 30.000000 5.000000 3.000000 3.000000 3.000000 3.000000 7.000000 6.000000 3.000000 
52.273073 76.215796 0.000000 7.000000 8.000000 13.000000 15.000000 7.000000 2.000000 1.000000 1.000000 5.000000 7.000000 5.000000 10.000000 
51.802765 87.735912 0.000000 13.000000 7.000000 5.000000 1.000000 7.000000 6.000000 5.000000 7.000000 4.000000 8.000000 10.000000 8.000000 
50.024758 94.919300 0.000000 11.000000 6.000000 3.000000 22.000000 5.000000 3.000000 2.000000 6.000000 4.000000 0.000000 7.000000 12.000000 
49.113755 99.681723 0.000000 10.000000 5.000000 5.000000 20.000000 6.000000 3.000000 3.000000 3.000000 5.000000 6.000000 9.000000 6.000000 
51.000000 105.948166 0.000000 12.000000 10.000000 7.000000 7.000000 5.000000 6.000000 4.000000 4.000000 1.000000 4.000000 10.000000 11.000000 
52.501713 115.394732 0.000000 14.000000 6.000000 11.000000 6.000000 7.000000 8.000000 5.000000 4.000000 10.000000 6.000000 3.000000 1.000000 
53.391379 125.298301 0.000000 17.000000 11.000000 6.000000 4.000000 2.000000 4.000000 4.000000 8.000000 5.000000 9.000000 6.000000 5.000000 
53.499917 132.516477 0.000000 19.000000 12.000000 4.000000 3.000000 1.000000 4.000000 4.000000 3.000000 3.000000 18.000000 6.000000 4.000000 
56.762410 138.951852 0.000000 9.000000 10.000000 6.000000 9.000000 7.000000 1.000000 1.000000 2.000000 4.000000 12.000000 8.000000 12.000000 
54.303196 147.365028 0.000000 12.000000 5.000000 9.000000 11.000000 10.000000 6.000000 2.000000 2.000000 5.000000 2.000000 8.000000 9.000000 
50.962641 157.294018 0.000000 19.000000 4.000000 9.000000 7.000000 4.000000 3.000000 0.000000 2.000000 3.000000 7.000000 7.000000 16.000000 
51.119407 162.637962 0.000000 20.000000 3.000000 13.000000 6.000000 5.000000 5.000000 1.000000 1.000000 2.000000 4.000000 12.000000 9.000000 
55.000000 169.966367 0.000000 8.000000 2.000000 8.000000 12.000000 7.000000 6.000000 4.000000 8.000000 6.000000 8.000000 5.000000 7.000000 
52.642808 181.219151 0.000000 7.000000 13.000000 4.000000 19.000000 2.000000 3.000000 0.000000 4.000000 5.000000 11.000000 9.000000 4.000000 
53.715960 186.014095 0.000000 9.000000 9.000000 8.000000 13.000000 1.000000 3.000000 3.000000 5.000000 5.000000 9.000000 6.000000 10.000000 
54.322413 195.687440 0.000000 9.000000 6.000000 7.000000 8.000000 10.000000 5.000000 9.000000 3.000000 4.000000 7.000000 8.000000 5.000000 
52.959320 205.739566 0.000000 14.000000 4.000000 10.000000 4.000000 5.000000 3.000000 9.000000 7.000000 6.000000 10.000000 7.000000 2.000000 
51.782938 213.947117 0.000000 7.000000 6.000000 8.000000 7.000000 6.000000 5.000000 5.000000 3.000000 10.000000 5.000000 13.000000 6.000000 
54.839003 220.204031 0.000000 8.000000 3.000000 9.000000 9.000000 5.000000 7.000000 7.000000 8.000000 5.000000 4.000000 8.000000 8.000000 
55.000000 231.689680 0.000000 8.000000 6.000000 9.000000 19.000000 9.000000 2.000000 5.000000 2.000000 2.000000 6.000000 6.000000 7.000000 
52.874294 237.876721 27.000000 8.000000 4.000000 2.000000 2.000000 6.000000 2.000000 3.000000 0.000000 2.000000 3.000000 6.000000 7.000000 
60.000000 5.324652 39.000000 6.000000 1.000000 0.000000 2.000000 1.000000 2.000000 5.000000 6.000000 6.000000 4.000000 5.000000 4.000000 
60.440812 12.458439 18.000000 8.000000 6.000000 7.000000 3.000000 6.000000 2.000000 5.000000 6.000000 4.000000 5.000000 3.000000 8.000000 
60.431924 21.756577 18.000000 10.000000 3.000000 6.000000 1.000000 0.000000 3.000000 9.000000 8.000000 5.000000 6.000000 4.000000 8.000000 
60.000000 29.324652 18.000000 11.000000 2.000000 4.000000 2.000000 2.000000 4.000000 7.000000 7.000000 9.000000 5.000000 4.000000 6.000000 
60.000000 37.324652 18.000000 2.000000 3.000000 6.000000 9.000000 6.000000 10.000000 8.000000 6.000000 3.000000 5.000000 3.000000 2.000000 
60.000000 45.324652 18.000000 0.000000 1.000000 4.000000 4.000000 14.000000 18.000000 16.000000 1.000000 2.000000 2.000000 1.000000 0.000000 
59.749863 51.793816 18.000000 8.000000 6.000000 2.000000 4.000000 4.000000 5.000000 9.000000 7.000000 5.000000 7.000000 2.000000 4.000000 
60.394152 61.718805 18.000000 8.000000 3.000000 5.000000 10.000000 8.000000 2.000000 6.000000 4.000000 0.000000 7.000000 3.000000 7.000000 
59.728558 69.596095 18.000000 7.000000 1.000000 1.000000 1.000000 4.000000 2.000000 11.000000 13.000000 14.000000 4.000000 1.000000 4.000000 
60.360353 77.324652 18.000000 5.000000 4.000000 3.000000 6.000000 9.000000 5.000000 13.000000 7.000000 5.000000 2.000000 1.000000 3.000000 
60.394570 86.091523 18.000000 7.000000 6.000000 4.000000 6.000000 11.000000 3.000000 9.000000 8.000000 1.000000 4.000000 3.000000 1.000000 
59.378934 93.945719 18.000000 10.000000 4.000000 3.000000 1.000000 4.000000 7.000000 9.000000 9.000000 9.000000 1.000000 2.000000 4.000000 
60.000000 101.324652 18.000000 8.000000 2.000000 5.000000 1.000000 5.000000 8.000000 13.000000 8.000000 7.000000 2.000000 1.000000 3.000000 
59.699277 109.023929 18.000000 10.000000 1.000000 3.000000 1.000000 4.000000 14.000000 7.000000 5.000000 5.000000 0.000000 7.000000 6.000000 
60.000000 117.324652 18.000000 9.000000 5.000000 4.000000 5.000000 5.000000 7.000000 9.000000 8.000000 4.000000 2.000000 2.000000 3.000000 
60.000000 125.324652 18.000000 13.000000 10.000000 2.000000 5.000000 2.000000 8.000000 3.000000 5.000000 3.000000 3.000000 6.000000 3.000000 
60.000000 133.324652 18.000000 12.000000 6.000000 3.000000 7.000000 3.000000 5.000000 2.000000 2.000000 2.000000 8.000000 5.000000 8.000000 
61.531530 141.324652 18.000000 10.000000 6.000000 6.000000 8.000000 3.000000 4.000000 1.000000 0.000000 1.000000 8.000000 6.000000 10.000000 
60.434968 149.324652 18.000000 7.000000 3.000000 8.000000 11.000000 5.000000 8.000000 5.000000 2.000000 2.000000 2.000000 3.000000 7.000000 
60.000000 157.324652 18.000000 12.000000 3.000000 1.000000 4.000000 4.000000 7.000000 3.000000 5.000000 3.000000 9.000000 6.000000 6.000000 
59.709023 165.324652 18.000000 10.000000 9.000000 6.000000 7.000000 6.000000 3.000000 1.000000 2.000000 6.000000 3.000000 3.000000 7.000000 
60.903035 172.421617 18.000000 7.000000 6.000000 3.000000 7.000000 4.000000 2.000000 4.000000 5.000000 11.000000 5.000000 3.000000 6.000000 
60.000000 181.710780 18.000000 2.000000 4.000000 6.000000 3.000000 4.000000 4.000000 12.000000 6.000000 4.000000 10.000000 5.000000 3.000000 
60.000000 188.921380 18.000000 11.000000 7.000000 6.000000 6.000000 4.000000 6.000000 8.000000 5.000000 2.000000 1.000000 5.000000 2.000000 
60.477775 196.846878 18.000000 5.000000 6.000000 5.000000 7.000000 3.000000 7.000000 5.000000 4.000000 3.000000 5.000000 5.000000 8.000000 
60.000000 205.324652 18.000000 10.000000 4.000000 1.000000 2.000000 3.000000 5.000000 7.000000 7.000000 4.000000 8.000000 7.000000 5.000000 
60.000000 213.661819 18.000000 11.000000 5.000000 2.000000 7.000000 7.000000 3.000000 4.000000 4.000000 5.000000 9.000000 3.000000 3.000000 
60.477775 220.846878 18.000000 9.000000 2.000000 3.000000 11.000000 6.000000 0.000000 2.000000 3.000000 2.000000 10.000000 9.000000 6.000000 
60.939218 229.829744 18.000000 7.000000 4.000000 8.000000 15.000000 2.000000 3.000000 2.000000 4.000000 3.000000 2.000000 8.000000 5.000000 
60.000000 236.000000 35.000000 3.000000 2.000000 1.000000 0.000000 1.000000 2.000000 2.000000 6.000000 2.000000 2.000000 2.000000 5.000000 
