240
5.000000 5.689680 39.000000 4.000000 2.000000 1.000000 0.000000 0.000000 0.000000 1.000000 2.000000 0.000000 6.000000 5.000000 3.000000 
3.143391 13.294394 27.000000 4.000000 3.000000 7.000000 5.000000 0.000000 1.000000 0.000000 0.000000 0.000000 10.000000 4.000000 2.000000 
2.146602 22.665132 27.000000 2.000000 2.000000 2.000000 9.000000 1.000000 2.000000 1.000000 1.000000 0.000000 6.000000 5.000000 5.000000 
3.586825 29.737828 27.000000 5.000000 7.000000 2.000000 5.000000 0.000000 1.000000 0.000000 2.000000 2.000000 2.000000 4.000000 6.000000 
4.000000 36.959625 27.000000 5.000000 4.000000 1.000000 7.000000 1.000000 0.000000 0.000000 0.000000 3.000000 5.000000 3.000000 7.000000 
2.145941 45.737828 27.000000 0.000000 2.000000 1.000000 0.000000 0.000000 0.000000 0.000000 1.000000 0.000000 19.000000 11.000000 2.000000 
3.160893 53.746898 27.000000 8.000000 1.000000 3.000000 3.000000 4.000000 2.000000 2.000000 1.000000 0.000000 0.000000 6.000000 6.000000 
4.597765 61.597765 27.000000 2.000000 3.000000 3.000000 1.000000 2.000000 5.000000 13.000000 3.000000 0.000000 2.000000 1.000000 1.000000 
4.324652 69.019865 27.000000 3.000000 2.000000 3.000000 1.000000 5.000000 1.000000 4.000000 5.000000 1.000000 1.000000 3.000000 7.000000 
4.000000 76.959625 27.000000 7.000000 1.000000 4.000000 8.000000 3.000000 2.000000 2.000000 2.000000 0.000000 2.000000 0.000000 5.000000 
4.000000 86.076839 27.000000 1.000000 4.000000 5.000000 7.000000 2.000000 1.000000 3.000000 3.000000 2.000000 4.000000 1.000000 3.000000 
3.586825 92.911477 27.000000 5.000000 3.000000 4.000000 4.000000 2.000000 0.000000 0.000000 0.000000 3.000000 10.000000 3.000000 2.000000 
3.586825 100.911477 27.000000 4.000000 7.000000 4.000000 3.000000 3.000000 2.000000 0.000000 2.000000 2.000000 1.000000 3.000000 5.000000 
4.322413 109.647065 27.000000 9.000000 3.000000 1.000000 2.000000 1.000000 2.000000 4.000000 2.000000 1.000000 3.000000 3.000000 5.000000 
4.000000 118.028835 27.000000 6.000000 1.000000 10.000000 8.000000 0.000000 0.000000 2.000000 1.000000 0.000000 0.000000 3.000000 5.000000 
4.607137 125.931789 27.000000 7.000000 2.000000 3.000000 0.000000 0.000000 0.000000 8.000000 0.000000 3.000000 5.000000 6.000000 2.000000 
4.000000 133.689680 27.000000 10.000000 3.000000 6.000000 2.000000 1.000000 1.000000 2.000000 2.000000 0.000000 3.000000 3.000000 3.000000 
4.893272 141.945113 27.000000 4.000000 4.000000 0.000000 6.000000 3.000000 2.000000 4.000000 2.000000 6.000000 2.000000 3.000000 0.000000 
4.322413 148.702893 27.000000 2.000000 0.000000 2.000000 4.000000 4.000000 5.000000 3.000000 4.000000 2.000000 3.000000 5.000000 2.000000 
4.617951 157.031354 27.000000 4.000000 4.000000 3.000000 2.000000 2.000000 0.000000 0.000000 3.000000 3.000000 7.000000 4.000000 4.000000 
4.000000 165.689680 27.000000 0.000000 6.000000 8.000000 3.000000 5.000000 1.000000 1.000000 0.000000 1.000000 5.000000 4.000000 2.000000 
4.902899 172.421754 27.000000 6.000000 4.000000 2.000000 1.000000 0.000000 2.000000 3.000000 2.000000 2.000000 3.000000 6.000000 5.000000 
4.000000 181.689680 27.000000 8.000000 1.000000 5.000000 1.000000 0.000000 1.000000 4.000000 2.000000 1.000000 4.000000 7.000000 2.000000 
3.586825 188.911477 27.000000 6.000000 9.000000 4.000000 10.000000 0.000000 0.000000 0.000000 2.000000 1.000000 0.000000 3.000000 1.000000 
5.320459 197.210908 27.000000 7.000000 2.000000 3.000000 7.000000 2.000000 0.000000 0.000000 0.000000 0.000000 5.000000 6.000000 4.000000 
5.382274 205.948664 27.000000 5.000000 3.000000 6.000000 4.000000 2.000000 1.000000 0.000000 0.000000 1.000000 6.000000 4.000000 4.000000 
3.586825 212.911477 27.000000 6.000000 5.000000 5.000000 4.000000 0.000000 0.000000 0.000000 1.000000 0.000000 5.000000 5.000000 5.000000 
4.324652 221.324652 27.000000 2.000000 1.000000 4.000000 12.000000 0.000000 0.000000 2.000000 1.000000 1.000000 7.000000 2.000000 4.000000 
3.951852 229.413175 27.000000 8.000000 6.000000 3.000000 9.000000 1.000000 0.000000 0.000000 0.000000 0.000000 0.000000 7.000000 2.000000 
5.000000 236.365028 36.000000 0.000000 1.000000 1.000000 5.000000 0.000000 3.000000 0.000000 0.000000 4.000000 4.000000 2.000000 0.000000 
11.268815 5.278668 27.000000 6.000000 8.000000 6.000000 2.000000 3.000000 2.000000 4.000000 3.000000 1.000000 4.000000 10.000000 5.000000 
9.053080 13.288828 0.000000 10.000000 3.000000 12.000000 3.000000 1.000000 2.000000 3.000000 1.000000 7.000000 31.000000 5.000000 3.000000 
8.000000 22.746483 0.000000 7.000000 5.000000 6.000000 23.000000 6.000000 4.000000 4.000000 4.000000 1.000000 8.000000 5.000000 8.000000 
10.482628 28.963738 0.000000 14.000000 4.000000 7.000000 6.000000 2.000000 7.000000 7.000000 4.000000 4.000000 6.000000 5.000000 15.000000 
11.430132 35.260249 0.000000 9.000000 6.000000 6.000000 8.000000 6.000000 6.000000 2.000000 7.000000 4.000000 9.000000 2.000000 16.000000 
7.590858 45.368766 0.000000 8.000000 3.000000 1.000000 1.000000 5.000000 10.000000 10.000000 2.000000 2.000000 21.000000 12.000000 6.000000 
10.654873 52.646215 0.000000 20.000000 4.000000 7.000000 10.000000 5.000000 6.000000 8.000000 3.000000 0.000000 2.000000 5.000000 11.000000 
14.342790 60.583633 0.000000 11.000000 2.000000 8.000000 12.000000 4.000000 5.000000 10.000000 6.000000 6.000000 8.000000 7.000000 2.000000 
13.698412 65.884726 0.000000 13.000000 6.000000 6.000000 9.000000 5.000000 4.000000 6.000000 5.000000 1.000000 7.000000 10.000000 9.000000 
12.000000 76.034738 0.000000 6.000000 6.000000 6.000000 6.000000 4.000000 2.000000 8.000000 8.000000 7.000000 12.000000 9.000000 7.000000 
11.586825 85.951852 0.000000 10.000000 15.000000 7.000000 9.000000 3.000000 3.000000 7.000000 3.000000 7.000000 6.000000 6.000000 5.000000 
11.160234 91.143658 0.000000 1.000000 10.000000 5.000000 6.000000 8.000000 5.000000 8.000000 4.000000 13.000000 8.000000 7.000000 6.000000 
12.137421 100.137421 0.000000 9.000000 5.000000 11.000000 8.000000 2.000000 6.000000 5.000000 2.000000 5.000000 5.000000 7.000000 16.000000 
13.334106 110.043227 0.000000 9.000000 10.000000 3.000000 9.000000 2.000000 7.000000 9.000000 5.000000 2.000000 8.000000 8.000000 9.000000 
13.941170 118.796142 0.000000 8.000000 5.000000 5.000000 8.000000 6.000000 2.000000 7.000000 4.000000 6.000000 14.000000 6.000000 10.000000 
15.329458 126.324356 0.000000 18.000000 5.000000 7.000000 14.000000 4.000000 5.000000 5.000000 2.000000 1.000000 3.000000 7.000000 10.000000 
11.450266 134.472302 0.000000 22.000000 13.000000 6.000000 5.000000 5.000000 5.000000 4.000000 3.000000 5.000000 1.000000 3.000000 9.000000 
15.000000 141.440754 0.000000 1.000000 6.000000 11.000000 6.000000 4.000000 5.000000 4.000000 10.000000 5.000000 20.000000 7.000000 2.000000 
14.286368 145.313427 0.000000 9.000000 7.000000 12.000000 5.000000 4.000000 4.000000 2.000000 9.000000 7.000000 10.000000 5.000000 7.000000 
14.000000 155.689680 0.000000 4.000000 6.000000 11.000000 6.000000 3.000000 11.000000 9.000000 9.000000 4.000000 6.000000 7.000000 5.000000 
13.944141 163.055859 0.000000 2.000000 4.000000 10.000000 4.000000 7.000000 11.000000 2.000000 10.000000 14.000000 9.000000 4.000000 4.000000 
14.586825 170.188192 0.000000 3.000000 9.000000 3.000000 9.000000 8.000000 9.000000 1.000000 7.000000 10.000000 8.000000 7.000000 7.000000 
12.117025 180.421652 0.000000 4.000000 3.000000 8.000000 14.000000 7.000000 9.000000 5.000000 8.000000 5.000000 3.000000 4.000000 11.000000 
13.330763 186.145172 0.000000 12.000000 5.000000 2.000000 5.000000 2.000000 3.000000 11.000000 15.000000 8.000000 4.000000 7.000000 7.000000 
18.110736 197.025621 0.000000 12.000000 9.000000 7.000000 21.000000 1.000000 3.000000 5.000000 4.000000 7.000000 7.000000 2.000000 3.000000 
16.911477 205.586825 0.000000 6.000000 4.000000 3.000000 6.000000 3.000000 2.000000 11.000000 9.000000 7.000000 21.000000 5.000000 4.000000 
13.520619 211.176950 0.000000 11.000000 17.000000 6.000000 5.000000 2.000000 7.000000 7.000000 5.000000 3.000000 6.000000 10.000000 2.000000 
11.803075 221.634242 0.000000 3.000000 5.000000 6.000000 3.000000 7.000000 7.000000 14.000000 10.000000 9.000000 8.000000 4.000000 5.000000 
10.646657 229.689680 0.000000 23.000000 5.000000 3.000000 6.000000 7.000000 3.000000 9.000000 5.000000 3.000000 2.000000 6.000000 9.000000 
12.000000 237.365028 27.000000 2.000000 3.000000 0.000000 7.000000 4.000000 4.000000 9.000000 1.000000 6.000000 6.000000 2.000000 1.000000 
20.322413 5.687440 27.000000 9.000000 10.000000 4.000000 5.000000 2.000000 2.000000 2.000000 2.000000 4.000000 2.000000 2.000000 10.000000 
21.173298 11.515718 0.000000 7.000000 4.000000 6.000000 11.000000 9.000000 4.000000 10.000000 5.000000 8.000000 8.000000 4.000000 5.000000 
22.031487 16.992991 0.000000 10.000000 6.000000 7.000000 5.000000 5.000000 1.000000 8.000000 5.000000 6.000000 11.000000 7.000000 10.000000 
24.247603 24.104942 0.000000 7.000000 7.000000 7.000000 7.000000 3.000000 2.000000 6.000000 6.000000 7.000000 14.000000 7.000000 8.000000 
23.393229 36.488443 0.000000 11.000000 9.000000 6.000000 11.000000 8.000000 6.000000 2.000000 3.000000 0.000000 5.000000 10.000000 10.000000 
21.086401 42.589238 0.000000 4.000000 6.000000 8.000000 5.000000 5.000000 6.000000 4.000000 2.000000 5.000000 15.000000 8.000000 13.000000 
24.086685 47.913315 0.000000 5.000000 9.000000 10.000000 5.000000 7.000000 6.000000 3.000000 4.000000 6.000000 4.000000 5.000000 17.000000 
21.957801 57.673750 0.000000 9.000000 9.000000 10.000000 14.000000 4.000000 4.000000 8.000000 5.000000 6.000000 4.000000 3.000000 5.000000 
20.539458 65.257389 0.000000 9.000000 5.000000 10.000000 16.000000 2.000000 5.000000 6.000000 3.000000 7.000000 2.000000 7.000000 9.000000 
19.790184 77.708118 0.000000 6.000000 6.000000 6.000000 15.000000 8.000000 12.000000 7.000000 4.000000 4.000000 5.000000 2.000000 6.000000 
20.359432 86.611530 0.000000 16.000000 10.000000 8.000000 4.000000 3.000000 4.000000 3.000000 2.000000 1.000000 11.000000 9.000000 10.000000 
21.944866 92.889800 0.000000 7.000000 3.000000 9.000000 10.000000 11.000000 7.000000 3.000000 0.000000 2.000000 9.000000 8.000000 12.000000 
23.368636 102.959625 0.000000 22.000000 3.000000 4.000000 0.000000 3.000000 1.000000 5.000000 8.000000 7.000000 9.000000 9.000000 10.000000 
24.044031 110.389800 0.000000 16.000000 7.000000 5.000000 6.000000 4.000000 6.000000 4.000000 7.000000 4.000000 7.000000 9.000000 6.000000 
26.387693 117.286920 0.000000 21.000000 15.000000 6.000000 11.000000 1.000000 2.000000 2.000000 6.000000 2.000000 3.000000 6.000000 6.000000 
24.099561 124.708708 0.000000 8.000000 11.000000 7.000000 6.000000 7.000000 2.000000 12.000000 3.000000 4.000000 11.000000 6.000000 4.000000 
16.203924 133.322413 0.000000 23.000000 5.000000 2.000000 5.000000 5.000000 5.000000 4.000000 0.000000 7.000000 13.000000 5.000000 7.000000 
19.496848 141.915154 0.000000 9.000000 7.000000 4.000000 3.000000 4.000000 5.000000 6.000000 7.000000 8.000000 18.000000 5.000000 5.000000 
20.000000 147.269986 0.000000 5.000000 8.000000 10.000000 7.000000 5.000000 7.000000 5.000000 4.000000 7.000000 13.000000 5.000000 5.000000 
20.464090 156.535910 0.000000 7.000000 9.000000 7.000000 15.000000 4.000000 5.000000 5.000000 2.000000 6.000000 8.000000 9.000000 4.000000 
19.278465 162.172073 0.000000 2.000000 9.000000 6.000000 8.000000 7.000000 4.000000 10.000000 7.000000 5.000000 13.000000 5.000000 5.000000 
19.091881 173.406421 0.000000 9.000000 2.000000 3.000000 2.000000 5.000000 6.000000 3.000000 5.000000 9.000000 16.000000 9.000000 12.000000 
22.206341 180.253354 0.000000 16.000000 4.000000 6.000000 8.000000 5.000000 5.000000 6.000000 2.000000 5.000000 8.000000 1.000000 15.000000 
22.653777 186.991049 0.000000 14.000000 5.000000 7.000000 5.000000 4.000000 6.000000 12.000000 6.000000 5.000000 10.000000 1.000000 6.000000 
22.813670 198.203116 0.000000 11.000000 7.000000 8.000000 25.000000 2.000000 2.000000 5.000000 5.000000 7.000000 4.000000 2.000000 3.000000 
23.103499 203.595906 0.000000 6.000000 8.000000 4.000000 15.000000 1.000000 1.000000 4.000000 5.000000 4.000000 27.000000 2.000000 4.000000 
19.052344 211.386506 0.000000 7.000000 15.000000 9.000000 9.000000 4.000000 4.000000 4.000000 4.000000 2.000000 9.000000 3.000000 11.000000 
18.425081 222.560180 0.000000 5.000000 1.000000 4.000000 10.000000 6.000000 3.000000 7.000000 5.000000 9.000000 10.000000 5.000000 16.000000 
19.322413 230.064869 0.000000 16.000000 7.000000 3.000000 4.000000 7.000000 3.000000 3.000000 3.000000 2.000000 7.000000 9.000000 17.000000 
19.620331 237.365028 27.000000 6.000000 3.000000 1.000000 13.000000 8.000000 1.000000 0.000000 1.000000 0.000000 1.000000 5.000000 6.000000 
28.000000 4.948166 27.000000 10.000000 7.000000 3.000000 2.000000 1.000000 2.000000 6.000000 1.000000 4.000000 4.000000 4.000000 10.000000 
28.365028 10.634972 0.000000 11.000000 5.000000 2.000000 6.000000 5.000000 8.000000 4.000000 5.000000 9.000000 14.000000 7.000000 5.000000 
29.746843 19.105665 0.000000 12.000000 18.000000 6.000000 6.000000 4.000000 3.000000 7.000000 4.000000 3.000000 9.000000 2.000000 7.000000 
29.783613 25.675577 0.000000 11.000000 15.000000 8.000000 6.000000 4.000000 4.000000 2.000000 6.000000 9.000000 7.000000 6.000000 3.000000 
29.222193 38.677222 0.000000 14.000000 13.000000 6.000000 9.000000 1.000000 3.000000 2.000000 2.000000 5.000000 17.000000 3.000000 6.000000 
27.333467 42.988791 0.000000 9.000000 6.000000 7.000000 7.000000 4.000000 3.000000 2.000000 3.000000 4.000000 20.000000 5.000000 11.000000 
30.138452 48.750439 0.000000 7.000000 8.000000 11.000000 9.000000 11.000000 6.000000 4.000000 6.000000 2.000000 1.000000 4.000000 12.000000 
24.999636 59.119320 0.000000 11.000000 11.000000 10.000000 7.000000 0.000000 1.000000 1.000000 2.000000 6.000000 4.000000 14.000000 14.000000 
24.911477 65.586825 0.000000 9.000000 9.000000 8.000000 23.000000 2.000000 4.000000 8.000000 4.000000 5.000000 0.000000 3.000000 6.000000 
25.229118 74.850892 0.000000 10.000000 7.000000 4.000000 8.000000 5.000000 0.000000 2.000000 6.000000 6.000000 13.000000 12.000000 8.000000 
25.823511 85.586825 0.000000 15.000000 8.000000 3.000000 2.000000 0.000000 3.000000 7.000000 5.000000 3.000000 9.000000 9.000000 17.000000 
26.000000 91.948166 0.000000 11.000000 5.000000 8.000000 4.000000 5.000000 5.000000 9.000000 6.000000 3.000000 4.000000 8.000000 13.000000 
29.333447 99.743449 0.000000 18.000000 3.000000 10.000000 7.000000 1.000000 5.000000 11.000000 3.000000 5.000000 7.000000 8.000000 3.000000 
30.324652 110.324652 0.000000 6.000000 6.000000 8.000000 11.000000 5.000000 7.000000 8.000000 9.000000 6.000000 4.000000 9.000000 2.000000 
31.796649 118.902310 0.000000 26.000000 13.000000 5.000000 8.000000 1.000000 2.000000 1.000000 6.000000 3.000000 7.000000 6.000000 3.000000 
32.740133 123.301220 0.000000 21.000000 9.000000 9.000000 9.000000 3.000000 7.000000 3.000000 2.000000 5.000000 4.000000 5.000000 4.000000 
32.076799 132.821207 0.000000 8.000000 8.000000 5.000000 2.000000 3.000000 3.000000 7.000000 8.000000 9.000000 9.000000 9.000000 10.000000 
31.868104 144.241565 0.000000 13.000000 10.000000 3.000000 10.000000 5.000000 7.000000 6.000000 5.000000 5.000000 9.000000 4.000000 4.000000 
28.339179 152.067204 0.000000 4.000000 6.000000 2.000000 7.000000 9.000000 9.000000 9.000000 8.000000 8.000000 9.000000 6.000000 4.000000 
25.919388 155.274563 0.000000 7.000000 9.000000 2.000000 3.000000 2.000000 1.000000 11.000000 11.000000 7.000000 22.000000 4.000000 2.000000 
25.343445 161.343445 0.000000 2.000000 6.000000 4.000000 12.000000 8.000000 4.000000 2.000000 3.000000 3.000000 30.000000 7.000000 0.000000 
26.991738 170.273460 0.000000 6.000000 7.000000 4.000000 13.000000 8.000000 7.000000 6.000000 2.000000 6.000000 8.000000 8.000000 6.000000 
31.118216 179.161581 0.000000 11.000000 9.000000 9.000000 3.000000 1.000000 2.000000 1.000000 2.000000 8.000000 9.000000 10.000000 16.000000 
29.897790 191.586682 0.000000 28.000000 16.000000 8.000000 11.000000 4.000000 0.000000 0.000000 1.000000 1.000000 3.000000 6.000000 3.000000 
30.167833 198.998443 0.000000 11.000000 14.000000 5.000000 3.000000 1.000000 0.000000 1.000000 9.000000 9.000000 18.000000 5.000000 5.000000 
28.176275 203.913058 0.000000 5.000000 10.000000 8.000000 7.000000 4.000000 2.000000 3.000000 4.000000 6.000000 15.000000 11.000000 6.000000 
25.807779 210.192221 0.000000 9.000000 19.000000 10.000000 5.000000 6.000000 5.000000 6.000000 1.000000 2.000000 2.000000 9.000000 7.000000 
30.380468 216.380468 0.000000 9.000000 6.000000 8.000000 15.000000 7.000000 10.000000 3.000000 4.000000 6.000000 5.000000 4.000000 4.000000 
27.609988 228.782169 0.000000 18.000000 7.000000 5.000000 11.000000 7.000000 5.000000 6.000000 7.000000 5.000000 4.000000 1.000000 5.000000 
28.000000 237.365028 27.000000 8.000000 7.000000 1.000000 1.000000 4.000000 2.000000 3.000000 2.000000 1.000000 4.000000 4.000000 8.000000 
36.000000 4.948166 27.000000 10.000000 7.000000 1.000000 6.000000 6.000000 3.000000 3.000000 4.000000 2.000000 2.000000 3.000000 7.000000 
36.322413 11.687440 0.000000 13.000000 6.000000 1.000000 12.000000 7.000000 6.000000 5.000000 2.000000 3.000000 7.000000 8.000000 11.000000 
36.676584 21.647234 0.000000 15.000000 10.000000 5.000000 7.000000 5.000000 3.000000 4.000000 5.000000 2.000000 3.000000 9.000000 13.000000 
33.758973 29.779704 0.000000 4.000000 10.000000 16.000000 7.000000 6.000000 4.000000 10.000000 6.000000 5.000000 8.000000 3.000000 2.000000 
34.669914 35.748809 0.000000 7.000000 5.000000 9.000000 5.000000 4.000000 2.000000 6.000000 10.000000 6.000000 16.000000 8.000000 3.000000 
36.462939 42.586825 0.000000 10.000000 6.000000 10.000000 13.000000 5.000000 6.000000 6.000000 6.000000 6.000000 6.000000 4.000000 3.000000 
38.064893 50.300134 0.000000 9.000000 6.000000 9.000000 10.000000 6.000000 6.000000 5.000000 2.000000 5.000000 11.000000 2.000000 10.000000 
37.813406 59.322165 0.000000 8.000000 11.000000 7.000000 14.000000 3.000000 5.000000 9.000000 1.000000 1.000000 7.000000 7.000000 8.000000 
36.304261 67.533500 0.000000 9.000000 10.000000 4.000000 10.000000 1.000000 1.000000 8.000000 4.000000 4.000000 20.000000 5.000000 5.000000 
32.759500 72.413369 0.000000 14.000000 12.000000 1.000000 7.000000 2.000000 3.000000 4.000000 4.000000 3.000000 10.000000 9.000000 12.000000 
34.305392 83.385572 0.000000 16.000000 8.000000 9.000000 3.000000 5.000000 6.000000 2.000000 4.000000 4.000000 5.000000 12.000000 7.000000 
37.067419 91.826353 0.000000 6.000000 6.000000 5.000000 17.000000 5.000000 4.000000 1.000000 3.000000 2.000000 4.000000 10.000000 18.000000 
37.365028 98.365028 0.000000 6.000000 8.000000 8.000000 12.000000 6.000000 6.000000 0.000000 3.000000 5.000000 11.000000 8.000000 8.000000 
39.720475 108.100315 0.000000 11.000000 7.000000 9.000000 6.000000 3.000000 8.000000 6.000000 4.000000 6.000000 3.000000 7.000000 11.000000 
36.000000 117.000000 0.000000 19.000000 13.000000 7.000000 7.000000 4.000000 6.000000 5.000000 6.000000 3.000000 3.000000 2.000000 6.000000 
38.516958 123.648698 0.000000 11.000000 4.000000 8.000000 9.000000 5.000000 10.000000 4.000000 5.000000 5.000000 6.000000 7.000000 7.000000 
40.752810 131.260331 0.000000 16.000000 4.000000 6.000000 10.000000 8.000000 7.000000 3.000000 4.000000 4.000000 5.000000 6.000000 8.000000 
44.736714 146.923844 0.000000 7.000000 6.000000 10.000000 4.000000 3.000000 3.000000 3.000000 4.000000 9.000000 25.000000 4.000000 3.000000 
38.106954 154.457717 0.000000 5.000000 2.000000 8.000000 25.000000 10.000000 2.000000 4.000000 6.000000 4.000000 7.000000 2.000000 6.000000 
36.861490 160.216089 0.000000 5.000000 3.000000 5.000000 15.000000 12.000000 2.000000 2.000000 6.000000 5.000000 12.000000 5.000000 9.000000 
38.255706 165.975908 0.000000 11.000000 7.000000 4.000000 7.000000 2.000000 8.000000 3.000000 4.000000 4.000000 10.000000 16.000000 5.000000 
36.766153 172.443561 0.000000 7.000000 2.000000 2.000000 13.000000 6.000000 9.000000 3.000000 4.000000 3.000000 5.000000 11.000000 16.000000 
35.955975 180.451901 0.000000 15.000000 2.000000 17.000000 1.000000 1.000000 4.000000 3.000000 5.000000 4.000000 4.000000 4.000000 21.000000 
33.306745 189.794995 0.000000 24.000000 9.000000 4.000000 13.000000 3.000000 3.000000 4.000000 2.000000 1.000000 4.000000 11.000000 3.000000 
36.604183 198.010751 0.000000 14.000000 12.000000 13.000000 3.000000 2.000000 0.000000 1.000000 2.000000 9.000000 22.000000 3.000000 0.000000 
35.812326 204.909237 0.000000 15.000000 13.000000 13.000000 6.000000 4.000000 2.000000 1.000000 1.000000 7.000000 11.000000 6.000000 2.000000 
33.422890 212.462852 0.000000 1.000000 4.000000 8.000000 13.000000 4.000000 5.000000 4.000000 1.000000 5.000000 19.000000 13.000000 4.000000 
34.273303 217.726121 0.000000 17.000000 6.000000 5.000000 24.000000 4.000000 1.000000 5.000000 0.000000 4.000000 3.000000 4.000000 8.000000 
32.586825 228.737828 0.000000 14.000000 7.000000 10.000000 10.000000 6.000000 3.000000 5.000000 2.000000 4.000000 9.000000 6.000000 5.000000 
35.343113 237.038680 27.000000 9.000000 5.000000 4.000000 4.000000 2.000000 3.000000 2.000000 0.000000 0.000000 1.000000 6.000000 9.000000 
44.000000 5.689680 27.000000 8.000000 6.000000 2.000000 9.000000 5.000000 1.000000 4.000000 2.000000 3.000000 4.000000 3.000000 7.000000 
44.687440 13.322413 0.000000 6.000000 6.000000 7.000000 16.000000 6.000000 3.000000 4.000000 5.000000 5.000000 5.000000 11.000000 7.000000 
44.715693 20.973987 0.000000 12.000000 9.000000 9.000000 12.000000 7.000000 3.000000 3.000000 5.000000 1.000000 4.000000 6.000000 10.000000 
42.305951 30.955407 0.000000 5.000000 4.000000 8.000000 10.000000 7.000000 2.000000 1.000000 3.000000 4.000000 22.000000 9.000000 6.000000 
45.954489 36.119925 0.000000 10.000000 16.000000 9.000000 12.000000 7.000000 4.000000 1.000000 1.000000 0.000000 5.000000 10.000000 6.000000 
46.904281 44.237368 0.000000 16.000000 3.000000 2.000000 8.000000 2.000000 1.000000 1.000000 4.000000 9.000000 16.000000 12.000000 7.000000 
46.398463 50.233765 0.000000 12.000000 5.000000 8.000000 11.000000 3.000000 2.000000 5.000000 7.000000 1.000000 9.000000 6.000000 12.000000 
45.096123 58.511159 0.000000 15.000000 6.000000 9.000000 3.000000 5.000000 8.000000 9.000000 8.000000 2.000000 2.000000 10.000000 4.000000 
45.837158 68.987822 0.000000 4.000000 5.000000 4.000000 8.000000 5.000000 6.000000 8.000000 6.000000 6.000000 11.000000 11.000000 7.000000 
41.221797 73.413175 0.000000 7.000000 7.000000 8.000000 17.000000 6.000000 5.000000 5.000000 1.000000 4.000000 10.000000 5.000000 6.000000 
42.928431 83.085042 0.000000 17.000000 5.000000 11.000000 2.000000 6.000000 7.000000 4.000000 3.000000 2.000000 4.000000 8.000000 12.000000 
47.000000 90.959625 0.000000 11.000000 4.000000 6.000000 6.000000 8.000000 12.000000 8.000000 4.000000 4.000000 5.000000 5.000000 8.000000 
47.247785 99.428522 0.000000 8.000000 9.000000 12.000000 6.000000 7.000000 4.000000 4.000000 2.000000 5.000000 10.000000 4.000000 10.000000 
51.677587 106.957385 0.000000 23.000000 8.000000 3.000000 8.000000 3.000000 4.000000 8.000000 6.000000 4.000000 5.000000 7.000000 2.000000 
44.527214 117.061070 0.000000 16.000000 9.000000 9.000000 2.000000 3.000000 1.000000 6.000000 5.000000 6.000000 10.000000 8.000000 6.000000 
41.586825 124.221797 0.000000 23.000000 10.000000 3.000000 3.000000 2.000000 2.000000 8.000000 7.000000 3.000000 3.000000 7.000000 10.000000 
45.374916 133.523316 0.000000 17.000000 5.000000 3.000000 9.000000 7.000000 5.000000 4.000000 2.000000 8.000000 5.000000 7.000000 9.000000 
49.352477 143.925368 0.000000 12.000000 11.000000 8.000000 7.000000 2.000000 1.000000 0.000000 2.000000 3.000000 27.000000 4.000000 4.000000 
45.203725 150.521164 0.000000 7.000000 5.000000 10.000000 5.000000 3.000000 3.000000 4.000000 5.000000 8.000000 23.000000 5.000000 3.000000 
40.892446 157.482957 0.000000 6.000000 1.000000 4.000000 26.000000 7.000000 0.000000 4.000000 6.000000 2.000000 12.000000 7.000000 6.000000 
45.040503 161.371051 0.000000 10.000000 5.000000 4.000000 25.000000 5.000000 0.000000 3.000000 0.000000 2.000000 4.000000 17.000000 6.000000 
47.394319 173.594144 0.000000 12.000000 8.000000 4.000000 9.000000 6.000000 9.000000 6.000000 1.000000 3.000000 4.000000 9.000000 10.000000 
41.779256 180.817870 0.000000 22.000000 0.000000 10.000000 2.000000 0.000000 2.000000 3.000000 7.000000 3.000000 12.000000 7.000000 13.000000 
42.322413 186.687440 0.000000 16.000000 4.000000 9.000000 6.000000 4.000000 3.000000 3.000000 3.000000 1.000000 14.000000 6.000000 12.000000 
44.204395 196.984251 0.000000 14.000000 12.000000 12.000000 3.000000 5.000000 1.000000 4.000000 5.000000 5.000000 9.000000 5.000000 6.000000 
42.795102 202.740705 0.000000 18.000000 9.000000 13.000000 0.000000 2.000000 1.000000 2.000000 6.000000 7.000000 14.000000 6.000000 3.000000 
43.974933 212.559512 0.000000 4.000000 4.000000 9.000000 18.000000 6.000000 6.000000 0.000000 3.000000 2.000000 18.000000 7.000000 4.000000 
46.023199 221.341828 0.000000 8.000000 2.000000 4.000000 6.000000 6.000000 7.000000 13.000000 3.000000 3.000000 15.000000 6.000000 8.000000 
43.394925 229.352497 0.000000 6.000000 3.000000 7.000000 16.000000 6.000000 5.000000 9.000000 5.000000 4.000000 12.000000 4.000000 4.000000 
44.000000 237.365028 27.000000 12.000000 5.000000 6.000000 4.000000 1.000000 4.000000 1.000000 2.000000 2.000000 0.000000 5.000000 3.000000 
52.322413 5.687440 27.000000 11.000000 3.000000 5.000000 1.000000 2.000000 2.000000 7.000000 8.000000 2.000000 6.000000 4.000000 3.000000 
53.000000 13.689680 0.000000 12.000000 3.000000 6.000000 9.000000 4.000000 4.000000 12.000000 8.000000 6.000000 5.000000 6.000000 6.000000 
51.394464 22.309587 0.000000 7.000000 12.000000 7.000000 8.000000 0.000000 2.000000 11.000000 7.000000 13.000000 7.000000 3.000000 4.000000 
51.263832 32.025333 0.000000 9.000000 17.000000 13.000000 7.000000 3.000000 6.000000 7.000000 0.000000 0.000000 6.000000 5.000000 8.000000 
57.035673 39.868224 0.000000 16.000000 6.000000 6.000000 4.000000 1.000000 7.000000 7.000000 6.000000 3.000000 9.000000 6.000000 10.000000 
58.278054 46.349960 0.000000 21.000000 6.000000 8.000000 5.000000 4.000000 7.000000 4.000000 7.000000 6.000000 4.000000 4.000000 5.000000 
54.817243 52.847670 0.000000 16.000000 4.000000 3.000000 4.000000 6.000000 12.000000 5.000000 7.000000 2.000000 4.000000 11.000000 7.000000 
49.916270 60.995770 0.000000 23.000000 8.000000 10.000000 3.000000 1.000000 2.000000 7.000000 5.000000 1.000000 5.000000 10.000000 6.000000 
53.498501 69.803771 0.000000 8.000000 6.000000 5.000000 13.000000 3.000000 5.000000 5.000000 4.000000 6.000000 13.000000 6.000000 7.000000 
50.281695 76.765768 0.000000 15.000000 6.000000 6.000000 6.000000 3.000000 3.000000 5.000000 7.000000 8.000000 7.000000 7.000000 8.000000 
50.000000 83.948166 0.000000 15.000000 3.000000 8.000000 5.000000 5.000000 6.000000 11.000000 3.000000 3.000000 4.000000 9.000000 9.000000 
52.228851 90.394129 0.000000 8.000000 7.000000 4.000000 2.000000 11.000000 14.000000 8.000000 2.000000 3.000000 5.000000 11.000000 6.000000 
51.000000 98.948166 0.000000 12.000000 4.000000 8.000000 7.000000 8.000000 11.000000 5.000000 4.000000 3.000000 5.000000 5.000000 9.000000 
56.338994 106.951852 0.000000 18.000000 5.000000 2.000000 8.000000 4.000000 6.000000 10.000000 8.000000 5.000000 6.000000 8.000000 1.000000 
54.000000 114.948166 0.000000 14.000000 10.000000 4.000000 6.000000 6.000000 10.000000 8.000000 5.000000 2.000000 1.000000 4.000000 11.000000 
53.101084 124.641563 0.000000 13.000000 5.000000 4.000000 2.000000 3.000000 2.000000 6.000000 7.000000 10.000000 9.000000 10.000000 10.000000 
56.799461 136.365028 0.000000 4.000000 2.000000 2.000000 7.000000 2.000000 0.000000 3.000000 7.000000 9.000000 31.000000 9.000000 5.000000 
56.015446 140.803211 0.000000 6.000000 2.000000 5.000000 3.000000 4.000000 3.000000 5.000000 8.000000 9.000000 27.000000 6.000000 3.000000 
53.634972 145.365028 0.000000 4.000000 12.000000 6.000000 15.000000 7.000000 1.000000 2.000000 4.000000 2.000000 18.000000 8.000000 2.000000 
52.311833 156.971912 0.000000 6.000000 5.000000 6.000000 2.000000 5.000000 3.000000 5.000000 6.000000 8.000000 11.000000 18.000000 6.000000 
56.871785 168.217848 0.000000 11.000000 6.000000 9.000000 3.000000 3.000000 2.000000 3.000000 6.000000 4.000000 22.000000 5.000000 7.000000 
55.413175 175.729475 0.000000 9.000000 5.000000 2.000000 5.000000 5.000000 10.000000 4.000000 0.000000 5.000000 26.000000 3.000000 7.000000 
53.695296 180.912743 0.000000 14.000000 6.000000 3.000000 3.000000 2.000000 7.000000 15.000000 1.000000 3.000000 15.000000 3.000000 9.000000 
52.051250 189.769023 0.000000 7.000000 4.000000 6.000000 19.000000 3.000000 0.000000 5.000000 9.000000 8.000000 8.000000 9.000000 3.000000 
54.505557 197.418638 0.000000 11.000000 3.000000 6.000000 21.000000 2.000000 2.000000 2.000000 1.000000 2.000000 13.000000 12.000000 6.000000 
54.670328 201.618494 0.000000 9.000000 8.000000 4.000000 19.000000 3.000000 1.000000 1.000000 2.000000 2.000000 15.000000 7.000000 10.000000 
51.594821 210.094859 0.000000 11.000000 4.000000 11.000000 5.000000 5.000000 3.000000 4.000000 8.000000 5.000000 11.000000 7.000000 7.000000 
54.118065 220.687440 0.000000 10.000000 6.000000 11.000000 7.000000 10.000000 11.000000 4.000000 1.000000 0.000000 3.000000 5.000000 13.000000 
54.324530 229.365150 0.000000 6.000000 5.000000 4.000000 11.000000 6.000000 3.000000 5.000000 9.000000 6.000000 12.000000 4.000000 10.000000 
52.371036 237.002427 27.000000 5.000000 1.000000 5.000000 0.000000 0.000000 1.000000 6.000000 9.000000 5.000000 5.000000 1.000000 7.000000 
60.000000 5.324652 39.000000 11.000000 3.000000 1.000000 3.000000 4.000000 5.000000 6.000000 0.000000 2.000000 0.000000 0.000000 7.000000 
60.000000 13.324652 18.000000 9.000000 7.000000 6.000000 8.000000 8.000000 7.000000 4.000000 4.000000 2.000000 3.000000 3.000000 2.000000 
60.000000 21.324652 18.000000 9.000000 4.000000 6.000000 7.000000 3.000000 2.000000 4.000000 6.000000 4.000000 10.000000 4.000000 4.000000 
58.958183 30.046064 18.000000 8.000000 5.000000 8.000000 6.000000 5.000000 5.000000 1.000000 6.000000 4.000000 10.000000 1.000000 4.000000 
61.544024 37.779007 18.000000 6.000000 4.000000 5.000000 3.000000 4.000000 7.000000 10.000000 2.000000 8.000000 6.000000 3.000000 5.000000 
62.180024 45.819879 18.000000 21.000000 2.000000 1.000000 1.000000 0.000000 5.000000 7.000000 8.000000 9.000000 5.000000 0.000000 4.000000 
60.521742 53.846394 18.000000 13.000000 2.000000 2.000000 0.000000 3.000000 13.000000 7.000000 10.000000 5.000000 3.000000 2.000000 3.000000 
59.429472 61.027146 18.000000 5.000000 2.000000 1.000000 3.000000 6.000000 4.000000 19.000000 7.000000 6.000000 4.000000 2.000000 4.000000 
60.442688 69.324652 18.000000 4.000000 2.000000 3.000000 9.000000 4.000000 5.000000 8.000000 7.000000 9.000000 5.000000 3.000000 4.000000 
60.000000 77.324652 18.000000 5.000000 5.000000 8.000000 4.000000 4.000000 4.000000 4.000000 9.000000 4.000000 8.000000 5.000000 3.000000 
59.716852 85.324652 18.000000 8.000000 1.000000 4.000000 7.000000 4.000000 5.000000 3.000000 5.000000 4.000000 6.000000 11.000000 5.000000 
60.000000 93.324652 18.000000 12.000000 8.000000 4.000000 8.000000 4.000000 4.000000 6.000000 2.000000 1.000000 2.000000 4.000000 8.000000 
60.000000 101.324652 18.000000 5.000000 3.000000 2.000000 6.000000 3.000000 0.000000 6.000000 8.000000 3.000000 9.000000 9.000000 9.000000 
60.000000 109.324652 18.000000 7.000000 10.000000 6.000000 6.000000 4.000000 3.000000 3.000000 2.000000 1.000000 6.000000 11.000000 4.000000 
60.446334 117.324652 18.000000 12.000000 8.000000 6.000000 3.000000 4.000000 1.000000 3.000000 2.000000 3.000000 2.000000 9.000000 10.000000 
60.000000 125.324652 18.000000 9.000000 6.000000 4.000000 6.000000 5.000000 3.000000 1.000000 5.000000 3.000000 5.000000 8.000000 8.000000 
61.694343 134.936180 18.000000 5.000000 2.000000 2.000000 6.000000 1.000000 1.000000 3.000000 10.000000 11.000000 15.000000 6.000000 1.000000 
60.487177 141.324652 18.000000 3.000000 5.000000 9.000000 6.000000 4.000000 3.000000 2.000000 3.000000 1.000000 18.000000 4.000000 5.000000 
60.415849 148.524523 18.000000 3.000000 2.000000 6.000000 4.000000 5.000000 4.000000 11.000000 3.000000 5.000000 14.000000 4.000000 2.000000 
60.000000 157.324652 18.000000 6.000000 2.000000 6.000000 9.000000 4.000000 4.000000 10.000000 3.000000 6.000000 2.000000 8.000000 3.000000 
61.575873 167.517880 18.000000 7.000000 4.000000 3.000000 0.000000 4.000000 2.000000 1.000000 4.000000 6.000000 16.000000 8.000000 8.000000 
61.016666 174.251652 18.000000 7.000000 3.000000 3.000000 5.000000 1.000000 5.000000 2.000000 3.000000 3.000000 22.000000 3.000000 6.000000 
60.000000 181.324652 18.000000 6.000000 1.000000 7.000000 3.000000 7.000000 9.000000 11.000000 2.000000 3.000000 5.000000 2.000000 7.000000 
60.000000 189.324652 18.000000 4.000000 3.000000 3.000000 5.000000 4.000000 7.000000 14.000000 8.000000 6.000000 2.000000 2.000000 5.000000 
60.000000 197.761978 18.000000 8.000000 3.000000 2.000000 11.000000 1.000000 1.000000 4.000000 13.000000 6.000000 6.000000 2.000000 6.000000 
60.885049 204.901745 18.000000 7.000000 3.000000 9.000000 21.000000 4.000000 3.000000 5.000000 4.000000 1.000000 3.000000 1.000000 2.000000 
59.682926 213.007579 18.000000 8.000000 5.000000 11.000000 5.000000 4.000000 3.000000 2.000000 4.000000 3.000000 7.000000 7.000000 4.000000 
60.477332 220.847321 18.000000 6.000000 8.000000 10.000000 5.000000 3.000000 7.000000 3.000000 3.000000 1.000000 3.000000 9.000000 5.000000 
60.471712 228.890526 18.000000 4.000000 5.000000 4.000000 5.000000 2.000000 2.000000 8.000000 5.000000 2.000000 12.000000 7.000000 7.000000 
60.000000 236.000000 35.000000 1.000000 1.000000 3.000000 10.000000 2.000000 1.000000 3.000000 3.000000 1.000000 2.000000 0.000000 1.000000 
