240
5.000000 5.689680 39.000000 7.000000 2.000000 1.000000 1.000000 1.000000 0.000000 1.000000 2.000000 0.000000 2.000000 2.000000 5.000000 
4.322413 13.002240 27.000000 4.000000 0.000000 1.000000 11.000000 2.000000 2.000000 0.000000 2.000000 3.000000 5.000000 3.000000 3.000000 
4.322413 21.002240 27.000000 4.000000 1.000000 5.000000 7.000000 2.000000 1.000000 0.000000 0.000000 1.000000 4.000000 4.000000 7.000000 
4.322413 29.647065 27.000000 9.000000 1.000000 4.000000 2.000000 0.000000 0.000000 0.000000 0.000000 1.000000 11.000000 4.000000 4.000000 
4.322413 36.704865 27.000000 8.000000 1.000000 3.000000 2.000000 2.000000 0.000000 1.000000 0.000000 2.000000 7.000000 5.000000 5.000000 
4.607137 45.362341 27.000000 4.000000 6.000000 1.000000 6.000000 3.000000 1.000000 0.000000 0.000000 1.000000 7.000000 4.000000 3.000000 
4.000000 53.689680 27.000000 12.000000 3.000000 0.000000 3.000000 4.000000 1.000000 0.000000 2.000000 0.000000 5.000000 4.000000 2.000000 
3.586825 61.737828 27.000000 8.000000 3.000000 1.000000 6.000000 3.000000 0.000000 2.000000 4.000000 4.000000 0.000000 3.000000 2.000000 
4.623347 70.255416 27.000000 4.000000 3.000000 2.000000 6.000000 2.000000 1.000000 0.000000 1.000000 3.000000 7.000000 4.000000 3.000000 
4.322413 77.985756 27.000000 5.000000 1.000000 5.000000 9.000000 5.000000 0.000000 1.000000 2.000000 2.000000 1.000000 1.000000 4.000000 
3.949898 85.691412 27.000000 2.000000 2.000000 3.000000 1.000000 1.000000 3.000000 2.000000 4.000000 5.000000 6.000000 3.000000 4.000000 
3.156936 93.750854 27.000000 7.000000 2.000000 2.000000 8.000000 1.000000 3.000000 1.000000 2.000000 1.000000 5.000000 2.000000 2.000000 
4.000000 100.959625 27.000000 5.000000 3.000000 7.000000 5.000000 3.000000 0.000000 0.000000 2.000000 0.000000 2.000000 7.000000 2.000000 
4.322413 108.706304 27.000000 9.000000 1.000000 2.000000 1.000000 4.000000 1.000000 2.000000 3.000000 0.000000 5.000000 2.000000 6.000000 
4.324652 117.324652 27.000000 8.000000 4.000000 4.000000 2.000000 4.000000 2.000000 1.000000 2.000000 0.000000 0.000000 5.000000 4.000000 
3.142970 124.467622 27.000000 1.000000 4.000000 6.000000 0.000000 3.000000 2.000000 4.000000 2.000000 3.000000 8.000000 3.000000 0.000000 
3.586825 132.911477 27.000000 7.000000 3.000000 4.000000 2.000000 1.000000 3.000000 0.000000 4.000000 3.000000 1.000000 2.000000 6.000000 
5.578722 141.245536 27.000000 5.000000 0.000000 1.000000 4.000000 2.000000 2.000000 2.000000 3.000000 3.000000 3.000000 4.000000 7.000000 
4.322413 149.647065 27.000000 2.000000 2.000000 1.000000 1.000000 0.000000 0.000000 5.000000 7.000000 6.000000 6.000000 5.000000 1.000000 
3.586825 156.911477 27.000000 1.000000 6.000000 2.000000 6.000000 1.000000 2.000000 6.000000 2.000000 3.000000 2.000000 2.000000 3.000000 
5.575424 165.516418 27.000000 2.000000 3.000000 5.000000 5.000000 4.000000 2.000000 1.000000 2.000000 2.000000 2.000000 6.000000 2.000000 
4.322413 173.647065 27.000000 3.000000 1.000000 2.000000 5.000000 1.000000 0.000000 1.000000 1.000000 2.000000 16.000000 3.000000 1.000000 
3.954538 181.647065 27.000000 10.000000 1.000000 4.000000 8.000000 1.000000 1.000000 1.000000 1.000000 1.000000 3.000000 2.000000 3.000000 
5.187499 189.960966 27.000000 5.000000 3.000000 4.000000 1.000000 2.000000 1.000000 1.000000 1.000000 1.000000 8.000000 3.000000 6.000000 
3.586825 196.519580 27.000000 5.000000 2.000000 4.000000 7.000000 1.000000 0.000000 2.000000 0.000000 2.000000 5.000000 6.000000 2.000000 
3.583138 205.324652 27.000000 4.000000 9.000000 6.000000 1.000000 2.000000 1.000000 5.000000 3.000000 2.000000 1.000000 2.000000 0.000000 
4.322413 213.999483 27.000000 4.000000 7.000000 3.000000 1.000000 2.000000 2.000000 4.000000 2.000000 5.000000 3.000000 3.000000 0.000000 
2.670241 221.324652 27.000000 2.000000 7.000000 6.000000 2.000000 3.000000 1.000000 1.000000 0.000000 1.000000 2.000000 5.000000 6.000000 
3.951852 229.413175 27.000000 8.000000 3.000000 1.000000 8.000000 1.000000 1.000000 1.000000 0.000000 2.000000 4.000000 5.000000 2.000000 
5.000000 236.365028 36.000000 3.000000 1.000000 1.000000 2.000000 1.000000 0.000000 3.000000 0.000000 4.000000 5.000000 0.000000 0.000000 
12.413175 4.951852 27.000000 13.000000 4.000000 10.000000 1.000000 2.000000 2.000000 1.000000 4.000000 2.000000 3.000000 7.000000 5.000000 
13.000000 10.173650 0.000000 13.000000 9.000000 10.000000 7.000000 3.000000 2.000000 4.000000 5.000000 7.000000 16.000000 1.000000 4.000000 
14.498595 19.922295 0.000000 14.000000 6.000000 11.000000 5.000000 2.000000 5.000000 2.000000 4.000000 8.000000 13.000000 3.000000 8.000000 
14.635512 28.089971 0.000000 18.000000 4.000000 11.000000 4.000000 1.000000 2.000000 3.000000 5.000000 4.000000 14.000000 3.000000 12.000000 
13.957856 34.378057 0.000000 12.000000 7.000000 7.000000 11.000000 8.000000 4.000000 4.000000 4.000000 3.000000 9.000000 5.000000 7.000000 
14.661017 44.985670 0.000000 10.000000 6.000000 4.000000 1.000000 3.000000 5.000000 13.000000 5.000000 2.000000 14.000000 6.000000 12.000000 
12.327695 52.996958 0.000000 10.000000 5.000000 5.000000 16.000000 7.000000 5.000000 7.000000 2.000000 1.000000 8.000000 6.000000 9.000000 
11.646535 62.653840 0.000000 3.000000 4.000000 0.000000 6.000000 6.000000 4.000000 18.000000 6.000000 4.000000 11.000000 9.000000 10.000000 
13.406840 73.078954 0.000000 20.000000 8.000000 7.000000 4.000000 1.000000 3.000000 9.000000 5.000000 5.000000 6.000000 6.000000 7.000000 
13.663079 79.134443 0.000000 5.000000 3.000000 6.000000 3.000000 3.000000 3.000000 9.000000 5.000000 8.000000 18.000000 12.000000 6.000000 
11.785418 85.688904 0.000000 8.000000 8.000000 8.000000 16.000000 4.000000 4.000000 0.000000 5.000000 5.000000 6.000000 5.000000 12.000000 
11.058411 92.206413 0.000000 3.000000 3.000000 4.000000 15.000000 7.000000 1.000000 2.000000 6.000000 5.000000 20.000000 10.000000 5.000000 
12.267291 99.574900 0.000000 8.000000 5.000000 6.000000 6.000000 7.000000 11.000000 5.000000 5.000000 1.000000 4.000000 11.000000 12.000000 
13.687440 106.976930 0.000000 9.000000 11.000000 5.000000 4.000000 4.000000 5.000000 5.000000 9.000000 1.000000 6.000000 12.000000 10.000000 
12.820622 114.860819 0.000000 16.000000 8.000000 1.000000 5.000000 6.000000 6.000000 4.000000 6.000000 2.000000 7.000000 6.000000 14.000000 
8.812112 121.228974 0.000000 11.000000 9.000000 3.000000 0.000000 4.000000 3.000000 8.000000 6.000000 6.000000 17.000000 8.000000 6.000000 
12.905362 131.685721 0.000000 16.000000 9.000000 8.000000 8.000000 8.000000 8.000000 5.000000 1.000000 3.000000 4.000000 3.000000 8.000000 
17.909237 138.909237 0.000000 6.000000 5.000000 9.000000 6.000000 5.000000 6.000000 4.000000 2.000000 3.000000 22.000000 7.000000 6.000000 
15.174603 148.745432 0.000000 4.000000 6.000000 6.000000 5.000000 4.000000 7.000000 20.000000 9.000000 4.000000 8.000000 4.000000 4.000000 
13.337269 153.977444 0.000000 5.000000 5.000000 8.000000 13.000000 2.000000 2.000000 18.000000 10.000000 7.000000 6.000000 0.000000 5.000000 
17.909237 164.909237 0.000000 5.000000 1.000000 11.000000 19.000000 7.000000 7.000000 4.000000 4.000000 2.000000 11.000000 5.000000 5.000000 
14.723866 173.990718 0.000000 2.000000 2.000000 4.000000 7.000000 6.000000 16.000000 12.000000 6.000000 7.000000 13.000000 4.000000 2.000000 
13.437188 182.043171 0.000000 11.000000 3.000000 5.000000 4.000000 1.000000 2.000000 14.000000 6.000000 4.000000 15.000000 9.000000 7.000000 
15.586825 189.464754 0.000000 19.000000 5.000000 7.000000 8.000000 5.000000 5.000000 6.000000 8.000000 3.000000 6.000000 2.000000 7.000000 
11.525690 194.365028 0.000000 12.000000 4.000000 2.000000 3.000000 2.000000 2.000000 9.000000 10.000000 14.000000 6.000000 10.000000 7.000000 
10.905551 204.314275 0.000000 5.000000 15.000000 12.000000 3.000000 2.000000 7.000000 6.000000 6.000000 3.000000 7.000000 10.000000 5.000000 
12.092933 216.146073 0.000000 6.000000 19.000000 6.000000 8.000000 5.000000 3.000000 6.000000 6.000000 4.000000 5.000000 8.000000 5.000000 
9.000000 220.000000 0.000000 8.000000 8.000000 15.000000 7.000000 4.000000 3.000000 2.000000 3.000000 7.000000 5.000000 8.000000 11.000000 
9.155724 229.737828 0.000000 21.000000 3.000000 2.000000 11.000000 5.000000 2.000000 8.000000 3.000000 9.000000 10.000000 2.000000 5.000000 
12.000000 237.365028 27.000000 9.000000 0.000000 5.000000 5.000000 7.000000 7.000000 6.000000 0.000000 3.000000 3.000000 0.000000 0.000000 
19.586825 4.951852 27.000000 13.000000 9.000000 9.000000 3.000000 0.000000 0.000000 0.000000 2.000000 1.000000 6.000000 3.000000 8.000000 
19.625677 11.140224 0.000000 14.000000 6.000000 9.000000 6.000000 3.000000 7.000000 0.000000 0.000000 6.000000 23.000000 3.000000 4.000000 
26.711207 21.568654 0.000000 4.000000 4.000000 7.000000 10.000000 8.000000 5.000000 2.000000 4.000000 4.000000 18.000000 7.000000 8.000000 
24.976814 27.711562 0.000000 6.000000 6.000000 9.000000 9.000000 8.000000 4.000000 6.000000 1.000000 5.000000 10.000000 8.000000 9.000000 
21.835017 38.512406 0.000000 14.000000 8.000000 4.000000 5.000000 4.000000 6.000000 8.000000 7.000000 3.000000 8.000000 7.000000 7.000000 
21.441144 46.413175 0.000000 14.000000 12.000000 8.000000 7.000000 5.000000 3.000000 4.000000 3.000000 1.000000 4.000000 9.000000 11.000000 
21.452244 53.464627 0.000000 14.000000 13.000000 11.000000 3.000000 2.000000 1.000000 4.000000 6.000000 3.000000 7.000000 10.000000 7.000000 
19.882096 62.664522 0.000000 6.000000 5.000000 6.000000 9.000000 5.000000 7.000000 10.000000 2.000000 7.000000 14.000000 5.000000 5.000000 
19.422961 71.914472 0.000000 21.000000 6.000000 5.000000 8.000000 4.000000 5.000000 5.000000 1.000000 4.000000 5.000000 4.000000 13.000000 
21.463359 77.053258 0.000000 7.000000 4.000000 4.000000 10.000000 6.000000 7.000000 6.000000 1.000000 6.000000 12.000000 7.000000 11.000000 
23.251665 81.607358 0.000000 14.000000 9.000000 7.000000 5.000000 8.000000 5.000000 1.000000 1.000000 2.000000 9.000000 10.000000 10.000000 
21.779068 89.343895 0.000000 14.000000 6.000000 5.000000 5.000000 7.000000 5.000000 5.000000 6.000000 4.000000 12.000000 6.000000 6.000000 
21.647065 103.677239 0.000000 17.000000 6.000000 4.000000 7.000000 6.000000 3.000000 2.000000 3.000000 5.000000 8.000000 8.000000 12.000000 
22.106271 111.000000 0.000000 11.000000 8.000000 4.000000 8.000000 2.000000 4.000000 8.000000 2.000000 2.000000 17.000000 8.000000 7.000000 
21.595817 116.194399 0.000000 9.000000 11.000000 2.000000 12.000000 3.000000 1.000000 4.000000 2.000000 6.000000 14.000000 12.000000 5.000000 
18.647884 124.473175 0.000000 10.000000 6.000000 10.000000 17.000000 4.000000 7.000000 2.000000 2.000000 1.000000 4.000000 7.000000 11.000000 
20.169963 135.586825 0.000000 11.000000 5.000000 5.000000 5.000000 4.000000 5.000000 3.000000 3.000000 0.000000 24.000000 10.000000 6.000000 
23.215001 140.026154 0.000000 5.000000 7.000000 10.000000 6.000000 3.000000 5.000000 3.000000 4.000000 3.000000 20.000000 8.000000 7.000000 
23.483888 147.494578 0.000000 6.000000 3.000000 5.000000 5.000000 2.000000 8.000000 7.000000 1.000000 4.000000 28.000000 7.000000 5.000000 
22.225102 151.909237 0.000000 11.000000 5.000000 5.000000 11.000000 2.000000 3.000000 3.000000 2.000000 5.000000 24.000000 6.000000 4.000000 
22.582943 163.757276 0.000000 4.000000 1.000000 8.000000 24.000000 6.000000 5.000000 2.000000 3.000000 2.000000 13.000000 7.000000 6.000000 
21.630486 172.383313 0.000000 8.000000 6.000000 10.000000 4.000000 0.000000 3.000000 1.000000 3.000000 3.000000 10.000000 17.000000 16.000000 
20.217578 180.465362 0.000000 20.000000 6.000000 5.000000 16.000000 3.000000 6.000000 2.000000 3.000000 0.000000 8.000000 7.000000 5.000000 
19.670372 190.209969 0.000000 31.000000 3.000000 8.000000 9.000000 3.000000 3.000000 2.000000 4.000000 4.000000 7.000000 2.000000 5.000000 
19.221797 197.093028 0.000000 19.000000 8.000000 4.000000 10.000000 0.000000 3.000000 0.000000 5.000000 3.000000 15.000000 8.000000 6.000000 
18.794672 205.527586 0.000000 7.000000 12.000000 5.000000 6.000000 1.000000 3.000000 2.000000 5.000000 6.000000 20.000000 9.000000 5.000000 
19.836743 218.414239 0.000000 2.000000 6.000000 7.000000 34.000000 7.000000 3.000000 5.000000 5.000000 3.000000 3.000000 2.000000 4.000000 
18.084049 222.857768 0.000000 3.000000 0.000000 6.000000 25.000000 4.000000 2.000000 4.000000 7.000000 4.000000 10.000000 7.000000 9.000000 
16.586825 228.561729 0.000000 19.000000 1.000000 3.000000 8.000000 5.000000 3.000000 17.000000 2.000000 4.000000 4.000000 8.000000 7.000000 
19.355096 237.365028 27.000000 7.000000 0.000000 0.000000 2.000000 5.000000 5.000000 2.000000 3.000000 3.000000 9.000000 5.000000 4.000000 
27.586825 4.951852 27.000000 17.000000 7.000000 6.000000 1.000000 2.000000 2.000000 1.000000 2.000000 1.000000 4.000000 5.000000 6.000000 
29.243094 11.012068 0.000000 14.000000 2.000000 12.000000 12.000000 5.000000 6.000000 2.000000 3.000000 3.000000 12.000000 7.000000 3.000000 
32.816357 18.569740 0.000000 18.000000 5.000000 7.000000 4.000000 8.000000 8.000000 4.000000 3.000000 5.000000 2.000000 7.000000 10.000000 
32.061907 26.965050 0.000000 10.000000 8.000000 10.000000 3.000000 4.000000 4.000000 6.000000 3.000000 5.000000 14.000000 6.000000 8.000000 
25.221341 36.905486 0.000000 21.000000 7.000000 5.000000 8.000000 7.000000 8.000000 4.000000 5.000000 2.000000 3.000000 6.000000 5.000000 
26.588546 45.913198 0.000000 13.000000 6.000000 7.000000 8.000000 4.000000 5.000000 4.000000 4.000000 1.000000 5.000000 10.000000 14.000000 
27.500127 51.693477 0.000000 15.000000 4.000000 4.000000 6.000000 4.000000 7.000000 5.000000 1.000000 4.000000 8.000000 14.000000 9.000000 
29.478182 59.000000 0.000000 13.000000 6.000000 9.000000 10.000000 3.000000 4.000000 3.000000 3.000000 4.000000 6.000000 14.000000 6.000000 
27.868392 67.113835 0.000000 15.000000 13.000000 5.000000 8.000000 2.000000 1.000000 3.000000 3.000000 4.000000 7.000000 10.000000 10.000000 
26.973943 74.035910 0.000000 13.000000 4.000000 3.000000 6.000000 8.000000 4.000000 5.000000 4.000000 8.000000 15.000000 4.000000 7.000000 
28.817363 82.710608 0.000000 16.000000 8.000000 8.000000 7.000000 3.000000 6.000000 3.000000 3.000000 2.000000 10.000000 8.000000 7.000000 
28.144607 90.075545 0.000000 10.000000 5.000000 4.000000 9.000000 4.000000 4.000000 7.000000 6.000000 2.000000 11.000000 8.000000 11.000000 
30.012507 99.647479 0.000000 15.000000 6.000000 7.000000 10.000000 7.000000 6.000000 9.000000 4.000000 4.000000 5.000000 3.000000 5.000000 
29.365028 109.226360 0.000000 5.000000 10.000000 3.000000 8.000000 5.000000 4.000000 4.000000 4.000000 6.000000 13.000000 6.000000 13.000000 
29.326703 116.735588 0.000000 12.000000 12.000000 4.000000 14.000000 2.000000 5.000000 2.000000 2.000000 9.000000 7.000000 4.000000 8.000000 
27.937280 125.128658 0.000000 15.000000 10.000000 6.000000 4.000000 7.000000 4.000000 8.000000 3.000000 4.000000 8.000000 6.000000 6.000000 
27.408993 132.421468 0.000000 10.000000 17.000000 4.000000 5.000000 4.000000 4.000000 6.000000 3.000000 5.000000 15.000000 5.000000 3.000000 
29.214066 139.569241 0.000000 6.000000 9.000000 3.000000 5.000000 4.000000 5.000000 5.000000 2.000000 5.000000 17.000000 9.000000 11.000000 
28.926217 147.469490 0.000000 1.000000 1.000000 8.000000 2.000000 6.000000 9.000000 13.000000 5.000000 5.000000 22.000000 5.000000 4.000000 
29.909237 156.597564 0.000000 7.000000 9.000000 4.000000 15.000000 3.000000 6.000000 3.000000 5.000000 3.000000 21.000000 4.000000 1.000000 
29.472349 164.529996 0.000000 6.000000 1.000000 4.000000 10.000000 5.000000 6.000000 7.000000 2.000000 2.000000 10.000000 7.000000 21.000000 
30.667039 168.321241 0.000000 10.000000 1.000000 10.000000 2.000000 4.000000 10.000000 8.000000 1.000000 1.000000 5.000000 5.000000 24.000000 
29.113493 176.390082 0.000000 11.000000 2.000000 8.000000 3.000000 7.000000 6.000000 5.000000 2.000000 3.000000 9.000000 11.000000 14.000000 
24.005589 188.617685 0.000000 18.000000 5.000000 15.000000 4.000000 1.000000 3.000000 1.000000 1.000000 5.000000 12.000000 8.000000 8.000000 
24.796068 197.413175 0.000000 24.000000 6.000000 6.000000 4.000000 2.000000 3.000000 5.000000 4.000000 6.000000 10.000000 5.000000 6.000000 
25.904804 204.137527 0.000000 17.000000 6.000000 11.000000 6.000000 2.000000 0.000000 2.000000 3.000000 6.000000 14.000000 7.000000 7.000000 
23.287358 216.354537 0.000000 4.000000 3.000000 5.000000 30.000000 7.000000 3.000000 2.000000 1.000000 1.000000 9.000000 11.000000 5.000000 
23.051769 220.553994 0.000000 3.000000 6.000000 6.000000 34.000000 3.000000 1.000000 1.000000 0.000000 4.000000 10.000000 5.000000 8.000000 
25.380558 226.324652 0.000000 9.000000 12.000000 7.000000 17.000000 4.000000 5.000000 4.000000 1.000000 2.000000 10.000000 3.000000 7.000000 
28.000000 237.116292 27.000000 5.000000 6.000000 3.000000 5.000000 4.000000 3.000000 2.000000 4.000000 0.000000 0.000000 5.000000 8.000000 
37.607238 5.693713 27.000000 11.000000 10.000000 4.000000 1.000000 3.000000 2.000000 3.000000 3.000000 1.000000 5.000000 3.000000 8.000000 
41.729882 13.721965 0.000000 21.000000 3.000000 3.000000 21.000000 4.000000 4.000000 2.000000 1.000000 3.000000 2.000000 8.000000 9.000000 
41.107738 20.054954 0.000000 15.000000 5.000000 4.000000 13.000000 5.000000 11.000000 5.000000 3.000000 3.000000 1.000000 5.000000 11.000000 
37.214198 26.419873 0.000000 9.000000 7.000000 5.000000 13.000000 3.000000 5.000000 9.000000 8.000000 2.000000 10.000000 4.000000 6.000000 
33.216443 31.545162 0.000000 14.000000 10.000000 5.000000 0.000000 4.000000 9.000000 7.000000 8.000000 8.000000 6.000000 4.000000 6.000000 
37.592507 45.117978 0.000000 11.000000 3.000000 3.000000 7.000000 5.000000 3.000000 1.000000 6.000000 5.000000 17.000000 8.000000 12.000000 
33.381381 50.437323 0.000000 9.000000 6.000000 7.000000 11.000000 3.000000 5.000000 2.000000 3.000000 1.000000 18.000000 11.000000 5.000000 
33.634972 61.365028 0.000000 17.000000 7.000000 6.000000 11.000000 3.000000 0.000000 8.000000 2.000000 4.000000 5.000000 13.000000 5.000000 
35.894428 68.006161 0.000000 15.000000 8.000000 10.000000 13.000000 5.000000 7.000000 9.000000 2.000000 2.000000 3.000000 2.000000 5.000000 
37.120379 78.098933 0.000000 13.000000 8.000000 6.000000 17.000000 3.000000 1.000000 4.000000 4.000000 2.000000 8.000000 11.000000 4.000000 
37.299335 85.295141 0.000000 7.000000 3.000000 3.000000 7.000000 1.000000 4.000000 3.000000 5.000000 7.000000 15.000000 15.000000 11.000000 
37.976929 93.322413 0.000000 11.000000 2.000000 9.000000 17.000000 7.000000 7.000000 2.000000 4.000000 0.000000 1.000000 10.000000 11.000000 
37.322413 100.934185 0.000000 4.000000 0.000000 5.000000 6.000000 5.000000 10.000000 9.000000 5.000000 11.000000 12.000000 8.000000 6.000000 
36.002240 110.322413 0.000000 21.000000 6.000000 7.000000 10.000000 3.000000 4.000000 4.000000 3.000000 3.000000 6.000000 5.000000 9.000000 
34.264412 117.336000 0.000000 16.000000 9.000000 7.000000 10.000000 4.000000 3.000000 5.000000 2.000000 5.000000 10.000000 5.000000 5.000000 
34.059465 123.642603 0.000000 19.000000 0.000000 0.000000 14.000000 6.000000 4.000000 9.000000 5.000000 3.000000 4.000000 10.000000 7.000000 
35.729039 129.537661 0.000000 21.000000 3.000000 3.000000 8.000000 2.000000 3.000000 4.000000 4.000000 3.000000 6.000000 13.000000 11.000000 
38.413175 139.221797 0.000000 4.000000 4.000000 6.000000 17.000000 4.000000 5.000000 7.000000 3.000000 7.000000 11.000000 8.000000 5.000000 
35.549261 147.823207 0.000000 3.000000 8.000000 9.000000 13.000000 3.000000 3.000000 4.000000 11.000000 5.000000 11.000000 8.000000 3.000000 
35.458997 154.677587 0.000000 8.000000 3.000000 8.000000 8.000000 2.000000 3.000000 7.000000 7.000000 6.000000 18.000000 6.000000 5.000000 
34.586825 164.393618 0.000000 2.000000 4.000000 5.000000 21.000000 9.000000 4.000000 3.000000 5.000000 4.000000 11.000000 6.000000 7.000000 
36.767467 172.049403 0.000000 15.000000 6.000000 7.000000 0.000000 2.000000 3.000000 0.000000 2.000000 7.000000 11.000000 8.000000 20.000000 
36.511389 177.324931 0.000000 13.000000 8.000000 8.000000 3.000000 4.000000 9.000000 5.000000 1.000000 6.000000 11.000000 8.000000 5.000000 
35.202865 187.322413 0.000000 9.000000 10.000000 3.000000 9.000000 7.000000 6.000000 5.000000 3.000000 7.000000 8.000000 5.000000 9.000000 
33.909237 196.909237 0.000000 19.000000 6.000000 7.000000 6.000000 4.000000 1.000000 3.000000 4.000000 4.000000 9.000000 7.000000 11.000000 
34.864850 203.254959 0.000000 13.000000 9.000000 5.000000 1.000000 2.000000 3.000000 9.000000 5.000000 5.000000 11.000000 7.000000 11.000000 
36.271603 213.670212 0.000000 6.000000 8.000000 4.000000 21.000000 7.000000 3.000000 2.000000 4.000000 2.000000 14.000000 5.000000 5.000000 
37.983843 217.321856 0.000000 8.000000 5.000000 4.000000 14.000000 6.000000 6.000000 6.000000 5.000000 1.000000 3.000000 8.000000 15.000000 
33.958883 228.176142 0.000000 9.000000 2.000000 5.000000 15.000000 5.000000 2.000000 7.000000 11.000000 6.000000 8.000000 2.000000 9.000000 
36.000000 237.365028 27.000000 12.000000 5.000000 7.000000 4.000000 3.000000 1.000000 0.000000 1.000000 0.000000 4.000000 4.000000 4.000000 
43.966609 6.043244 27.000000 11.000000 9.000000 1.000000 0.000000 0.000000 3.000000 3.000000 2.000000 3.000000 17.000000 1.000000 4.000000 
46.251218 14.150371 0.000000 31.000000 3.000000 3.000000 10.000000 3.000000 5.000000 5.000000 2.000000 0.000000 1.000000 5.000000 13.000000 
43.909237 20.212407 0.000000 22.000000 11.000000 6.000000 11.000000 4.000000 6.000000 1.000000 3.000000 1.000000 3.000000 4.000000 9.000000 
41.621439 27.456297 0.000000 1.000000 12.000000 12.000000 9.000000 1.000000 2.000000 2.000000 5.000000 6.000000 19.000000 8.000000 4.000000 
43.852825 32.738658 0.000000 3.000000 11.000000 16.000000 9.000000 3.000000 4.000000 6.000000 4.000000 5.000000 2.000000 10.000000 8.000000 
46.827282 46.045639 0.000000 15.000000 4.000000 8.000000 8.000000 4.000000 10.000000 13.000000 6.000000 5.000000 4.000000 4.000000 0.000000 
44.379221 52.087641 0.000000 12.000000 7.000000 5.000000 10.000000 5.000000 11.000000 6.000000 6.000000 6.000000 3.000000 2.000000 8.000000 
44.001691 60.193008 0.000000 8.000000 9.000000 5.000000 15.000000 4.000000 8.000000 8.000000 3.000000 4.000000 3.000000 5.000000 9.000000 
46.252033 70.941073 0.000000 10.000000 3.000000 7.000000 2.000000 4.000000 5.000000 6.000000 5.000000 14.000000 14.000000 5.000000 6.000000 
43.298723 79.713640 0.000000 7.000000 6.000000 9.000000 22.000000 7.000000 2.000000 2.000000 2.000000 1.000000 7.000000 8.000000 8.000000 
45.803246 85.781072 0.000000 4.000000 2.000000 6.000000 16.000000 12.000000 5.000000 5.000000 5.000000 5.000000 7.000000 5.000000 9.000000 
46.413175 91.951852 0.000000 8.000000 5.000000 2.000000 11.000000 6.000000 5.000000 10.000000 2.000000 4.000000 7.000000 6.000000 15.000000 
46.116741 98.677587 0.000000 3.000000 3.000000 3.000000 10.000000 5.000000 4.000000 6.000000 3.000000 7.000000 17.000000 7.000000 13.000000 
44.169963 107.927540 0.000000 12.000000 8.000000 7.000000 7.000000 2.000000 1.000000 1.000000 8.000000 4.000000 9.000000 13.000000 9.000000 
42.911477 114.586825 0.000000 13.000000 8.000000 8.000000 16.000000 5.000000 3.000000 5.000000 3.000000 2.000000 4.000000 4.000000 10.000000 
42.586825 122.169963 0.000000 12.000000 2.000000 7.000000 6.000000 2.000000 4.000000 5.000000 5.000000 5.000000 15.000000 8.000000 10.000000 
44.000466 131.204930 0.000000 9.000000 11.000000 8.000000 7.000000 3.000000 3.000000 5.000000 3.000000 4.000000 9.000000 10.000000 9.000000 
43.206942 140.156866 0.000000 5.000000 5.000000 11.000000 10.000000 5.000000 7.000000 9.000000 8.000000 5.000000 9.000000 4.000000 3.000000 
41.000000 149.173650 0.000000 4.000000 6.000000 11.000000 21.000000 3.000000 4.000000 4.000000 5.000000 4.000000 13.000000 4.000000 2.000000 
44.816989 155.342427 0.000000 6.000000 4.000000 11.000000 14.000000 6.000000 1.000000 3.000000 1.000000 9.000000 11.000000 10.000000 5.000000 
43.647065 163.322413 0.000000 2.000000 1.000000 2.000000 13.000000 9.000000 3.000000 9.000000 7.000000 4.000000 14.000000 10.000000 7.000000 
43.247427 172.119256 0.000000 9.000000 12.000000 9.000000 5.000000 5.000000 4.000000 2.000000 1.000000 2.000000 10.000000 8.000000 14.000000 
42.634972 180.365028 0.000000 14.000000 4.000000 3.000000 7.000000 5.000000 5.000000 2.000000 6.000000 3.000000 13.000000 8.000000 11.000000 
44.420009 187.224816 0.000000 14.000000 14.000000 5.000000 12.000000 3.000000 1.000000 3.000000 2.000000 4.000000 9.000000 10.000000 4.000000 
44.642067 197.000000 0.000000 13.000000 5.000000 5.000000 21.000000 3.000000 3.000000 2.000000 2.000000 2.000000 8.000000 8.000000 9.000000 
45.608559 204.384244 0.000000 12.000000 7.000000 4.000000 6.000000 4.000000 7.000000 9.000000 3.000000 0.000000 13.000000 4.000000 12.000000 
45.198141 212.147806 0.000000 10.000000 3.000000 11.000000 7.000000 5.000000 9.000000 5.000000 7.000000 4.000000 12.000000 2.000000 6.000000 
44.650852 218.655279 0.000000 6.000000 4.000000 5.000000 14.000000 5.000000 6.000000 2.000000 1.000000 5.000000 17.000000 3.000000 13.000000 
40.263624 228.283878 0.000000 5.000000 6.000000 4.000000 21.000000 5.000000 11.000000 2.000000 3.000000 7.000000 9.000000 4.000000 4.000000 
43.380408 237.689267 27.000000 5.000000 2.000000 3.000000 2.000000 2.000000 5.000000 3.000000 3.000000 1.000000 5.000000 8.000000 6.000000 
52.000000 6.014189 27.000000 17.000000 2.000000 1.000000 10.000000 3.000000 3.000000 4.000000 2.000000 2.000000 4.000000 1.000000 5.000000 
52.322413 15.011809 0.000000 24.000000 6.000000 13.000000 6.000000 3.000000 2.000000 4.000000 1.000000 0.000000 5.000000 8.000000 9.000000 
51.565411 23.030062 0.000000 10.000000 7.000000 7.000000 8.000000 3.000000 3.000000 4.000000 2.000000 4.000000 19.000000 5.000000 9.000000 
48.413175 29.951852 0.000000 8.000000 17.000000 18.000000 4.000000 3.000000 2.000000 6.000000 3.000000 3.000000 3.000000 8.000000 6.000000 
52.014632 36.025370 0.000000 4.000000 8.000000 8.000000 9.000000 5.000000 6.000000 7.000000 5.000000 3.000000 12.000000 9.000000 5.000000 
53.839914 48.397027 0.000000 7.000000 5.000000 2.000000 19.000000 1.000000 3.000000 1.000000 2.000000 4.000000 28.000000 5.000000 4.000000 
53.586825 52.230474 0.000000 8.000000 0.000000 2.000000 8.000000 7.000000 9.000000 9.000000 2.000000 1.000000 21.000000 6.000000 8.000000 
52.028390 60.270701 0.000000 12.000000 6.000000 6.000000 7.000000 5.000000 6.000000 7.000000 3.000000 1.000000 10.000000 10.000000 8.000000 
55.946437 72.418590 0.000000 5.000000 6.000000 10.000000 35.000000 4.000000 1.000000 5.000000 3.000000 3.000000 4.000000 1.000000 4.000000 
53.749206 75.969570 0.000000 8.000000 3.000000 8.000000 7.000000 2.000000 0.000000 6.000000 3.000000 8.000000 10.000000 11.000000 15.000000 
50.000000 84.689680 0.000000 4.000000 1.000000 8.000000 19.000000 12.000000 7.000000 5.000000 2.000000 2.000000 9.000000 1.000000 11.000000 
52.539697 92.610869 0.000000 16.000000 5.000000 6.000000 3.000000 3.000000 4.000000 4.000000 4.000000 2.000000 5.000000 8.000000 21.000000 
52.634972 99.365028 0.000000 12.000000 8.000000 5.000000 13.000000 8.000000 4.000000 4.000000 2.000000 4.000000 6.000000 9.000000 6.000000 
51.365028 108.365028 0.000000 16.000000 9.000000 7.000000 9.000000 1.000000 2.000000 1.000000 6.000000 2.000000 7.000000 11.000000 10.000000 
52.586825 115.951852 0.000000 12.000000 10.000000 6.000000 1.000000 4.000000 7.000000 7.000000 10.000000 6.000000 8.000000 5.000000 5.000000 
51.322413 124.185799 0.000000 9.000000 7.000000 4.000000 6.000000 6.000000 7.000000 4.000000 8.000000 9.000000 15.000000 3.000000 3.000000 
52.634972 135.365028 0.000000 6.000000 4.000000 7.000000 6.000000 3.000000 3.000000 6.000000 7.000000 5.000000 23.000000 5.000000 6.000000 
50.586825 140.932459 0.000000 9.000000 11.000000 6.000000 2.000000 3.000000 6.000000 7.000000 8.000000 2.000000 18.000000 4.000000 5.000000 
51.601051 147.939725 0.000000 3.000000 4.000000 8.000000 0.000000 11.000000 4.000000 9.000000 10.000000 11.000000 14.000000 3.000000 4.000000 
56.365028 157.365028 0.000000 3.000000 5.000000 5.000000 3.000000 1.000000 4.000000 11.000000 10.000000 11.000000 12.000000 11.000000 5.000000 
53.017649 163.972371 0.000000 12.000000 9.000000 11.000000 3.000000 4.000000 4.000000 7.000000 4.000000 3.000000 10.000000 7.000000 7.000000 
49.000000 170.689680 0.000000 2.000000 8.000000 7.000000 0.000000 5.000000 8.000000 5.000000 4.000000 5.000000 24.000000 10.000000 3.000000 
53.321742 179.227750 0.000000 4.000000 8.000000 7.000000 5.000000 5.000000 16.000000 8.000000 5.000000 5.000000 6.000000 8.000000 4.000000 
55.637935 184.687440 0.000000 11.000000 9.000000 6.000000 1.000000 3.000000 5.000000 5.000000 4.000000 9.000000 14.000000 7.000000 7.000000 
51.792171 198.180889 0.000000 13.000000 2.000000 7.000000 11.000000 5.000000 5.000000 2.000000 2.000000 6.000000 11.000000 5.000000 12.000000 
54.779372 206.951852 0.000000 13.000000 4.000000 7.000000 10.000000 8.000000 6.000000 7.000000 3.000000 1.000000 2.000000 5.000000 15.000000 
53.665861 212.688401 0.000000 10.000000 3.000000 9.000000 8.000000 6.000000 5.000000 5.000000 7.000000 5.000000 10.000000 4.000000 9.000000 
50.630281 219.573542 0.000000 6.000000 6.000000 11.000000 18.000000 6.000000 6.000000 6.000000 6.000000 3.000000 3.000000 5.000000 5.000000 
49.411609 225.969861 0.000000 4.000000 5.000000 7.000000 13.000000 5.000000 4.000000 5.000000 5.000000 2.000000 8.000000 3.000000 20.000000 
51.726139 236.475880 27.000000 12.000000 5.000000 4.000000 1.000000 2.000000 4.000000 3.000000 1.000000 2.000000 3.000000 4.000000 4.000000 
60.000000 5.324652 39.000000 5.000000 3.000000 1.000000 2.000000 2.000000 4.000000 8.000000 7.000000 5.000000 2.000000 2.000000 1.000000 
60.000000 13.701958 18.000000 16.000000 7.000000 1.000000 4.000000 3.000000 6.000000 6.000000 5.000000 3.000000 5.000000 3.000000 4.000000 
60.000000 21.718805 18.000000 5.000000 0.000000 1.000000 8.000000 1.000000 2.000000 7.000000 7.000000 10.000000 14.000000 2.000000 6.000000 
59.170431 29.625571 18.000000 7.000000 2.000000 12.000000 10.000000 3.000000 1.000000 1.000000 4.000000 2.000000 5.000000 7.000000 9.000000 
59.359253 37.935283 18.000000 2.000000 8.000000 8.000000 6.000000 6.000000 4.000000 2.000000 1.000000 4.000000 10.000000 9.000000 3.000000 
58.000000 47.324652 0.000000 7.000000 4.000000 0.000000 3.000000 3.000000 6.000000 4.000000 2.000000 7.000000 36.000000 6.000000 3.000000 
60.037998 53.741595 18.000000 4.000000 5.000000 3.000000 5.000000 8.000000 13.000000 5.000000 4.000000 3.000000 10.000000 1.000000 2.000000 
60.000000 61.324652 18.000000 8.000000 7.000000 8.000000 4.000000 2.000000 7.000000 7.000000 2.000000 3.000000 4.000000 8.000000 3.000000 
60.390624 70.645950 18.000000 4.000000 3.000000 7.000000 13.000000 2.000000 5.000000 5.000000 11.000000 7.000000 1.000000 1.000000 4.000000 
57.000000 75.324652 0.000000 4.000000 4.000000 6.000000 34.000000 1.000000 2.000000 5.000000 4.000000 4.000000 6.000000 3.000000 8.000000 
59.148737 85.038868 18.000000 3.000000 1.000000 1.000000 9.000000 3.000000 5.000000 5.000000 6.000000 5.000000 11.000000 9.000000 5.000000 
60.000000 93.324652 18.000000 14.000000 8.000000 9.000000 9.000000 4.000000 4.000000 4.000000 2.000000 0.000000 0.000000 3.000000 6.000000 
60.000000 101.324652 18.000000 6.000000 8.000000 2.000000 7.000000 5.000000 2.000000 2.000000 2.000000 8.000000 11.000000 6.000000 4.000000 
60.000000 109.324652 18.000000 8.000000 7.000000 7.000000 2.000000 0.000000 1.000000 5.000000 5.000000 6.000000 12.000000 5.000000 5.000000 
60.000000 117.324652 18.000000 13.000000 4.000000 4.000000 12.000000 4.000000 5.000000 4.000000 1.000000 0.000000 1.000000 6.000000 9.000000 
60.000000 125.324652 18.000000 10.000000 7.000000 9.000000 8.000000 5.000000 6.000000 2.000000 1.000000 3.000000 6.000000 1.000000 5.000000 
60.000000 134.108626 18.000000 8.000000 2.000000 1.000000 7.000000 1.000000 4.000000 1.000000 6.000000 2.000000 15.000000 8.000000 8.000000 
60.000000 141.324652 18.000000 6.000000 9.000000 9.000000 7.000000 2.000000 5.000000 2.000000 3.000000 1.000000 11.000000 4.000000 4.000000 
60.000000 149.324652 18.000000 8.000000 6.000000 4.000000 8.000000 3.000000 2.000000 1.000000 2.000000 6.000000 10.000000 4.000000 9.000000 
61.577093 157.819063 18.000000 3.000000 5.000000 6.000000 4.000000 0.000000 4.000000 5.000000 4.000000 6.000000 11.000000 10.000000 5.000000 
60.000000 165.324652 18.000000 4.000000 7.000000 7.000000 1.000000 8.000000 4.000000 4.000000 6.000000 2.000000 6.000000 7.000000 7.000000 
59.472057 173.050115 18.000000 7.000000 5.000000 8.000000 9.000000 4.000000 3.000000 3.000000 3.000000 1.000000 9.000000 5.000000 6.000000 
60.000000 181.324652 18.000000 12.000000 6.000000 5.000000 4.000000 1.000000 1.000000 4.000000 1.000000 0.000000 15.000000 4.000000 10.000000 
61.297759 188.026893 18.000000 5.000000 12.000000 13.000000 6.000000 1.000000 1.000000 2.000000 1.000000 2.000000 4.000000 6.000000 10.000000 
60.048982 197.324652 18.000000 17.000000 9.000000 9.000000 1.000000 3.000000 1.000000 3.000000 2.000000 6.000000 4.000000 6.000000 2.000000 
60.941251 206.163309 18.000000 6.000000 4.000000 4.000000 1.000000 4.000000 6.000000 7.000000 5.000000 5.000000 7.000000 6.000000 8.000000 
60.000000 213.324652 18.000000 9.000000 4.000000 6.000000 7.000000 7.000000 3.000000 5.000000 1.000000 2.000000 3.000000 10.000000 6.000000 
60.000000 221.324652 18.000000 7.000000 7.000000 3.000000 7.000000 7.000000 3.000000 4.000000 6.000000 4.000000 8.000000 6.000000 1.000000 
59.739499 228.366372 18.000000 4.000000 4.000000 4.000000 7.000000 6.000000 5.000000 3.000000 5.000000 5.000000 10.000000 3.000000 7.000000 
60.000000 236.000000 35.000000 6.000000 3.000000 4.000000 3.000000 2.000000 1.000000 2.000000 1.000000 1.000000 2.000000 1.000000 2.000000 
