240
5.000000 5.689680 39.000000 1.000000 3.000000 4.000000 1.000000 1.000000 1.000000 0.000000 0.000000 2.000000 4.000000 2.000000 5.000000 
4.000000 12.959625 27.000000 2.000000 3.000000 4.000000 15.000000 1.000000 0.000000 0.000000 0.000000 1.000000 1.000000 2.000000 7.000000 
4.000000 20.959625 27.000000 4.000000 3.000000 3.000000 4.000000 1.000000 1.000000 0.000000 0.000000 0.000000 1.000000 7.000000 12.000000 
3.586825 28.911477 27.000000 5.000000 4.000000 3.000000 2.000000 1.000000 0.000000 1.000000 3.000000 1.000000 6.000000 8.000000 2.000000 
3.586825 36.911477 27.000000 7.000000 3.000000 1.000000 6.000000 2.000000 0.000000 0.000000 0.000000 2.000000 3.000000 3.000000 9.000000 
4.578907 44.745745 27.000000 5.000000 1.000000 3.000000 7.000000 0.000000 0.000000 0.000000 1.000000 1.000000 8.000000 6.000000 4.000000 
3.926782 53.324652 27.000000 12.000000 3.000000 0.000000 0.000000 2.000000 3.000000 4.000000 1.000000 0.000000 4.000000 2.000000 5.000000 
3.583138 61.324652 27.000000 3.000000 2.000000 2.000000 0.000000 2.000000 7.000000 9.000000 5.000000 2.000000 0.000000 1.000000 3.000000 
4.324652 69.324652 27.000000 8.000000 0.000000 3.000000 3.000000 1.000000 1.000000 4.000000 2.000000 4.000000 1.000000 0.000000 9.000000 
4.324652 77.324652 27.000000 5.000000 0.000000 6.000000 5.000000 0.000000 2.000000 2.000000 1.000000 0.000000 6.000000 1.000000 8.000000 
4.000000 85.689680 27.000000 2.000000 4.000000 4.000000 6.000000 3.000000 5.000000 2.000000 1.000000 0.000000 2.000000 1.000000 6.000000 
4.298539 93.391141 27.000000 5.000000 1.000000 2.000000 8.000000 1.000000 3.000000 2.000000 3.000000 2.000000 4.000000 4.000000 1.000000 
4.888612 102.012093 27.000000 1.000000 8.000000 4.000000 7.000000 0.000000 0.000000 0.000000 1.000000 1.000000 1.000000 6.000000 7.000000 
4.000000 110.006877 27.000000 3.000000 4.000000 0.000000 6.000000 3.000000 1.000000 1.000000 2.000000 1.000000 2.000000 2.000000 11.000000 
4.324652 117.324652 27.000000 6.000000 1.000000 7.000000 2.000000 2.000000 0.000000 2.000000 1.000000 2.000000 0.000000 4.000000 9.000000 
2.753936 125.647065 27.000000 3.000000 3.000000 3.000000 7.000000 1.000000 0.000000 2.000000 0.000000 0.000000 10.000000 4.000000 3.000000 
2.629218 133.324652 27.000000 2.000000 5.000000 4.000000 1.000000 2.000000 3.000000 1.000000 2.000000 1.000000 7.000000 3.000000 5.000000 
4.324652 141.324652 27.000000 6.000000 7.000000 2.000000 2.000000 2.000000 0.000000 2.000000 0.000000 1.000000 2.000000 4.000000 8.000000 
3.170012 148.911477 27.000000 6.000000 0.000000 2.000000 5.000000 0.000000 2.000000 3.000000 1.000000 5.000000 5.000000 1.000000 6.000000 
4.000000 157.689680 27.000000 12.000000 0.000000 5.000000 8.000000 1.000000 0.000000 1.000000 2.000000 2.000000 2.000000 1.000000 2.000000 
4.322413 165.647065 27.000000 7.000000 6.000000 4.000000 3.000000 0.000000 0.000000 0.000000 0.000000 0.000000 9.000000 4.000000 3.000000 
4.324652 173.324652 27.000000 3.000000 2.000000 6.000000 4.000000 2.000000 0.000000 0.000000 0.000000 0.000000 6.000000 5.000000 8.000000 
4.619471 181.324652 27.000000 7.000000 0.000000 5.000000 5.000000 0.000000 0.000000 0.000000 0.000000 4.000000 5.000000 3.000000 7.000000 
4.000000 189.689680 27.000000 6.000000 4.000000 1.000000 5.000000 0.000000 1.000000 0.000000 2.000000 1.000000 7.000000 3.000000 6.000000 
4.324652 197.324652 27.000000 8.000000 2.000000 2.000000 9.000000 2.000000 4.000000 0.000000 0.000000 0.000000 3.000000 4.000000 2.000000 
4.856283 205.369104 27.000000 5.000000 4.000000 6.000000 4.000000 1.000000 0.000000 0.000000 0.000000 3.000000 8.000000 4.000000 1.000000 
4.324652 213.324652 27.000000 7.000000 6.000000 4.000000 3.000000 2.000000 1.000000 0.000000 1.000000 0.000000 3.000000 5.000000 4.000000 
4.322413 221.002240 27.000000 3.000000 3.000000 6.000000 8.000000 1.000000 2.000000 1.000000 1.000000 1.000000 5.000000 2.000000 3.000000 
4.687440 229.322413 27.000000 7.000000 5.000000 4.000000 4.000000 0.000000 0.000000 0.000000 0.000000 1.000000 11.000000 1.000000 3.000000 
5.000000 236.365028 36.000000 2.000000 6.000000 4.000000 2.000000 0.000000 1.000000 0.000000 0.000000 1.000000 2.000000 1.000000 1.000000 
12.000000 4.948166 27.000000 10.000000 10.000000 3.000000 1.000000 5.000000 4.000000 0.000000 1.000000 6.000000 3.000000 6.000000 5.000000 
12.324652 10.583138 0.000000 13.000000 9.000000 8.000000 12.000000 3.000000 3.000000 2.000000 1.000000 5.000000 16.000000 6.000000 3.000000 
12.194999 18.264412 0.000000 13.000000 7.000000 16.000000 12.000000 3.000000 4.000000 5.000000 2.000000 0.000000 1.000000 5.000000 13.000000 
11.134886 26.909237 0.000000 17.000000 5.000000 5.000000 4.000000 5.000000 3.000000 0.000000 10.000000 4.000000 6.000000 6.000000 16.000000 
12.120731 34.203922 0.000000 4.000000 1.000000 10.000000 13.000000 8.000000 3.000000 1.000000 5.000000 7.000000 13.000000 8.000000 8.000000 
14.397422 41.677587 0.000000 2.000000 6.000000 3.000000 14.000000 10.000000 6.000000 9.000000 3.000000 7.000000 10.000000 4.000000 7.000000 
11.634972 52.365028 0.000000 10.000000 9.000000 7.000000 11.000000 3.000000 4.000000 7.000000 3.000000 6.000000 6.000000 6.000000 9.000000 
11.799201 59.677587 0.000000 6.000000 8.000000 4.000000 5.000000 4.000000 7.000000 5.000000 3.000000 5.000000 20.000000 10.000000 4.000000 
13.365028 67.946063 0.000000 13.000000 9.000000 7.000000 8.000000 3.000000 7.000000 12.000000 9.000000 2.000000 3.000000 5.000000 3.000000 
13.000000 76.689680 0.000000 11.000000 3.000000 6.000000 3.000000 3.000000 9.000000 7.000000 7.000000 5.000000 10.000000 6.000000 11.000000 
11.064363 85.355599 0.000000 22.000000 4.000000 10.000000 7.000000 2.000000 4.000000 9.000000 4.000000 6.000000 3.000000 4.000000 6.000000 
14.236998 93.012093 0.000000 6.000000 9.000000 7.000000 5.000000 5.000000 8.000000 9.000000 5.000000 6.000000 9.000000 6.000000 6.000000 
15.000000 103.421435 0.000000 9.000000 8.000000 7.000000 5.000000 2.000000 4.000000 6.000000 10.000000 5.000000 8.000000 9.000000 8.000000 
13.494389 111.130818 0.000000 12.000000 5.000000 4.000000 16.000000 4.000000 6.000000 6.000000 6.000000 3.000000 5.000000 5.000000 9.000000 
12.765007 116.819710 0.000000 17.000000 11.000000 5.000000 3.000000 1.000000 3.000000 4.000000 1.000000 4.000000 13.000000 7.000000 12.000000 
7.902627 125.413175 0.000000 8.000000 12.000000 3.000000 7.000000 1.000000 4.000000 8.000000 2.000000 4.000000 17.000000 7.000000 8.000000 
7.668063 132.413175 0.000000 10.000000 17.000000 9.000000 2.000000 4.000000 6.000000 3.000000 4.000000 4.000000 10.000000 4.000000 8.000000 
11.034628 140.000000 0.000000 10.000000 9.000000 13.000000 2.000000 8.000000 6.000000 10.000000 2.000000 4.000000 4.000000 5.000000 8.000000 
10.322413 147.002240 0.000000 1.000000 6.000000 2.000000 10.000000 4.000000 10.000000 19.000000 5.000000 10.000000 2.000000 3.000000 9.000000 
12.988997 158.245239 0.000000 5.000000 6.000000 4.000000 4.000000 4.000000 4.000000 15.000000 9.000000 10.000000 6.000000 7.000000 7.000000 
14.033675 163.966325 0.000000 7.000000 6.000000 8.000000 6.000000 4.000000 3.000000 7.000000 12.000000 11.000000 5.000000 8.000000 4.000000 
13.717211 171.634972 0.000000 13.000000 4.000000 10.000000 5.000000 7.000000 2.000000 7.000000 7.000000 6.000000 7.000000 4.000000 9.000000 
14.000000 179.959625 0.000000 7.000000 4.000000 5.000000 14.000000 7.000000 13.000000 5.000000 2.000000 1.000000 8.000000 3.000000 12.000000 
13.572260 189.618708 0.000000 11.000000 9.000000 5.000000 6.000000 3.000000 2.000000 5.000000 6.000000 7.000000 8.000000 4.000000 15.000000 
14.019751 197.072985 0.000000 11.000000 8.000000 9.000000 11.000000 4.000000 5.000000 5.000000 7.000000 4.000000 10.000000 4.000000 3.000000 
15.365028 203.634972 0.000000 6.000000 5.000000 4.000000 7.000000 5.000000 1.000000 5.000000 10.000000 7.000000 20.000000 6.000000 5.000000 
14.518599 210.880338 0.000000 13.000000 11.000000 9.000000 6.000000 6.000000 7.000000 3.000000 8.000000 5.000000 5.000000 7.000000 1.000000 
13.322413 220.085322 0.000000 12.000000 8.000000 11.000000 5.000000 6.000000 4.000000 3.000000 7.000000 8.000000 8.000000 2.000000 7.000000 
13.000000 229.689680 0.000000 13.000000 7.000000 1.000000 4.000000 4.000000 8.000000 7.000000 8.000000 5.000000 12.000000 1.000000 11.000000 
12.000000 237.365028 27.000000 7.000000 1.000000 6.000000 3.000000 4.000000 5.000000 7.000000 3.000000 2.000000 3.000000 2.000000 2.000000 
20.365028 5.365028 27.000000 18.000000 9.000000 4.000000 1.000000 1.000000 1.000000 3.000000 0.000000 1.000000 0.000000 9.000000 7.000000 
22.138123 11.586825 0.000000 9.000000 9.000000 4.000000 7.000000 6.000000 3.000000 6.000000 9.000000 6.000000 11.000000 3.000000 8.000000 
21.669131 18.909237 0.000000 16.000000 8.000000 4.000000 0.000000 2.000000 9.000000 7.000000 2.000000 6.000000 11.000000 7.000000 9.000000 
23.352447 28.347637 0.000000 7.000000 6.000000 5.000000 12.000000 4.000000 4.000000 8.000000 5.000000 9.000000 7.000000 10.000000 4.000000 
21.810449 35.951852 0.000000 10.000000 9.000000 5.000000 10.000000 5.000000 7.000000 6.000000 6.000000 6.000000 9.000000 4.000000 4.000000 
21.751653 42.573000 0.000000 8.000000 7.000000 6.000000 11.000000 7.000000 6.000000 4.000000 2.000000 4.000000 14.000000 5.000000 7.000000 
21.000434 52.951852 0.000000 17.000000 8.000000 8.000000 3.000000 7.000000 5.000000 8.000000 3.000000 1.000000 5.000000 9.000000 7.000000 
23.000000 58.650394 0.000000 19.000000 10.000000 7.000000 7.000000 6.000000 4.000000 10.000000 6.000000 2.000000 3.000000 5.000000 2.000000 
20.609822 68.324652 0.000000 9.000000 8.000000 6.000000 6.000000 4.000000 4.000000 0.000000 13.000000 6.000000 10.000000 7.000000 8.000000 
18.908407 77.378046 0.000000 7.000000 5.000000 8.000000 6.000000 3.000000 6.000000 0.000000 9.000000 5.000000 16.000000 11.000000 5.000000 
17.326434 84.959625 0.000000 17.000000 3.000000 12.000000 8.000000 3.000000 4.000000 2.000000 3.000000 1.000000 10.000000 13.000000 5.000000 
21.100687 93.618693 0.000000 7.000000 7.000000 10.000000 14.000000 7.000000 5.000000 2.000000 4.000000 4.000000 8.000000 4.000000 9.000000 
20.774339 103.533439 0.000000 12.000000 8.000000 6.000000 0.000000 2.000000 2.000000 0.000000 4.000000 5.000000 19.000000 11.000000 12.000000 
20.951852 110.842994 0.000000 20.000000 4.000000 5.000000 13.000000 5.000000 6.000000 5.000000 3.000000 2.000000 5.000000 3.000000 10.000000 
20.262135 116.933161 0.000000 14.000000 2.000000 7.000000 10.000000 6.000000 4.000000 10.000000 0.000000 3.000000 7.000000 7.000000 11.000000 
15.736445 124.909237 0.000000 9.000000 9.000000 4.000000 22.000000 8.000000 2.000000 5.000000 4.000000 0.000000 1.000000 5.000000 12.000000 
17.217963 133.042989 0.000000 14.000000 12.000000 7.000000 1.000000 4.000000 5.000000 3.000000 4.000000 5.000000 7.000000 4.000000 15.000000 
19.373853 141.283770 0.000000 18.000000 6.000000 5.000000 3.000000 6.000000 4.000000 4.000000 3.000000 5.000000 15.000000 7.000000 5.000000 
19.975219 145.754179 0.000000 12.000000 5.000000 6.000000 6.000000 1.000000 4.000000 4.000000 5.000000 8.000000 17.000000 8.000000 5.000000 
23.688187 157.478089 0.000000 7.000000 10.000000 5.000000 9.000000 3.000000 4.000000 4.000000 4.000000 2.000000 27.000000 3.000000 3.000000 
22.322413 161.230290 0.000000 3.000000 3.000000 6.000000 8.000000 5.000000 4.000000 5.000000 5.000000 5.000000 28.000000 6.000000 3.000000 
20.262840 169.493947 0.000000 9.000000 11.000000 2.000000 7.000000 12.000000 8.000000 4.000000 4.000000 6.000000 8.000000 7.000000 3.000000 
22.194790 180.192324 0.000000 11.000000 4.000000 2.000000 7.000000 5.000000 5.000000 10.000000 8.000000 6.000000 11.000000 5.000000 7.000000 
22.965362 191.891944 0.000000 14.000000 12.000000 10.000000 6.000000 3.000000 3.000000 11.000000 6.000000 7.000000 3.000000 1.000000 5.000000 
20.000000 198.948166 0.000000 9.000000 6.000000 9.000000 4.000000 3.000000 1.000000 5.000000 10.000000 11.000000 20.000000 1.000000 2.000000 
20.785885 203.611574 0.000000 5.000000 8.000000 8.000000 9.000000 6.000000 3.000000 4.000000 6.000000 5.000000 18.000000 4.000000 5.000000 
19.694692 213.299947 0.000000 7.000000 10.000000 6.000000 14.000000 7.000000 9.000000 3.000000 1.000000 3.000000 6.000000 9.000000 6.000000 
20.860999 221.718695 0.000000 6.000000 4.000000 4.000000 7.000000 5.000000 5.000000 10.000000 5.000000 4.000000 8.000000 7.000000 16.000000 
20.633583 229.416118 0.000000 14.000000 0.000000 8.000000 16.000000 8.000000 6.000000 3.000000 2.000000 4.000000 6.000000 3.000000 11.000000 
20.000000 237.365028 27.000000 6.000000 1.000000 1.000000 1.000000 1.000000 3.000000 3.000000 1.000000 3.000000 8.000000 9.000000 8.000000 
28.365028 5.365028 27.000000 8.000000 7.000000 6.000000 0.000000 5.000000 5.000000 4.000000 2.000000 1.000000 4.000000 5.000000 7.000000 
27.789181 11.586825 0.000000 14.000000 8.000000 5.000000 1.000000 3.000000 3.000000 7.000000 8.000000 11.000000 10.000000 5.000000 6.000000 
26.643499 18.647323 0.000000 19.000000 7.000000 8.000000 3.000000 5.000000 3.000000 5.000000 2.000000 5.000000 5.000000 7.000000 12.000000 
32.003745 27.328398 0.000000 16.000000 7.000000 4.000000 4.000000 5.000000 4.000000 7.000000 3.000000 4.000000 10.000000 6.000000 11.000000 
28.091088 35.880097 0.000000 10.000000 6.000000 3.000000 15.000000 4.000000 4.000000 5.000000 3.000000 6.000000 12.000000 6.000000 7.000000 
27.602007 41.926659 0.000000 4.000000 8.000000 5.000000 16.000000 3.000000 6.000000 3.000000 4.000000 4.000000 10.000000 8.000000 10.000000 
28.322413 52.905551 0.000000 12.000000 6.000000 10.000000 2.000000 7.000000 4.000000 4.000000 4.000000 1.000000 6.000000 16.000000 9.000000 
29.876494 59.322413 0.000000 18.000000 7.000000 14.000000 10.000000 3.000000 0.000000 1.000000 3.000000 4.000000 3.000000 13.000000 5.000000 
29.322413 68.322556 0.000000 6.000000 1.000000 7.000000 19.000000 5.000000 2.000000 0.000000 5.000000 6.000000 7.000000 9.000000 14.000000 
28.653978 77.591967 0.000000 7.000000 5.000000 4.000000 9.000000 9.000000 7.000000 4.000000 5.000000 4.000000 6.000000 15.000000 6.000000 
27.454190 82.959625 0.000000 6.000000 4.000000 9.000000 14.000000 4.000000 3.000000 1.000000 1.000000 7.000000 11.000000 8.000000 13.000000 
27.286760 94.819782 0.000000 10.000000 6.000000 9.000000 5.000000 7.000000 7.000000 3.000000 5.000000 1.000000 2.000000 10.000000 16.000000 
27.000000 103.616278 0.000000 19.000000 6.000000 5.000000 4.000000 6.000000 4.000000 6.000000 7.000000 2.000000 13.000000 5.000000 4.000000 
27.131052 109.935846 0.000000 19.000000 6.000000 6.000000 7.000000 3.000000 8.000000 6.000000 8.000000 2.000000 3.000000 5.000000 8.000000 
27.904902 115.951852 0.000000 10.000000 3.000000 2.000000 19.000000 5.000000 5.000000 4.000000 5.000000 5.000000 5.000000 11.000000 7.000000 
26.533402 123.410244 0.000000 11.000000 8.000000 16.000000 4.000000 3.000000 2.000000 4.000000 3.000000 3.000000 6.000000 15.000000 6.000000 
28.631556 131.956209 0.000000 13.000000 6.000000 4.000000 7.000000 7.000000 5.000000 5.000000 6.000000 6.000000 9.000000 10.000000 3.000000 
25.674974 139.894889 0.000000 8.000000 6.000000 3.000000 1.000000 8.000000 6.000000 4.000000 5.000000 7.000000 16.000000 6.000000 11.000000 
24.328061 144.671939 0.000000 7.000000 5.000000 2.000000 0.000000 4.000000 8.000000 6.000000 8.000000 12.000000 19.000000 4.000000 6.000000 
28.854987 156.270442 0.000000 6.000000 4.000000 2.000000 3.000000 4.000000 8.000000 8.000000 8.000000 7.000000 21.000000 6.000000 4.000000 
29.586240 164.912062 0.000000 4.000000 3.000000 7.000000 12.000000 7.000000 5.000000 4.000000 3.000000 2.000000 18.000000 8.000000 8.000000 
27.749970 173.011663 0.000000 15.000000 2.000000 1.000000 3.000000 5.000000 3.000000 1.000000 4.000000 4.000000 12.000000 16.000000 15.000000 
30.583138 182.611520 0.000000 1.000000 6.000000 11.000000 12.000000 4.000000 6.000000 8.000000 5.000000 1.000000 4.000000 4.000000 19.000000 
25.228623 191.188356 0.000000 31.000000 7.000000 13.000000 6.000000 2.000000 2.000000 0.000000 1.000000 1.000000 5.000000 9.000000 4.000000 
27.201337 198.978926 0.000000 13.000000 9.000000 16.000000 5.000000 1.000000 2.000000 1.000000 4.000000 5.000000 20.000000 3.000000 2.000000 
27.358583 205.935617 0.000000 8.000000 13.000000 9.000000 3.000000 4.000000 0.000000 3.000000 6.000000 6.000000 9.000000 10.000000 10.000000 
26.736543 215.409589 0.000000 5.000000 8.000000 7.000000 29.000000 9.000000 5.000000 2.000000 3.000000 4.000000 3.000000 4.000000 2.000000 
30.156415 218.264735 0.000000 1.000000 4.000000 4.000000 28.000000 8.000000 5.000000 1.000000 6.000000 5.000000 8.000000 8.000000 3.000000 
29.868356 227.737828 0.000000 15.000000 8.000000 4.000000 10.000000 5.000000 7.000000 5.000000 6.000000 4.000000 4.000000 7.000000 6.000000 
28.295337 237.069690 27.000000 12.000000 6.000000 5.000000 2.000000 0.000000 0.000000 1.000000 3.000000 2.000000 3.000000 8.000000 3.000000 
35.634972 5.365028 27.000000 12.000000 8.000000 9.000000 1.000000 1.000000 3.000000 2.000000 1.000000 2.000000 9.000000 4.000000 2.000000 
34.370849 13.569271 0.000000 8.000000 12.000000 3.000000 5.000000 2.000000 3.000000 3.000000 1.000000 7.000000 17.000000 10.000000 10.000000 
36.354353 22.640826 0.000000 17.000000 8.000000 6.000000 8.000000 2.000000 1.000000 6.000000 2.000000 6.000000 5.000000 10.000000 10.000000 
38.491905 30.264412 0.000000 4.000000 10.000000 3.000000 10.000000 5.000000 5.000000 5.000000 1.000000 8.000000 15.000000 9.000000 6.000000 
32.422905 33.422905 0.000000 12.000000 5.000000 3.000000 4.000000 7.000000 1.000000 1.000000 2.000000 7.000000 15.000000 9.000000 15.000000 
33.322413 40.619910 0.000000 9.000000 4.000000 5.000000 19.000000 7.000000 6.000000 5.000000 3.000000 6.000000 5.000000 5.000000 7.000000 
36.860274 52.892946 0.000000 16.000000 9.000000 6.000000 7.000000 6.000000 6.000000 3.000000 3.000000 1.000000 8.000000 9.000000 7.000000 
36.832230 60.418685 0.000000 15.000000 8.000000 5.000000 12.000000 3.000000 2.000000 10.000000 3.000000 2.000000 2.000000 8.000000 11.000000 
37.585356 70.456904 0.000000 10.000000 6.000000 5.000000 14.000000 8.000000 5.000000 4.000000 7.000000 4.000000 8.000000 4.000000 6.000000 
36.499162 78.583138 0.000000 5.000000 6.000000 7.000000 6.000000 8.000000 3.000000 2.000000 3.000000 5.000000 21.000000 8.000000 7.000000 
35.538351 85.174512 0.000000 6.000000 9.000000 4.000000 6.000000 7.000000 2.000000 5.000000 3.000000 4.000000 13.000000 13.000000 9.000000 
34.647065 95.976911 0.000000 13.000000 5.000000 5.000000 8.000000 6.000000 5.000000 0.000000 1.000000 1.000000 6.000000 11.000000 20.000000 
37.443357 103.846293 0.000000 16.000000 7.000000 7.000000 7.000000 2.000000 7.000000 9.000000 4.000000 3.000000 6.000000 5.000000 8.000000 
37.859062 108.493482 0.000000 10.000000 5.000000 6.000000 7.000000 3.000000 7.000000 6.000000 3.000000 5.000000 11.000000 5.000000 13.000000 
35.961942 118.258454 0.000000 20.000000 6.000000 5.000000 8.000000 5.000000 4.000000 2.000000 3.000000 4.000000 3.000000 12.000000 9.000000 
38.069808 125.000000 0.000000 15.000000 8.000000 11.000000 5.000000 5.000000 3.000000 4.000000 4.000000 7.000000 5.000000 9.000000 5.000000 
36.671480 133.326759 0.000000 13.000000 2.000000 7.000000 6.000000 6.000000 6.000000 1.000000 4.000000 7.000000 11.000000 10.000000 8.000000 
32.232986 141.490406 0.000000 8.000000 3.000000 6.000000 4.000000 8.000000 3.000000 3.000000 5.000000 4.000000 11.000000 15.000000 11.000000 
36.185159 148.088592 0.000000 4.000000 8.000000 7.000000 24.000000 4.000000 2.000000 2.000000 4.000000 4.000000 8.000000 8.000000 6.000000 
41.095536 154.804110 0.000000 10.000000 6.000000 5.000000 19.000000 2.000000 3.000000 1.000000 3.000000 4.000000 11.000000 10.000000 7.000000 
38.779809 164.267715 0.000000 8.000000 3.000000 8.000000 17.000000 6.000000 4.000000 3.000000 5.000000 4.000000 9.000000 10.000000 4.000000 
34.198784 175.413175 0.000000 14.000000 3.000000 14.000000 0.000000 1.000000 6.000000 3.000000 4.000000 0.000000 2.000000 14.000000 20.000000 
32.239449 181.695433 0.000000 12.000000 0.000000 13.000000 0.000000 0.000000 3.000000 7.000000 3.000000 3.000000 10.000000 8.000000 22.000000 
29.000000 188.644825 0.000000 27.000000 1.000000 15.000000 6.000000 3.000000 3.000000 0.000000 1.000000 1.000000 5.000000 14.000000 5.000000 
32.794753 196.173650 0.000000 9.000000 9.000000 19.000000 2.000000 2.000000 4.000000 2.000000 3.000000 8.000000 16.000000 5.000000 2.000000 
36.909237 202.446935 0.000000 20.000000 10.000000 10.000000 9.000000 1.000000 0.000000 1.000000 3.000000 5.000000 15.000000 6.000000 1.000000 
34.236167 214.507910 0.000000 4.000000 5.000000 6.000000 13.000000 7.000000 3.000000 0.000000 2.000000 5.000000 18.000000 12.000000 6.000000 
33.269983 219.285276 0.000000 5.000000 7.000000 7.000000 37.000000 3.000000 1.000000 0.000000 2.000000 0.000000 6.000000 5.000000 8.000000 
34.501103 229.227726 0.000000 19.000000 8.000000 7.000000 9.000000 7.000000 8.000000 6.000000 2.000000 1.000000 2.000000 3.000000 9.000000 
36.000000 237.365028 27.000000 18.000000 1.000000 3.000000 1.000000 2.000000 4.000000 2.000000 1.000000 3.000000 2.000000 4.000000 4.000000 
43.710649 6.649146 27.000000 13.000000 4.000000 0.000000 6.000000 1.000000 1.000000 6.000000 5.000000 3.000000 5.000000 4.000000 6.000000 
43.639172 16.274144 0.000000 17.000000 7.000000 6.000000 6.000000 4.000000 2.000000 2.000000 4.000000 3.000000 8.000000 7.000000 15.000000 
45.032068 23.963200 0.000000 19.000000 11.000000 7.000000 4.000000 1.000000 1.000000 4.000000 7.000000 5.000000 3.000000 10.000000 9.000000 
44.607010 27.577471 0.000000 12.000000 12.000000 6.000000 2.000000 0.000000 2.000000 4.000000 6.000000 7.000000 18.000000 4.000000 8.000000 
41.583138 33.193656 0.000000 7.000000 20.000000 13.000000 7.000000 4.000000 3.000000 3.000000 3.000000 4.000000 6.000000 4.000000 7.000000 
43.697987 41.738363 0.000000 10.000000 7.000000 7.000000 5.000000 3.000000 4.000000 3.000000 7.000000 5.000000 15.000000 12.000000 3.000000 
42.058192 51.128998 0.000000 16.000000 6.000000 6.000000 9.000000 2.000000 2.000000 5.000000 8.000000 5.000000 11.000000 3.000000 8.000000 
41.000000 58.906801 0.000000 9.000000 8.000000 11.000000 19.000000 8.000000 6.000000 3.000000 1.000000 1.000000 5.000000 5.000000 5.000000 
41.361027 69.092422 0.000000 6.000000 3.000000 5.000000 6.000000 4.000000 2.000000 5.000000 9.000000 8.000000 10.000000 5.000000 18.000000 
40.677587 76.687440 0.000000 4.000000 10.000000 9.000000 3.000000 2.000000 3.000000 7.000000 8.000000 6.000000 19.000000 6.000000 4.000000 
42.254400 85.000000 0.000000 22.000000 8.000000 12.000000 5.000000 1.000000 3.000000 5.000000 6.000000 2.000000 3.000000 11.000000 3.000000 
44.767114 93.242739 0.000000 13.000000 8.000000 10.000000 10.000000 3.000000 5.000000 5.000000 6.000000 2.000000 1.000000 8.000000 10.000000 
45.212534 100.705608 0.000000 15.000000 2.000000 1.000000 6.000000 4.000000 2.000000 6.000000 6.000000 7.000000 14.000000 8.000000 10.000000 
43.632348 107.886562 0.000000 10.000000 6.000000 4.000000 7.000000 8.000000 7.000000 6.000000 4.000000 5.000000 8.000000 5.000000 11.000000 
41.000000 117.173650 0.000000 24.000000 4.000000 7.000000 11.000000 3.000000 7.000000 3.000000 1.000000 3.000000 1.000000 8.000000 9.000000 
45.614127 124.955180 0.000000 14.000000 7.000000 12.000000 10.000000 2.000000 3.000000 3.000000 3.000000 5.000000 7.000000 6.000000 9.000000 
45.679299 135.914764 0.000000 9.000000 9.000000 16.000000 12.000000 4.000000 5.000000 7.000000 5.000000 4.000000 4.000000 5.000000 1.000000 
46.500799 142.498070 0.000000 2.000000 11.000000 8.000000 7.000000 6.000000 4.000000 2.000000 3.000000 3.000000 23.000000 5.000000 7.000000 
47.618016 147.708458 0.000000 7.000000 5.000000 14.000000 6.000000 6.000000 4.000000 2.000000 5.000000 8.000000 13.000000 7.000000 4.000000 
46.032385 159.059327 0.000000 11.000000 2.000000 6.000000 25.000000 5.000000 2.000000 1.000000 2.000000 1.000000 10.000000 10.000000 6.000000 
44.931402 165.992191 0.000000 11.000000 3.000000 7.000000 5.000000 6.000000 3.000000 5.000000 3.000000 1.000000 10.000000 19.000000 8.000000 
40.716995 173.481686 0.000000 15.000000 6.000000 16.000000 4.000000 4.000000 3.000000 0.000000 2.000000 3.000000 6.000000 11.000000 11.000000 
41.811647 178.136567 0.000000 16.000000 2.000000 6.000000 2.000000 4.000000 6.000000 4.000000 8.000000 6.000000 10.000000 6.000000 11.000000 
43.884661 187.736108 0.000000 11.000000 5.000000 8.000000 2.000000 5.000000 4.000000 7.000000 10.000000 4.000000 9.000000 7.000000 9.000000 
42.173650 195.148794 0.000000 11.000000 7.000000 11.000000 8.000000 5.000000 4.000000 2.000000 5.000000 3.000000 10.000000 6.000000 9.000000 
42.683717 201.951255 0.000000 17.000000 7.000000 3.000000 9.000000 3.000000 2.000000 3.000000 8.000000 7.000000 10.000000 7.000000 5.000000 
42.453377 211.766076 0.000000 11.000000 3.000000 6.000000 19.000000 10.000000 3.000000 2.000000 0.000000 5.000000 15.000000 3.000000 4.000000 
44.745226 215.503307 0.000000 6.000000 3.000000 7.000000 15.000000 5.000000 6.000000 1.000000 4.000000 3.000000 10.000000 11.000000 10.000000 
43.567115 228.351300 0.000000 9.000000 4.000000 7.000000 15.000000 6.000000 2.000000 6.000000 4.000000 7.000000 5.000000 12.000000 4.000000 
44.000000 237.365028 27.000000 4.000000 0.000000 5.000000 13.000000 1.000000 3.000000 6.000000 3.000000 5.000000 0.000000 1.000000 4.000000 
52.000000 4.948166 27.000000 7.000000 3.000000 5.000000 1.000000 4.000000 5.000000 4.000000 8.000000 6.000000 6.000000 3.000000 2.000000 
51.077352 13.336701 0.000000 6.000000 4.000000 5.000000 4.000000 5.000000 6.000000 7.000000 13.000000 12.000000 7.000000 3.000000 9.000000 
49.190358 23.365028 0.000000 22.000000 9.000000 7.000000 7.000000 2.000000 3.000000 4.000000 3.000000 4.000000 8.000000 4.000000 8.000000 
49.167467 29.337408 0.000000 16.000000 14.000000 5.000000 3.000000 0.000000 1.000000 5.000000 6.000000 7.000000 13.000000 2.000000 9.000000 
50.692988 36.084539 0.000000 6.000000 8.000000 1.000000 4.000000 2.000000 3.000000 5.000000 5.000000 6.000000 18.000000 8.000000 15.000000 
53.322413 44.391502 0.000000 12.000000 10.000000 9.000000 17.000000 5.000000 4.000000 2.000000 3.000000 1.000000 5.000000 8.000000 5.000000 
53.322413 54.025440 0.000000 10.000000 5.000000 9.000000 10.000000 6.000000 4.000000 3.000000 5.000000 4.000000 14.000000 7.000000 4.000000 
52.818317 62.728460 0.000000 8.000000 16.000000 10.000000 11.000000 3.000000 5.000000 8.000000 3.000000 4.000000 5.000000 4.000000 4.000000 
52.000000 69.689680 0.000000 11.000000 10.000000 8.000000 5.000000 1.000000 2.000000 1.000000 7.000000 5.000000 9.000000 16.000000 6.000000 
50.690549 77.747728 0.000000 17.000000 12.000000 7.000000 3.000000 6.000000 4.000000 7.000000 3.000000 2.000000 5.000000 7.000000 8.000000 
51.000000 84.689680 0.000000 9.000000 8.000000 6.000000 12.000000 5.000000 3.000000 11.000000 5.000000 2.000000 9.000000 4.000000 7.000000 
52.882892 92.482136 0.000000 4.000000 5.000000 8.000000 7.000000 2.000000 4.000000 6.000000 8.000000 5.000000 8.000000 9.000000 15.000000 
55.102982 99.154060 0.000000 12.000000 8.000000 6.000000 9.000000 9.000000 7.000000 1.000000 7.000000 4.000000 2.000000 8.000000 8.000000 
55.586825 110.951852 0.000000 10.000000 1.000000 3.000000 2.000000 6.000000 8.000000 10.000000 5.000000 7.000000 12.000000 6.000000 11.000000 
52.243541 117.296179 0.000000 8.000000 10.000000 3.000000 4.000000 5.000000 6.000000 5.000000 3.000000 3.000000 13.000000 7.000000 14.000000 
54.000000 128.040399 0.000000 17.000000 7.000000 4.000000 5.000000 4.000000 9.000000 4.000000 5.000000 6.000000 7.000000 2.000000 11.000000 
51.944637 134.759835 0.000000 22.000000 9.000000 7.000000 5.000000 3.000000 3.000000 4.000000 2.000000 5.000000 6.000000 9.000000 6.000000 
53.642583 141.231464 0.000000 13.000000 17.000000 6.000000 6.000000 2.000000 2.000000 3.000000 6.000000 4.000000 15.000000 1.000000 6.000000 
56.797403 147.745568 0.000000 5.000000 4.000000 7.000000 14.000000 4.000000 1.000000 6.000000 3.000000 4.000000 19.000000 9.000000 5.000000 
55.692249 157.583731 0.000000 7.000000 3.000000 6.000000 4.000000 6.000000 2.000000 5.000000 7.000000 9.000000 15.000000 8.000000 9.000000 
57.957362 165.557551 0.000000 11.000000 11.000000 7.000000 8.000000 5.000000 4.000000 4.000000 3.000000 1.000000 16.000000 5.000000 6.000000 
57.000000 171.238147 0.000000 8.000000 2.000000 5.000000 5.000000 8.000000 6.000000 6.000000 1.000000 4.000000 23.000000 6.000000 7.000000 
53.494947 175.390684 0.000000 12.000000 3.000000 8.000000 4.000000 4.000000 9.000000 3.000000 0.000000 3.000000 23.000000 6.000000 6.000000 
54.677587 185.422110 0.000000 6.000000 8.000000 4.000000 12.000000 4.000000 6.000000 13.000000 7.000000 6.000000 6.000000 5.000000 4.000000 
51.797798 198.567230 0.000000 8.000000 4.000000 11.000000 16.000000 5.000000 0.000000 0.000000 2.000000 1.000000 15.000000 9.000000 10.000000 
52.677587 204.660637 0.000000 6.000000 8.000000 9.000000 10.000000 5.000000 1.000000 6.000000 4.000000 5.000000 11.000000 4.000000 12.000000 
49.986361 213.421110 0.000000 7.000000 6.000000 10.000000 10.000000 2.000000 9.000000 1.000000 6.000000 4.000000 17.000000 3.000000 6.000000 
50.413175 217.497842 0.000000 2.000000 3.000000 6.000000 15.000000 5.000000 11.000000 3.000000 5.000000 5.000000 19.000000 3.000000 4.000000 
52.721715 227.398346 0.000000 6.000000 4.000000 1.000000 6.000000 9.000000 10.000000 10.000000 6.000000 8.000000 6.000000 6.000000 9.000000 
52.000000 237.002427 27.000000 5.000000 1.000000 1.000000 0.000000 2.000000 3.000000 6.000000 1.000000 12.000000 6.000000 5.000000 3.000000 
60.000000 5.324652 39.000000 4.000000 2.000000 2.000000 4.000000 4.000000 4.000000 6.000000 4.000000 3.000000 6.000000 3.000000 0.000000 
60.000000 13.324652 18.000000 11.000000 4.000000 9.000000 4.000000 5.000000 5.000000 14.000000 5.000000 2.000000 0.000000 2.000000 2.000000 
59.728050 21.859594 18.000000 3.000000 8.000000 6.000000 1.000000 2.000000 2.000000 8.000000 10.000000 4.000000 6.000000 7.000000 6.000000 
59.742172 29.324652 18.000000 4.000000 9.000000 5.000000 4.000000 7.000000 4.000000 8.000000 6.000000 5.000000 2.000000 4.000000 5.000000 
60.000000 37.324652 18.000000 6.000000 7.000000 5.000000 1.000000 4.000000 4.000000 6.000000 6.000000 5.000000 4.000000 6.000000 9.000000 
60.000000 45.324652 18.000000 8.000000 2.000000 4.000000 6.000000 2.000000 4.000000 6.000000 6.000000 5.000000 10.000000 5.000000 5.000000 
60.000000 53.324652 18.000000 8.000000 4.000000 4.000000 4.000000 2.000000 4.000000 8.000000 5.000000 4.000000 8.000000 7.000000 5.000000 
60.000000 61.756577 18.000000 11.000000 7.000000 4.000000 1.000000 4.000000 4.000000 5.000000 5.000000 0.000000 2.000000 10.000000 10.000000 
59.632503 69.692149 18.000000 8.000000 5.000000 5.000000 13.000000 6.000000 4.000000 4.000000 2.000000 2.000000 4.000000 4.000000 6.000000 
60.000000 77.324652 18.000000 11.000000 7.000000 2.000000 6.000000 2.000000 3.000000 6.000000 2.000000 6.000000 4.000000 9.000000 5.000000 
60.000000 85.324652 18.000000 11.000000 5.000000 2.000000 8.000000 3.000000 2.000000 3.000000 1.000000 1.000000 9.000000 9.000000 9.000000 
60.000000 93.324652 18.000000 2.000000 5.000000 4.000000 11.000000 5.000000 6.000000 1.000000 1.000000 3.000000 5.000000 8.000000 12.000000 
60.457251 100.867401 18.000000 8.000000 11.000000 8.000000 9.000000 3.000000 5.000000 2.000000 0.000000 2.000000 6.000000 6.000000 3.000000 
61.431844 110.308513 18.000000 12.000000 8.000000 5.000000 1.000000 1.000000 2.000000 1.000000 0.000000 3.000000 12.000000 8.000000 10.000000 
60.000000 117.324652 18.000000 16.000000 8.000000 4.000000 6.000000 5.000000 2.000000 0.000000 0.000000 2.000000 9.000000 6.000000 5.000000 
60.463400 126.213091 18.000000 5.000000 2.000000 5.000000 6.000000 5.000000 9.000000 4.000000 1.000000 6.000000 7.000000 6.000000 7.000000 
60.000000 133.672996 18.000000 11.000000 6.000000 7.000000 2.000000 5.000000 4.000000 4.000000 3.000000 3.000000 11.000000 2.000000 5.000000 
60.446997 141.771649 18.000000 5.000000 16.000000 9.000000 3.000000 0.000000 0.000000 1.000000 1.000000 5.000000 19.000000 3.000000 1.000000 
61.531823 148.074987 18.000000 7.000000 4.000000 7.000000 11.000000 1.000000 0.000000 1.000000 0.000000 2.000000 19.000000 6.000000 5.000000 
61.001456 158.326109 18.000000 8.000000 0.000000 8.000000 7.000000 4.000000 1.000000 5.000000 5.000000 3.000000 8.000000 6.000000 8.000000 
61.639951 165.324652 18.000000 6.000000 6.000000 8.000000 2.000000 3.000000 1.000000 0.000000 2.000000 0.000000 19.000000 6.000000 10.000000 
62.050613 173.254839 18.000000 5.000000 3.000000 4.000000 7.000000 5.000000 4.000000 4.000000 2.000000 1.000000 19.000000 3.000000 6.000000 
60.000000 180.261229 18.000000 5.000000 3.000000 7.000000 5.000000 12.000000 9.000000 11.000000 0.000000 1.000000 8.000000 1.000000 1.000000 
60.851064 188.473588 18.000000 4.000000 3.000000 4.000000 7.000000 2.000000 3.000000 9.000000 10.000000 3.000000 8.000000 2.000000 8.000000 
60.000000 198.003327 18.000000 9.000000 5.000000 3.000000 3.000000 3.000000 1.000000 4.000000 12.000000 5.000000 6.000000 3.000000 9.000000 
60.000000 205.324652 18.000000 2.000000 8.000000 8.000000 11.000000 7.000000 7.000000 4.000000 2.000000 3.000000 1.000000 5.000000 5.000000 
60.000000 213.632160 18.000000 9.000000 7.000000 7.000000 6.000000 7.000000 6.000000 3.000000 6.000000 1.000000 2.000000 4.000000 5.000000 
59.720904 221.009022 18.000000 5.000000 3.000000 10.000000 8.000000 8.000000 1.000000 1.000000 5.000000 5.000000 4.000000 6.000000 7.000000 
60.000000 228.890526 18.000000 8.000000 2.000000 2.000000 3.000000 3.000000 1.000000 2.000000 7.000000 2.000000 15.000000 6.000000 12.000000 
60.000000 236.000000 35.000000 0.000000 2.000000 4.000000 13.000000 3.000000 1.000000 0.000000 0.000000 2.000000 1.000000 2.000000 0.000000 
