240
5.000000 5.689680 39.000000 4.000000 3.000000 3.000000 3.000000 1.000000 0.000000 0.000000 0.000000 1.000000 2.000000 4.000000 3.000000 
4.000000 13.689680 27.000000 4.000000 3.000000 2.000000 9.000000 2.000000 0.000000 2.000000 1.000000 1.000000 5.000000 2.000000 5.000000 
3.583138 21.324652 27.000000 3.000000 3.000000 3.000000 16.000000 0.000000 0.000000 0.000000 0.000000 0.000000 1.000000 1.000000 9.000000 
4.322413 29.647065 27.000000 4.000000 6.000000 6.000000 1.000000 0.000000 1.000000 0.000000 1.000000 1.000000 2.000000 5.000000 9.000000 
4.000000 37.689680 27.000000 4.000000 2.000000 0.000000 5.000000 1.000000 2.000000 0.000000 0.000000 1.000000 11.000000 3.000000 7.000000 
4.603578 45.283405 27.000000 3.000000 4.000000 4.000000 9.000000 1.000000 0.000000 0.000000 0.000000 0.000000 5.000000 8.000000 2.000000 
4.000000 52.959625 27.000000 9.000000 2.000000 1.000000 5.000000 5.000000 4.000000 3.000000 2.000000 0.000000 2.000000 2.000000 1.000000 
4.322413 61.987100 27.000000 4.000000 3.000000 3.000000 1.000000 4.000000 1.000000 8.000000 3.000000 1.000000 2.000000 3.000000 3.000000 
3.929779 68.929779 27.000000 2.000000 1.000000 2.000000 2.000000 1.000000 0.000000 0.000000 0.000000 2.000000 11.000000 7.000000 8.000000 
2.611278 76.796770 27.000000 8.000000 1.000000 2.000000 3.000000 3.000000 3.000000 3.000000 2.000000 3.000000 4.000000 1.000000 3.000000 
4.000000 85.689680 27.000000 5.000000 3.000000 6.000000 7.000000 1.000000 3.000000 3.000000 1.000000 0.000000 0.000000 1.000000 6.000000 
3.181135 92.505788 27.000000 0.000000 3.000000 7.000000 2.000000 2.000000 3.000000 0.000000 3.000000 3.000000 7.000000 4.000000 2.000000 
4.000000 101.689680 27.000000 6.000000 8.000000 3.000000 2.000000 0.000000 1.000000 0.000000 1.000000 3.000000 2.000000 5.000000 5.000000 
3.150902 108.911477 27.000000 9.000000 0.000000 6.000000 0.000000 1.000000 3.000000 0.000000 1.000000 5.000000 4.000000 0.000000 7.000000 
4.622532 117.324652 27.000000 8.000000 4.000000 7.000000 2.000000 0.000000 0.000000 1.000000 0.000000 2.000000 5.000000 5.000000 2.000000 
4.322413 125.647065 27.000000 7.000000 5.000000 0.000000 0.000000 0.000000 2.000000 1.000000 3.000000 2.000000 7.000000 4.000000 5.000000 
2.659477 133.737828 27.000000 6.000000 10.000000 1.000000 7.000000 1.000000 1.000000 4.000000 2.000000 0.000000 1.000000 2.000000 1.000000 
3.081653 142.242999 27.000000 2.000000 6.000000 2.000000 4.000000 2.000000 2.000000 4.000000 3.000000 2.000000 0.000000 4.000000 5.000000 
4.000000 149.689680 27.000000 5.000000 2.000000 3.000000 1.000000 4.000000 4.000000 4.000000 2.000000 2.000000 3.000000 4.000000 2.000000 
4.324652 157.324652 27.000000 3.000000 2.000000 2.000000 3.000000 0.000000 0.000000 5.000000 3.000000 4.000000 8.000000 5.000000 1.000000 
3.586825 164.911477 27.000000 4.000000 3.000000 5.000000 10.000000 3.000000 5.000000 0.000000 1.000000 0.000000 1.000000 2.000000 2.000000 
4.854903 173.893054 27.000000 9.000000 3.000000 3.000000 8.000000 0.000000 0.000000 0.000000 3.000000 2.000000 1.000000 5.000000 2.000000 
4.608798 181.933450 27.000000 8.000000 1.000000 4.000000 13.000000 0.000000 0.000000 0.000000 0.000000 1.000000 4.000000 0.000000 5.000000 
4.000000 188.959625 27.000000 9.000000 5.000000 2.000000 2.000000 0.000000 0.000000 0.000000 0.000000 3.000000 9.000000 0.000000 6.000000 
5.224917 197.256305 27.000000 4.000000 6.000000 4.000000 3.000000 1.000000 1.000000 0.000000 2.000000 0.000000 7.000000 4.000000 4.000000 
5.193834 206.286762 27.000000 4.000000 2.000000 9.000000 12.000000 1.000000 0.000000 0.000000 0.000000 0.000000 1.000000 3.000000 4.000000 
4.903666 212.975983 27.000000 2.000000 5.000000 3.000000 3.000000 0.000000 0.000000 0.000000 0.000000 0.000000 10.000000 9.000000 4.000000 
3.223829 220.965344 27.000000 4.000000 3.000000 4.000000 8.000000 2.000000 0.000000 2.000000 2.000000 0.000000 3.000000 2.000000 6.000000 
4.689680 229.000000 27.000000 6.000000 8.000000 4.000000 6.000000 1.000000 0.000000 1.000000 0.000000 0.000000 2.000000 5.000000 3.000000 
5.000000 236.365028 36.000000 0.000000 3.000000 0.000000 1.000000 0.000000 0.000000 0.000000 0.000000 1.000000 8.000000 4.000000 3.000000 
12.000000 5.689680 27.000000 16.000000 3.000000 3.000000 2.000000 5.000000 3.000000 4.000000 3.000000 4.000000 2.000000 2.000000 7.000000 
11.221797 12.586825 0.000000 6.000000 1.000000 7.000000 13.000000 8.000000 3.000000 2.000000 4.000000 5.000000 20.000000 3.000000 9.000000 
11.921369 20.921369 0.000000 14.000000 9.000000 10.000000 10.000000 6.000000 4.000000 0.000000 2.000000 3.000000 1.000000 4.000000 18.000000 
12.493353 27.257188 0.000000 13.000000 12.000000 7.000000 8.000000 0.000000 1.000000 4.000000 5.000000 6.000000 9.000000 7.000000 9.000000 
12.851879 37.390557 0.000000 7.000000 2.000000 7.000000 19.000000 3.000000 4.000000 8.000000 5.000000 6.000000 6.000000 8.000000 6.000000 
14.322413 43.260725 0.000000 2.000000 2.000000 5.000000 10.000000 9.000000 13.000000 5.000000 9.000000 6.000000 6.000000 9.000000 5.000000 
13.004343 51.956724 0.000000 11.000000 6.000000 4.000000 11.000000 8.000000 6.000000 4.000000 4.000000 0.000000 6.000000 4.000000 17.000000 
11.995478 61.738162 0.000000 3.000000 3.000000 4.000000 13.000000 5.000000 3.000000 12.000000 6.000000 10.000000 5.000000 11.000000 6.000000 
10.458683 66.975953 0.000000 9.000000 2.000000 7.000000 7.000000 11.000000 8.000000 9.000000 6.000000 5.000000 3.000000 4.000000 10.000000 
8.269143 74.593796 0.000000 10.000000 4.000000 2.000000 6.000000 6.000000 7.000000 9.000000 1.000000 9.000000 18.000000 5.000000 4.000000 
9.289877 83.440140 0.000000 17.000000 10.000000 8.000000 9.000000 4.000000 4.000000 3.000000 3.000000 3.000000 11.000000 3.000000 6.000000 
10.577414 90.071891 0.000000 5.000000 6.000000 9.000000 17.000000 8.000000 2.000000 3.000000 6.000000 5.000000 11.000000 6.000000 3.000000 
10.867479 101.039265 0.000000 14.000000 9.000000 5.000000 7.000000 2.000000 2.000000 4.000000 5.000000 7.000000 5.000000 9.000000 12.000000 
10.257432 107.000000 0.000000 13.000000 8.000000 8.000000 7.000000 3.000000 6.000000 4.000000 5.000000 7.000000 6.000000 5.000000 9.000000 
13.340220 115.909237 0.000000 9.000000 9.000000 3.000000 7.000000 4.000000 6.000000 3.000000 2.000000 3.000000 14.000000 8.000000 13.000000 
10.444894 125.322413 0.000000 10.000000 8.000000 4.000000 12.000000 3.000000 2.000000 4.000000 4.000000 4.000000 9.000000 4.000000 17.000000 
8.709981 133.614671 0.000000 12.000000 17.000000 3.000000 10.000000 2.000000 8.000000 5.000000 4.000000 4.000000 5.000000 8.000000 3.000000 
8.877424 143.098848 0.000000 4.000000 7.000000 4.000000 12.000000 11.000000 8.000000 17.000000 6.000000 4.000000 2.000000 5.000000 1.000000 
12.257648 149.107379 0.000000 1.000000 6.000000 5.000000 6.000000 8.000000 7.000000 7.000000 5.000000 6.000000 18.000000 5.000000 7.000000 
10.678297 155.586825 0.000000 7.000000 9.000000 3.000000 11.000000 5.000000 7.000000 8.000000 7.000000 8.000000 8.000000 5.000000 3.000000 
12.383560 163.197880 0.000000 5.000000 3.000000 7.000000 3.000000 8.000000 5.000000 9.000000 14.000000 9.000000 7.000000 6.000000 5.000000 
15.677695 175.998183 0.000000 3.000000 4.000000 10.000000 6.000000 8.000000 3.000000 3.000000 5.000000 9.000000 16.000000 4.000000 10.000000 
14.744183 182.675323 0.000000 13.000000 4.000000 11.000000 10.000000 7.000000 6.000000 9.000000 2.000000 1.000000 2.000000 3.000000 13.000000 
14.524162 187.979111 0.000000 14.000000 2.000000 3.000000 2.000000 0.000000 1.000000 9.000000 5.000000 7.000000 20.000000 2.000000 16.000000 
17.892544 197.746310 0.000000 8.000000 12.000000 4.000000 18.000000 2.000000 5.000000 5.000000 5.000000 6.000000 10.000000 4.000000 2.000000 
19.872559 208.326199 0.000000 5.000000 2.000000 10.000000 0.000000 4.000000 6.000000 4.000000 6.000000 3.000000 33.000000 6.000000 2.000000 
14.393582 210.042446 0.000000 2.000000 3.000000 9.000000 6.000000 5.000000 3.000000 7.000000 9.000000 7.000000 20.000000 4.000000 6.000000 
11.231011 218.398392 0.000000 7.000000 10.000000 9.000000 6.000000 1.000000 2.000000 9.000000 5.000000 4.000000 6.000000 7.000000 15.000000 
13.828858 228.089472 0.000000 13.000000 6.000000 7.000000 12.000000 5.000000 4.000000 4.000000 3.000000 2.000000 9.000000 8.000000 8.000000 
12.000000 237.365028 27.000000 0.000000 1.000000 5.000000 10.000000 7.000000 5.000000 4.000000 2.000000 3.000000 5.000000 2.000000 1.000000 
19.586825 4.951852 27.000000 9.000000 7.000000 4.000000 3.000000 3.000000 1.000000 4.000000 2.000000 2.000000 6.000000 6.000000 7.000000 
19.587330 11.222303 0.000000 10.000000 10.000000 5.000000 8.000000 2.000000 4.000000 5.000000 6.000000 3.000000 23.000000 2.000000 3.000000 
21.585658 18.963469 0.000000 7.000000 6.000000 7.000000 2.000000 3.000000 6.000000 9.000000 7.000000 3.000000 20.000000 6.000000 5.000000 
19.271162 24.191783 0.000000 9.000000 5.000000 12.000000 4.000000 3.000000 1.000000 4.000000 4.000000 4.000000 22.000000 6.000000 7.000000 
20.406018 35.957695 0.000000 3.000000 4.000000 5.000000 12.000000 6.000000 10.000000 9.000000 2.000000 2.000000 5.000000 16.000000 7.000000 
22.147093 43.009880 0.000000 5.000000 9.000000 3.000000 8.000000 9.000000 2.000000 4.000000 5.000000 7.000000 9.000000 9.000000 11.000000 
21.196591 51.247208 0.000000 12.000000 11.000000 7.000000 8.000000 6.000000 4.000000 6.000000 3.000000 2.000000 9.000000 9.000000 4.000000 
17.677587 60.687440 0.000000 4.000000 8.000000 7.000000 17.000000 4.000000 3.000000 8.000000 3.000000 2.000000 4.000000 7.000000 14.000000 
18.145538 68.557089 0.000000 12.000000 7.000000 4.000000 9.000000 5.000000 3.000000 6.000000 2.000000 5.000000 14.000000 5.000000 9.000000 
16.870290 73.503344 0.000000 15.000000 5.000000 4.000000 19.000000 8.000000 2.000000 1.000000 3.000000 5.000000 10.000000 4.000000 5.000000 
18.739418 83.990638 0.000000 11.000000 7.000000 5.000000 8.000000 2.000000 4.000000 5.000000 1.000000 5.000000 13.000000 7.000000 13.000000 
22.322413 91.966361 0.000000 7.000000 8.000000 10.000000 11.000000 1.000000 4.000000 8.000000 5.000000 4.000000 3.000000 10.000000 10.000000 
20.454763 101.180209 0.000000 19.000000 6.000000 6.000000 2.000000 2.000000 2.000000 2.000000 4.000000 6.000000 17.000000 5.000000 10.000000 
18.414726 108.110509 0.000000 8.000000 8.000000 6.000000 12.000000 2.000000 2.000000 7.000000 4.000000 2.000000 15.000000 11.000000 4.000000 
16.336556 114.586825 0.000000 6.000000 2.000000 4.000000 6.000000 4.000000 2.000000 2.000000 4.000000 7.000000 27.000000 11.000000 6.000000 
16.402470 124.322413 0.000000 7.000000 6.000000 7.000000 22.000000 5.000000 5.000000 6.000000 3.000000 4.000000 0.000000 2.000000 14.000000 
18.354280 132.191611 0.000000 21.000000 8.000000 13.000000 4.000000 5.000000 2.000000 3.000000 4.000000 1.000000 8.000000 7.000000 5.000000 
18.446554 142.198272 0.000000 7.000000 9.000000 4.000000 7.000000 3.000000 2.000000 4.000000 2.000000 9.000000 23.000000 6.000000 5.000000 
19.331366 149.549169 0.000000 1.000000 6.000000 4.000000 13.000000 4.000000 3.000000 7.000000 5.000000 9.000000 16.000000 4.000000 9.000000 
16.397538 156.000000 0.000000 14.000000 7.000000 6.000000 26.000000 5.000000 4.000000 3.000000 1.000000 1.000000 5.000000 4.000000 5.000000 
20.308466 162.345247 0.000000 6.000000 8.000000 4.000000 10.000000 2.000000 3.000000 4.000000 7.000000 8.000000 22.000000 5.000000 2.000000 
19.909237 175.211478 0.000000 5.000000 2.000000 5.000000 4.000000 6.000000 5.000000 9.000000 12.000000 9.000000 19.000000 2.000000 3.000000 
22.302008 182.680237 0.000000 8.000000 6.000000 2.000000 4.000000 2.000000 7.000000 18.000000 3.000000 6.000000 10.000000 5.000000 10.000000 
21.650940 191.038740 0.000000 17.000000 10.000000 2.000000 7.000000 3.000000 8.000000 7.000000 6.000000 3.000000 7.000000 5.000000 6.000000 
22.724161 198.296014 0.000000 8.000000 10.000000 5.000000 29.000000 0.000000 2.000000 4.000000 7.000000 5.000000 6.000000 4.000000 1.000000 
21.941122 205.355064 0.000000 3.000000 4.000000 5.000000 11.000000 3.000000 4.000000 3.000000 3.000000 1.000000 36.000000 7.000000 1.000000 
19.205822 208.414304 0.000000 8.000000 3.000000 14.000000 7.000000 3.000000 1.000000 4.000000 5.000000 0.000000 28.000000 5.000000 3.000000 
22.574870 218.207180 0.000000 1.000000 9.000000 11.000000 8.000000 4.000000 3.000000 5.000000 9.000000 7.000000 5.000000 12.000000 7.000000 
25.164527 229.220531 0.000000 12.000000 1.000000 3.000000 15.000000 4.000000 3.000000 8.000000 1.000000 3.000000 8.000000 15.000000 8.000000 
21.369852 237.025034 27.000000 0.000000 0.000000 3.000000 3.000000 1.000000 2.000000 7.000000 4.000000 3.000000 10.000000 8.000000 4.000000 
28.000000 4.948166 27.000000 12.000000 9.000000 1.000000 3.000000 3.000000 2.000000 2.000000 9.000000 0.000000 1.000000 7.000000 5.000000 
27.581029 10.581029 0.000000 16.000000 8.000000 4.000000 9.000000 6.000000 6.000000 7.000000 2.000000 5.000000 8.000000 6.000000 4.000000 
28.230788 18.374905 0.000000 6.000000 9.000000 4.000000 11.000000 5.000000 7.000000 4.000000 9.000000 7.000000 9.000000 5.000000 5.000000 
29.000000 31.238821 0.000000 21.000000 12.000000 3.000000 6.000000 7.000000 6.000000 7.000000 3.000000 1.000000 2.000000 4.000000 9.000000 
28.200636 37.643102 0.000000 11.000000 7.000000 0.000000 6.000000 7.000000 9.000000 12.000000 3.000000 5.000000 5.000000 8.000000 8.000000 
29.668510 41.455524 0.000000 6.000000 4.000000 5.000000 6.000000 8.000000 7.000000 14.000000 2.000000 6.000000 11.000000 8.000000 4.000000 
31.659249 50.339076 0.000000 15.000000 5.000000 9.000000 11.000000 5.000000 5.000000 4.000000 3.000000 2.000000 3.000000 6.000000 13.000000 
28.947390 60.670870 0.000000 20.000000 12.000000 6.000000 9.000000 6.000000 2.000000 1.000000 2.000000 4.000000 3.000000 11.000000 5.000000 
28.173650 67.557448 0.000000 11.000000 10.000000 5.000000 12.000000 5.000000 4.000000 6.000000 6.000000 3.000000 6.000000 5.000000 8.000000 
26.583138 74.324652 0.000000 11.000000 4.000000 1.000000 11.000000 10.000000 7.000000 9.000000 7.000000 5.000000 6.000000 3.000000 7.000000 
28.368844 84.378559 0.000000 18.000000 1.000000 2.000000 9.000000 2.000000 6.000000 6.000000 7.000000 6.000000 6.000000 8.000000 10.000000 
30.517205 91.482795 0.000000 14.000000 6.000000 9.000000 12.000000 3.000000 3.000000 5.000000 4.000000 3.000000 4.000000 7.000000 11.000000 
30.705503 95.462243 0.000000 23.000000 6.000000 5.000000 7.000000 5.000000 5.000000 5.000000 6.000000 6.000000 6.000000 2.000000 5.000000 
30.161376 107.336926 0.000000 7.000000 7.000000 8.000000 11.000000 4.000000 2.000000 9.000000 9.000000 4.000000 1.000000 8.000000 11.000000 
28.026196 114.620536 0.000000 11.000000 9.000000 5.000000 16.000000 5.000000 4.000000 3.000000 3.000000 3.000000 12.000000 6.000000 4.000000 
27.364799 125.000000 0.000000 25.000000 9.000000 6.000000 5.000000 4.000000 5.000000 3.000000 2.000000 0.000000 10.000000 7.000000 5.000000 
27.932320 131.000000 0.000000 12.000000 10.000000 6.000000 4.000000 4.000000 5.000000 8.000000 6.000000 8.000000 7.000000 8.000000 3.000000 
28.500874 142.632162 0.000000 15.000000 7.000000 2.000000 2.000000 4.000000 4.000000 7.000000 5.000000 6.000000 17.000000 6.000000 6.000000 
29.273726 155.918551 0.000000 2.000000 5.000000 3.000000 0.000000 4.000000 7.000000 6.000000 2.000000 13.000000 24.000000 7.000000 8.000000 
25.981559 158.834188 0.000000 4.000000 6.000000 3.000000 0.000000 3.000000 4.000000 6.000000 4.000000 13.000000 28.000000 5.000000 5.000000 
26.129619 161.129619 0.000000 3.000000 5.000000 8.000000 7.000000 7.000000 6.000000 2.000000 6.000000 11.000000 23.000000 3.000000 0.000000 
27.700541 170.742781 0.000000 6.000000 1.000000 4.000000 8.000000 7.000000 14.000000 8.000000 5.000000 3.000000 11.000000 7.000000 7.000000 
30.000000 179.689680 0.000000 10.000000 8.000000 6.000000 2.000000 0.000000 4.000000 7.000000 3.000000 4.000000 8.000000 10.000000 19.000000 
30.092192 188.767083 0.000000 17.000000 9.000000 6.000000 15.000000 2.000000 6.000000 9.000000 5.000000 4.000000 6.000000 2.000000 0.000000 
31.647065 192.826763 0.000000 17.000000 14.000000 13.000000 9.000000 3.000000 0.000000 3.000000 2.000000 3.000000 6.000000 7.000000 4.000000 
28.044735 205.512227 0.000000 1.000000 5.000000 8.000000 15.000000 2.000000 2.000000 4.000000 4.000000 11.000000 21.000000 4.000000 4.000000 
28.436587 212.082824 0.000000 6.000000 15.000000 12.000000 6.000000 3.000000 2.000000 3.000000 3.000000 1.000000 8.000000 13.000000 9.000000 
30.545494 220.501714 0.000000 7.000000 5.000000 7.000000 7.000000 7.000000 5.000000 6.000000 5.000000 3.000000 7.000000 9.000000 13.000000 
32.159985 231.689680 0.000000 30.000000 2.000000 10.000000 8.000000 3.000000 6.000000 8.000000 2.000000 2.000000 0.000000 6.000000 4.000000 
28.855751 238.220778 27.000000 13.000000 1.000000 5.000000 0.000000 2.000000 2.000000 4.000000 0.000000 3.000000 1.000000 9.000000 5.000000 
35.677587 5.687440 27.000000 16.000000 4.000000 1.000000 7.000000 3.000000 4.000000 1.000000 0.000000 4.000000 8.000000 3.000000 3.000000 
35.777412 13.153899 0.000000 20.000000 5.000000 4.000000 4.000000 3.000000 3.000000 2.000000 2.000000 6.000000 9.000000 10.000000 13.000000 
36.456284 19.565065 0.000000 10.000000 9.000000 6.000000 14.000000 8.000000 2.000000 3.000000 8.000000 4.000000 10.000000 4.000000 3.000000 
36.591863 29.719365 0.000000 11.000000 6.000000 3.000000 14.000000 9.000000 5.000000 5.000000 4.000000 5.000000 3.000000 6.000000 10.000000 
33.922790 34.587383 0.000000 5.000000 4.000000 6.000000 10.000000 5.000000 5.000000 5.000000 4.000000 2.000000 18.000000 9.000000 8.000000 
36.206036 42.055033 0.000000 8.000000 4.000000 7.000000 8.000000 8.000000 6.000000 8.000000 9.000000 6.000000 2.000000 7.000000 8.000000 
38.246619 49.540215 0.000000 11.000000 4.000000 7.000000 17.000000 4.000000 6.000000 6.000000 5.000000 6.000000 2.000000 2.000000 11.000000 
36.677587 59.687440 0.000000 11.000000 15.000000 3.000000 8.000000 4.000000 7.000000 9.000000 4.000000 2.000000 3.000000 9.000000 6.000000 
34.634972 68.634972 0.000000 5.000000 7.000000 6.000000 19.000000 7.000000 4.000000 2.000000 3.000000 7.000000 11.000000 5.000000 5.000000 
35.737828 74.842038 0.000000 12.000000 5.000000 7.000000 3.000000 4.000000 4.000000 2.000000 3.000000 3.000000 21.000000 11.000000 6.000000 
36.260725 82.322413 0.000000 7.000000 9.000000 8.000000 3.000000 7.000000 8.000000 2.000000 7.000000 5.000000 8.000000 10.000000 7.000000 
34.620125 91.122940 0.000000 16.000000 7.000000 8.000000 2.000000 3.000000 5.000000 8.000000 5.000000 4.000000 4.000000 7.000000 12.000000 
35.170008 96.195019 0.000000 20.000000 10.000000 4.000000 8.000000 4.000000 3.000000 6.000000 4.000000 6.000000 4.000000 5.000000 7.000000 
37.868888 106.284733 0.000000 12.000000 7.000000 5.000000 11.000000 2.000000 1.000000 8.000000 4.000000 4.000000 4.000000 11.000000 12.000000 
38.309974 115.954799 0.000000 9.000000 10.000000 8.000000 16.000000 6.000000 3.000000 9.000000 4.000000 6.000000 3.000000 2.000000 5.000000 
36.530011 124.586825 0.000000 23.000000 6.000000 3.000000 7.000000 6.000000 4.000000 4.000000 1.000000 2.000000 8.000000 9.000000 8.000000 
37.110023 129.744996 0.000000 19.000000 11.000000 6.000000 6.000000 1.000000 3.000000 1.000000 3.000000 3.000000 6.000000 11.000000 11.000000 
36.501378 140.200976 0.000000 11.000000 7.000000 3.000000 11.000000 6.000000 3.000000 5.000000 3.000000 1.000000 12.000000 8.000000 11.000000 
38.646722 150.981515 0.000000 0.000000 3.000000 4.000000 6.000000 5.000000 10.000000 9.000000 7.000000 6.000000 17.000000 7.000000 7.000000 
37.105314 159.138285 0.000000 2.000000 8.000000 6.000000 13.000000 6.000000 4.000000 6.000000 6.000000 4.000000 14.000000 7.000000 5.000000 
38.261082 165.049648 0.000000 7.000000 6.000000 5.000000 4.000000 4.000000 7.000000 5.000000 7.000000 2.000000 11.000000 20.000000 3.000000 
37.001451 172.742966 0.000000 9.000000 0.000000 4.000000 14.000000 6.000000 8.000000 3.000000 3.000000 2.000000 8.000000 11.000000 13.000000 
36.110698 181.010777 0.000000 15.000000 4.000000 13.000000 1.000000 1.000000 5.000000 5.000000 4.000000 7.000000 1.000000 2.000000 23.000000 
35.794488 190.877404 0.000000 22.000000 6.000000 9.000000 3.000000 1.000000 6.000000 1.000000 3.000000 2.000000 8.000000 11.000000 9.000000 
34.766131 194.729157 0.000000 20.000000 11.000000 13.000000 4.000000 0.000000 1.000000 0.000000 3.000000 5.000000 12.000000 8.000000 4.000000 
32.177578 204.708644 0.000000 5.000000 9.000000 7.000000 4.000000 2.000000 2.000000 3.000000 3.000000 12.000000 25.000000 4.000000 5.000000 
36.363013 212.647467 0.000000 8.000000 13.000000 9.000000 11.000000 3.000000 3.000000 2.000000 0.000000 2.000000 10.000000 12.000000 8.000000 
34.971480 219.194577 0.000000 5.000000 1.000000 4.000000 15.000000 5.000000 5.000000 7.000000 6.000000 3.000000 7.000000 10.000000 13.000000 
36.579352 230.320867 0.000000 21.000000 13.000000 1.000000 2.000000 1.000000 6.000000 6.000000 4.000000 4.000000 6.000000 6.000000 11.000000 
36.000000 237.365028 27.000000 10.000000 1.000000 7.000000 2.000000 2.000000 2.000000 3.000000 5.000000 2.000000 3.000000 5.000000 3.000000 
44.937346 6.003304 27.000000 7.000000 3.000000 4.000000 3.000000 4.000000 2.000000 6.000000 4.000000 6.000000 10.000000 2.000000 3.000000 
48.439038 15.039908 0.000000 18.000000 3.000000 6.000000 15.000000 2.000000 1.000000 5.000000 4.000000 3.000000 3.000000 4.000000 17.000000 
49.314206 22.356696 0.000000 13.000000 13.000000 9.000000 15.000000 3.000000 1.000000 5.000000 2.000000 5.000000 7.000000 2.000000 6.000000 
48.735588 26.899197 0.000000 18.000000 15.000000 5.000000 5.000000 3.000000 1.000000 2.000000 2.000000 9.000000 12.000000 5.000000 4.000000 
46.707433 34.678595 0.000000 10.000000 9.000000 12.000000 11.000000 4.000000 2.000000 4.000000 2.000000 2.000000 8.000000 7.000000 10.000000 
46.129230 42.993233 0.000000 6.000000 6.000000 4.000000 10.000000 5.000000 4.000000 4.000000 8.000000 5.000000 12.000000 7.000000 10.000000 
45.000000 50.959625 0.000000 10.000000 3.000000 3.000000 6.000000 8.000000 6.000000 2.000000 4.000000 10.000000 13.000000 9.000000 7.000000 
44.324652 60.583138 0.000000 5.000000 8.000000 2.000000 10.000000 6.000000 8.000000 14.000000 7.000000 3.000000 5.000000 4.000000 9.000000 
44.689680 67.000000 0.000000 8.000000 5.000000 4.000000 3.000000 8.000000 4.000000 8.000000 13.000000 7.000000 9.000000 6.000000 6.000000 
45.265540 75.369433 0.000000 6.000000 7.000000 6.000000 9.000000 11.000000 7.000000 3.000000 5.000000 5.000000 8.000000 6.000000 8.000000 
44.121887 83.910793 0.000000 8.000000 7.000000 4.000000 5.000000 4.000000 3.000000 2.000000 4.000000 3.000000 14.000000 8.000000 19.000000 
45.466513 90.079707 0.000000 7.000000 4.000000 8.000000 10.000000 3.000000 7.000000 2.000000 6.000000 4.000000 15.000000 7.000000 8.000000 
45.450949 99.138857 0.000000 12.000000 4.000000 6.000000 12.000000 8.000000 5.000000 1.000000 3.000000 6.000000 10.000000 6.000000 8.000000 
45.520330 106.600264 0.000000 11.000000 10.000000 2.000000 15.000000 5.000000 5.000000 6.000000 3.000000 6.000000 2.000000 8.000000 8.000000 
44.826468 118.413175 0.000000 21.000000 2.000000 9.000000 3.000000 6.000000 2.000000 6.000000 4.000000 7.000000 3.000000 8.000000 10.000000 
45.124856 123.342966 0.000000 12.000000 1.000000 4.000000 7.000000 10.000000 8.000000 9.000000 4.000000 5.000000 7.000000 8.000000 6.000000 
44.284778 129.590330 0.000000 15.000000 8.000000 3.000000 9.000000 6.000000 5.000000 7.000000 5.000000 2.000000 4.000000 6.000000 11.000000 
44.818654 140.818654 0.000000 5.000000 14.000000 4.000000 7.000000 2.000000 6.000000 5.000000 4.000000 6.000000 19.000000 6.000000 3.000000 
44.320249 149.538315 0.000000 5.000000 6.000000 14.000000 9.000000 1.000000 3.000000 1.000000 1.000000 6.000000 25.000000 5.000000 5.000000 
41.521982 158.695631 0.000000 4.000000 5.000000 5.000000 26.000000 3.000000 0.000000 3.000000 4.000000 5.000000 7.000000 12.000000 7.000000 
44.641380 162.625280 0.000000 12.000000 2.000000 6.000000 23.000000 2.000000 4.000000 3.000000 2.000000 3.000000 5.000000 12.000000 7.000000 
43.211863 171.157524 0.000000 7.000000 7.000000 12.000000 5.000000 7.000000 3.000000 4.000000 2.000000 7.000000 5.000000 11.000000 11.000000 
43.701287 178.656379 0.000000 20.000000 9.000000 9.000000 3.000000 1.000000 3.000000 1.000000 2.000000 6.000000 6.000000 9.000000 12.000000 
42.299536 189.716040 0.000000 14.000000 3.000000 14.000000 6.000000 5.000000 5.000000 2.000000 1.000000 2.000000 6.000000 8.000000 15.000000 
39.339621 196.599378 0.000000 14.000000 8.000000 10.000000 0.000000 1.000000 1.000000 1.000000 3.000000 12.000000 18.000000 5.000000 8.000000 
40.635710 206.878838 0.000000 18.000000 9.000000 13.000000 14.000000 3.000000 0.000000 0.000000 2.000000 4.000000 9.000000 7.000000 2.000000 
41.750929 213.560283 0.000000 4.000000 7.000000 6.000000 12.000000 7.000000 1.000000 1.000000 2.000000 3.000000 15.000000 17.000000 6.000000 
39.959625 220.000000 0.000000 9.000000 5.000000 9.000000 29.000000 4.000000 4.000000 2.000000 2.000000 1.000000 5.000000 6.000000 5.000000 
42.190814 227.645102 0.000000 18.000000 7.000000 9.000000 14.000000 6.000000 2.000000 5.000000 2.000000 1.000000 4.000000 5.000000 8.000000 
44.000000 237.365028 27.000000 4.000000 1.000000 2.000000 15.000000 5.000000 3.000000 0.000000 1.000000 1.000000 4.000000 4.000000 5.000000 
52.363021 5.689680 27.000000 7.000000 1.000000 3.000000 5.000000 3.000000 7.000000 10.000000 5.000000 4.000000 5.000000 2.000000 2.000000 
53.828389 13.687440 0.000000 24.000000 12.000000 3.000000 6.000000 2.000000 2.000000 2.000000 4.000000 5.000000 7.000000 5.000000 9.000000 
54.710856 21.382169 0.000000 22.000000 13.000000 11.000000 12.000000 2.000000 0.000000 4.000000 1.000000 3.000000 3.000000 1.000000 9.000000 
54.981112 28.388888 0.000000 16.000000 9.000000 2.000000 4.000000 2.000000 3.000000 2.000000 2.000000 9.000000 20.000000 6.000000 6.000000 
55.292310 38.365028 0.000000 12.000000 12.000000 5.000000 9.000000 7.000000 5.000000 3.000000 4.000000 3.000000 5.000000 7.000000 9.000000 
55.000000 43.948166 0.000000 16.000000 7.000000 7.000000 7.000000 9.000000 2.000000 2.000000 2.000000 4.000000 10.000000 8.000000 7.000000 
53.131569 51.365028 0.000000 11.000000 5.000000 7.000000 15.000000 8.000000 5.000000 8.000000 2.000000 4.000000 5.000000 6.000000 5.000000 
53.365028 60.365028 0.000000 12.000000 3.000000 10.000000 10.000000 5.000000 6.000000 5.000000 3.000000 5.000000 13.000000 3.000000 6.000000 
53.840768 67.524260 0.000000 14.000000 6.000000 14.000000 9.000000 0.000000 2.000000 2.000000 2.000000 6.000000 7.000000 5.000000 14.000000 
54.322413 74.687440 0.000000 13.000000 4.000000 10.000000 3.000000 4.000000 8.000000 2.000000 5.000000 4.000000 12.000000 9.000000 7.000000 
52.403690 83.750234 0.000000 3.000000 5.000000 4.000000 4.000000 2.000000 8.000000 11.000000 8.000000 5.000000 15.000000 6.000000 10.000000 
50.249014 89.938694 0.000000 8.000000 4.000000 7.000000 5.000000 5.000000 8.000000 8.000000 9.000000 5.000000 12.000000 6.000000 4.000000 
54.112314 100.717246 0.000000 15.000000 6.000000 1.000000 3.000000 8.000000 4.000000 7.000000 3.000000 6.000000 8.000000 8.000000 12.000000 
54.159867 105.687440 0.000000 14.000000 10.000000 6.000000 4.000000 4.000000 6.000000 10.000000 1.000000 10.000000 8.000000 1.000000 7.000000 
49.220860 116.727305 0.000000 26.000000 8.000000 5.000000 4.000000 3.000000 5.000000 4.000000 0.000000 2.000000 7.000000 5.000000 12.000000 
51.666800 122.492686 0.000000 19.000000 1.000000 2.000000 8.000000 8.000000 4.000000 1.000000 5.000000 5.000000 13.000000 5.000000 10.000000 
51.768047 129.498102 0.000000 23.000000 7.000000 7.000000 10.000000 4.000000 3.000000 4.000000 3.000000 1.000000 5.000000 6.000000 8.000000 
50.234768 138.675647 0.000000 4.000000 10.000000 6.000000 11.000000 5.000000 6.000000 3.000000 5.000000 5.000000 17.000000 6.000000 3.000000 
51.277895 148.642922 0.000000 8.000000 12.000000 9.000000 6.000000 3.000000 5.000000 6.000000 3.000000 6.000000 11.000000 5.000000 7.000000 
52.185200 155.490764 0.000000 6.000000 5.000000 4.000000 1.000000 5.000000 5.000000 7.000000 9.000000 7.000000 10.000000 17.000000 5.000000 
57.194094 161.619217 0.000000 12.000000 6.000000 4.000000 1.000000 1.000000 7.000000 5.000000 5.000000 7.000000 11.000000 12.000000 10.000000 
57.969942 170.198541 0.000000 11.000000 5.000000 13.000000 8.000000 6.000000 4.000000 2.000000 3.000000 2.000000 13.000000 6.000000 8.000000 
55.672355 178.337498 0.000000 6.000000 6.000000 7.000000 3.000000 4.000000 8.000000 11.000000 3.000000 2.000000 16.000000 8.000000 7.000000 
53.339373 189.402898 0.000000 6.000000 4.000000 2.000000 11.000000 0.000000 2.000000 11.000000 6.000000 5.000000 16.000000 11.000000 7.000000 
52.334370 195.948166 0.000000 7.000000 7.000000 11.000000 10.000000 7.000000 1.000000 4.000000 5.000000 5.000000 9.000000 7.000000 8.000000 
51.906672 203.189617 0.000000 12.000000 3.000000 5.000000 4.000000 2.000000 0.000000 6.000000 6.000000 4.000000 14.000000 12.000000 13.000000 
53.120833 211.693920 0.000000 11.000000 4.000000 11.000000 10.000000 4.000000 2.000000 2.000000 7.000000 5.000000 11.000000 7.000000 7.000000 
52.761642 219.734671 0.000000 5.000000 6.000000 5.000000 6.000000 4.000000 6.000000 6.000000 7.000000 5.000000 8.000000 8.000000 15.000000 
53.000000 227.689680 0.000000 7.000000 3.000000 6.000000 10.000000 5.000000 9.000000 8.000000 8.000000 8.000000 6.000000 5.000000 6.000000 
52.000000 237.002427 27.000000 1.000000 1.000000 3.000000 7.000000 5.000000 5.000000 7.000000 6.000000 3.000000 4.000000 1.000000 2.000000 
60.000000 5.324652 39.000000 5.000000 2.000000 4.000000 2.000000 1.000000 4.000000 8.000000 3.000000 3.000000 6.000000 3.000000 1.000000 
60.433471 13.324652 18.000000 12.000000 9.000000 3.000000 2.000000 2.000000 6.000000 8.000000 5.000000 5.000000 2.000000 2.000000 7.000000 
60.000000 21.324652 18.000000 13.000000 7.000000 5.000000 0.000000 3.000000 1.000000 4.000000 6.000000 4.000000 7.000000 5.000000 8.000000 
60.000000 29.324652 18.000000 7.000000 5.000000 4.000000 0.000000 5.000000 7.000000 9.000000 11.000000 4.000000 6.000000 2.000000 3.000000 
60.519898 37.756577 18.000000 12.000000 3.000000 0.000000 0.000000 5.000000 1.000000 7.000000 9.000000 9.000000 9.000000 1.000000 7.000000 
60.957732 45.324652 18.000000 16.000000 2.000000 4.000000 5.000000 4.000000 7.000000 1.000000 2.000000 5.000000 3.000000 9.000000 5.000000 
60.000000 53.324652 18.000000 6.000000 2.000000 4.000000 4.000000 8.000000 8.000000 3.000000 9.000000 4.000000 5.000000 6.000000 4.000000 
60.000000 61.324652 18.000000 6.000000 6.000000 2.000000 4.000000 4.000000 6.000000 9.000000 7.000000 8.000000 5.000000 1.000000 5.000000 
60.000000 69.324652 18.000000 9.000000 3.000000 4.000000 5.000000 2.000000 3.000000 7.000000 7.000000 10.000000 3.000000 5.000000 5.000000 
60.457251 76.867401 18.000000 15.000000 2.000000 2.000000 8.000000 6.000000 7.000000 4.000000 1.000000 2.000000 3.000000 2.000000 11.000000 
60.000000 85.324652 18.000000 2.000000 7.000000 6.000000 12.000000 5.000000 4.000000 4.000000 0.000000 3.000000 10.000000 7.000000 3.000000 
59.725462 92.773798 18.000000 8.000000 5.000000 4.000000 9.000000 4.000000 3.000000 4.000000 1.000000 2.000000 3.000000 9.000000 11.000000 
60.450691 101.775343 18.000000 13.000000 7.000000 5.000000 7.000000 4.000000 2.000000 3.000000 2.000000 3.000000 4.000000 6.000000 7.000000 
60.849632 108.475021 18.000000 9.000000 1.000000 2.000000 9.000000 0.000000 0.000000 5.000000 1.000000 5.000000 18.000000 4.000000 9.000000 
59.444935 117.324652 18.000000 20.000000 7.000000 4.000000 6.000000 0.000000 2.000000 5.000000 1.000000 1.000000 7.000000 3.000000 7.000000 
60.000000 125.324652 18.000000 18.000000 6.000000 0.000000 8.000000 5.000000 4.000000 6.000000 2.000000 3.000000 4.000000 2.000000 5.000000 
60.348990 132.453148 18.000000 8.000000 1.000000 2.000000 2.000000 1.000000 1.000000 9.000000 3.000000 2.000000 14.000000 7.000000 13.000000 
59.718211 141.042864 18.000000 7.000000 9.000000 5.000000 2.000000 1.000000 3.000000 1.000000 5.000000 2.000000 17.000000 5.000000 6.000000 
60.000000 149.324652 18.000000 4.000000 6.000000 7.000000 3.000000 1.000000 3.000000 7.000000 7.000000 6.000000 9.000000 7.000000 3.000000 
60.000000 157.324652 18.000000 10.000000 6.000000 3.000000 7.000000 2.000000 4.000000 8.000000 5.000000 4.000000 2.000000 7.000000 5.000000 
61.560023 164.322430 18.000000 12.000000 8.000000 4.000000 3.000000 1.000000 3.000000 4.000000 1.000000 3.000000 6.000000 11.000000 7.000000 
61.579257 172.738659 18.000000 11.000000 2.000000 8.000000 3.000000 1.000000 3.000000 4.000000 3.000000 2.000000 15.000000 6.000000 5.000000 
60.955177 180.867401 18.000000 6.000000 4.000000 5.000000 1.000000 5.000000 13.000000 6.000000 3.000000 2.000000 11.000000 4.000000 3.000000 
60.000000 189.324652 18.000000 3.000000 3.000000 3.000000 10.000000 3.000000 5.000000 18.000000 7.000000 4.000000 2.000000 4.000000 1.000000 
60.000000 197.324652 18.000000 6.000000 4.000000 7.000000 10.000000 4.000000 3.000000 1.000000 5.000000 5.000000 5.000000 6.000000 7.000000 
60.000000 205.324652 18.000000 7.000000 5.000000 3.000000 16.000000 2.000000 3.000000 1.000000 5.000000 3.000000 5.000000 3.000000 10.000000 
60.000000 213.324652 18.000000 5.000000 6.000000 7.000000 5.000000 2.000000 4.000000 3.000000 5.000000 2.000000 7.000000 12.000000 5.000000 
60.000000 221.324652 18.000000 11.000000 3.000000 3.000000 8.000000 5.000000 8.000000 3.000000 3.000000 2.000000 6.000000 1.000000 10.000000 
60.000000 228.890526 18.000000 7.000000 2.000000 7.000000 4.000000 5.000000 6.000000 3.000000 6.000000 3.000000 6.000000 5.000000 9.000000 
60.000000 236.000000 35.000000 4.000000 0.000000 0.000000 1.000000 0.000000 4.000000 2.000000 5.000000 6.000000 2.000000 1.000000 3.000000 
