240
5.000000 5.689680 39.000000 1.000000 4.000000 3.000000 2.000000 0.000000 0.000000 0.000000 0.000000 0.000000 2.000000 3.000000 9.000000 
3.586825 12.911477 27.000000 2.000000 3.000000 3.000000 7.000000 2.000000 0.000000 0.000000 1.000000 4.000000 7.000000 2.000000 5.000000 
4.598176 21.324652 27.000000 4.000000 4.000000 5.000000 2.000000 0.000000 0.000000 0.000000 0.000000 0.000000 12.000000 3.000000 6.000000 
4.631067 29.338411 27.000000 8.000000 6.000000 5.000000 1.000000 0.000000 0.000000 0.000000 1.000000 3.000000 9.000000 0.000000 3.000000 
2.775968 38.548684 27.000000 8.000000 4.000000 4.000000 1.000000 1.000000 2.000000 2.000000 1.000000 3.000000 8.000000 1.000000 1.000000 
4.592596 45.647065 27.000000 7.000000 3.000000 1.000000 4.000000 1.000000 0.000000 0.000000 1.000000 3.000000 12.000000 4.000000 0.000000 
4.879121 53.002240 27.000000 3.000000 4.000000 1.000000 3.000000 3.000000 0.000000 1.000000 1.000000 1.000000 10.000000 6.000000 3.000000 
4.000000 61.689680 27.000000 7.000000 1.000000 5.000000 2.000000 1.000000 2.000000 5.000000 1.000000 0.000000 2.000000 5.000000 5.000000 
4.000000 69.689680 27.000000 5.000000 6.000000 3.000000 9.000000 2.000000 1.000000 0.000000 0.000000 3.000000 2.000000 3.000000 2.000000 
4.596501 76.728151 27.000000 8.000000 5.000000 0.000000 5.000000 1.000000 1.000000 1.000000 0.000000 0.000000 4.000000 5.000000 6.000000 
4.000000 86.038864 27.000000 7.000000 5.000000 4.000000 7.000000 1.000000 1.000000 1.000000 1.000000 0.000000 5.000000 1.000000 3.000000 
5.171374 92.961180 27.000000 10.000000 2.000000 1.000000 3.000000 1.000000 0.000000 1.000000 3.000000 2.000000 7.000000 3.000000 3.000000 
4.000000 102.038864 27.000000 9.000000 0.000000 8.000000 8.000000 0.000000 0.000000 1.000000 1.000000 0.000000 3.000000 2.000000 4.000000 
4.322413 108.687309 27.000000 8.000000 2.000000 3.000000 8.000000 0.000000 1.000000 0.000000 1.000000 2.000000 4.000000 3.000000 4.000000 
3.586825 116.271256 27.000000 4.000000 1.000000 0.000000 0.000000 0.000000 1.000000 0.000000 1.000000 0.000000 14.000000 6.000000 9.000000 
5.078329 124.114393 27.000000 2.000000 0.000000 4.000000 7.000000 0.000000 0.000000 0.000000 1.000000 1.000000 5.000000 9.000000 7.000000 
4.000000 133.689680 27.000000 5.000000 5.000000 5.000000 10.000000 0.000000 0.000000 1.000000 0.000000 1.000000 3.000000 3.000000 3.000000 
4.658253 141.338080 27.000000 5.000000 3.000000 1.000000 9.000000 2.000000 0.000000 0.000000 0.000000 1.000000 10.000000 2.000000 3.000000 
2.528968 149.096662 27.000000 3.000000 2.000000 2.000000 9.000000 2.000000 1.000000 1.000000 1.000000 0.000000 3.000000 10.000000 2.000000 
2.612044 157.426796 27.000000 3.000000 3.000000 3.000000 15.000000 0.000000 0.000000 0.000000 0.000000 0.000000 3.000000 1.000000 8.000000 
3.586825 164.539570 27.000000 3.000000 1.000000 6.000000 10.000000 0.000000 0.000000 0.000000 0.000000 0.000000 5.000000 4.000000 7.000000 
2.649432 173.913123 27.000000 7.000000 3.000000 3.000000 14.000000 2.000000 2.000000 0.000000 0.000000 0.000000 0.000000 2.000000 3.000000 
1.899694 180.528412 27.000000 5.000000 5.000000 4.000000 3.000000 0.000000 0.000000 1.000000 0.000000 0.000000 13.000000 3.000000 2.000000 
4.324652 189.324652 27.000000 4.000000 5.000000 5.000000 13.000000 0.000000 0.000000 3.000000 1.000000 0.000000 2.000000 3.000000 0.000000 
3.586825 197.737828 27.000000 5.000000 2.000000 1.000000 12.000000 0.000000 0.000000 0.000000 0.000000 1.000000 10.000000 2.000000 3.000000 
4.322413 204.696671 27.000000 2.000000 2.000000 0.000000 0.000000 0.000000 0.000000 0.000000 0.000000 2.000000 22.000000 4.000000 4.000000 
4.618412 213.298239 27.000000 3.000000 5.000000 4.000000 3.000000 7.000000 4.000000 1.000000 0.000000 0.000000 1.000000 4.000000 4.000000 
3.529479 223.795173 27.000000 2.000000 1.000000 1.000000 3.000000 4.000000 0.000000 1.000000 0.000000 0.000000 21.000000 2.000000 1.000000 
3.021674 228.164937 27.000000 4.000000 5.000000 5.000000 0.000000 0.000000 0.000000 0.000000 2.000000 1.000000 11.000000 3.000000 5.000000 
5.000000 236.365028 36.000000 2.000000 0.000000 1.000000 5.000000 0.000000 0.000000 1.000000 1.000000 1.000000 5.000000 1.000000 3.000000 
11.586825 4.951852 27.000000 11.000000 3.000000 8.000000 2.000000 3.000000 2.000000 5.000000 1.000000 3.000000 5.000000 5.000000 6.000000 
11.668499 11.365028 0.000000 6.000000 11.000000 3.000000 5.000000 4.000000 3.000000 7.000000 6.000000 10.000000 16.000000 7.000000 3.000000 
14.998534 19.970944 0.000000 8.000000 12.000000 6.000000 6.000000 4.000000 11.000000 10.000000 8.000000 5.000000 5.000000 3.000000 3.000000 
13.117577 29.247450 0.000000 7.000000 8.000000 10.000000 4.000000 5.000000 4.000000 3.000000 6.000000 10.000000 16.000000 2.000000 6.000000 
10.513407 39.905875 0.000000 8.000000 4.000000 8.000000 7.000000 5.000000 5.000000 6.000000 5.000000 8.000000 21.000000 2.000000 2.000000 
15.210251 45.015660 0.000000 6.000000 5.000000 6.000000 15.000000 9.000000 6.000000 2.000000 2.000000 1.000000 5.000000 14.000000 10.000000 
15.000000 50.959625 0.000000 7.000000 2.000000 2.000000 9.000000 7.000000 6.000000 4.000000 5.000000 7.000000 9.000000 11.000000 12.000000 
12.136229 60.911477 0.000000 10.000000 2.000000 10.000000 2.000000 1.000000 4.000000 20.000000 7.000000 2.000000 8.000000 9.000000 6.000000 
12.862774 67.772199 0.000000 3.000000 6.000000 4.000000 17.000000 5.000000 4.000000 7.000000 8.000000 9.000000 10.000000 3.000000 5.000000 
14.324652 74.588264 0.000000 4.000000 5.000000 6.000000 9.000000 7.000000 8.000000 6.000000 6.000000 11.000000 8.000000 4.000000 7.000000 
13.797560 85.895538 0.000000 5.000000 6.000000 8.000000 16.000000 3.000000 7.000000 8.000000 5.000000 2.000000 5.000000 9.000000 7.000000 
15.586825 92.016718 0.000000 2.000000 4.000000 12.000000 16.000000 6.000000 6.000000 9.000000 8.000000 5.000000 8.000000 5.000000 0.000000 
12.948729 102.024955 0.000000 5.000000 5.000000 7.000000 8.000000 6.000000 14.000000 11.000000 6.000000 1.000000 2.000000 5.000000 11.000000 
12.911477 104.473522 0.000000 7.000000 7.000000 4.000000 6.000000 6.000000 4.000000 5.000000 8.000000 5.000000 7.000000 7.000000 15.000000 
13.430251 112.070180 0.000000 16.000000 7.000000 1.000000 8.000000 7.000000 6.000000 5.000000 4.000000 7.000000 6.000000 4.000000 10.000000 
16.000000 120.752436 0.000000 18.000000 5.000000 1.000000 13.000000 7.000000 8.000000 5.000000 2.000000 6.000000 8.000000 2.000000 6.000000 
14.082283 132.476540 0.000000 16.000000 15.000000 3.000000 3.000000 3.000000 1.000000 2.000000 5.000000 6.000000 15.000000 4.000000 8.000000 
13.029792 142.514629 0.000000 3.000000 7.000000 7.000000 15.000000 8.000000 8.000000 7.000000 5.000000 7.000000 9.000000 4.000000 1.000000 
7.874559 148.821690 0.000000 5.000000 7.000000 5.000000 12.000000 6.000000 4.000000 4.000000 5.000000 2.000000 6.000000 16.000000 9.000000 
7.301815 153.888080 0.000000 6.000000 4.000000 4.000000 11.000000 5.000000 8.000000 3.000000 3.000000 1.000000 4.000000 7.000000 25.000000 
9.571914 161.857352 0.000000 6.000000 0.000000 4.000000 12.000000 1.000000 4.000000 7.000000 6.000000 4.000000 16.000000 11.000000 10.000000 
7.163876 172.497253 9.000000 9.000000 6.000000 8.000000 27.000000 2.000000 3.000000 0.000000 0.000000 0.000000 8.000000 3.000000 6.000000 
7.965602 178.000000 0.000000 12.000000 9.000000 1.000000 10.000000 6.000000 2.000000 3.000000 0.000000 2.000000 28.000000 5.000000 3.000000 
12.344679 188.711381 0.000000 9.000000 7.000000 5.000000 7.000000 3.000000 3.000000 8.000000 12.000000 10.000000 9.000000 6.000000 2.000000 
12.003986 195.465379 0.000000 5.000000 5.000000 5.000000 23.000000 3.000000 3.000000 7.000000 5.000000 3.000000 15.000000 3.000000 4.000000 
13.000000 201.173650 0.000000 2.000000 1.000000 7.000000 23.000000 8.000000 5.000000 6.000000 3.000000 5.000000 14.000000 4.000000 3.000000 
11.243341 212.028003 0.000000 6.000000 9.000000 10.000000 13.000000 10.000000 3.000000 3.000000 8.000000 3.000000 1.000000 9.000000 6.000000 
7.024113 221.230589 0.000000 2.000000 3.000000 5.000000 7.000000 7.000000 4.000000 4.000000 1.000000 3.000000 40.000000 4.000000 1.000000 
8.322413 225.647065 0.000000 7.000000 14.000000 11.000000 5.000000 4.000000 8.000000 2.000000 0.000000 1.000000 20.000000 3.000000 6.000000 
11.278604 236.876072 27.000000 8.000000 6.000000 6.000000 1.000000 5.000000 4.000000 1.000000 1.000000 2.000000 5.000000 1.000000 5.000000 
20.000000 5.689680 27.000000 2.000000 2.000000 3.000000 5.000000 5.000000 3.000000 5.000000 5.000000 4.000000 5.000000 5.000000 10.000000 
20.365028 13.365028 0.000000 14.000000 10.000000 7.000000 10.000000 5.000000 2.000000 8.000000 4.000000 4.000000 5.000000 5.000000 7.000000 
20.555718 20.737828 0.000000 11.000000 12.000000 5.000000 8.000000 1.000000 5.000000 7.000000 3.000000 6.000000 10.000000 7.000000 6.000000 
21.007248 29.607484 0.000000 8.000000 3.000000 18.000000 11.000000 4.000000 9.000000 2.000000 3.000000 6.000000 13.000000 1.000000 3.000000 
23.365028 38.365028 0.000000 15.000000 5.000000 3.000000 5.000000 5.000000 1.000000 5.000000 6.000000 5.000000 19.000000 5.000000 7.000000 
23.410152 44.049797 0.000000 12.000000 3.000000 5.000000 17.000000 10.000000 9.000000 3.000000 3.000000 1.000000 5.000000 5.000000 8.000000 
20.897474 50.586825 0.000000 15.000000 4.000000 1.000000 3.000000 2.000000 4.000000 7.000000 6.000000 8.000000 12.000000 4.000000 15.000000 
18.586825 57.823159 0.000000 9.000000 6.000000 7.000000 8.000000 7.000000 5.000000 12.000000 5.000000 5.000000 7.000000 1.000000 9.000000 
21.032981 66.677587 0.000000 7.000000 8.000000 5.000000 7.000000 4.000000 7.000000 9.000000 6.000000 8.000000 4.000000 6.000000 10.000000 
19.921414 74.948641 0.000000 9.000000 9.000000 7.000000 15.000000 6.000000 3.000000 5.000000 6.000000 8.000000 4.000000 3.000000 6.000000 
19.260725 85.745764 0.000000 8.000000 5.000000 6.000000 8.000000 4.000000 5.000000 4.000000 9.000000 7.000000 12.000000 8.000000 5.000000 
21.719845 93.463947 0.000000 3.000000 4.000000 16.000000 11.000000 4.000000 6.000000 8.000000 7.000000 3.000000 8.000000 6.000000 5.000000 
20.687440 101.854527 0.000000 18.000000 6.000000 3.000000 5.000000 3.000000 4.000000 5.000000 4.000000 3.000000 15.000000 3.000000 12.000000 
22.881810 108.008876 0.000000 19.000000 5.000000 1.000000 12.000000 1.000000 4.000000 6.000000 3.000000 7.000000 13.000000 3.000000 7.000000 
23.996806 118.075742 0.000000 20.000000 9.000000 5.000000 17.000000 3.000000 1.000000 2.000000 1.000000 1.000000 5.000000 5.000000 12.000000 
21.526394 125.488858 0.000000 21.000000 5.000000 6.000000 4.000000 3.000000 3.000000 9.000000 2.000000 0.000000 10.000000 8.000000 10.000000 
21.071424 135.854499 0.000000 7.000000 5.000000 2.000000 22.000000 3.000000 6.000000 10.000000 12.000000 5.000000 2.000000 3.000000 4.000000 
20.666935 148.002240 0.000000 1.000000 3.000000 5.000000 19.000000 3.000000 5.000000 5.000000 4.000000 10.000000 24.000000 0.000000 2.000000 
17.631855 151.946624 0.000000 1.000000 1.000000 5.000000 21.000000 5.000000 5.000000 3.000000 3.000000 9.000000 26.000000 1.000000 1.000000 
17.299905 152.752618 0.000000 9.000000 6.000000 6.000000 13.000000 5.000000 2.000000 2.000000 3.000000 5.000000 18.000000 7.000000 5.000000 
20.704731 161.575067 0.000000 11.000000 6.000000 7.000000 16.000000 8.000000 7.000000 3.000000 1.000000 4.000000 7.000000 5.000000 6.000000 
19.773280 173.623709 0.000000 24.000000 4.000000 5.000000 5.000000 5.000000 3.000000 4.000000 5.000000 4.000000 9.000000 7.000000 6.000000 
21.052638 180.027856 0.000000 23.000000 6.000000 8.000000 5.000000 2.000000 0.000000 3.000000 0.000000 4.000000 22.000000 3.000000 5.000000 
22.018467 189.564671 0.000000 8.000000 3.000000 7.000000 17.000000 2.000000 2.000000 6.000000 5.000000 3.000000 18.000000 7.000000 3.000000 
21.911477 193.901361 0.000000 3.000000 6.000000 8.000000 13.000000 3.000000 1.000000 4.000000 11.000000 10.000000 13.000000 5.000000 4.000000 
18.929047 202.930339 0.000000 2.000000 9.000000 5.000000 12.000000 3.000000 4.000000 2.000000 4.000000 10.000000 21.000000 6.000000 3.000000 
18.322413 212.905551 0.000000 11.000000 11.000000 7.000000 9.000000 4.000000 2.000000 1.000000 5.000000 7.000000 9.000000 9.000000 6.000000 
20.378069 219.404674 0.000000 10.000000 3.000000 11.000000 15.000000 5.000000 4.000000 5.000000 2.000000 3.000000 5.000000 5.000000 13.000000 
19.850838 227.993380 0.000000 19.000000 8.000000 9.000000 13.000000 5.000000 1.000000 0.000000 1.000000 3.000000 8.000000 7.000000 7.000000 
20.000000 237.365028 27.000000 12.000000 4.000000 2.000000 1.000000 3.000000 0.000000 1.000000 1.000000 1.000000 11.000000 4.000000 5.000000 
28.000000 5.689680 27.000000 14.000000 3.000000 0.000000 2.000000 3.000000 3.000000 4.000000 6.000000 3.000000 8.000000 0.000000 8.000000 
27.598912 13.985174 0.000000 16.000000 8.000000 7.000000 6.000000 7.000000 3.000000 2.000000 4.000000 4.000000 7.000000 8.000000 9.000000 
26.474744 22.140299 0.000000 16.000000 10.000000 4.000000 4.000000 4.000000 7.000000 4.000000 4.000000 6.000000 6.000000 10.000000 6.000000 
27.477021 29.913198 0.000000 9.000000 11.000000 12.000000 6.000000 6.000000 6.000000 3.000000 4.000000 5.000000 4.000000 10.000000 5.000000 
30.800987 37.908565 0.000000 9.000000 9.000000 9.000000 16.000000 4.000000 4.000000 2.000000 3.000000 6.000000 13.000000 2.000000 4.000000 
30.951852 43.586825 0.000000 5.000000 3.000000 5.000000 6.000000 4.000000 1.000000 9.000000 10.000000 6.000000 13.000000 10.000000 9.000000 
28.447494 50.325253 0.000000 12.000000 6.000000 4.000000 8.000000 5.000000 8.000000 6.000000 6.000000 6.000000 7.000000 9.000000 4.000000 
26.444838 56.755159 0.000000 18.000000 8.000000 5.000000 9.000000 2.000000 8.000000 6.000000 2.000000 4.000000 4.000000 9.000000 6.000000 
28.526701 65.831316 0.000000 8.000000 5.000000 6.000000 13.000000 4.000000 11.000000 8.000000 5.000000 4.000000 4.000000 6.000000 7.000000 
24.634972 74.365028 0.000000 17.000000 6.000000 8.000000 10.000000 1.000000 4.000000 4.000000 6.000000 4.000000 6.000000 8.000000 7.000000 
28.208926 83.678509 0.000000 9.000000 8.000000 7.000000 14.000000 5.000000 6.000000 3.000000 4.000000 5.000000 6.000000 9.000000 5.000000 
33.322413 90.957385 0.000000 15.000000 4.000000 9.000000 14.000000 3.000000 5.000000 2.000000 2.000000 1.000000 6.000000 10.000000 10.000000 
31.245520 102.311731 0.000000 8.000000 0.000000 6.000000 10.000000 8.000000 5.000000 5.000000 6.000000 7.000000 11.000000 4.000000 11.000000 
29.586825 107.731468 0.000000 16.000000 3.000000 6.000000 4.000000 1.000000 7.000000 5.000000 2.000000 4.000000 12.000000 7.000000 14.000000 
28.300124 114.590660 0.000000 22.000000 5.000000 4.000000 6.000000 1.000000 5.000000 6.000000 3.000000 4.000000 8.000000 9.000000 8.000000 
25.583138 123.792287 0.000000 10.000000 6.000000 4.000000 17.000000 4.000000 6.000000 6.000000 3.000000 2.000000 9.000000 6.000000 8.000000 
28.103235 132.977202 0.000000 4.000000 1.000000 6.000000 12.000000 3.000000 4.000000 17.000000 13.000000 5.000000 7.000000 5.000000 4.000000 
29.032309 140.849244 0.000000 4.000000 5.000000 5.000000 8.000000 5.000000 10.000000 3.000000 8.000000 5.000000 18.000000 6.000000 4.000000 
26.909237 149.376023 0.000000 4.000000 2.000000 8.000000 18.000000 9.000000 5.000000 4.000000 5.000000 7.000000 10.000000 3.000000 6.000000 
29.111006 153.045498 0.000000 7.000000 3.000000 2.000000 12.000000 7.000000 2.000000 3.000000 6.000000 4.000000 14.000000 13.000000 8.000000 
27.703774 162.359557 0.000000 9.000000 7.000000 5.000000 10.000000 3.000000 5.000000 6.000000 7.000000 3.000000 9.000000 6.000000 11.000000 
24.580209 172.261839 0.000000 24.000000 8.000000 7.000000 6.000000 6.000000 3.000000 2.000000 3.000000 4.000000 5.000000 7.000000 6.000000 
24.944675 179.689516 0.000000 17.000000 4.000000 6.000000 2.000000 3.000000 2.000000 7.000000 3.000000 3.000000 19.000000 8.000000 7.000000 
26.365028 189.733611 0.000000 6.000000 2.000000 3.000000 4.000000 4.000000 9.000000 6.000000 5.000000 7.000000 22.000000 8.000000 5.000000 
29.621175 197.644825 0.000000 10.000000 9.000000 5.000000 4.000000 4.000000 4.000000 4.000000 2.000000 5.000000 23.000000 9.000000 2.000000 
29.322413 206.121170 0.000000 4.000000 7.000000 14.000000 9.000000 3.000000 2.000000 3.000000 3.000000 5.000000 14.000000 10.000000 7.000000 
29.498116 211.589400 0.000000 6.000000 1.000000 6.000000 15.000000 2.000000 8.000000 10.000000 6.000000 2.000000 5.000000 9.000000 11.000000 
30.169963 218.208871 0.000000 9.000000 1.000000 2.000000 29.000000 4.000000 6.000000 10.000000 8.000000 7.000000 1.000000 0.000000 4.000000 
27.323657 227.264979 0.000000 7.000000 5.000000 2.000000 13.000000 5.000000 6.000000 5.000000 6.000000 5.000000 4.000000 12.000000 11.000000 
28.000000 237.114109 27.000000 15.000000 0.000000 2.000000 6.000000 5.000000 4.000000 3.000000 3.000000 3.000000 1.000000 0.000000 3.000000 
36.325243 6.014923 27.000000 7.000000 3.000000 3.000000 9.000000 4.000000 4.000000 5.000000 7.000000 2.000000 1.000000 2.000000 7.000000 
37.740382 15.163607 0.000000 14.000000 4.000000 4.000000 5.000000 1.000000 2.000000 4.000000 10.000000 8.000000 9.000000 15.000000 5.000000 
41.682281 25.306606 0.000000 5.000000 13.000000 5.000000 2.000000 0.000000 3.000000 7.000000 6.000000 5.000000 21.000000 9.000000 5.000000 
39.835782 30.336070 0.000000 5.000000 14.000000 9.000000 4.000000 1.000000 1.000000 6.000000 10.000000 7.000000 16.000000 4.000000 4.000000 
37.941909 37.951852 0.000000 7.000000 4.000000 3.000000 13.000000 9.000000 6.000000 9.000000 2.000000 2.000000 17.000000 3.000000 6.000000 
35.834310 42.850175 0.000000 11.000000 10.000000 5.000000 2.000000 6.000000 3.000000 5.000000 5.000000 3.000000 13.000000 9.000000 9.000000 
32.269199 50.543309 0.000000 14.000000 4.000000 10.000000 7.000000 4.000000 4.000000 9.000000 8.000000 5.000000 9.000000 5.000000 2.000000 
32.615325 56.970500 0.000000 16.000000 4.000000 14.000000 4.000000 2.000000 3.000000 4.000000 5.000000 7.000000 9.000000 8.000000 5.000000 
35.970785 66.524464 0.000000 9.000000 6.000000 12.000000 14.000000 3.000000 5.000000 3.000000 3.000000 5.000000 10.000000 8.000000 3.000000 
34.302072 76.267850 0.000000 16.000000 10.000000 3.000000 5.000000 4.000000 3.000000 6.000000 5.000000 4.000000 6.000000 10.000000 9.000000 
36.322413 84.260725 0.000000 13.000000 3.000000 7.000000 9.000000 5.000000 9.000000 5.000000 2.000000 2.000000 4.000000 13.000000 9.000000 
39.144594 90.483990 0.000000 10.000000 1.000000 6.000000 13.000000 7.000000 9.000000 2.000000 1.000000 2.000000 7.000000 11.000000 12.000000 
36.586825 101.951852 0.000000 12.000000 3.000000 5.000000 12.000000 6.000000 4.000000 6.000000 7.000000 4.000000 8.000000 2.000000 12.000000 
35.199860 108.026210 0.000000 17.000000 9.000000 6.000000 10.000000 5.000000 1.000000 3.000000 7.000000 6.000000 2.000000 2.000000 13.000000 
35.587579 114.677587 0.000000 5.000000 2.000000 6.000000 9.000000 11.000000 2.000000 11.000000 9.000000 8.000000 10.000000 3.000000 5.000000 
34.862618 123.586825 0.000000 16.000000 9.000000 10.000000 6.000000 1.000000 3.000000 4.000000 6.000000 6.000000 6.000000 8.000000 6.000000 
34.586825 130.951852 0.000000 2.000000 3.000000 10.000000 29.000000 5.000000 5.000000 5.000000 1.000000 0.000000 13.000000 6.000000 2.000000 
36.115073 139.322413 0.000000 7.000000 9.000000 8.000000 10.000000 2.000000 2.000000 1.000000 2.000000 4.000000 22.000000 8.000000 6.000000 
39.109355 147.954079 0.000000 6.000000 9.000000 8.000000 5.000000 3.000000 2.000000 5.000000 4.000000 5.000000 10.000000 12.000000 12.000000 
43.663743 153.933806 0.000000 11.000000 1.000000 6.000000 3.000000 3.000000 2.000000 3.000000 3.000000 9.000000 26.000000 8.000000 6.000000 
37.993703 163.784167 0.000000 5.000000 6.000000 4.000000 6.000000 1.000000 5.000000 18.000000 5.000000 6.000000 16.000000 5.000000 4.000000 
36.020337 171.461260 0.000000 4.000000 5.000000 7.000000 6.000000 4.000000 4.000000 20.000000 7.000000 2.000000 13.000000 4.000000 5.000000 
36.375720 182.085521 0.000000 7.000000 5.000000 5.000000 12.000000 2.000000 4.000000 18.000000 6.000000 6.000000 10.000000 6.000000 0.000000 
35.485038 189.485038 0.000000 16.000000 3.000000 11.000000 13.000000 3.000000 4.000000 4.000000 5.000000 6.000000 3.000000 4.000000 9.000000 
35.550871 198.066794 0.000000 16.000000 7.000000 8.000000 4.000000 3.000000 3.000000 3.000000 3.000000 2.000000 16.000000 10.000000 6.000000 
34.146799 204.153765 0.000000 3.000000 5.000000 15.000000 10.000000 4.000000 1.000000 1.000000 2.000000 8.000000 18.000000 14.000000 0.000000 
34.270740 209.826385 0.000000 3.000000 2.000000 8.000000 14.000000 6.000000 4.000000 5.000000 3.000000 4.000000 5.000000 16.000000 11.000000 
36.010204 220.335902 0.000000 3.000000 2.000000 8.000000 23.000000 7.000000 5.000000 5.000000 2.000000 6.000000 14.000000 4.000000 2.000000 
36.000000 230.689680 0.000000 21.000000 9.000000 4.000000 8.000000 6.000000 3.000000 3.000000 4.000000 6.000000 7.000000 6.000000 4.000000 
35.616884 238.161433 27.000000 8.000000 5.000000 2.000000 1.000000 3.000000 2.000000 3.000000 3.000000 4.000000 2.000000 5.000000 7.000000 
43.634972 5.365028 27.000000 9.000000 6.000000 2.000000 3.000000 3.000000 4.000000 7.000000 4.000000 2.000000 3.000000 3.000000 8.000000 
44.520933 12.711905 0.000000 11.000000 4.000000 4.000000 8.000000 2.000000 2.000000 7.000000 18.000000 3.000000 7.000000 11.000000 4.000000 
45.680257 20.465733 0.000000 3.000000 17.000000 10.000000 2.000000 3.000000 8.000000 12.000000 3.000000 3.000000 9.000000 6.000000 5.000000 
41.583984 25.385493 0.000000 7.000000 14.000000 12.000000 0.000000 0.000000 2.000000 6.000000 6.000000 5.000000 20.000000 7.000000 2.000000 
43.989139 37.319456 0.000000 14.000000 4.000000 6.000000 9.000000 5.000000 1.000000 2.000000 6.000000 7.000000 11.000000 7.000000 9.000000 
43.677587 44.642255 0.000000 7.000000 9.000000 11.000000 11.000000 8.000000 3.000000 4.000000 5.000000 3.000000 5.000000 6.000000 9.000000 
43.223171 51.506127 0.000000 3.000000 6.000000 3.000000 18.000000 9.000000 9.000000 5.000000 2.000000 4.000000 12.000000 4.000000 6.000000 
45.637639 56.889586 0.000000 16.000000 7.000000 4.000000 18.000000 3.000000 7.000000 4.000000 0.000000 3.000000 7.000000 4.000000 8.000000 
47.151129 64.472948 0.000000 18.000000 12.000000 2.000000 2.000000 3.000000 4.000000 3.000000 3.000000 7.000000 13.000000 7.000000 7.000000 
41.705258 72.614704 0.000000 18.000000 6.000000 2.000000 5.000000 9.000000 3.000000 8.000000 5.000000 3.000000 5.000000 9.000000 8.000000 
45.344961 81.531835 0.000000 8.000000 7.000000 6.000000 12.000000 2.000000 5.000000 7.000000 3.000000 3.000000 9.000000 11.000000 8.000000 
47.673807 90.647065 0.000000 8.000000 9.000000 6.000000 10.000000 3.000000 3.000000 4.000000 5.000000 0.000000 5.000000 10.000000 18.000000 
42.896001 99.316485 0.000000 12.000000 3.000000 2.000000 9.000000 7.000000 2.000000 6.000000 4.000000 4.000000 11.000000 13.000000 8.000000 
43.875007 108.951852 0.000000 10.000000 17.000000 10.000000 6.000000 8.000000 0.000000 6.000000 6.000000 2.000000 7.000000 7.000000 2.000000 
45.694710 114.586825 0.000000 21.000000 11.000000 6.000000 4.000000 5.000000 9.000000 4.000000 2.000000 6.000000 6.000000 1.000000 6.000000 
44.518223 124.907776 0.000000 6.000000 3.000000 2.000000 27.000000 12.000000 2.000000 1.000000 1.000000 4.000000 8.000000 6.000000 9.000000 
45.037342 132.325739 0.000000 8.000000 6.000000 2.000000 4.000000 6.000000 7.000000 4.000000 5.000000 9.000000 23.000000 3.000000 4.000000 
44.173650 139.173650 0.000000 3.000000 11.000000 9.000000 10.000000 5.000000 4.000000 3.000000 4.000000 7.000000 8.000000 5.000000 12.000000 
41.096069 146.962305 0.000000 7.000000 6.000000 6.000000 3.000000 6.000000 4.000000 6.000000 4.000000 4.000000 10.000000 10.000000 15.000000 
47.781184 152.352617 0.000000 12.000000 1.000000 8.000000 3.000000 2.000000 2.000000 4.000000 3.000000 9.000000 26.000000 6.000000 5.000000 
45.889903 161.956591 0.000000 16.000000 8.000000 4.000000 11.000000 3.000000 2.000000 8.000000 4.000000 4.000000 13.000000 4.000000 4.000000 
45.548164 170.971263 0.000000 9.000000 5.000000 10.000000 9.000000 2.000000 8.000000 14.000000 5.000000 2.000000 4.000000 7.000000 6.000000 
45.114168 180.006416 0.000000 10.000000 5.000000 10.000000 16.000000 1.000000 2.000000 10.000000 7.000000 7.000000 7.000000 4.000000 2.000000 
41.286021 185.586825 0.000000 17.000000 2.000000 12.000000 4.000000 1.000000 2.000000 5.000000 3.000000 8.000000 11.000000 8.000000 8.000000 
39.799743 194.108423 0.000000 12.000000 2.000000 19.000000 13.000000 5.000000 3.000000 2.000000 3.000000 6.000000 7.000000 5.000000 4.000000 
41.199079 201.092666 0.000000 13.000000 8.000000 9.000000 8.000000 3.000000 5.000000 4.000000 1.000000 5.000000 12.000000 10.000000 3.000000 
42.571725 208.509976 0.000000 5.000000 2.000000 2.000000 9.000000 11.000000 17.000000 15.000000 2.000000 3.000000 5.000000 7.000000 3.000000 
45.649781 220.910206 0.000000 9.000000 4.000000 2.000000 2.000000 3.000000 1.000000 7.000000 8.000000 8.000000 14.000000 12.000000 11.000000 
44.749924 229.673543 0.000000 6.000000 4.000000 11.000000 24.000000 3.000000 4.000000 0.000000 5.000000 5.000000 8.000000 6.000000 5.000000 
44.000000 237.365028 27.000000 14.000000 3.000000 9.000000 3.000000 1.000000 0.000000 2.000000 1.000000 3.000000 2.000000 4.000000 3.000000 
53.210691 5.365028 27.000000 7.000000 6.000000 4.000000 1.000000 4.000000 6.000000 5.000000 5.000000 3.000000 9.000000 3.000000 1.000000 
55.840768 11.042526 0.000000 12.000000 12.000000 9.000000 10.000000 3.000000 7.000000 4.000000 3.000000 1.000000 4.000000 5.000000 11.000000 
54.645943 17.363910 0.000000 17.000000 13.000000 4.000000 5.000000 1.000000 1.000000 5.000000 7.000000 4.000000 6.000000 11.000000 7.000000 
53.796564 27.777139 0.000000 12.000000 5.000000 6.000000 12.000000 3.000000 4.000000 2.000000 11.000000 10.000000 2.000000 6.000000 8.000000 
52.000000 35.414288 0.000000 14.000000 8.000000 7.000000 10.000000 5.000000 3.000000 8.000000 7.000000 5.000000 4.000000 4.000000 6.000000 
52.815694 41.549334 0.000000 13.000000 1.000000 5.000000 9.000000 5.000000 8.000000 6.000000 5.000000 6.000000 11.000000 3.000000 9.000000 
54.413175 49.951852 0.000000 12.000000 4.000000 6.000000 2.000000 3.000000 5.000000 9.000000 5.000000 6.000000 12.000000 4.000000 13.000000 
53.403477 57.880467 0.000000 18.000000 4.000000 5.000000 11.000000 3.000000 2.000000 2.000000 4.000000 1.000000 15.000000 7.000000 9.000000 
53.926793 65.124178 0.000000 15.000000 7.000000 5.000000 14.000000 4.000000 3.000000 3.000000 4.000000 2.000000 12.000000 7.000000 5.000000 
51.742142 74.014541 0.000000 9.000000 8.000000 4.000000 19.000000 6.000000 6.000000 3.000000 1.000000 1.000000 8.000000 7.000000 9.000000 
52.678144 83.687440 0.000000 14.000000 4.000000 5.000000 8.000000 4.000000 5.000000 1.000000 5.000000 6.000000 9.000000 6.000000 14.000000 
53.221019 90.798460 0.000000 17.000000 6.000000 4.000000 16.000000 1.000000 6.000000 5.000000 4.000000 3.000000 4.000000 2.000000 13.000000 
48.000000 95.689680 0.000000 11.000000 5.000000 4.000000 23.000000 4.000000 1.000000 5.000000 2.000000 1.000000 4.000000 10.000000 11.000000 
50.410756 108.005184 0.000000 17.000000 4.000000 7.000000 8.000000 3.000000 4.000000 8.000000 4.000000 4.000000 6.000000 6.000000 10.000000 
48.973492 115.684770 0.000000 21.000000 4.000000 8.000000 4.000000 4.000000 5.000000 4.000000 7.000000 3.000000 7.000000 4.000000 10.000000 
49.413175 124.486152 0.000000 6.000000 2.000000 6.000000 28.000000 3.000000 4.000000 1.000000 4.000000 3.000000 8.000000 11.000000 5.000000 
52.132996 130.405681 0.000000 5.000000 11.000000 6.000000 12.000000 6.000000 1.000000 4.000000 4.000000 3.000000 7.000000 7.000000 15.000000 
49.708629 139.630246 0.000000 6.000000 8.000000 9.000000 15.000000 3.000000 2.000000 3.000000 5.000000 8.000000 6.000000 11.000000 5.000000 
47.322413 151.339234 0.000000 7.000000 4.000000 6.000000 1.000000 1.000000 2.000000 10.000000 2.000000 5.000000 27.000000 9.000000 7.000000 
53.920910 158.348804 0.000000 7.000000 11.000000 7.000000 4.000000 7.000000 3.000000 6.000000 2.000000 3.000000 17.000000 9.000000 5.000000 
56.280944 162.602901 0.000000 4.000000 6.000000 9.000000 9.000000 10.000000 6.000000 5.000000 3.000000 4.000000 15.000000 6.000000 4.000000 
55.390142 170.023094 0.000000 4.000000 5.000000 6.000000 5.000000 11.000000 3.000000 9.000000 3.000000 2.000000 20.000000 8.000000 5.000000 
53.156850 176.974487 0.000000 14.000000 1.000000 2.000000 6.000000 6.000000 1.000000 18.000000 9.000000 3.000000 9.000000 5.000000 7.000000 
52.384571 187.557866 0.000000 6.000000 5.000000 5.000000 14.000000 5.000000 7.000000 7.000000 14.000000 5.000000 2.000000 6.000000 5.000000 
50.410692 195.948166 0.000000 16.000000 8.000000 6.000000 8.000000 3.000000 2.000000 4.000000 2.000000 3.000000 9.000000 16.000000 4.000000 
51.829489 202.569319 0.000000 6.000000 5.000000 10.000000 14.000000 5.000000 0.000000 4.000000 2.000000 4.000000 9.000000 13.000000 9.000000 
53.697265 212.979012 0.000000 4.000000 3.000000 2.000000 12.000000 14.000000 9.000000 6.000000 2.000000 5.000000 15.000000 6.000000 3.000000 
56.787473 222.870883 0.000000 5.000000 3.000000 6.000000 17.000000 5.000000 6.000000 1.000000 7.000000 2.000000 4.000000 13.000000 12.000000 
56.000000 227.689680 0.000000 4.000000 4.000000 10.000000 13.000000 6.000000 4.000000 1.000000 3.000000 3.000000 7.000000 15.000000 11.000000 
52.851200 237.051604 27.000000 14.000000 3.000000 5.000000 4.000000 2.000000 3.000000 3.000000 4.000000 2.000000 0.000000 1.000000 4.000000 
60.000000 5.324652 39.000000 7.000000 2.000000 5.000000 6.000000 1.000000 1.000000 5.000000 2.000000 3.000000 5.000000 0.000000 5.000000 
61.023576 13.324652 18.000000 9.000000 6.000000 2.000000 9.000000 1.000000 3.000000 6.000000 7.000000 4.000000 4.000000 2.000000 10.000000 
60.457251 20.439222 18.000000 16.000000 11.000000 0.000000 7.000000 1.000000 0.000000 6.000000 5.000000 2.000000 6.000000 5.000000 4.000000 
60.470392 28.854260 18.000000 13.000000 8.000000 8.000000 4.000000 0.000000 4.000000 1.000000 6.000000 3.000000 7.000000 3.000000 6.000000 
60.000000 36.962139 18.000000 9.000000 7.000000 9.000000 7.000000 0.000000 2.000000 3.000000 2.000000 4.000000 5.000000 7.000000 8.000000 
60.000000 44.970435 18.000000 11.000000 1.000000 4.000000 8.000000 1.000000 4.000000 1.000000 4.000000 2.000000 13.000000 10.000000 4.000000 
60.442309 52.882344 18.000000 5.000000 4.000000 4.000000 2.000000 8.000000 12.000000 2.000000 3.000000 5.000000 7.000000 6.000000 5.000000 
60.000000 61.324652 18.000000 11.000000 4.000000 3.000000 6.000000 7.000000 3.000000 9.000000 3.000000 3.000000 1.000000 4.000000 9.000000 
60.000000 68.928128 18.000000 9.000000 4.000000 2.000000 4.000000 7.000000 6.000000 6.000000 4.000000 6.000000 1.000000 7.000000 7.000000 
59.640689 76.965342 18.000000 6.000000 4.000000 0.000000 10.000000 7.000000 10.000000 6.000000 5.000000 3.000000 1.000000 6.000000 5.000000 
59.625168 84.949820 18.000000 5.000000 8.000000 3.000000 7.000000 7.000000 9.000000 5.000000 7.000000 0.000000 3.000000 3.000000 6.000000 
60.447983 93.324652 18.000000 17.000000 7.000000 4.000000 0.000000 2.000000 5.000000 6.000000 8.000000 5.000000 3.000000 3.000000 3.000000 
59.262334 100.371558 18.000000 7.000000 4.000000 0.000000 1.000000 8.000000 10.000000 12.000000 7.000000 4.000000 2.000000 2.000000 6.000000 
60.000000 109.324652 18.000000 5.000000 3.000000 4.000000 1.000000 7.000000 3.000000 14.000000 8.000000 8.000000 0.000000 4.000000 6.000000 
59.732485 117.324652 18.000000 2.000000 2.000000 2.000000 0.000000 6.000000 11.000000 14.000000 9.000000 13.000000 1.000000 1.000000 2.000000 
59.426804 125.599823 18.000000 8.000000 0.000000 1.000000 5.000000 2.000000 5.000000 10.000000 14.000000 4.000000 6.000000 2.000000 6.000000 
60.000000 132.963353 18.000000 5.000000 6.000000 2.000000 8.000000 8.000000 4.000000 4.000000 9.000000 7.000000 1.000000 3.000000 6.000000 
60.000000 141.324652 18.000000 5.000000 3.000000 2.000000 6.000000 2.000000 5.000000 1.000000 6.000000 6.000000 14.000000 7.000000 6.000000 
58.965013 149.593159 18.000000 11.000000 6.000000 10.000000 2.000000 1.000000 5.000000 4.000000 6.000000 4.000000 3.000000 4.000000 7.000000 
60.000000 158.195125 18.000000 5.000000 8.000000 6.000000 7.000000 3.000000 4.000000 1.000000 2.000000 5.000000 8.000000 9.000000 5.000000 
61.033704 164.842449 18.000000 3.000000 2.000000 3.000000 6.000000 8.000000 0.000000 2.000000 3.000000 8.000000 16.000000 7.000000 5.000000 
60.888987 172.899814 18.000000 3.000000 2.000000 3.000000 11.000000 7.000000 8.000000 7.000000 2.000000 3.000000 8.000000 6.000000 3.000000 
60.000000 180.617205 18.000000 12.000000 3.000000 5.000000 7.000000 6.000000 1.000000 0.000000 2.000000 1.000000 12.000000 7.000000 7.000000 
60.000000 189.324652 18.000000 8.000000 2.000000 6.000000 8.000000 1.000000 1.000000 3.000000 10.000000 6.000000 11.000000 4.000000 3.000000 
60.000000 197.324652 18.000000 6.000000 2.000000 2.000000 2.000000 2.000000 7.000000 15.000000 9.000000 5.000000 5.000000 4.000000 4.000000 
60.000000 205.324652 18.000000 7.000000 4.000000 7.000000 5.000000 5.000000 3.000000 6.000000 5.000000 2.000000 3.000000 6.000000 10.000000 
60.000000 213.324652 18.000000 6.000000 4.000000 8.000000 12.000000 6.000000 3.000000 3.000000 1.000000 6.000000 4.000000 9.000000 1.000000 
61.059384 222.432437 18.000000 7.000000 6.000000 1.000000 12.000000 3.000000 3.000000 0.000000 2.000000 2.000000 2.000000 12.000000 13.000000 
61.472465 228.952945 18.000000 7.000000 2.000000 5.000000 10.000000 3.000000 1.000000 2.000000 4.000000 5.000000 4.000000 9.000000 11.000000 
60.000000 236.000000 35.000000 7.000000 3.000000 4.000000 1.000000 0.000000 0.000000 1.000000 2.000000 2.000000 2.000000 1.000000 5.000000 
