240
5.000000 5.689680 39.000000 6.000000 0.000000 2.000000 8.000000 2.000000 0.000000 0.000000 0.000000 0.000000 0.000000 1.000000 5.000000 
4.000000 14.026940 27.000000 4.000000 4.000000 4.000000 5.000000 1.000000 3.000000 1.000000 3.000000 2.000000 1.000000 3.000000 5.000000 
4.324652 21.324652 27.000000 8.000000 2.000000 1.000000 2.000000 1.000000 0.000000 2.000000 1.000000 1.000000 14.000000 1.000000 3.000000 
4.599786 28.724866 27.000000 6.000000 10.000000 3.000000 7.000000 2.000000 1.000000 0.000000 1.000000 0.000000 2.000000 4.000000 0.000000 
4.322413 37.002240 27.000000 8.000000 2.000000 2.000000 0.000000 0.000000 0.000000 4.000000 2.000000 3.000000 9.000000 2.000000 4.000000 
4.906057 45.324652 27.000000 4.000000 4.000000 2.000000 1.000000 1.000000 3.000000 4.000000 3.000000 1.000000 7.000000 4.000000 2.000000 
3.976811 52.712432 27.000000 5.000000 2.000000 2.000000 2.000000 5.000000 5.000000 5.000000 3.000000 3.000000 3.000000 1.000000 0.000000 
4.322413 61.002240 27.000000 0.000000 4.000000 3.000000 2.000000 3.000000 1.000000 8.000000 4.000000 7.000000 2.000000 2.000000 0.000000 
3.164534 69.324652 27.000000 1.000000 3.000000 2.000000 6.000000 1.000000 3.000000 9.000000 3.000000 4.000000 1.000000 2.000000 1.000000 
4.322413 77.002240 27.000000 3.000000 3.000000 1.000000 7.000000 0.000000 0.000000 1.000000 2.000000 7.000000 6.000000 3.000000 3.000000 
5.710308 85.477602 27.000000 4.000000 12.000000 2.000000 8.000000 1.000000 0.000000 0.000000 0.000000 1.000000 5.000000 3.000000 0.000000 
4.000000 92.959625 27.000000 3.000000 5.000000 4.000000 2.000000 0.000000 0.000000 1.000000 0.000000 1.000000 12.000000 7.000000 1.000000 
4.322413 101.647065 27.000000 5.000000 4.000000 3.000000 13.000000 0.000000 0.000000 0.000000 0.000000 1.000000 4.000000 3.000000 3.000000 
4.322413 109.647065 27.000000 3.000000 4.000000 6.000000 7.000000 0.000000 0.000000 0.000000 0.000000 3.000000 4.000000 5.000000 4.000000 
5.027376 117.391652 27.000000 5.000000 1.000000 2.000000 3.000000 1.000000 2.000000 5.000000 0.000000 0.000000 8.000000 6.000000 3.000000 
4.265967 124.693658 27.000000 4.000000 1.000000 1.000000 7.000000 2.000000 4.000000 6.000000 2.000000 3.000000 2.000000 2.000000 2.000000 
4.324652 133.324652 27.000000 3.000000 2.000000 3.000000 4.000000 0.000000 0.000000 1.000000 7.000000 3.000000 2.000000 6.000000 5.000000 
5.026522 142.095076 27.000000 5.000000 3.000000 3.000000 14.000000 0.000000 0.000000 0.000000 0.000000 0.000000 5.000000 5.000000 1.000000 
7.586825 149.911477 18.000000 7.000000 6.000000 6.000000 4.000000 0.000000 2.000000 0.000000 1.000000 1.000000 25.000000 5.000000 6.000000 
5.429813 158.066858 27.000000 4.000000 2.000000 6.000000 5.000000 0.000000 0.000000 0.000000 0.000000 0.000000 11.000000 4.000000 4.000000 
4.636035 165.636035 27.000000 6.000000 4.000000 3.000000 8.000000 2.000000 1.000000 2.000000 2.000000 1.000000 3.000000 2.000000 2.000000 
4.000000 172.959625 27.000000 1.000000 3.000000 2.000000 1.000000 2.000000 1.000000 9.000000 7.000000 3.000000 5.000000 0.000000 2.000000 
4.594976 180.364649 27.000000 2.000000 6.000000 2.000000 2.000000 2.000000 1.000000 8.000000 6.000000 5.000000 2.000000 0.000000 0.000000 
4.322413 189.002240 27.000000 3.000000 2.000000 3.000000 5.000000 4.000000 1.000000 3.000000 3.000000 2.000000 9.000000 0.000000 1.000000 
5.830147 197.465542 27.000000 6.000000 6.000000 6.000000 8.000000 1.000000 0.000000 0.000000 0.000000 0.000000 2.000000 4.000000 3.000000 
4.000000 204.959625 27.000000 0.000000 2.000000 3.000000 19.000000 0.000000 0.000000 0.000000 0.000000 0.000000 9.000000 1.000000 2.000000 
4.322413 213.955076 27.000000 4.000000 2.000000 1.000000 5.000000 1.000000 1.000000 1.000000 0.000000 0.000000 13.000000 4.000000 4.000000 
4.322413 221.002240 27.000000 3.000000 2.000000 2.000000 2.000000 4.000000 9.000000 7.000000 0.000000 0.000000 1.000000 1.000000 5.000000 
3.501613 229.413175 27.000000 2.000000 1.000000 0.000000 4.000000 6.000000 9.000000 5.000000 3.000000 1.000000 2.000000 1.000000 2.000000 
5.000000 236.365028 36.000000 2.000000 0.000000 0.000000 1.000000 0.000000 5.000000 0.000000 2.000000 1.000000 5.000000 2.000000 2.000000 
12.000000 6.042301 27.000000 3.000000 0.000000 4.000000 6.000000 5.000000 2.000000 12.000000 3.000000 3.000000 2.000000 10.000000 4.000000 
13.001902 14.000000 0.000000 12.000000 15.000000 5.000000 8.000000 3.000000 4.000000 2.000000 10.000000 4.000000 6.000000 7.000000 5.000000 
14.209866 19.606167 0.000000 14.000000 12.000000 10.000000 13.000000 8.000000 5.000000 3.000000 2.000000 3.000000 5.000000 3.000000 3.000000 
13.996313 26.095024 0.000000 3.000000 4.000000 8.000000 11.000000 12.000000 3.000000 8.000000 4.000000 9.000000 8.000000 6.000000 5.000000 
13.299146 33.710758 0.000000 6.000000 12.000000 4.000000 6.000000 5.000000 5.000000 10.000000 7.000000 6.000000 5.000000 3.000000 12.000000 
12.959797 43.407669 0.000000 8.000000 8.000000 8.000000 12.000000 7.000000 6.000000 3.000000 3.000000 4.000000 5.000000 12.000000 5.000000 
12.460061 50.257961 0.000000 4.000000 5.000000 4.000000 3.000000 7.000000 4.000000 10.000000 6.000000 9.000000 11.000000 11.000000 7.000000 
12.298325 58.680334 0.000000 6.000000 4.000000 9.000000 13.000000 2.000000 0.000000 11.000000 5.000000 5.000000 12.000000 10.000000 4.000000 
10.413175 67.951852 0.000000 10.000000 7.000000 9.000000 17.000000 5.000000 8.000000 3.000000 5.000000 8.000000 3.000000 2.000000 4.000000 
15.429549 75.181962 0.000000 0.000000 11.000000 7.000000 12.000000 6.000000 6.000000 3.000000 6.000000 14.000000 7.000000 5.000000 4.000000 
19.486337 81.792291 0.000000 13.000000 6.000000 4.000000 6.000000 3.000000 5.000000 2.000000 2.000000 5.000000 18.000000 8.000000 9.000000 
13.355137 91.548042 0.000000 10.000000 10.000000 5.000000 3.000000 5.000000 1.000000 5.000000 9.000000 8.000000 14.000000 8.000000 3.000000 
13.647065 101.322413 0.000000 14.000000 8.000000 2.000000 7.000000 5.000000 3.000000 4.000000 5.000000 11.000000 7.000000 4.000000 11.000000 
14.349341 109.224085 0.000000 8.000000 14.000000 7.000000 8.000000 3.000000 6.000000 6.000000 6.000000 6.000000 4.000000 6.000000 7.000000 
16.846404 114.736734 0.000000 11.000000 5.000000 8.000000 4.000000 7.000000 4.000000 6.000000 10.000000 10.000000 5.000000 3.000000 8.000000 
15.574403 120.955698 0.000000 12.000000 4.000000 8.000000 8.000000 4.000000 3.000000 6.000000 9.000000 10.000000 3.000000 9.000000 5.000000 
13.530836 132.704798 0.000000 1.000000 7.000000 7.000000 13.000000 1.000000 2.000000 18.000000 12.000000 10.000000 1.000000 5.000000 4.000000 
11.374742 139.328033 0.000000 4.000000 6.000000 6.000000 6.000000 7.000000 4.000000 3.000000 7.000000 9.000000 18.000000 6.000000 5.000000 
13.365467 147.453309 0.000000 6.000000 4.000000 4.000000 11.000000 7.000000 8.000000 4.000000 6.000000 4.000000 22.000000 4.000000 1.000000 
11.408399 155.590755 0.000000 6.000000 3.000000 5.000000 7.000000 10.000000 17.000000 7.000000 4.000000 1.000000 9.000000 5.000000 7.000000 
13.031919 164.169963 0.000000 7.000000 7.000000 7.000000 6.000000 9.000000 9.000000 1.000000 3.000000 3.000000 10.000000 2.000000 17.000000 
11.297013 169.985991 0.000000 19.000000 8.000000 10.000000 11.000000 2.000000 2.000000 0.000000 5.000000 3.000000 16.000000 1.000000 4.000000 
13.539873 177.000000 0.000000 21.000000 13.000000 3.000000 9.000000 3.000000 2.000000 1.000000 5.000000 2.000000 14.000000 5.000000 3.000000 
14.522177 185.419303 0.000000 5.000000 12.000000 7.000000 8.000000 3.000000 3.000000 1.000000 2.000000 7.000000 27.000000 6.000000 0.000000 
18.583138 195.583138 0.000000 6.000000 2.000000 5.000000 8.000000 3.000000 3.000000 1.000000 5.000000 7.000000 29.000000 5.000000 7.000000 
16.285364 204.053950 0.000000 5.000000 4.000000 3.000000 8.000000 6.000000 7.000000 3.000000 10.000000 8.000000 15.000000 7.000000 5.000000 
13.735588 212.873866 0.000000 6.000000 2.000000 3.000000 15.000000 9.000000 8.000000 6.000000 4.000000 4.000000 8.000000 3.000000 13.000000 
11.532203 221.354134 0.000000 4.000000 3.000000 3.000000 9.000000 6.000000 9.000000 12.000000 7.000000 8.000000 6.000000 6.000000 8.000000 
10.322413 229.002240 0.000000 8.000000 5.000000 6.000000 19.000000 2.000000 2.000000 5.000000 3.000000 7.000000 7.000000 9.000000 8.000000 
11.655677 237.365028 27.000000 5.000000 4.000000 3.000000 9.000000 2.000000 1.000000 3.000000 1.000000 2.000000 8.000000 5.000000 2.000000 
20.791310 5.365028 27.000000 5.000000 4.000000 9.000000 11.000000 4.000000 8.000000 4.000000 4.000000 1.000000 1.000000 1.000000 2.000000 
21.410766 12.537399 0.000000 12.000000 3.000000 10.000000 14.000000 2.000000 5.000000 6.000000 5.000000 3.000000 6.000000 9.000000 6.000000 
20.135919 19.454566 0.000000 17.000000 9.000000 2.000000 8.000000 6.000000 3.000000 3.000000 3.000000 7.000000 10.000000 7.000000 6.000000 
17.021668 27.408267 0.000000 2.000000 4.000000 3.000000 18.000000 11.000000 4.000000 9.000000 3.000000 8.000000 10.000000 7.000000 2.000000 
16.937190 34.652807 0.000000 12.000000 12.000000 9.000000 3.000000 1.000000 0.000000 5.000000 3.000000 2.000000 22.000000 2.000000 10.000000 
16.674821 46.124588 0.000000 8.000000 7.000000 6.000000 13.000000 6.000000 6.000000 5.000000 3.000000 7.000000 4.000000 9.000000 7.000000 
19.307660 54.396029 0.000000 8.000000 6.000000 4.000000 3.000000 4.000000 8.000000 10.000000 3.000000 11.000000 16.000000 5.000000 3.000000 
20.777553 61.721247 0.000000 7.000000 12.000000 5.000000 8.000000 4.000000 3.000000 11.000000 5.000000 7.000000 13.000000 5.000000 1.000000 
20.672128 69.303774 0.000000 17.000000 4.000000 5.000000 7.000000 7.000000 3.000000 5.000000 6.000000 7.000000 7.000000 7.000000 6.000000 
21.953613 74.646665 0.000000 11.000000 9.000000 8.000000 2.000000 3.000000 5.000000 4.000000 5.000000 7.000000 18.000000 4.000000 5.000000 
22.297819 78.403269 0.000000 14.000000 7.000000 3.000000 0.000000 4.000000 5.000000 2.000000 4.000000 7.000000 20.000000 7.000000 8.000000 
18.272160 92.265742 0.000000 6.000000 10.000000 10.000000 14.000000 9.000000 2.000000 4.000000 3.000000 8.000000 11.000000 3.000000 1.000000 
20.651558 100.322413 0.000000 10.000000 11.000000 9.000000 3.000000 1.000000 1.000000 2.000000 2.000000 6.000000 21.000000 8.000000 7.000000 
19.735588 107.971204 0.000000 14.000000 9.000000 2.000000 8.000000 8.000000 3.000000 6.000000 3.000000 7.000000 6.000000 5.000000 10.000000 
23.666984 113.836559 0.000000 12.000000 2.000000 9.000000 12.000000 1.000000 2.000000 11.000000 6.000000 8.000000 3.000000 7.000000 8.000000 
23.129147 123.756806 0.000000 8.000000 11.000000 8.000000 17.000000 3.000000 2.000000 5.000000 2.000000 0.000000 9.000000 8.000000 8.000000 
24.867182 130.405404 0.000000 8.000000 5.000000 5.000000 2.000000 3.000000 5.000000 4.000000 7.000000 3.000000 27.000000 9.000000 3.000000 
22.865659 135.499369 0.000000 2.000000 2.000000 6.000000 6.000000 5.000000 3.000000 3.000000 6.000000 2.000000 28.000000 11.000000 7.000000 
21.084629 144.839164 0.000000 3.000000 8.000000 14.000000 11.000000 4.000000 5.000000 4.000000 4.000000 4.000000 9.000000 6.000000 9.000000 
16.290985 152.201956 0.000000 7.000000 3.000000 3.000000 18.000000 7.000000 7.000000 5.000000 1.000000 3.000000 14.000000 7.000000 6.000000 
16.012159 162.856549 0.000000 13.000000 1.000000 7.000000 7.000000 4.000000 5.000000 4.000000 9.000000 4.000000 6.000000 4.000000 17.000000 
15.631389 172.000000 0.000000 19.000000 6.000000 6.000000 11.000000 2.000000 4.000000 0.000000 4.000000 2.000000 17.000000 4.000000 6.000000 
17.196623 179.523376 0.000000 8.000000 15.000000 3.000000 8.000000 1.000000 5.000000 2.000000 3.000000 3.000000 20.000000 9.000000 4.000000 
16.861556 186.000000 0.000000 5.000000 16.000000 3.000000 9.000000 4.000000 8.000000 3.000000 3.000000 2.000000 24.000000 3.000000 1.000000 
23.981960 195.406088 0.000000 4.000000 5.000000 6.000000 2.000000 3.000000 5.000000 2.000000 8.000000 7.000000 30.000000 4.000000 5.000000 
26.000000 204.709986 0.000000 6.000000 7.000000 5.000000 11.000000 4.000000 1.000000 3.000000 2.000000 1.000000 31.000000 5.000000 5.000000 
22.464783 211.076916 0.000000 5.000000 9.000000 5.000000 12.000000 4.000000 3.000000 4.000000 4.000000 2.000000 17.000000 8.000000 8.000000 
18.735588 224.216749 0.000000 5.000000 7.000000 5.000000 24.000000 5.000000 3.000000 2.000000 8.000000 8.000000 2.000000 7.000000 5.000000 
20.898887 229.505875 0.000000 6.000000 9.000000 4.000000 14.000000 4.000000 3.000000 9.000000 9.000000 4.000000 7.000000 8.000000 4.000000 
20.000000 237.365028 27.000000 8.000000 2.000000 3.000000 0.000000 1.000000 4.000000 6.000000 3.000000 2.000000 8.000000 6.000000 2.000000 
27.223903 5.776097 27.000000 6.000000 3.000000 1.000000 4.000000 3.000000 4.000000 11.000000 6.000000 4.000000 4.000000 4.000000 4.000000 
25.441732 11.796907 0.000000 17.000000 4.000000 0.000000 8.000000 5.000000 2.000000 5.000000 8.000000 8.000000 6.000000 10.000000 8.000000 
25.288811 16.416226 0.000000 20.000000 5.000000 4.000000 8.000000 9.000000 2.000000 0.000000 4.000000 9.000000 6.000000 9.000000 5.000000 
25.533781 27.204311 0.000000 4.000000 4.000000 8.000000 9.000000 3.000000 7.000000 4.000000 3.000000 5.000000 17.000000 10.000000 7.000000 
28.723773 37.872075 0.000000 11.000000 9.000000 5.000000 12.000000 4.000000 4.000000 7.000000 5.000000 2.000000 1.000000 5.000000 16.000000 
33.919036 46.478634 0.000000 4.000000 5.000000 3.000000 6.000000 8.000000 5.000000 4.000000 7.000000 6.000000 10.000000 13.000000 10.000000 
30.611870 56.079683 0.000000 2.000000 7.000000 4.000000 13.000000 6.000000 5.000000 8.000000 12.000000 5.000000 11.000000 5.000000 3.000000 
30.871042 63.409720 0.000000 18.000000 8.000000 6.000000 20.000000 7.000000 3.000000 4.000000 3.000000 0.000000 0.000000 6.000000 6.000000 
29.462327 67.778748 0.000000 12.000000 2.000000 3.000000 19.000000 7.000000 6.000000 6.000000 3.000000 3.000000 5.000000 7.000000 8.000000 
29.285859 75.285859 0.000000 4.000000 6.000000 4.000000 7.000000 12.000000 5.000000 4.000000 7.000000 6.000000 16.000000 5.000000 5.000000 
27.881024 82.056844 0.000000 14.000000 10.000000 3.000000 6.000000 5.000000 6.000000 3.000000 5.000000 7.000000 9.000000 8.000000 5.000000 
27.687440 94.679943 0.000000 11.000000 4.000000 8.000000 21.000000 3.000000 3.000000 4.000000 3.000000 4.000000 7.000000 4.000000 9.000000 
27.902736 98.805738 0.000000 4.000000 4.000000 9.000000 15.000000 3.000000 3.000000 6.000000 2.000000 7.000000 10.000000 6.000000 12.000000 
29.365028 106.365028 0.000000 9.000000 5.000000 5.000000 7.000000 4.000000 4.000000 9.000000 4.000000 8.000000 12.000000 4.000000 10.000000 
28.672333 115.411490 0.000000 11.000000 8.000000 3.000000 1.000000 2.000000 0.000000 13.000000 10.000000 3.000000 12.000000 7.000000 11.000000 
30.059994 127.316188 0.000000 22.000000 8.000000 7.000000 25.000000 4.000000 3.000000 0.000000 2.000000 1.000000 1.000000 1.000000 7.000000 
28.378703 130.662241 0.000000 7.000000 6.000000 1.000000 22.000000 3.000000 8.000000 3.000000 7.000000 3.000000 20.000000 1.000000 0.000000 
27.026548 139.690934 0.000000 8.000000 2.000000 18.000000 12.000000 6.000000 4.000000 4.000000 3.000000 2.000000 2.000000 8.000000 12.000000 
28.341617 149.948034 0.000000 4.000000 5.000000 11.000000 4.000000 6.000000 4.000000 3.000000 4.000000 4.000000 8.000000 11.000000 17.000000 
27.813575 158.608962 0.000000 16.000000 4.000000 8.000000 5.000000 5.000000 6.000000 5.000000 3.000000 6.000000 8.000000 8.000000 7.000000 
27.010984 165.365928 0.000000 7.000000 4.000000 7.000000 8.000000 12.000000 5.000000 0.000000 3.000000 5.000000 15.000000 8.000000 7.000000 
29.033352 170.798712 0.000000 6.000000 3.000000 7.000000 5.000000 5.000000 10.000000 9.000000 4.000000 2.000000 22.000000 6.000000 2.000000 
27.518434 181.413175 0.000000 13.000000 5.000000 6.000000 15.000000 2.000000 4.000000 9.000000 9.000000 5.000000 6.000000 1.000000 6.000000 
26.413175 187.951852 0.000000 16.000000 6.000000 4.000000 11.000000 3.000000 2.000000 4.000000 9.000000 5.000000 8.000000 4.000000 9.000000 
27.265474 194.586825 0.000000 8.000000 9.000000 5.000000 11.000000 10.000000 8.000000 4.000000 5.000000 2.000000 8.000000 3.000000 8.000000 
29.602386 201.284039 0.000000 4.000000 7.000000 10.000000 6.000000 1.000000 2.000000 5.000000 2.000000 3.000000 35.000000 4.000000 2.000000 
29.322413 211.872184 0.000000 6.000000 6.000000 6.000000 11.000000 8.000000 4.000000 5.000000 2.000000 2.000000 11.000000 10.000000 10.000000 
30.071351 223.870917 0.000000 8.000000 2.000000 7.000000 21.000000 6.000000 4.000000 6.000000 4.000000 7.000000 5.000000 4.000000 7.000000 
31.279452 230.318980 0.000000 3.000000 3.000000 8.000000 11.000000 9.000000 9.000000 5.000000 4.000000 8.000000 12.000000 6.000000 3.000000 
28.771056 237.757584 27.000000 16.000000 2.000000 3.000000 7.000000 2.000000 5.000000 2.000000 3.000000 2.000000 0.000000 2.000000 1.000000 
36.413175 4.951852 27.000000 9.000000 6.000000 3.000000 9.000000 0.000000 4.000000 6.000000 2.000000 3.000000 3.000000 2.000000 7.000000 
36.756043 9.636192 0.000000 19.000000 5.000000 3.000000 13.000000 1.000000 3.000000 3.000000 5.000000 1.000000 3.000000 12.000000 13.000000 
37.387104 17.419221 0.000000 10.000000 9.000000 4.000000 11.000000 5.000000 3.000000 2.000000 8.000000 3.000000 4.000000 7.000000 15.000000 
39.935501 31.693412 0.000000 17.000000 11.000000 12.000000 4.000000 6.000000 5.000000 2.000000 4.000000 4.000000 4.000000 5.000000 7.000000 
38.147091 38.996351 0.000000 13.000000 11.000000 5.000000 6.000000 8.000000 6.000000 9.000000 3.000000 3.000000 5.000000 7.000000 5.000000 
39.745832 45.705166 0.000000 11.000000 10.000000 3.000000 5.000000 2.000000 0.000000 0.000000 5.000000 6.000000 15.000000 15.000000 9.000000 
35.398497 53.167565 0.000000 3.000000 7.000000 2.000000 18.000000 4.000000 7.000000 9.000000 5.000000 6.000000 7.000000 7.000000 6.000000 
35.670089 60.865534 0.000000 15.000000 5.000000 7.000000 13.000000 2.000000 4.000000 6.000000 4.000000 4.000000 11.000000 5.000000 5.000000 
33.909237 66.909237 0.000000 8.000000 0.000000 7.000000 19.000000 12.000000 4.000000 1.000000 4.000000 9.000000 6.000000 4.000000 7.000000 
37.057242 75.868749 0.000000 13.000000 3.000000 10.000000 10.000000 7.000000 5.000000 2.000000 5.000000 3.000000 8.000000 7.000000 8.000000 
38.612838 83.917880 0.000000 13.000000 10.000000 9.000000 6.000000 7.000000 5.000000 1.000000 3.000000 2.000000 11.000000 9.000000 5.000000 
36.110140 93.114606 0.000000 6.000000 1.000000 2.000000 15.000000 4.000000 3.000000 11.000000 3.000000 2.000000 6.000000 10.000000 18.000000 
34.562514 98.002240 0.000000 5.000000 4.000000 8.000000 17.000000 4.000000 2.000000 9.000000 2.000000 6.000000 6.000000 5.000000 13.000000 
35.977743 106.650979 0.000000 10.000000 3.000000 4.000000 20.000000 10.000000 3.000000 6.000000 2.000000 3.000000 5.000000 5.000000 10.000000 
36.639757 113.295655 0.000000 10.000000 2.000000 5.000000 20.000000 9.000000 5.000000 9.000000 6.000000 1.000000 3.000000 4.000000 7.000000 
40.169152 130.414540 0.000000 7.000000 1.000000 1.000000 2.000000 2.000000 3.000000 5.000000 6.000000 14.000000 27.000000 9.000000 4.000000 
31.555632 131.937896 0.000000 9.000000 3.000000 1.000000 34.000000 4.000000 5.000000 3.000000 1.000000 3.000000 13.000000 4.000000 1.000000 
37.322413 136.687440 0.000000 9.000000 10.000000 12.000000 17.000000 4.000000 3.000000 2.000000 2.000000 4.000000 6.000000 10.000000 2.000000 
36.421402 148.462468 0.000000 11.000000 1.000000 10.000000 5.000000 3.000000 3.000000 4.000000 2.000000 4.000000 17.000000 10.000000 11.000000 
36.909237 158.735588 0.000000 17.000000 11.000000 5.000000 10.000000 3.000000 5.000000 5.000000 2.000000 5.000000 2.000000 6.000000 10.000000 
36.487689 164.559394 0.000000 14.000000 7.000000 1.000000 14.000000 4.000000 5.000000 9.000000 3.000000 4.000000 11.000000 4.000000 5.000000 
36.677587 171.687440 0.000000 5.000000 4.000000 7.000000 8.000000 3.000000 9.000000 11.000000 10.000000 2.000000 12.000000 4.000000 6.000000 
35.564838 181.002240 0.000000 5.000000 5.000000 4.000000 8.000000 2.000000 2.000000 22.000000 10.000000 2.000000 17.000000 3.000000 1.000000 
34.891876 188.634972 0.000000 9.000000 2.000000 3.000000 6.000000 1.000000 4.000000 7.000000 11.000000 7.000000 10.000000 7.000000 14.000000 
32.377881 192.258603 0.000000 1.000000 2.000000 3.000000 31.000000 3.000000 4.000000 0.000000 4.000000 4.000000 11.000000 9.000000 9.000000 
35.324652 197.583138 0.000000 1.000000 4.000000 7.000000 23.000000 4.000000 5.000000 3.000000 4.000000 5.000000 11.000000 5.000000 9.000000 
36.071381 210.785022 0.000000 4.000000 5.000000 2.000000 18.000000 6.000000 5.000000 3.000000 1.000000 4.000000 16.000000 9.000000 8.000000 
39.096268 221.911160 0.000000 10.000000 3.000000 4.000000 8.000000 7.000000 6.000000 6.000000 2.000000 3.000000 8.000000 4.000000 20.000000 
40.555579 230.191032 0.000000 10.000000 3.000000 8.000000 19.000000 8.000000 8.000000 1.000000 1.000000 6.000000 6.000000 7.000000 4.000000 
37.020325 237.762120 27.000000 11.000000 6.000000 3.000000 4.000000 2.000000 3.000000 2.000000 1.000000 2.000000 6.000000 2.000000 3.000000 
43.586825 4.951852 27.000000 11.000000 5.000000 3.000000 3.000000 4.000000 4.000000 4.000000 3.000000 2.000000 2.000000 4.000000 9.000000 
43.953201 9.976147 0.000000 11.000000 6.000000 3.000000 12.000000 5.000000 8.000000 9.000000 1.000000 6.000000 4.000000 4.000000 12.000000 
43.920355 18.490602 0.000000 13.000000 8.000000 3.000000 5.000000 3.000000 4.000000 5.000000 4.000000 8.000000 2.000000 12.000000 14.000000 
47.704838 29.420702 0.000000 19.000000 8.000000 8.000000 4.000000 5.000000 5.000000 4.000000 5.000000 2.000000 6.000000 6.000000 9.000000 
47.511927 37.677587 0.000000 8.000000 3.000000 3.000000 4.000000 4.000000 8.000000 6.000000 5.000000 11.000000 17.000000 5.000000 7.000000 
46.124853 43.162037 0.000000 17.000000 10.000000 7.000000 4.000000 4.000000 5.000000 5.000000 2.000000 3.000000 5.000000 6.000000 13.000000 
44.801088 49.491351 0.000000 9.000000 7.000000 8.000000 5.000000 5.000000 15.000000 9.000000 2.000000 7.000000 4.000000 4.000000 6.000000 
43.931642 57.607035 0.000000 18.000000 1.000000 7.000000 7.000000 4.000000 3.000000 13.000000 7.000000 4.000000 5.000000 5.000000 7.000000 
42.683349 66.507756 0.000000 4.000000 3.000000 1.000000 1.000000 9.000000 8.000000 9.000000 16.000000 14.000000 9.000000 2.000000 5.000000 
45.437260 73.903538 0.000000 6.000000 6.000000 7.000000 7.000000 5.000000 1.000000 6.000000 9.000000 9.000000 9.000000 5.000000 11.000000 
47.951852 85.413175 0.000000 8.000000 6.000000 7.000000 20.000000 4.000000 2.000000 3.000000 1.000000 6.000000 7.000000 12.000000 5.000000 
47.031500 92.711919 0.000000 8.000000 1.000000 5.000000 15.000000 4.000000 2.000000 4.000000 6.000000 4.000000 5.000000 13.000000 14.000000 
46.735588 99.260244 0.000000 14.000000 2.000000 5.000000 8.000000 5.000000 5.000000 4.000000 4.000000 6.000000 10.000000 1.000000 17.000000 
45.284389 106.154714 0.000000 14.000000 8.000000 8.000000 8.000000 2.000000 1.000000 8.000000 3.000000 4.000000 10.000000 3.000000 12.000000 
42.915200 112.752751 0.000000 19.000000 3.000000 4.000000 9.000000 5.000000 4.000000 8.000000 3.000000 3.000000 11.000000 5.000000 7.000000 
45.217875 123.371580 0.000000 7.000000 7.000000 13.000000 10.000000 4.000000 1.000000 3.000000 1.000000 8.000000 13.000000 10.000000 4.000000 
40.363948 130.013805 0.000000 11.000000 10.000000 2.000000 6.000000 3.000000 3.000000 5.000000 4.000000 9.000000 20.000000 6.000000 2.000000 
42.634217 138.967504 0.000000 10.000000 1.000000 6.000000 21.000000 10.000000 2.000000 2.000000 2.000000 3.000000 12.000000 5.000000 7.000000 
41.356595 148.008432 0.000000 7.000000 3.000000 2.000000 5.000000 6.000000 5.000000 6.000000 4.000000 6.000000 20.000000 9.000000 8.000000 
42.216813 157.021291 0.000000 18.000000 6.000000 5.000000 11.000000 10.000000 4.000000 5.000000 5.000000 3.000000 3.000000 5.000000 6.000000 
42.322413 163.647065 0.000000 7.000000 8.000000 4.000000 6.000000 5.000000 1.000000 6.000000 6.000000 6.000000 22.000000 7.000000 3.000000 
44.534459 171.890004 0.000000 7.000000 6.000000 4.000000 8.000000 9.000000 7.000000 17.000000 4.000000 4.000000 4.000000 6.000000 5.000000 
46.322413 178.260725 0.000000 6.000000 6.000000 4.000000 3.000000 7.000000 2.000000 15.000000 9.000000 4.000000 11.000000 7.000000 7.000000 
43.395798 186.027460 0.000000 10.000000 2.000000 5.000000 20.000000 5.000000 1.000000 7.000000 8.000000 4.000000 4.000000 4.000000 11.000000 
40.505893 192.586825 0.000000 9.000000 0.000000 3.000000 2.000000 5.000000 6.000000 7.000000 9.000000 5.000000 11.000000 7.000000 17.000000 
44.327439 202.341458 0.000000 8.000000 7.000000 4.000000 8.000000 1.000000 4.000000 8.000000 6.000000 5.000000 12.000000 9.000000 9.000000 
44.870846 212.951852 0.000000 3.000000 1.000000 4.000000 11.000000 5.000000 8.000000 14.000000 5.000000 2.000000 11.000000 8.000000 9.000000 
46.745862 219.994100 0.000000 3.000000 2.000000 3.000000 9.000000 5.000000 7.000000 15.000000 4.000000 1.000000 9.000000 10.000000 13.000000 
44.583138 232.927637 9.000000 10.000000 4.000000 6.000000 24.000000 3.000000 4.000000 5.000000 1.000000 7.000000 2.000000 4.000000 2.000000 
44.999979 238.726273 27.000000 3.000000 3.000000 4.000000 18.000000 2.000000 3.000000 4.000000 1.000000 5.000000 1.000000 1.000000 0.000000 
53.360032 4.471945 27.000000 13.000000 3.000000 4.000000 6.000000 2.000000 5.000000 6.000000 4.000000 3.000000 1.000000 2.000000 5.000000 
54.372102 10.381955 0.000000 12.000000 6.000000 3.000000 6.000000 5.000000 4.000000 4.000000 8.000000 5.000000 7.000000 7.000000 14.000000 
49.469960 20.687440 0.000000 9.000000 5.000000 7.000000 6.000000 2.000000 4.000000 7.000000 5.000000 11.000000 9.000000 7.000000 9.000000 
52.167871 28.101547 0.000000 23.000000 10.000000 8.000000 5.000000 2.000000 6.000000 3.000000 4.000000 5.000000 4.000000 5.000000 6.000000 
53.030647 35.395675 0.000000 11.000000 7.000000 2.000000 3.000000 2.000000 8.000000 5.000000 7.000000 9.000000 16.000000 4.000000 7.000000 
52.338592 43.687440 0.000000 14.000000 10.000000 6.000000 1.000000 7.000000 7.000000 7.000000 3.000000 4.000000 7.000000 8.000000 7.000000 
55.000000 53.689680 0.000000 12.000000 3.000000 10.000000 7.000000 3.000000 5.000000 6.000000 6.000000 9.000000 5.000000 4.000000 11.000000 
52.703941 61.728846 0.000000 6.000000 5.000000 7.000000 10.000000 3.000000 2.000000 6.000000 7.000000 10.000000 10.000000 8.000000 7.000000 
52.413175 69.951852 0.000000 9.000000 11.000000 6.000000 15.000000 7.000000 2.000000 3.000000 6.000000 5.000000 7.000000 2.000000 8.000000 
52.320538 75.818259 0.000000 11.000000 6.000000 2.000000 6.000000 3.000000 1.000000 5.000000 9.000000 7.000000 14.000000 4.000000 13.000000 
52.676015 86.253928 0.000000 7.000000 6.000000 7.000000 21.000000 3.000000 3.000000 4.000000 3.000000 3.000000 6.000000 8.000000 10.000000 
52.322413 94.022817 0.000000 19.000000 11.000000 3.000000 2.000000 2.000000 1.000000 2.000000 2.000000 6.000000 6.000000 12.000000 15.000000 
53.365028 102.365028 0.000000 7.000000 8.000000 7.000000 18.000000 2.000000 10.000000 5.000000 3.000000 4.000000 4.000000 4.000000 9.000000 
52.615288 108.757953 0.000000 12.000000 8.000000 8.000000 6.000000 0.000000 4.000000 6.000000 3.000000 3.000000 12.000000 9.000000 10.000000 
50.271038 115.931622 0.000000 14.000000 4.000000 11.000000 4.000000 2.000000 4.000000 2.000000 1.000000 3.000000 14.000000 13.000000 9.000000 
50.241922 124.340317 0.000000 2.000000 7.000000 4.000000 19.000000 5.000000 2.000000 5.000000 5.000000 1.000000 11.000000 8.000000 12.000000 
51.179733 132.869414 0.000000 6.000000 17.000000 8.000000 10.000000 5.000000 5.000000 2.000000 2.000000 3.000000 8.000000 5.000000 10.000000 
51.662881 142.026799 0.000000 6.000000 5.000000 2.000000 8.000000 8.000000 5.000000 2.000000 4.000000 8.000000 18.000000 9.000000 6.000000 
51.365028 150.365028 0.000000 18.000000 11.000000 13.000000 8.000000 4.000000 0.000000 3.000000 5.000000 3.000000 5.000000 8.000000 3.000000 
52.885189 157.124664 0.000000 9.000000 9.000000 10.000000 2.000000 4.000000 6.000000 4.000000 2.000000 5.000000 13.000000 10.000000 7.000000 
52.739348 164.687514 0.000000 2.000000 2.000000 5.000000 14.000000 12.000000 11.000000 1.000000 1.000000 4.000000 16.000000 11.000000 2.000000 
52.413175 170.951852 0.000000 5.000000 5.000000 6.000000 4.000000 8.000000 9.000000 12.000000 4.000000 3.000000 17.000000 5.000000 3.000000 
53.731843 179.687440 0.000000 7.000000 8.000000 6.000000 9.000000 7.000000 8.000000 10.000000 7.000000 5.000000 4.000000 5.000000 5.000000 
52.158722 188.951852 0.000000 12.000000 2.000000 2.000000 8.000000 1.000000 7.000000 6.000000 11.000000 6.000000 13.000000 6.000000 7.000000 
49.375937 195.012267 0.000000 16.000000 6.000000 7.000000 10.000000 8.000000 6.000000 0.000000 5.000000 7.000000 6.000000 6.000000 4.000000 
52.702168 204.689680 0.000000 7.000000 8.000000 4.000000 9.000000 7.000000 5.000000 7.000000 3.000000 4.000000 8.000000 11.000000 8.000000 
52.413175 212.951852 0.000000 5.000000 5.000000 3.000000 11.000000 3.000000 12.000000 10.000000 4.000000 7.000000 8.000000 5.000000 8.000000 
53.070749 219.365028 0.000000 1.000000 3.000000 4.000000 5.000000 5.000000 14.000000 13.000000 3.000000 4.000000 13.000000 10.000000 6.000000 
51.749545 229.725748 0.000000 15.000000 3.000000 2.000000 4.000000 1.000000 3.000000 4.000000 7.000000 6.000000 11.000000 7.000000 18.000000 
52.000000 237.002427 27.000000 0.000000 4.000000 3.000000 14.000000 5.000000 3.000000 3.000000 2.000000 3.000000 0.000000 6.000000 2.000000 
60.000000 5.324652 39.000000 12.000000 1.000000 3.000000 3.000000 4.000000 1.000000 2.000000 5.000000 3.000000 0.000000 5.000000 3.000000 
60.865411 12.899921 18.000000 14.000000 4.000000 4.000000 9.000000 7.000000 3.000000 4.000000 3.000000 6.000000 0.000000 4.000000 5.000000 
59.725487 21.050140 18.000000 9.000000 7.000000 4.000000 3.000000 3.000000 4.000000 8.000000 7.000000 4.000000 5.000000 7.000000 2.000000 
60.000000 29.324652 18.000000 13.000000 8.000000 6.000000 4.000000 0.000000 4.000000 1.000000 2.000000 3.000000 10.000000 7.000000 5.000000 
60.000000 37.324652 18.000000 11.000000 7.000000 7.000000 12.000000 5.000000 2.000000 1.000000 1.000000 3.000000 5.000000 6.000000 3.000000 
60.000000 45.324652 18.000000 4.000000 7.000000 9.000000 5.000000 2.000000 3.000000 3.000000 0.000000 3.000000 9.000000 10.000000 8.000000 
60.975558 53.324652 18.000000 8.000000 4.000000 7.000000 7.000000 1.000000 1.000000 1.000000 1.000000 5.000000 7.000000 7.000000 14.000000 
60.000000 61.324652 18.000000 5.000000 3.000000 3.000000 12.000000 4.000000 6.000000 2.000000 5.000000 7.000000 8.000000 5.000000 3.000000 
60.000000 69.710780 18.000000 13.000000 5.000000 4.000000 4.000000 4.000000 1.000000 6.000000 3.000000 8.000000 5.000000 4.000000 6.000000 
60.000000 77.324652 18.000000 5.000000 4.000000 3.000000 8.000000 7.000000 2.000000 5.000000 7.000000 2.000000 6.000000 10.000000 4.000000 
60.000000 85.324652 18.000000 4.000000 6.000000 4.000000 10.000000 6.000000 3.000000 8.000000 8.000000 4.000000 2.000000 3.000000 5.000000 
60.000000 93.324652 18.000000 6.000000 6.000000 5.000000 4.000000 5.000000 7.000000 8.000000 5.000000 2.000000 0.000000 4.000000 11.000000 
60.000000 101.756577 18.000000 3.000000 3.000000 1.000000 5.000000 8.000000 7.000000 16.000000 5.000000 5.000000 1.000000 3.000000 6.000000 
60.000000 109.324652 18.000000 14.000000 2.000000 3.000000 3.000000 4.000000 5.000000 7.000000 6.000000 5.000000 1.000000 5.000000 8.000000 
59.705683 117.030336 18.000000 8.000000 4.000000 0.000000 0.000000 8.000000 9.000000 14.000000 4.000000 7.000000 2.000000 6.000000 1.000000 
59.714216 125.038868 18.000000 5.000000 4.000000 2.000000 8.000000 6.000000 5.000000 12.000000 4.000000 5.000000 3.000000 5.000000 4.000000 
60.000000 133.324652 18.000000 3.000000 8.000000 7.000000 7.000000 4.000000 3.000000 3.000000 4.000000 4.000000 6.000000 8.000000 6.000000 
60.000000 141.324652 18.000000 5.000000 8.000000 1.000000 5.000000 3.000000 7.000000 6.000000 4.000000 3.000000 7.000000 8.000000 6.000000 
59.662833 149.661819 18.000000 7.000000 9.000000 4.000000 1.000000 3.000000 1.000000 7.000000 9.000000 4.000000 4.000000 3.000000 11.000000 
60.000000 157.324652 18.000000 9.000000 7.000000 5.000000 4.000000 5.000000 7.000000 9.000000 6.000000 2.000000 1.000000 2.000000 6.000000 
60.000000 165.324652 18.000000 6.000000 4.000000 6.000000 11.000000 7.000000 6.000000 1.000000 6.000000 0.000000 4.000000 6.000000 6.000000 
60.000000 173.324652 18.000000 12.000000 4.000000 3.000000 8.000000 3.000000 6.000000 4.000000 3.000000 3.000000 9.000000 4.000000 4.000000 
60.000000 181.324652 18.000000 5.000000 4.000000 2.000000 6.000000 2.000000 3.000000 11.000000 8.000000 5.000000 9.000000 5.000000 3.000000 
60.000000 189.324652 18.000000 4.000000 2.000000 6.000000 10.000000 6.000000 8.000000 4.000000 5.000000 3.000000 7.000000 3.000000 5.000000 
59.707424 197.324652 18.000000 8.000000 3.000000 7.000000 4.000000 2.000000 6.000000 3.000000 7.000000 7.000000 6.000000 6.000000 4.000000 
60.000000 205.324652 18.000000 12.000000 5.000000 2.000000 4.000000 3.000000 6.000000 4.000000 3.000000 4.000000 8.000000 5.000000 7.000000 
60.000000 213.324652 18.000000 7.000000 11.000000 5.000000 7.000000 5.000000 5.000000 3.000000 0.000000 4.000000 5.000000 3.000000 8.000000 
60.000000 221.324652 18.000000 7.000000 6.000000 1.000000 10.000000 8.000000 10.000000 6.000000 3.000000 3.000000 4.000000 2.000000 3.000000 
60.000000 228.890526 18.000000 10.000000 1.000000 5.000000 11.000000 3.000000 2.000000 4.000000 4.000000 4.000000 9.000000 3.000000 7.000000 
60.000000 236.000000 35.000000 3.000000 3.000000 5.000000 0.000000 0.000000 0.000000 0.000000 0.000000 0.000000 0.000000 7.000000 10.000000 
