240
5.000000 5.689680 39.000000 1.000000 3.000000 2.000000 1.000000 0.000000 0.000000 0.000000 1.000000 0.000000 5.000000 4.000000 7.000000 
3.583138 13.324652 27.000000 8.000000 3.000000 2.000000 11.000000 1.000000 0.000000 0.000000 0.000000 1.000000 4.000000 4.000000 2.000000 
4.324652 21.324652 27.000000 7.000000 4.000000 3.000000 3.000000 1.000000 0.000000 2.000000 0.000000 0.000000 12.000000 1.000000 3.000000 
3.586825 28.911477 27.000000 4.000000 9.000000 2.000000 1.000000 0.000000 1.000000 0.000000 0.000000 0.000000 14.000000 2.000000 3.000000 
5.187548 37.985854 27.000000 7.000000 2.000000 3.000000 6.000000 3.000000 1.000000 0.000000 1.000000 0.000000 8.000000 2.000000 3.000000 
4.000000 44.959625 27.000000 4.000000 7.000000 2.000000 6.000000 2.000000 1.000000 0.000000 0.000000 1.000000 9.000000 3.000000 1.000000 
4.611002 53.611002 27.000000 4.000000 6.000000 3.000000 2.000000 2.000000 1.000000 0.000000 1.000000 1.000000 8.000000 4.000000 4.000000 
4.322413 61.647065 27.000000 7.000000 1.000000 7.000000 10.000000 2.000000 1.000000 3.000000 0.000000 0.000000 1.000000 4.000000 0.000000 
3.586825 68.911477 27.000000 6.000000 7.000000 4.000000 3.000000 2.000000 1.000000 1.000000 0.000000 0.000000 4.000000 4.000000 4.000000 
4.000000 77.689680 27.000000 8.000000 1.000000 4.000000 2.000000 1.000000 2.000000 1.000000 3.000000 0.000000 6.000000 5.000000 3.000000 
3.159514 84.484166 27.000000 5.000000 3.000000 3.000000 10.000000 4.000000 0.000000 0.000000 0.000000 2.000000 5.000000 3.000000 1.000000 
2.706158 93.737828 27.000000 8.000000 6.000000 1.000000 5.000000 2.000000 0.000000 0.000000 0.000000 1.000000 4.000000 4.000000 5.000000 
4.322413 101.002240 27.000000 8.000000 2.000000 2.000000 7.000000 1.000000 1.000000 0.000000 0.000000 2.000000 11.000000 1.000000 1.000000 
5.508407 108.720444 27.000000 5.000000 5.000000 1.000000 2.000000 0.000000 0.000000 7.000000 3.000000 3.000000 6.000000 2.000000 2.000000 
3.586825 117.737828 27.000000 7.000000 3.000000 5.000000 3.000000 0.000000 4.000000 3.000000 0.000000 0.000000 2.000000 5.000000 4.000000 
3.586825 125.737828 27.000000 5.000000 1.000000 2.000000 7.000000 1.000000 2.000000 6.000000 8.000000 2.000000 0.000000 2.000000 0.000000 
4.322413 133.002240 27.000000 0.000000 1.000000 2.000000 3.000000 1.000000 3.000000 9.000000 8.000000 4.000000 2.000000 1.000000 2.000000 
4.976912 142.301564 27.000000 2.000000 4.000000 7.000000 9.000000 1.000000 2.000000 1.000000 5.000000 2.000000 0.000000 1.000000 2.000000 
2.327052 148.105368 27.000000 9.000000 2.000000 3.000000 2.000000 1.000000 1.000000 0.000000 0.000000 0.000000 15.000000 2.000000 1.000000 
4.605522 157.930175 27.000000 8.000000 0.000000 7.000000 6.000000 3.000000 1.000000 0.000000 0.000000 0.000000 4.000000 4.000000 3.000000 
4.594693 164.729960 27.000000 3.000000 2.000000 3.000000 7.000000 7.000000 4.000000 0.000000 1.000000 0.000000 4.000000 1.000000 4.000000 
4.579625 172.745027 27.000000 5.000000 3.000000 5.000000 3.000000 4.000000 0.000000 0.000000 1.000000 1.000000 7.000000 2.000000 5.000000 
4.322413 181.002240 27.000000 6.000000 8.000000 5.000000 1.000000 0.000000 1.000000 0.000000 0.000000 1.000000 13.000000 1.000000 0.000000 
3.586825 188.911477 27.000000 1.000000 3.000000 3.000000 5.000000 2.000000 1.000000 2.000000 2.000000 5.000000 9.000000 2.000000 1.000000 
4.000000 197.689680 27.000000 6.000000 3.000000 1.000000 3.000000 0.000000 0.000000 0.000000 2.000000 5.000000 7.000000 5.000000 4.000000 
4.000000 204.959625 27.000000 4.000000 5.000000 6.000000 17.000000 0.000000 0.000000 0.000000 1.000000 0.000000 1.000000 1.000000 1.000000 
3.127363 212.911477 27.000000 5.000000 2.000000 2.000000 4.000000 0.000000 0.000000 1.000000 0.000000 1.000000 11.000000 6.000000 4.000000 
3.586825 220.911477 27.000000 1.000000 2.000000 4.000000 6.000000 4.000000 8.000000 4.000000 2.000000 0.000000 4.000000 0.000000 1.000000 
4.365028 229.365028 27.000000 1.000000 3.000000 3.000000 1.000000 3.000000 4.000000 6.000000 6.000000 3.000000 4.000000 0.000000 2.000000 
5.000000 236.365028 36.000000 1.000000 3.000000 1.000000 4.000000 2.000000 3.000000 4.000000 0.000000 0.000000 1.000000 0.000000 1.000000 
11.634972 5.365028 27.000000 7.000000 1.000000 4.000000 5.000000 2.000000 3.000000 5.000000 6.000000 4.000000 2.000000 2.000000 13.000000 
11.689680 12.000000 0.000000 14.000000 9.000000 0.000000 18.000000 3.000000 5.000000 2.000000 5.000000 7.000000 5.000000 8.000000 5.000000 
12.911477 19.586825 0.000000 15.000000 8.000000 8.000000 10.000000 4.000000 2.000000 4.000000 2.000000 1.000000 13.000000 7.000000 7.000000 
12.664541 26.956527 0.000000 10.000000 13.000000 4.000000 7.000000 4.000000 5.000000 2.000000 6.000000 7.000000 15.000000 3.000000 5.000000 
15.583138 37.583138 0.000000 8.000000 4.000000 7.000000 9.000000 6.000000 6.000000 2.000000 2.000000 1.000000 21.000000 7.000000 8.000000 
13.671283 43.442134 0.000000 15.000000 4.000000 3.000000 8.000000 4.000000 4.000000 2.000000 5.000000 5.000000 19.000000 5.000000 7.000000 
14.322413 53.687440 0.000000 7.000000 8.000000 8.000000 10.000000 3.000000 4.000000 10.000000 6.000000 5.000000 8.000000 6.000000 6.000000 
12.979957 61.736170 0.000000 17.000000 9.000000 5.000000 9.000000 2.000000 5.000000 10.000000 5.000000 3.000000 2.000000 9.000000 5.000000 
11.324652 67.595376 0.000000 9.000000 10.000000 7.000000 10.000000 8.000000 1.000000 4.000000 7.000000 2.000000 10.000000 6.000000 7.000000 
11.474274 75.512952 0.000000 10.000000 2.000000 9.000000 13.000000 7.000000 1.000000 11.000000 4.000000 3.000000 6.000000 10.000000 5.000000 
9.879494 82.644825 0.000000 10.000000 8.000000 10.000000 9.000000 6.000000 4.000000 9.000000 3.000000 5.000000 7.000000 6.000000 4.000000 
9.413175 93.323922 0.000000 19.000000 9.000000 3.000000 8.000000 7.000000 2.000000 4.000000 4.000000 5.000000 5.000000 8.000000 7.000000 
14.029457 98.586825 0.000000 6.000000 6.000000 6.000000 6.000000 9.000000 13.000000 11.000000 6.000000 4.000000 4.000000 7.000000 3.000000 
18.000000 105.635205 0.000000 19.000000 5.000000 6.000000 7.000000 3.000000 4.000000 8.000000 5.000000 1.000000 10.000000 3.000000 10.000000 
12.192045 118.314175 0.000000 19.000000 9.000000 8.000000 4.000000 2.000000 4.000000 10.000000 0.000000 5.000000 6.000000 7.000000 7.000000 
11.737828 124.586825 0.000000 24.000000 8.000000 5.000000 8.000000 5.000000 4.000000 7.000000 2.000000 0.000000 13.000000 3.000000 2.000000 
13.909862 132.690267 0.000000 10.000000 11.000000 8.000000 10.000000 9.000000 10.000000 1.000000 4.000000 2.000000 4.000000 4.000000 8.000000 
12.677010 141.569920 0.000000 2.000000 6.000000 8.000000 5.000000 10.000000 4.000000 3.000000 3.000000 6.000000 22.000000 6.000000 6.000000 
8.180893 144.815866 0.000000 14.000000 7.000000 5.000000 6.000000 3.000000 3.000000 4.000000 2.000000 4.000000 22.000000 6.000000 5.000000 
14.655762 157.627332 0.000000 9.000000 4.000000 4.000000 4.000000 4.000000 10.000000 6.000000 4.000000 6.000000 13.000000 6.000000 11.000000 
14.792562 160.381088 0.000000 12.000000 2.000000 6.000000 5.000000 3.000000 6.000000 3.000000 6.000000 7.000000 11.000000 5.000000 15.000000 
16.220965 170.643219 0.000000 13.000000 8.000000 5.000000 13.000000 7.000000 4.000000 4.000000 1.000000 3.000000 6.000000 4.000000 13.000000 
12.011636 177.333497 0.000000 16.000000 11.000000 6.000000 7.000000 1.000000 3.000000 6.000000 4.000000 5.000000 16.000000 4.000000 2.000000 
6.491394 187.755733 0.000000 3.000000 13.000000 7.000000 9.000000 2.000000 4.000000 1.000000 0.000000 4.000000 32.000000 4.000000 2.000000 
11.583138 196.583138 0.000000 10.000000 3.000000 6.000000 19.000000 7.000000 7.000000 3.000000 7.000000 9.000000 8.000000 2.000000 0.000000 
12.310411 203.453224 0.000000 9.000000 4.000000 1.000000 10.000000 6.000000 1.000000 5.000000 8.000000 14.000000 10.000000 9.000000 4.000000 
9.173650 210.173650 0.000000 2.000000 1.000000 3.000000 29.000000 11.000000 3.000000 8.000000 4.000000 4.000000 8.000000 5.000000 3.000000 
11.025482 219.647065 0.000000 6.000000 4.000000 6.000000 6.000000 5.000000 12.000000 9.000000 5.000000 7.000000 8.000000 8.000000 5.000000 
12.322413 229.002240 0.000000 13.000000 5.000000 9.000000 11.000000 9.000000 6.000000 2.000000 6.000000 3.000000 8.000000 7.000000 2.000000 
12.000000 237.365028 27.000000 10.000000 1.000000 1.000000 4.000000 2.000000 2.000000 2.000000 2.000000 0.000000 12.000000 6.000000 3.000000 
20.365028 5.365028 27.000000 14.000000 4.000000 6.000000 8.000000 1.000000 2.000000 6.000000 5.000000 3.000000 3.000000 0.000000 2.000000 
20.951852 11.586825 0.000000 14.000000 13.000000 7.000000 11.000000 2.000000 3.000000 5.000000 6.000000 7.000000 8.000000 4.000000 1.000000 
20.389025 19.532115 0.000000 16.000000 5.000000 12.000000 6.000000 1.000000 4.000000 6.000000 4.000000 5.000000 9.000000 7.000000 6.000000 
21.546430 26.000000 0.000000 13.000000 7.000000 14.000000 4.000000 1.000000 2.000000 5.000000 4.000000 4.000000 17.000000 5.000000 5.000000 
20.730122 36.069944 0.000000 11.000000 7.000000 9.000000 6.000000 2.000000 0.000000 2.000000 3.000000 3.000000 26.000000 8.000000 4.000000 
19.322413 43.647065 0.000000 5.000000 7.000000 12.000000 22.000000 9.000000 8.000000 3.000000 4.000000 1.000000 3.000000 4.000000 3.000000 
20.792482 53.780425 0.000000 8.000000 2.000000 3.000000 1.000000 5.000000 8.000000 4.000000 7.000000 6.000000 23.000000 6.000000 8.000000 
19.523806 63.253955 0.000000 21.000000 11.000000 7.000000 1.000000 0.000000 2.000000 4.000000 3.000000 4.000000 12.000000 10.000000 6.000000 
22.086685 67.501972 0.000000 9.000000 6.000000 5.000000 9.000000 3.000000 2.000000 7.000000 11.000000 6.000000 5.000000 4.000000 14.000000 
20.859399 73.794107 0.000000 8.000000 3.000000 6.000000 15.000000 4.000000 3.000000 7.000000 5.000000 5.000000 13.000000 6.000000 6.000000 
22.586825 86.093155 0.000000 11.000000 5.000000 8.000000 8.000000 6.000000 7.000000 3.000000 4.000000 6.000000 13.000000 7.000000 3.000000 
19.319060 93.909237 0.000000 11.000000 3.000000 10.000000 12.000000 6.000000 6.000000 5.000000 2.000000 4.000000 11.000000 6.000000 5.000000 
19.413175 100.847831 0.000000 9.000000 9.000000 2.000000 7.000000 5.000000 5.000000 3.000000 7.000000 1.000000 17.000000 8.000000 8.000000 
23.360561 106.547243 0.000000 22.000000 8.000000 4.000000 8.000000 6.000000 4.000000 5.000000 5.000000 1.000000 14.000000 0.000000 4.000000 
20.880612 121.376077 0.000000 11.000000 8.000000 9.000000 7.000000 2.000000 7.000000 12.000000 0.000000 1.000000 16.000000 5.000000 3.000000 
21.050569 127.295803 0.000000 12.000000 12.000000 5.000000 5.000000 4.000000 10.000000 11.000000 1.000000 0.000000 17.000000 1.000000 3.000000 
20.221082 134.000000 0.000000 0.000000 4.000000 8.000000 6.000000 5.000000 4.000000 3.000000 7.000000 8.000000 14.000000 17.000000 5.000000 
20.222493 141.035848 0.000000 4.000000 6.000000 10.000000 10.000000 5.000000 3.000000 2.000000 1.000000 3.000000 22.000000 7.000000 8.000000 
17.993356 146.291415 0.000000 3.000000 6.000000 17.000000 6.000000 4.000000 6.000000 5.000000 5.000000 4.000000 10.000000 7.000000 8.000000 
20.459162 156.821549 0.000000 13.000000 4.000000 8.000000 14.000000 9.000000 3.000000 5.000000 3.000000 1.000000 5.000000 2.000000 14.000000 
20.512386 161.986489 0.000000 12.000000 3.000000 6.000000 1.000000 2.000000 4.000000 10.000000 8.000000 4.000000 6.000000 8.000000 17.000000 
24.511455 172.999579 0.000000 9.000000 4.000000 7.000000 6.000000 2.000000 9.000000 7.000000 9.000000 4.000000 16.000000 3.000000 5.000000 
16.398454 179.874848 0.000000 7.000000 17.000000 5.000000 7.000000 3.000000 2.000000 4.000000 4.000000 6.000000 13.000000 8.000000 5.000000 
10.634972 189.365028 0.000000 3.000000 13.000000 7.000000 9.000000 2.000000 4.000000 1.000000 0.000000 4.000000 32.000000 4.000000 2.000000 
17.389830 196.522837 0.000000 8.000000 4.000000 2.000000 4.000000 2.000000 3.000000 7.000000 5.000000 9.000000 27.000000 6.000000 4.000000 
23.173154 206.635468 0.000000 5.000000 2.000000 5.000000 10.000000 6.000000 6.000000 4.000000 3.000000 3.000000 19.000000 16.000000 2.000000 
20.879659 213.996267 0.000000 4.000000 2.000000 6.000000 12.000000 3.000000 9.000000 11.000000 3.000000 5.000000 9.000000 15.000000 2.000000 
21.737828 220.985852 0.000000 13.000000 10.000000 6.000000 9.000000 6.000000 7.000000 5.000000 4.000000 3.000000 4.000000 8.000000 6.000000 
18.599762 227.785019 0.000000 5.000000 4.000000 5.000000 21.000000 4.000000 1.000000 9.000000 12.000000 6.000000 3.000000 7.000000 4.000000 
20.000000 237.365028 27.000000 1.000000 2.000000 1.000000 0.000000 8.000000 2.000000 5.000000 3.000000 4.000000 10.000000 7.000000 2.000000 
27.586825 4.951852 27.000000 6.000000 4.000000 7.000000 0.000000 2.000000 4.000000 6.000000 6.000000 8.000000 4.000000 1.000000 6.000000 
27.254477 11.069696 0.000000 11.000000 3.000000 5.000000 8.000000 6.000000 4.000000 6.000000 6.000000 11.000000 11.000000 1.000000 9.000000 
24.947036 21.365028 0.000000 19.000000 8.000000 5.000000 5.000000 0.000000 6.000000 3.000000 2.000000 3.000000 19.000000 4.000000 7.000000 
26.448611 28.847343 0.000000 3.000000 13.000000 12.000000 6.000000 3.000000 4.000000 3.000000 1.000000 5.000000 18.000000 8.000000 5.000000 
29.339204 37.644825 0.000000 20.000000 13.000000 9.000000 8.000000 6.000000 2.000000 2.000000 2.000000 4.000000 4.000000 7.000000 4.000000 
29.753857 43.011139 0.000000 10.000000 2.000000 2.000000 4.000000 4.000000 6.000000 3.000000 8.000000 6.000000 22.000000 10.000000 4.000000 
27.976788 52.023212 0.000000 13.000000 6.000000 5.000000 4.000000 7.000000 8.000000 7.000000 3.000000 9.000000 10.000000 5.000000 4.000000 
27.964788 61.324252 0.000000 19.000000 3.000000 6.000000 16.000000 5.000000 5.000000 3.000000 0.000000 2.000000 2.000000 8.000000 12.000000 
29.650195 65.033211 0.000000 11.000000 4.000000 5.000000 12.000000 2.000000 7.000000 5.000000 4.000000 9.000000 3.000000 6.000000 13.000000 
26.000000 75.644825 0.000000 5.000000 7.000000 5.000000 13.000000 5.000000 7.000000 5.000000 2.000000 4.000000 17.000000 8.000000 3.000000 
27.814796 83.699968 0.000000 15.000000 10.000000 4.000000 16.000000 2.000000 8.000000 4.000000 1.000000 3.000000 4.000000 7.000000 7.000000 
28.014435 92.481447 0.000000 12.000000 2.000000 5.000000 17.000000 3.000000 2.000000 4.000000 4.000000 2.000000 7.000000 9.000000 14.000000 
28.000000 100.218110 0.000000 14.000000 8.000000 2.000000 12.000000 7.000000 7.000000 7.000000 5.000000 1.000000 3.000000 3.000000 12.000000 
26.985771 106.871472 0.000000 13.000000 4.000000 4.000000 7.000000 8.000000 6.000000 8.000000 8.000000 7.000000 6.000000 7.000000 3.000000 
24.839508 120.906325 0.000000 9.000000 2.000000 9.000000 7.000000 4.000000 4.000000 8.000000 3.000000 5.000000 17.000000 9.000000 4.000000 
26.854927 127.129686 0.000000 11.000000 6.000000 11.000000 23.000000 10.000000 4.000000 6.000000 2.000000 3.000000 2.000000 2.000000 1.000000 
31.916536 132.403674 0.000000 1.000000 0.000000 0.000000 21.000000 9.000000 5.000000 2.000000 8.000000 8.000000 18.000000 6.000000 3.000000 
31.500600 141.423149 0.000000 11.000000 10.000000 14.000000 4.000000 2.000000 6.000000 1.000000 6.000000 4.000000 7.000000 12.000000 4.000000 
29.176877 147.603202 0.000000 7.000000 4.000000 13.000000 5.000000 4.000000 2.000000 5.000000 3.000000 2.000000 9.000000 16.000000 11.000000 
29.479130 155.154477 0.000000 2.000000 8.000000 3.000000 12.000000 6.000000 9.000000 6.000000 5.000000 7.000000 8.000000 6.000000 9.000000 
25.911477 161.586825 0.000000 16.000000 7.000000 5.000000 5.000000 5.000000 3.000000 5.000000 6.000000 7.000000 5.000000 10.000000 7.000000 
29.231301 172.267515 0.000000 11.000000 6.000000 5.000000 7.000000 2.000000 7.000000 5.000000 8.000000 4.000000 19.000000 3.000000 4.000000 
26.586825 181.696930 0.000000 1.000000 1.000000 3.000000 22.000000 5.000000 2.000000 10.000000 6.000000 8.000000 15.000000 5.000000 3.000000 
25.916399 189.752276 0.000000 10.000000 7.000000 5.000000 16.000000 3.000000 2.000000 5.000000 5.000000 6.000000 8.000000 5.000000 9.000000 
28.549399 196.093670 0.000000 12.000000 11.000000 5.000000 13.000000 4.000000 4.000000 6.000000 3.000000 5.000000 10.000000 3.000000 5.000000 
28.889846 205.724250 0.000000 7.000000 6.000000 4.000000 0.000000 2.000000 1.000000 2.000000 2.000000 4.000000 37.000000 10.000000 6.000000 
30.365028 219.847825 0.000000 3.000000 3.000000 3.000000 26.000000 4.000000 3.000000 5.000000 6.000000 5.000000 2.000000 8.000000 13.000000 
27.074964 223.508044 0.000000 6.000000 5.000000 4.000000 25.000000 4.000000 3.000000 2.000000 9.000000 7.000000 5.000000 5.000000 6.000000 
23.597608 229.833635 0.000000 10.000000 4.000000 6.000000 22.000000 4.000000 5.000000 4.000000 5.000000 3.000000 10.000000 6.000000 2.000000 
26.611557 238.122250 27.000000 2.000000 5.000000 5.000000 15.000000 1.000000 3.000000 4.000000 3.000000 2.000000 3.000000 1.000000 1.000000 
37.971994 4.923083 27.000000 4.000000 4.000000 4.000000 10.000000 4.000000 3.000000 1.000000 2.000000 4.000000 8.000000 3.000000 7.000000 
41.665130 11.689680 0.000000 19.000000 9.000000 5.000000 4.000000 4.000000 3.000000 2.000000 4.000000 3.000000 12.000000 7.000000 9.000000 
36.036920 21.360227 0.000000 18.000000 7.000000 6.000000 6.000000 5.000000 5.000000 2.000000 3.000000 3.000000 7.000000 16.000000 3.000000 
32.125711 28.125711 0.000000 5.000000 14.000000 4.000000 2.000000 1.000000 6.000000 10.000000 2.000000 7.000000 18.000000 6.000000 6.000000 
36.498747 34.991539 0.000000 15.000000 8.000000 6.000000 10.000000 5.000000 3.000000 3.000000 4.000000 7.000000 11.000000 5.000000 4.000000 
37.000000 40.000000 0.000000 16.000000 5.000000 3.000000 3.000000 1.000000 3.000000 1.000000 6.000000 7.000000 21.000000 7.000000 8.000000 
34.978016 52.313184 0.000000 6.000000 4.000000 7.000000 13.000000 9.000000 3.000000 2.000000 6.000000 9.000000 18.000000 3.000000 1.000000 
39.996313 60.157640 0.000000 22.000000 8.000000 14.000000 15.000000 5.000000 1.000000 1.000000 1.000000 1.000000 5.000000 5.000000 3.000000 
38.524334 66.776786 0.000000 14.000000 3.000000 6.000000 17.000000 5.000000 1.000000 2.000000 5.000000 4.000000 12.000000 5.000000 7.000000 
37.198830 74.741529 0.000000 17.000000 4.000000 9.000000 13.000000 6.000000 6.000000 7.000000 3.000000 1.000000 4.000000 6.000000 5.000000 
39.643133 82.443788 0.000000 11.000000 5.000000 7.000000 16.000000 5.000000 5.000000 4.000000 1.000000 3.000000 7.000000 6.000000 11.000000 
40.000000 95.347077 0.000000 12.000000 5.000000 5.000000 13.000000 5.000000 3.000000 2.000000 2.000000 2.000000 14.000000 9.000000 9.000000 
37.224313 99.335692 0.000000 14.000000 4.000000 8.000000 8.000000 4.000000 4.000000 3.000000 2.000000 5.000000 11.000000 7.000000 11.000000 
35.578402 108.527252 0.000000 9.000000 1.000000 5.000000 9.000000 9.000000 8.000000 6.000000 8.000000 1.000000 3.000000 8.000000 14.000000 
39.203093 118.909237 0.000000 14.000000 5.000000 4.000000 21.000000 7.000000 4.000000 5.000000 2.000000 1.000000 3.000000 4.000000 11.000000 
39.946626 124.051280 0.000000 11.000000 3.000000 3.000000 18.000000 5.000000 5.000000 7.000000 4.000000 5.000000 9.000000 3.000000 8.000000 
39.657526 128.844600 0.000000 3.000000 0.000000 3.000000 8.000000 7.000000 4.000000 6.000000 4.000000 10.000000 21.000000 8.000000 7.000000 
41.231010 138.119514 0.000000 11.000000 15.000000 7.000000 11.000000 2.000000 2.000000 3.000000 5.000000 6.000000 5.000000 6.000000 8.000000 
40.515514 145.968353 0.000000 17.000000 2.000000 6.000000 10.000000 6.000000 2.000000 5.000000 4.000000 5.000000 7.000000 9.000000 8.000000 
38.657346 157.567369 0.000000 3.000000 5.000000 8.000000 10.000000 4.000000 4.000000 4.000000 4.000000 6.000000 16.000000 10.000000 7.000000 
37.641927 163.721419 0.000000 16.000000 5.000000 3.000000 16.000000 5.000000 6.000000 5.000000 4.000000 3.000000 6.000000 6.000000 6.000000 
37.173650 168.584294 0.000000 10.000000 5.000000 6.000000 14.000000 3.000000 4.000000 13.000000 7.000000 5.000000 4.000000 5.000000 5.000000 
35.869604 174.506896 0.000000 2.000000 6.000000 5.000000 8.000000 1.000000 5.000000 16.000000 8.000000 5.000000 11.000000 8.000000 6.000000 
36.887171 188.991635 0.000000 8.000000 7.000000 2.000000 8.000000 6.000000 4.000000 6.000000 7.000000 6.000000 8.000000 6.000000 13.000000 
38.460910 199.586825 0.000000 3.000000 2.000000 4.000000 20.000000 4.000000 9.000000 6.000000 7.000000 7.000000 11.000000 7.000000 1.000000 
36.707208 205.554992 0.000000 6.000000 8.000000 10.000000 11.000000 5.000000 5.000000 8.000000 5.000000 3.000000 11.000000 6.000000 3.000000 
36.292926 214.970772 0.000000 4.000000 2.000000 5.000000 19.000000 8.000000 6.000000 2.000000 1.000000 3.000000 14.000000 10.000000 7.000000 
35.933863 219.073443 0.000000 9.000000 0.000000 6.000000 19.000000 2.000000 4.000000 5.000000 3.000000 4.000000 0.000000 6.000000 23.000000 
36.445415 228.486040 0.000000 2.000000 6.000000 2.000000 20.000000 7.000000 3.000000 2.000000 4.000000 5.000000 15.000000 10.000000 5.000000 
36.334041 237.030986 27.000000 2.000000 4.000000 4.000000 5.000000 2.000000 2.000000 2.000000 2.000000 3.000000 9.000000 6.000000 4.000000 
44.751502 5.689680 27.000000 11.000000 4.000000 2.000000 6.000000 7.000000 6.000000 5.000000 2.000000 0.000000 6.000000 3.000000 2.000000 
48.281403 13.734448 0.000000 14.000000 7.000000 6.000000 5.000000 7.000000 8.000000 4.000000 2.000000 4.000000 8.000000 5.000000 11.000000 
45.114234 18.600857 0.000000 21.000000 6.000000 4.000000 5.000000 5.000000 8.000000 6.000000 4.000000 6.000000 9.000000 2.000000 5.000000 
40.274836 24.533786 0.000000 27.000000 2.000000 12.000000 3.000000 4.000000 8.000000 1.000000 7.000000 3.000000 4.000000 6.000000 4.000000 
43.370969 34.677141 0.000000 12.000000 3.000000 6.000000 7.000000 3.000000 4.000000 6.000000 4.000000 2.000000 20.000000 6.000000 8.000000 
44.645988 42.123877 0.000000 16.000000 14.000000 6.000000 14.000000 3.000000 4.000000 2.000000 7.000000 3.000000 5.000000 4.000000 3.000000 
39.634972 51.365028 0.000000 5.000000 8.000000 7.000000 9.000000 6.000000 2.000000 0.000000 6.000000 9.000000 19.000000 6.000000 4.000000 
44.489399 61.163818 0.000000 19.000000 5.000000 12.000000 7.000000 4.000000 1.000000 3.000000 5.000000 4.000000 13.000000 6.000000 2.000000 
44.173650 67.520539 0.000000 14.000000 2.000000 4.000000 12.000000 6.000000 4.000000 6.000000 11.000000 7.000000 6.000000 6.000000 3.000000 
43.386044 74.646954 0.000000 21.000000 6.000000 9.000000 12.000000 5.000000 4.000000 2.000000 2.000000 1.000000 4.000000 7.000000 8.000000 
46.322413 83.972058 0.000000 14.000000 10.000000 7.000000 6.000000 1.000000 0.000000 1.000000 3.000000 7.000000 16.000000 3.000000 13.000000 
46.327512 93.771987 0.000000 7.000000 5.000000 6.000000 24.000000 6.000000 6.000000 3.000000 0.000000 3.000000 5.000000 9.000000 7.000000 
44.322413 100.378716 0.000000 11.000000 7.000000 6.000000 6.000000 2.000000 4.000000 8.000000 5.000000 4.000000 8.000000 13.000000 7.000000 
42.299496 111.358465 0.000000 24.000000 5.000000 3.000000 7.000000 7.000000 6.000000 0.000000 10.000000 4.000000 4.000000 6.000000 5.000000 
45.232657 119.483269 0.000000 20.000000 12.000000 5.000000 9.000000 2.000000 3.000000 4.000000 7.000000 4.000000 4.000000 6.000000 5.000000 
45.169963 126.586825 0.000000 5.000000 9.000000 4.000000 5.000000 3.000000 2.000000 2.000000 7.000000 5.000000 19.000000 11.000000 9.000000 
44.907170 133.000144 0.000000 11.000000 13.000000 4.000000 2.000000 3.000000 3.000000 2.000000 6.000000 6.000000 16.000000 9.000000 6.000000 
49.538007 143.377369 0.000000 14.000000 11.000000 7.000000 19.000000 9.000000 2.000000 1.000000 1.000000 0.000000 4.000000 6.000000 7.000000 
51.154305 149.832818 0.000000 17.000000 10.000000 5.000000 7.000000 4.000000 4.000000 0.000000 3.000000 5.000000 6.000000 8.000000 12.000000 
45.635118 161.959771 0.000000 8.000000 4.000000 8.000000 9.000000 4.000000 3.000000 2.000000 5.000000 7.000000 20.000000 3.000000 8.000000 
43.660055 166.333075 0.000000 13.000000 6.000000 2.000000 5.000000 6.000000 4.000000 2.000000 5.000000 11.000000 19.000000 3.000000 5.000000 
44.169866 169.714850 0.000000 16.000000 7.000000 3.000000 6.000000 8.000000 8.000000 12.000000 5.000000 1.000000 6.000000 2.000000 7.000000 
46.122978 176.471405 0.000000 12.000000 7.000000 5.000000 3.000000 7.000000 5.000000 16.000000 7.000000 4.000000 4.000000 2.000000 9.000000 
44.249350 186.429390 0.000000 13.000000 11.000000 0.000000 20.000000 4.000000 4.000000 3.000000 2.000000 3.000000 3.000000 7.000000 11.000000 
42.725009 197.475369 0.000000 3.000000 1.000000 1.000000 9.000000 6.000000 10.000000 5.000000 6.000000 8.000000 11.000000 13.000000 8.000000 
42.322413 204.260725 0.000000 7.000000 7.000000 6.000000 21.000000 5.000000 8.000000 4.000000 2.000000 4.000000 4.000000 7.000000 6.000000 
44.836509 212.072251 0.000000 4.000000 2.000000 5.000000 15.000000 6.000000 8.000000 14.000000 8.000000 4.000000 4.000000 6.000000 5.000000 
44.347824 218.992649 0.000000 4.000000 5.000000 3.000000 10.000000 8.000000 5.000000 5.000000 9.000000 7.000000 5.000000 8.000000 12.000000 
42.000000 228.689680 0.000000 3.000000 9.000000 6.000000 25.000000 4.000000 8.000000 3.000000 2.000000 3.000000 8.000000 4.000000 6.000000 
43.671383 237.036411 27.000000 10.000000 4.000000 3.000000 9.000000 3.000000 6.000000 3.000000 1.000000 1.000000 2.000000 1.000000 2.000000 
52.754730 5.754730 27.000000 1.000000 3.000000 5.000000 7.000000 8.000000 5.000000 8.000000 2.000000 5.000000 3.000000 4.000000 3.000000 
54.384253 11.990440 0.000000 24.000000 8.000000 7.000000 4.000000 6.000000 0.000000 1.000000 5.000000 7.000000 6.000000 5.000000 8.000000 
52.000000 16.948166 0.000000 22.000000 14.000000 4.000000 7.000000 4.000000 5.000000 4.000000 3.000000 4.000000 7.000000 4.000000 3.000000 
52.019489 26.892483 0.000000 17.000000 7.000000 8.000000 5.000000 3.000000 2.000000 4.000000 8.000000 4.000000 13.000000 6.000000 4.000000 
54.322413 39.010970 0.000000 7.000000 15.000000 12.000000 4.000000 3.000000 6.000000 7.000000 6.000000 5.000000 5.000000 6.000000 5.000000 
53.377582 46.689680 0.000000 15.000000 8.000000 6.000000 2.000000 2.000000 2.000000 5.000000 3.000000 7.000000 17.000000 6.000000 8.000000 
51.645518 54.388825 0.000000 14.000000 5.000000 4.000000 12.000000 6.000000 8.000000 8.000000 5.000000 3.000000 8.000000 3.000000 5.000000 
52.677587 63.005775 0.000000 21.000000 4.000000 7.000000 2.000000 2.000000 2.000000 5.000000 3.000000 3.000000 12.000000 8.000000 12.000000 
50.662221 71.348303 0.000000 17.000000 5.000000 10.000000 16.000000 8.000000 5.000000 0.000000 4.000000 0.000000 0.000000 4.000000 12.000000 
51.322413 79.687440 0.000000 6.000000 6.000000 4.000000 11.000000 4.000000 2.000000 1.000000 1.000000 3.000000 22.000000 10.000000 11.000000 
55.033768 85.413372 0.000000 14.000000 8.000000 2.000000 16.000000 5.000000 2.000000 0.000000 3.000000 4.000000 8.000000 7.000000 12.000000 
57.322413 91.687440 0.000000 20.000000 3.000000 4.000000 6.000000 3.000000 2.000000 8.000000 1.000000 1.000000 13.000000 9.000000 11.000000 
52.786472 101.723311 0.000000 12.000000 3.000000 3.000000 15.000000 3.000000 9.000000 5.000000 1.000000 5.000000 8.000000 9.000000 8.000000 
47.239799 110.298878 0.000000 19.000000 3.000000 3.000000 5.000000 2.000000 8.000000 3.000000 7.000000 5.000000 13.000000 5.000000 8.000000 
48.748613 116.824321 0.000000 27.000000 4.000000 2.000000 1.000000 3.000000 5.000000 5.000000 2.000000 5.000000 12.000000 8.000000 7.000000 
50.843615 126.291571 0.000000 8.000000 6.000000 2.000000 14.000000 5.000000 3.000000 5.000000 2.000000 2.000000 20.000000 7.000000 7.000000 
51.679143 134.687440 0.000000 9.000000 16.000000 7.000000 6.000000 4.000000 4.000000 3.000000 3.000000 5.000000 10.000000 9.000000 5.000000 
55.531804 141.677034 0.000000 19.000000 11.000000 5.000000 16.000000 5.000000 3.000000 1.000000 4.000000 3.000000 10.000000 2.000000 2.000000 
56.774742 149.114436 0.000000 19.000000 12.000000 8.000000 7.000000 3.000000 1.000000 2.000000 2.000000 4.000000 6.000000 8.000000 9.000000 
53.686004 157.980383 0.000000 16.000000 7.000000 8.000000 9.000000 5.000000 2.000000 2.000000 3.000000 6.000000 7.000000 6.000000 10.000000 
50.689123 163.378803 0.000000 8.000000 4.000000 5.000000 16.000000 7.000000 3.000000 2.000000 2.000000 5.000000 16.000000 7.000000 6.000000 
50.342546 173.013391 0.000000 10.000000 11.000000 3.000000 6.000000 3.000000 5.000000 14.000000 3.000000 3.000000 14.000000 3.000000 6.000000 
50.939062 181.054168 0.000000 11.000000 4.000000 7.000000 9.000000 6.000000 6.000000 6.000000 6.000000 3.000000 9.000000 7.000000 7.000000 
52.558857 189.782776 0.000000 16.000000 6.000000 7.000000 7.000000 1.000000 4.000000 3.000000 13.000000 8.000000 5.000000 3.000000 8.000000 
53.174274 195.951852 0.000000 8.000000 7.000000 16.000000 15.000000 4.000000 2.000000 2.000000 6.000000 4.000000 5.000000 5.000000 7.000000 
53.554009 204.636272 0.000000 16.000000 7.000000 3.000000 9.000000 3.000000 4.000000 1.000000 6.000000 3.000000 13.000000 8.000000 8.000000 
54.870248 216.235276 0.000000 1.000000 3.000000 4.000000 7.000000 7.000000 7.000000 19.000000 6.000000 1.000000 17.000000 5.000000 4.000000 
52.843594 221.533274 0.000000 6.000000 5.000000 7.000000 5.000000 5.000000 10.000000 7.000000 4.000000 1.000000 13.000000 9.000000 9.000000 
51.345189 229.034869 0.000000 12.000000 6.000000 1.000000 5.000000 4.000000 4.000000 5.000000 5.000000 6.000000 13.000000 11.000000 9.000000 
52.000000 237.002427 27.000000 6.000000 5.000000 9.000000 8.000000 2.000000 3.000000 5.000000 0.000000 1.000000 3.000000 0.000000 3.000000 
60.000000 5.324652 39.000000 2.000000 1.000000 4.000000 6.000000 3.000000 1.000000 5.000000 3.000000 4.000000 6.000000 2.000000 5.000000 
60.522037 13.846689 18.000000 21.000000 2.000000 6.000000 7.000000 4.000000 3.000000 5.000000 0.000000 6.000000 4.000000 3.000000 2.000000 
60.065176 20.632778 18.000000 11.000000 12.000000 5.000000 6.000000 3.000000 3.000000 4.000000 4.000000 5.000000 3.000000 6.000000 1.000000 
60.000000 29.324652 18.000000 11.000000 6.000000 6.000000 8.000000 3.000000 2.000000 3.000000 5.000000 2.000000 6.000000 9.000000 2.000000 
60.885420 37.751254 18.000000 9.000000 11.000000 11.000000 5.000000 1.000000 2.000000 3.000000 4.000000 1.000000 7.000000 4.000000 5.000000 
60.000000 45.734700 18.000000 8.000000 5.000000 11.000000 4.000000 3.000000 1.000000 4.000000 1.000000 5.000000 12.000000 2.000000 7.000000 
60.000000 53.324652 18.000000 14.000000 3.000000 3.000000 6.000000 4.000000 6.000000 5.000000 2.000000 4.000000 6.000000 3.000000 7.000000 
60.000000 61.718805 18.000000 10.000000 7.000000 6.000000 9.000000 4.000000 1.000000 4.000000 2.000000 4.000000 7.000000 3.000000 6.000000 
60.000000 69.645155 18.000000 9.000000 6.000000 2.000000 3.000000 3.000000 5.000000 6.000000 9.000000 7.000000 8.000000 3.000000 2.000000 
59.671339 78.030619 18.000000 6.000000 4.000000 7.000000 9.000000 5.000000 10.000000 6.000000 3.000000 4.000000 4.000000 1.000000 4.000000 
60.000000 85.324652 18.000000 13.000000 5.000000 7.000000 6.000000 5.000000 3.000000 1.000000 5.000000 1.000000 3.000000 3.000000 11.000000 
62.120902 92.846878 18.000000 20.000000 6.000000 2.000000 2.000000 2.000000 1.000000 7.000000 2.000000 1.000000 3.000000 9.000000 8.000000 
60.000000 101.324652 18.000000 8.000000 4.000000 2.000000 8.000000 3.000000 7.000000 13.000000 3.000000 2.000000 1.000000 5.000000 7.000000 
59.274917 109.833739 18.000000 12.000000 3.000000 4.000000 4.000000 7.000000 4.000000 12.000000 4.000000 4.000000 1.000000 4.000000 4.000000 
59.727787 117.596866 18.000000 5.000000 3.000000 2.000000 3.000000 6.000000 9.000000 9.000000 7.000000 5.000000 8.000000 4.000000 2.000000 
60.000000 125.324652 18.000000 9.000000 4.000000 2.000000 7.000000 5.000000 11.000000 12.000000 4.000000 2.000000 3.000000 0.000000 4.000000 
59.666460 133.658192 18.000000 6.000000 7.000000 3.000000 10.000000 7.000000 1.000000 2.000000 7.000000 3.000000 3.000000 6.000000 8.000000 
60.491081 141.324652 18.000000 15.000000 7.000000 2.000000 3.000000 1.000000 3.000000 3.000000 4.000000 5.000000 11.000000 7.000000 2.000000 
61.041967 148.835046 18.000000 22.000000 9.000000 4.000000 5.000000 3.000000 2.000000 4.000000 3.000000 1.000000 2.000000 5.000000 3.000000 
60.000000 157.324652 18.000000 14.000000 6.000000 4.000000 3.000000 5.000000 4.000000 3.000000 7.000000 8.000000 6.000000 1.000000 2.000000 
60.000000 165.324652 18.000000 5.000000 3.000000 4.000000 10.000000 8.000000 10.000000 6.000000 2.000000 7.000000 6.000000 1.000000 1.000000 
59.701149 173.025801 18.000000 12.000000 4.000000 1.000000 4.000000 3.000000 8.000000 6.000000 5.000000 4.000000 5.000000 7.000000 4.000000 
59.357663 181.658192 18.000000 4.000000 4.000000 5.000000 7.000000 4.000000 2.000000 4.000000 5.000000 6.000000 11.000000 4.000000 7.000000 
60.000000 189.324652 18.000000 12.000000 6.000000 10.000000 6.000000 4.000000 6.000000 1.000000 2.000000 0.000000 4.000000 7.000000 5.000000 
60.000000 197.324652 18.000000 11.000000 3.000000 2.000000 3.000000 0.000000 3.000000 3.000000 5.000000 6.000000 11.000000 11.000000 5.000000 
60.000000 205.324652 18.000000 9.000000 2.000000 5.000000 13.000000 10.000000 4.000000 2.000000 2.000000 4.000000 6.000000 3.000000 3.000000 
60.985333 214.774057 18.000000 8.000000 3.000000 4.000000 4.000000 6.000000 3.000000 7.000000 7.000000 3.000000 8.000000 1.000000 9.000000 
59.591364 220.916017 18.000000 2.000000 7.000000 6.000000 4.000000 7.000000 9.000000 7.000000 1.000000 3.000000 15.000000 1.000000 1.000000 
60.000000 228.890526 18.000000 10.000000 7.000000 4.000000 4.000000 2.000000 7.000000 3.000000 1.000000 5.000000 10.000000 8.000000 2.000000 
60.000000 236.000000 35.000000 6.000000 5.000000 8.000000 5.000000 0.000000 0.000000 0.000000 0.000000 0.000000 0.000000 2.000000 2.000000 
