240
5.000000 5.689680 39.000000 8.000000 1.000000 1.000000 3.000000 3.000000 1.000000 0.000000 1.000000 1.000000 5.000000 0.000000 0.000000 
4.000000 13.689680 27.000000 12.000000 2.000000 3.000000 3.000000 1.000000 1.000000 1.000000 2.000000 2.000000 5.000000 0.000000 4.000000 
4.000000 20.959625 27.000000 6.000000 1.000000 3.000000 5.000000 2.000000 1.000000 0.000000 1.000000 2.000000 6.000000 7.000000 2.000000 
4.324652 29.324652 27.000000 5.000000 2.000000 3.000000 6.000000 2.000000 0.000000 1.000000 1.000000 0.000000 9.000000 1.000000 6.000000 
3.117591 36.911477 27.000000 7.000000 8.000000 3.000000 7.000000 1.000000 0.000000 0.000000 1.000000 0.000000 2.000000 3.000000 4.000000 
2.680158 45.387422 27.000000 13.000000 2.000000 5.000000 6.000000 3.000000 0.000000 1.000000 0.000000 0.000000 1.000000 5.000000 0.000000 
2.699710 52.503993 27.000000 12.000000 1.000000 10.000000 0.000000 2.000000 0.000000 0.000000 2.000000 2.000000 3.000000 4.000000 0.000000 
2.206658 61.737828 27.000000 16.000000 1.000000 5.000000 2.000000 1.000000 0.000000 0.000000 0.000000 1.000000 3.000000 4.000000 3.000000 
4.322413 69.647065 27.000000 9.000000 4.000000 4.000000 2.000000 1.000000 0.000000 0.000000 1.000000 2.000000 4.000000 4.000000 5.000000 
3.022753 78.210109 27.000000 6.000000 7.000000 6.000000 0.000000 0.000000 1.000000 1.000000 3.000000 3.000000 4.000000 1.000000 4.000000 
3.586825 84.911477 27.000000 8.000000 6.000000 3.000000 3.000000 2.000000 0.000000 0.000000 1.000000 0.000000 3.000000 4.000000 6.000000 
4.322413 93.647065 27.000000 4.000000 1.000000 3.000000 11.000000 2.000000 1.000000 0.000000 1.000000 0.000000 1.000000 5.000000 7.000000 
4.322413 101.002240 27.000000 3.000000 5.000000 5.000000 9.000000 0.000000 0.000000 1.000000 1.000000 0.000000 3.000000 5.000000 4.000000 
3.137346 110.187307 27.000000 4.000000 2.000000 5.000000 2.000000 2.000000 0.000000 1.000000 0.000000 1.000000 2.000000 7.000000 10.000000 
3.117439 117.790352 27.000000 11.000000 0.000000 0.000000 4.000000 5.000000 2.000000 1.000000 2.000000 0.000000 4.000000 1.000000 6.000000 
4.000000 124.596833 27.000000 11.000000 4.000000 2.000000 3.000000 3.000000 0.000000 0.000000 4.000000 0.000000 3.000000 4.000000 2.000000 
2.723132 132.500104 27.000000 5.000000 2.000000 7.000000 4.000000 3.000000 1.000000 1.000000 0.000000 4.000000 4.000000 3.000000 2.000000 
4.000000 141.689680 27.000000 7.000000 7.000000 5.000000 0.000000 1.000000 1.000000 2.000000 1.000000 1.000000 4.000000 3.000000 4.000000 
2.877238 151.092239 27.000000 11.000000 3.000000 3.000000 3.000000 0.000000 0.000000 1.000000 2.000000 1.000000 3.000000 9.000000 0.000000 
3.106848 156.848362 27.000000 11.000000 4.000000 5.000000 0.000000 0.000000 1.000000 2.000000 4.000000 2.000000 3.000000 2.000000 2.000000 
4.632963 165.647065 27.000000 6.000000 3.000000 4.000000 3.000000 0.000000 1.000000 3.000000 5.000000 2.000000 4.000000 2.000000 3.000000 
3.586825 173.737828 27.000000 3.000000 6.000000 3.000000 12.000000 1.000000 0.000000 0.000000 2.000000 1.000000 5.000000 1.000000 2.000000 
3.956969 181.692336 27.000000 5.000000 2.000000 2.000000 8.000000 1.000000 1.000000 3.000000 2.000000 2.000000 6.000000 2.000000 2.000000 
4.000000 190.089231 27.000000 5.000000 2.000000 0.000000 8.000000 3.000000 1.000000 2.000000 3.000000 1.000000 3.000000 4.000000 4.000000 
3.586825 197.737828 27.000000 9.000000 6.000000 1.000000 11.000000 2.000000 0.000000 0.000000 1.000000 0.000000 1.000000 2.000000 3.000000 
4.324652 205.324652 27.000000 10.000000 4.000000 2.000000 0.000000 0.000000 0.000000 0.000000 0.000000 0.000000 11.000000 3.000000 6.000000 
4.619421 213.324652 27.000000 5.000000 7.000000 7.000000 6.000000 2.000000 1.000000 0.000000 1.000000 1.000000 0.000000 2.000000 4.000000 
3.583138 221.324652 27.000000 6.000000 8.000000 4.000000 1.000000 1.000000 2.000000 0.000000 3.000000 0.000000 4.000000 1.000000 6.000000 
3.948166 229.000000 27.000000 9.000000 3.000000 1.000000 1.000000 0.000000 0.000000 0.000000 0.000000 4.000000 12.000000 3.000000 3.000000 
5.000000 236.365028 36.000000 0.000000 1.000000 1.000000 9.000000 2.000000 2.000000 0.000000 0.000000 1.000000 2.000000 2.000000 0.000000 
12.000000 5.689680 27.000000 3.000000 4.000000 3.000000 2.000000 5.000000 4.000000 6.000000 8.000000 8.000000 5.000000 3.000000 3.000000 
12.322413 11.937458 0.000000 9.000000 10.000000 6.000000 4.000000 3.000000 5.000000 8.000000 4.000000 2.000000 6.000000 10.000000 14.000000 
13.285742 18.688694 0.000000 6.000000 6.000000 8.000000 8.000000 5.000000 10.000000 3.000000 5.000000 4.000000 10.000000 10.000000 6.000000 
12.217589 27.951852 0.000000 10.000000 5.000000 8.000000 6.000000 5.000000 8.000000 4.000000 6.000000 6.000000 9.000000 5.000000 9.000000 
9.411119 35.262435 0.000000 23.000000 9.000000 6.000000 8.000000 3.000000 3.000000 4.000000 5.000000 1.000000 2.000000 7.000000 10.000000 
8.001799 42.980447 0.000000 31.000000 1.000000 11.000000 8.000000 5.000000 3.000000 4.000000 2.000000 4.000000 5.000000 4.000000 3.000000 
8.366124 50.449004 9.000000 24.000000 5.000000 12.000000 4.000000 3.000000 3.000000 1.000000 3.000000 1.000000 8.000000 7.000000 1.000000 
8.322413 60.957385 0.000000 21.000000 3.000000 8.000000 5.000000 4.000000 3.000000 5.000000 4.000000 5.000000 6.000000 5.000000 12.000000 
11.745731 70.420320 0.000000 7.000000 8.000000 5.000000 9.000000 8.000000 4.000000 5.000000 3.000000 3.000000 10.000000 9.000000 10.000000 
8.766985 77.586825 0.000000 12.000000 22.000000 6.000000 3.000000 2.000000 3.000000 3.000000 2.000000 5.000000 8.000000 10.000000 5.000000 
10.729429 83.476096 0.000000 16.000000 11.000000 2.000000 9.000000 9.000000 3.000000 8.000000 0.000000 2.000000 3.000000 12.000000 6.000000 
12.426830 93.573170 0.000000 20.000000 2.000000 7.000000 6.000000 6.000000 3.000000 2.000000 6.000000 2.000000 6.000000 7.000000 14.000000 
10.465216 98.142817 0.000000 13.000000 7.000000 6.000000 13.000000 6.000000 5.000000 4.000000 6.000000 4.000000 7.000000 5.000000 5.000000 
8.857469 110.064158 0.000000 20.000000 10.000000 7.000000 3.000000 4.000000 3.000000 11.000000 2.000000 3.000000 7.000000 4.000000 7.000000 
9.141955 114.618463 0.000000 24.000000 7.000000 7.000000 7.000000 3.000000 8.000000 7.000000 1.000000 4.000000 8.000000 2.000000 3.000000 
9.386222 120.083031 0.000000 20.000000 11.000000 12.000000 4.000000 2.000000 4.000000 0.000000 5.000000 4.000000 5.000000 4.000000 10.000000 
9.322413 130.919464 0.000000 24.000000 2.000000 10.000000 7.000000 2.000000 5.000000 4.000000 4.000000 6.000000 7.000000 6.000000 4.000000 
11.138047 142.063224 0.000000 15.000000 9.000000 6.000000 3.000000 3.000000 4.000000 6.000000 4.000000 3.000000 14.000000 10.000000 4.000000 
8.327939 149.985168 0.000000 20.000000 6.000000 4.000000 5.000000 4.000000 4.000000 3.000000 4.000000 4.000000 6.000000 16.000000 5.000000 
8.922623 156.620199 0.000000 27.000000 3.000000 3.000000 9.000000 4.000000 5.000000 8.000000 7.000000 4.000000 4.000000 4.000000 3.000000 
13.407042 165.416895 0.000000 7.000000 8.000000 8.000000 14.000000 4.000000 4.000000 4.000000 9.000000 9.000000 10.000000 2.000000 2.000000 
11.029386 172.570955 0.000000 9.000000 7.000000 7.000000 9.000000 2.000000 4.000000 6.000000 2.000000 5.000000 21.000000 6.000000 3.000000 
13.636386 182.885033 0.000000 14.000000 3.000000 8.000000 22.000000 6.000000 5.000000 5.000000 2.000000 3.000000 5.000000 6.000000 2.000000 
11.561770 191.032946 0.000000 21.000000 3.000000 7.000000 6.000000 6.000000 5.000000 2.000000 5.000000 4.000000 5.000000 1.000000 16.000000 
11.953184 197.152497 0.000000 18.000000 6.000000 9.000000 13.000000 9.000000 7.000000 4.000000 5.000000 3.000000 2.000000 4.000000 1.000000 
13.227794 203.132809 0.000000 19.000000 4.000000 5.000000 0.000000 3.000000 5.000000 8.000000 2.000000 8.000000 15.000000 5.000000 7.000000 
13.957385 211.677587 0.000000 14.000000 15.000000 11.000000 4.000000 4.000000 2.000000 5.000000 2.000000 6.000000 7.000000 5.000000 6.000000 
11.290593 220.000000 0.000000 16.000000 4.000000 6.000000 3.000000 2.000000 4.000000 5.000000 10.000000 11.000000 9.000000 5.000000 6.000000 
10.203178 228.324652 0.000000 16.000000 14.000000 4.000000 2.000000 1.000000 5.000000 1.000000 5.000000 10.000000 9.000000 6.000000 8.000000 
12.000000 237.365028 27.000000 1.000000 6.000000 3.000000 2.000000 3.000000 7.000000 2.000000 1.000000 10.000000 7.000000 1.000000 2.000000 
20.413175 4.393783 27.000000 12.000000 3.000000 1.000000 7.000000 5.000000 4.000000 8.000000 1.000000 2.000000 9.000000 1.000000 1.000000 
20.959306 8.168386 0.000000 13.000000 10.000000 4.000000 14.000000 5.000000 2.000000 10.000000 4.000000 2.000000 7.000000 1.000000 9.000000 
23.000000 19.689680 0.000000 9.000000 9.000000 9.000000 7.000000 9.000000 1.000000 2.000000 2.000000 2.000000 8.000000 10.000000 13.000000 
21.297948 29.405819 0.000000 12.000000 13.000000 14.000000 7.000000 3.000000 9.000000 3.000000 5.000000 4.000000 5.000000 3.000000 3.000000 
22.588055 36.224610 0.000000 9.000000 4.000000 5.000000 7.000000 2.000000 6.000000 2.000000 6.000000 11.000000 12.000000 9.000000 8.000000 
23.335639 43.777044 0.000000 11.000000 4.000000 13.000000 15.000000 6.000000 5.000000 1.000000 4.000000 6.000000 9.000000 3.000000 4.000000 
21.438616 50.353513 0.000000 8.000000 8.000000 7.000000 13.000000 7.000000 5.000000 2.000000 3.000000 3.000000 7.000000 6.000000 12.000000 
20.126273 59.264452 0.000000 16.000000 6.000000 10.000000 7.000000 2.000000 5.000000 3.000000 4.000000 0.000000 9.000000 10.000000 9.000000 
20.202137 70.696674 0.000000 9.000000 9.000000 9.000000 9.000000 6.000000 4.000000 3.000000 6.000000 5.000000 2.000000 5.000000 14.000000 
18.882397 76.774307 0.000000 15.000000 11.000000 7.000000 6.000000 4.000000 7.000000 4.000000 3.000000 5.000000 4.000000 5.000000 10.000000 
20.021705 83.214868 0.000000 11.000000 8.000000 9.000000 9.000000 8.000000 4.000000 4.000000 7.000000 6.000000 7.000000 4.000000 4.000000 
16.394406 92.929925 0.000000 20.000000 10.000000 4.000000 5.000000 9.000000 3.000000 1.000000 6.000000 5.000000 4.000000 4.000000 10.000000 
15.194549 96.968645 0.000000 20.000000 10.000000 7.000000 7.000000 5.000000 3.000000 0.000000 4.000000 4.000000 5.000000 7.000000 9.000000 
16.392107 104.182064 0.000000 14.000000 5.000000 5.000000 7.000000 5.000000 6.000000 7.000000 2.000000 8.000000 12.000000 5.000000 5.000000 
16.172334 109.838794 0.000000 14.000000 11.000000 8.000000 4.000000 3.000000 5.000000 11.000000 2.000000 7.000000 7.000000 4.000000 5.000000 
16.675595 121.353793 0.000000 25.000000 6.000000 5.000000 9.000000 5.000000 2.000000 3.000000 2.000000 5.000000 11.000000 3.000000 5.000000 
19.645580 134.416061 0.000000 14.000000 8.000000 11.000000 7.000000 4.000000 3.000000 3.000000 2.000000 6.000000 5.000000 9.000000 9.000000 
20.119285 138.164965 0.000000 7.000000 5.000000 7.000000 10.000000 8.000000 4.000000 9.000000 3.000000 5.000000 10.000000 5.000000 8.000000 
17.364763 144.687440 0.000000 4.000000 7.000000 5.000000 8.000000 6.000000 4.000000 4.000000 3.000000 4.000000 16.000000 5.000000 15.000000 
17.660411 156.144325 0.000000 9.000000 1.000000 2.000000 5.000000 3.000000 4.000000 12.000000 4.000000 1.000000 17.000000 10.000000 13.000000 
19.700739 164.417427 0.000000 6.000000 7.000000 10.000000 11.000000 0.000000 2.000000 19.000000 8.000000 2.000000 12.000000 2.000000 2.000000 
20.101187 170.496583 0.000000 1.000000 3.000000 11.000000 27.000000 8.000000 3.000000 5.000000 4.000000 1.000000 8.000000 9.000000 1.000000 
25.707280 185.614030 0.000000 12.000000 3.000000 5.000000 24.000000 4.000000 9.000000 5.000000 5.000000 3.000000 4.000000 4.000000 3.000000 
23.014968 190.251159 0.000000 24.000000 7.000000 4.000000 4.000000 5.000000 5.000000 4.000000 3.000000 3.000000 4.000000 7.000000 11.000000 
22.199857 193.983102 0.000000 17.000000 14.000000 5.000000 9.000000 4.000000 2.000000 8.000000 5.000000 0.000000 1.000000 8.000000 8.000000 
17.818081 200.108113 0.000000 4.000000 5.000000 6.000000 4.000000 3.000000 3.000000 7.000000 8.000000 4.000000 26.000000 10.000000 1.000000 
22.207892 211.462747 0.000000 10.000000 14.000000 10.000000 5.000000 8.000000 5.000000 8.000000 1.000000 3.000000 8.000000 6.000000 3.000000 
19.894758 219.198726 0.000000 9.000000 7.000000 3.000000 5.000000 6.000000 5.000000 4.000000 5.000000 8.000000 17.000000 4.000000 8.000000 
18.324652 228.324652 0.000000 14.000000 10.000000 6.000000 7.000000 3.000000 5.000000 3.000000 4.000000 6.000000 10.000000 8.000000 5.000000 
19.683138 237.365028 27.000000 0.000000 0.000000 5.000000 6.000000 4.000000 3.000000 3.000000 3.000000 4.000000 13.000000 2.000000 2.000000 
27.074329 3.884545 27.000000 9.000000 5.000000 6.000000 2.000000 3.000000 0.000000 5.000000 6.000000 3.000000 7.000000 6.000000 2.000000 
25.586825 8.911477 0.000000 15.000000 4.000000 4.000000 11.000000 7.000000 4.000000 6.000000 5.000000 1.000000 10.000000 8.000000 6.000000 
29.029050 20.776705 0.000000 14.000000 9.000000 7.000000 7.000000 6.000000 3.000000 3.000000 2.000000 6.000000 7.000000 3.000000 14.000000 
28.324652 28.583138 0.000000 8.000000 7.000000 5.000000 4.000000 6.000000 7.000000 3.000000 7.000000 6.000000 12.000000 6.000000 10.000000 
28.744712 37.284032 0.000000 12.000000 9.000000 8.000000 4.000000 4.000000 3.000000 3.000000 4.000000 6.000000 12.000000 7.000000 9.000000 
29.673095 44.674204 0.000000 14.000000 6.000000 5.000000 7.000000 8.000000 4.000000 1.000000 5.000000 6.000000 8.000000 8.000000 9.000000 
27.867787 50.557411 0.000000 4.000000 7.000000 5.000000 7.000000 6.000000 10.000000 4.000000 1.000000 3.000000 16.000000 11.000000 7.000000 
29.322413 61.289157 0.000000 12.000000 9.000000 8.000000 4.000000 5.000000 6.000000 8.000000 2.000000 1.000000 8.000000 6.000000 12.000000 
29.671246 71.003402 0.000000 21.000000 8.000000 7.000000 8.000000 3.000000 1.000000 5.000000 3.000000 1.000000 8.000000 6.000000 10.000000 
30.587895 79.360271 0.000000 10.000000 6.000000 14.000000 4.000000 6.000000 5.000000 7.000000 4.000000 3.000000 5.000000 7.000000 10.000000 
28.351512 84.398993 0.000000 15.000000 8.000000 8.000000 5.000000 6.000000 8.000000 2.000000 5.000000 5.000000 8.000000 5.000000 6.000000 
28.764925 94.244668 0.000000 9.000000 7.000000 9.000000 11.000000 7.000000 7.000000 3.000000 4.000000 6.000000 7.000000 7.000000 4.000000 
25.117828 99.767689 0.000000 7.000000 10.000000 5.000000 7.000000 7.000000 5.000000 3.000000 3.000000 5.000000 18.000000 8.000000 3.000000 
26.149306 105.366670 0.000000 11.000000 2.000000 9.000000 10.000000 5.000000 5.000000 5.000000 4.000000 5.000000 16.000000 4.000000 5.000000 
28.864797 114.646948 0.000000 9.000000 8.000000 11.000000 1.000000 3.000000 9.000000 6.000000 8.000000 4.000000 7.000000 9.000000 6.000000 
29.275766 125.846472 0.000000 11.000000 5.000000 9.000000 8.000000 1.000000 6.000000 4.000000 6.000000 6.000000 9.000000 7.000000 9.000000 
26.303399 133.510202 0.000000 9.000000 20.000000 11.000000 2.000000 0.000000 3.000000 4.000000 3.000000 8.000000 8.000000 10.000000 3.000000 
26.464548 137.877463 0.000000 3.000000 16.000000 8.000000 5.000000 3.000000 2.000000 5.000000 3.000000 8.000000 16.000000 7.000000 5.000000 
27.044888 147.487096 0.000000 20.000000 14.000000 9.000000 18.000000 3.000000 1.000000 3.000000 1.000000 1.000000 2.000000 5.000000 4.000000 
28.050069 155.647065 0.000000 12.000000 11.000000 10.000000 10.000000 7.000000 2.000000 2.000000 5.000000 2.000000 11.000000 7.000000 2.000000 
27.586825 164.169963 0.000000 3.000000 6.000000 7.000000 24.000000 3.000000 7.000000 7.000000 5.000000 3.000000 8.000000 6.000000 2.000000 
27.264412 170.804350 0.000000 5.000000 4.000000 8.000000 2.000000 4.000000 6.000000 7.000000 4.000000 7.000000 13.000000 12.000000 9.000000 
29.254802 182.200731 0.000000 9.000000 6.000000 9.000000 22.000000 1.000000 4.000000 1.000000 3.000000 2.000000 7.000000 9.000000 8.000000 
27.699320 185.521966 0.000000 16.000000 9.000000 4.000000 25.000000 5.000000 4.000000 1.000000 3.000000 3.000000 4.000000 5.000000 2.000000 
25.392730 192.554665 0.000000 30.000000 7.000000 7.000000 9.000000 3.000000 4.000000 4.000000 3.000000 2.000000 2.000000 10.000000 0.000000 
24.749499 200.554854 0.000000 7.000000 7.000000 2.000000 4.000000 4.000000 1.000000 4.000000 11.000000 7.000000 24.000000 10.000000 0.000000 
28.285359 213.060462 0.000000 9.000000 10.000000 10.000000 6.000000 4.000000 4.000000 2.000000 4.000000 10.000000 22.000000 0.000000 0.000000 
28.171138 218.092989 0.000000 5.000000 3.000000 8.000000 3.000000 4.000000 5.000000 3.000000 6.000000 12.000000 24.000000 3.000000 5.000000 
29.580619 228.723042 0.000000 9.000000 13.000000 10.000000 9.000000 1.000000 5.000000 1.000000 4.000000 6.000000 5.000000 8.000000 10.000000 
28.000000 237.365028 27.000000 2.000000 1.000000 0.000000 2.000000 1.000000 3.000000 5.000000 7.000000 7.000000 8.000000 3.000000 6.000000 
35.586825 4.951852 27.000000 11.000000 7.000000 6.000000 2.000000 6.000000 1.000000 1.000000 3.000000 2.000000 1.000000 7.000000 7.000000 
34.907004 9.983974 0.000000 11.000000 13.000000 18.000000 9.000000 3.000000 2.000000 3.000000 5.000000 2.000000 0.000000 7.000000 8.000000 
37.365028 21.365028 0.000000 9.000000 11.000000 5.000000 4.000000 4.000000 2.000000 6.000000 4.000000 5.000000 9.000000 11.000000 11.000000 
36.264412 28.665620 0.000000 9.000000 6.000000 3.000000 7.000000 4.000000 6.000000 3.000000 5.000000 9.000000 12.000000 8.000000 9.000000 
35.146419 40.415191 0.000000 15.000000 10.000000 9.000000 20.000000 6.000000 3.000000 2.000000 1.000000 0.000000 3.000000 3.000000 9.000000 
35.122436 45.448193 0.000000 11.000000 7.000000 9.000000 14.000000 6.000000 4.000000 3.000000 2.000000 0.000000 5.000000 10.000000 10.000000 
35.892029 51.914808 0.000000 9.000000 5.000000 6.000000 6.000000 12.000000 8.000000 7.000000 3.000000 5.000000 10.000000 4.000000 6.000000 
37.735588 61.909237 0.000000 17.000000 10.000000 10.000000 3.000000 5.000000 4.000000 6.000000 5.000000 1.000000 1.000000 8.000000 11.000000 
37.067484 69.075222 0.000000 17.000000 7.000000 9.000000 9.000000 8.000000 7.000000 5.000000 5.000000 1.000000 3.000000 7.000000 3.000000 
35.271818 79.031590 0.000000 21.000000 6.000000 4.000000 4.000000 4.000000 6.000000 7.000000 9.000000 2.000000 6.000000 1.000000 11.000000 
32.411846 83.711385 0.000000 16.000000 5.000000 7.000000 1.000000 4.000000 6.000000 7.000000 4.000000 2.000000 9.000000 7.000000 13.000000 
36.560982 95.171168 0.000000 14.000000 10.000000 3.000000 6.000000 6.000000 7.000000 4.000000 5.000000 4.000000 6.000000 6.000000 10.000000 
35.909237 102.145739 0.000000 15.000000 6.000000 7.000000 0.000000 4.000000 5.000000 3.000000 8.000000 5.000000 10.000000 7.000000 11.000000 
34.862461 109.130677 0.000000 16.000000 7.000000 10.000000 12.000000 4.000000 6.000000 10.000000 4.000000 4.000000 0.000000 0.000000 8.000000 
32.972345 115.586825 0.000000 23.000000 6.000000 8.000000 10.000000 6.000000 2.000000 4.000000 2.000000 6.000000 6.000000 5.000000 3.000000 
34.401512 123.182637 0.000000 20.000000 0.000000 10.000000 7.000000 4.000000 2.000000 4.000000 7.000000 3.000000 4.000000 9.000000 11.000000 
33.624427 130.548723 0.000000 21.000000 11.000000 1.000000 13.000000 3.000000 3.000000 4.000000 6.000000 0.000000 4.000000 7.000000 8.000000 
32.360890 137.725918 0.000000 9.000000 17.000000 4.000000 2.000000 1.000000 2.000000 7.000000 8.000000 7.000000 14.000000 8.000000 2.000000 
34.696133 149.068719 0.000000 17.000000 13.000000 3.000000 3.000000 1.000000 4.000000 7.000000 4.000000 7.000000 13.000000 5.000000 4.000000 
35.716351 156.173650 0.000000 8.000000 4.000000 5.000000 3.000000 2.000000 8.000000 9.000000 9.000000 8.000000 13.000000 6.000000 6.000000 
34.586825 162.951852 0.000000 11.000000 3.000000 4.000000 11.000000 3.000000 6.000000 5.000000 13.000000 7.000000 14.000000 0.000000 4.000000 
35.938407 170.928554 0.000000 7.000000 6.000000 10.000000 19.000000 6.000000 3.000000 3.000000 2.000000 3.000000 8.000000 4.000000 10.000000 
38.687440 181.322413 0.000000 20.000000 4.000000 8.000000 6.000000 7.000000 3.000000 3.000000 4.000000 3.000000 8.000000 9.000000 6.000000 
37.074587 188.108734 0.000000 8.000000 9.000000 9.000000 6.000000 4.000000 5.000000 12.000000 9.000000 8.000000 3.000000 1.000000 7.000000 
34.494908 193.251725 0.000000 25.000000 16.000000 7.000000 8.000000 2.000000 6.000000 2.000000 0.000000 2.000000 4.000000 5.000000 4.000000 
35.021497 201.337375 0.000000 14.000000 6.000000 7.000000 13.000000 6.000000 6.000000 8.000000 2.000000 1.000000 3.000000 13.000000 2.000000 
35.453926 212.877849 0.000000 7.000000 6.000000 1.000000 4.000000 4.000000 3.000000 3.000000 8.000000 9.000000 27.000000 5.000000 4.000000 
40.282233 220.971473 0.000000 13.000000 22.000000 6.000000 8.000000 3.000000 2.000000 3.000000 7.000000 4.000000 4.000000 6.000000 3.000000 
39.993165 230.647065 0.000000 3.000000 1.000000 4.000000 11.000000 8.000000 7.000000 5.000000 8.000000 11.000000 20.000000 2.000000 1.000000 
37.180414 237.781504 27.000000 4.000000 3.000000 5.000000 6.000000 4.000000 4.000000 3.000000 2.000000 4.000000 3.000000 2.000000 5.000000 
44.094505 4.444172 27.000000 10.000000 10.000000 3.000000 2.000000 3.000000 5.000000 1.000000 7.000000 3.000000 3.000000 1.000000 6.000000 
45.059944 10.324652 0.000000 12.000000 8.000000 13.000000 10.000000 2.000000 5.000000 3.000000 6.000000 2.000000 5.000000 9.000000 6.000000 
44.197595 19.976055 0.000000 6.000000 4.000000 8.000000 5.000000 6.000000 4.000000 6.000000 7.000000 5.000000 5.000000 13.000000 12.000000 
44.357914 28.384566 0.000000 9.000000 8.000000 5.000000 11.000000 6.000000 7.000000 5.000000 4.000000 7.000000 4.000000 9.000000 6.000000 
46.324652 39.908176 0.000000 13.000000 5.000000 10.000000 2.000000 4.000000 3.000000 4.000000 6.000000 6.000000 5.000000 13.000000 10.000000 
44.666483 46.348017 0.000000 14.000000 8.000000 9.000000 6.000000 3.000000 5.000000 4.000000 7.000000 3.000000 1.000000 11.000000 10.000000 
46.644825 54.039921 0.000000 10.000000 7.000000 3.000000 2.000000 1.000000 11.000000 11.000000 6.000000 10.000000 4.000000 6.000000 10.000000 
45.683431 62.400812 0.000000 19.000000 10.000000 6.000000 2.000000 2.000000 5.000000 6.000000 6.000000 2.000000 3.000000 11.000000 9.000000 
46.363450 71.030399 0.000000 4.000000 3.000000 11.000000 5.000000 1.000000 5.000000 14.000000 7.000000 5.000000 10.000000 7.000000 9.000000 
46.226446 75.758122 0.000000 7.000000 5.000000 6.000000 11.000000 5.000000 6.000000 9.000000 6.000000 3.000000 7.000000 6.000000 10.000000 
43.000000 80.462078 0.000000 9.000000 8.000000 14.000000 15.000000 5.000000 5.000000 3.000000 0.000000 4.000000 5.000000 3.000000 10.000000 
43.264412 93.519616 0.000000 17.000000 9.000000 9.000000 3.000000 4.000000 6.000000 2.000000 2.000000 1.000000 4.000000 13.000000 11.000000 
42.276801 101.411905 0.000000 19.000000 8.000000 5.000000 12.000000 5.000000 3.000000 4.000000 3.000000 5.000000 4.000000 8.000000 5.000000 
39.940803 109.241003 0.000000 12.000000 11.000000 5.000000 11.000000 6.000000 2.000000 5.000000 6.000000 4.000000 2.000000 3.000000 14.000000 
39.083269 116.307952 0.000000 23.000000 4.000000 2.000000 7.000000 4.000000 5.000000 10.000000 4.000000 6.000000 4.000000 2.000000 10.000000 
39.219142 123.264412 0.000000 16.000000 2.000000 8.000000 6.000000 4.000000 0.000000 1.000000 7.000000 7.000000 11.000000 7.000000 12.000000 
40.714251 130.606107 0.000000 24.000000 10.000000 5.000000 3.000000 4.000000 6.000000 5.000000 7.000000 4.000000 3.000000 3.000000 7.000000 
41.745575 138.522970 0.000000 5.000000 5.000000 9.000000 5.000000 2.000000 4.000000 7.000000 11.000000 10.000000 11.000000 3.000000 9.000000 
42.721327 150.176521 0.000000 10.000000 7.000000 3.000000 13.000000 6.000000 4.000000 6.000000 4.000000 5.000000 9.000000 10.000000 4.000000 
42.980024 154.344629 0.000000 9.000000 6.000000 5.000000 15.000000 5.000000 6.000000 7.000000 2.000000 8.000000 6.000000 9.000000 3.000000 
44.434486 165.253752 0.000000 12.000000 5.000000 3.000000 7.000000 10.000000 3.000000 6.000000 6.000000 6.000000 5.000000 9.000000 9.000000 
45.644825 171.000000 0.000000 12.000000 1.000000 6.000000 6.000000 7.000000 6.000000 2.000000 4.000000 3.000000 17.000000 10.000000 7.000000 
46.079573 181.319713 0.000000 24.000000 4.000000 11.000000 3.000000 4.000000 4.000000 3.000000 4.000000 3.000000 8.000000 1.000000 12.000000 
49.640355 188.419396 0.000000 19.000000 4.000000 2.000000 6.000000 3.000000 2.000000 10.000000 8.000000 7.000000 5.000000 7.000000 8.000000 
48.971551 193.527871 0.000000 28.000000 13.000000 2.000000 12.000000 3.000000 3.000000 2.000000 2.000000 7.000000 6.000000 1.000000 2.000000 
44.950491 205.145247 0.000000 18.000000 11.000000 12.000000 6.000000 1.000000 3.000000 2.000000 3.000000 4.000000 5.000000 11.000000 5.000000 
44.042379 212.957385 0.000000 16.000000 10.000000 2.000000 6.000000 3.000000 1.000000 5.000000 7.000000 7.000000 13.000000 7.000000 4.000000 
45.978758 219.968281 0.000000 10.000000 27.000000 12.000000 5.000000 2.000000 3.000000 5.000000 4.000000 4.000000 5.000000 4.000000 0.000000 
46.396631 229.730886 0.000000 1.000000 5.000000 2.000000 3.000000 3.000000 5.000000 6.000000 5.000000 12.000000 26.000000 7.000000 6.000000 
44.359032 237.365028 27.000000 4.000000 6.000000 1.000000 9.000000 0.000000 3.000000 4.000000 2.000000 4.000000 3.000000 4.000000 5.000000 
53.599457 5.365028 27.000000 11.000000 9.000000 6.000000 3.000000 3.000000 2.000000 2.000000 3.000000 4.000000 5.000000 5.000000 1.000000 
56.413175 11.951852 0.000000 23.000000 2.000000 11.000000 1.000000 3.000000 5.000000 5.000000 3.000000 3.000000 7.000000 14.000000 4.000000 
54.950153 19.949012 0.000000 10.000000 9.000000 2.000000 8.000000 5.000000 4.000000 9.000000 8.000000 3.000000 5.000000 5.000000 13.000000 
55.365028 30.365028 0.000000 20.000000 15.000000 10.000000 4.000000 0.000000 3.000000 2.000000 4.000000 3.000000 7.000000 7.000000 6.000000 
53.892762 37.217801 0.000000 14.000000 11.000000 8.000000 11.000000 0.000000 3.000000 2.000000 7.000000 5.000000 8.000000 7.000000 5.000000 
51.322413 44.316304 0.000000 10.000000 8.000000 9.000000 15.000000 3.000000 3.000000 2.000000 2.000000 2.000000 11.000000 4.000000 12.000000 
53.000000 54.689680 0.000000 23.000000 4.000000 3.000000 10.000000 1.000000 4.000000 8.000000 5.000000 3.000000 4.000000 8.000000 8.000000 
52.711126 62.102717 0.000000 21.000000 11.000000 9.000000 8.000000 2.000000 5.000000 4.000000 5.000000 2.000000 0.000000 4.000000 10.000000 
54.884070 68.951852 0.000000 13.000000 5.000000 5.000000 11.000000 7.000000 5.000000 9.000000 5.000000 2.000000 6.000000 6.000000 7.000000 
54.000000 74.948166 0.000000 5.000000 0.000000 6.000000 17.000000 4.000000 2.000000 7.000000 6.000000 4.000000 8.000000 5.000000 17.000000 
51.938535 81.972112 0.000000 11.000000 9.000000 4.000000 10.000000 4.000000 5.000000 8.000000 8.000000 7.000000 4.000000 3.000000 8.000000 
51.413175 91.290227 0.000000 16.000000 7.000000 5.000000 1.000000 7.000000 9.000000 9.000000 3.000000 2.000000 4.000000 8.000000 10.000000 
53.638696 99.638696 0.000000 7.000000 3.000000 6.000000 6.000000 7.000000 9.000000 11.000000 5.000000 4.000000 8.000000 7.000000 8.000000 
54.742651 109.687440 0.000000 14.000000 9.000000 3.000000 5.000000 4.000000 7.000000 3.000000 6.000000 7.000000 9.000000 4.000000 10.000000 
55.261999 116.951852 0.000000 13.000000 9.000000 4.000000 13.000000 6.000000 7.000000 10.000000 1.000000 0.000000 5.000000 7.000000 6.000000 
53.917217 123.538200 0.000000 11.000000 6.000000 6.000000 13.000000 7.000000 6.000000 3.000000 3.000000 5.000000 10.000000 5.000000 6.000000 
52.752532 131.948166 0.000000 12.000000 8.000000 2.000000 8.000000 2.000000 3.000000 3.000000 10.000000 0.000000 13.000000 13.000000 7.000000 
52.322103 139.687131 0.000000 7.000000 7.000000 4.000000 8.000000 6.000000 6.000000 7.000000 6.000000 4.000000 9.000000 7.000000 10.000000 
56.085304 148.279724 0.000000 6.000000 9.000000 5.000000 8.000000 8.000000 2.000000 3.000000 3.000000 4.000000 14.000000 7.000000 12.000000 
56.253043 152.942723 0.000000 2.000000 9.000000 7.000000 15.000000 8.000000 2.000000 2.000000 4.000000 4.000000 17.000000 5.000000 6.000000 
53.883353 165.481674 0.000000 6.000000 6.000000 9.000000 10.000000 2.000000 2.000000 2.000000 5.000000 1.000000 17.000000 7.000000 14.000000 
53.096843 171.461871 0.000000 9.000000 8.000000 13.000000 5.000000 0.000000 7.000000 4.000000 3.000000 3.000000 5.000000 5.000000 19.000000 
51.000000 179.689680 0.000000 16.000000 6.000000 18.000000 0.000000 2.000000 1.000000 2.000000 4.000000 2.000000 10.000000 2.000000 18.000000 
53.061792 188.393998 0.000000 27.000000 3.000000 7.000000 4.000000 5.000000 3.000000 7.000000 5.000000 4.000000 3.000000 6.000000 7.000000 
53.622934 194.231529 0.000000 24.000000 6.000000 3.000000 10.000000 4.000000 3.000000 4.000000 6.000000 6.000000 8.000000 3.000000 4.000000 
52.057932 204.687140 0.000000 21.000000 18.000000 12.000000 9.000000 2.000000 2.000000 1.000000 1.000000 1.000000 1.000000 7.000000 6.000000 
51.613396 210.561561 0.000000 15.000000 17.000000 7.000000 2.000000 1.000000 1.000000 1.000000 9.000000 8.000000 14.000000 2.000000 4.000000 
50.328725 218.365028 0.000000 13.000000 26.000000 8.000000 4.000000 0.000000 2.000000 5.000000 3.000000 3.000000 5.000000 7.000000 5.000000 
49.725069 228.414749 0.000000 9.000000 8.000000 2.000000 1.000000 3.000000 2.000000 5.000000 6.000000 9.000000 25.000000 6.000000 5.000000 
51.671383 237.002427 27.000000 8.000000 12.000000 6.000000 4.000000 0.000000 3.000000 4.000000 2.000000 1.000000 1.000000 2.000000 2.000000 
60.000000 5.324652 39.000000 5.000000 3.000000 1.000000 2.000000 5.000000 10.000000 10.000000 2.000000 2.000000 1.000000 0.000000 1.000000 
61.554834 13.324652 18.000000 20.000000 2.000000 9.000000 1.000000 1.000000 4.000000 4.000000 4.000000 3.000000 2.000000 11.000000 2.000000 
60.000000 21.324652 18.000000 4.000000 6.000000 2.000000 3.000000 6.000000 4.000000 10.000000 6.000000 6.000000 6.000000 7.000000 3.000000 
61.013679 29.813221 18.000000 17.000000 6.000000 2.000000 0.000000 3.000000 7.000000 7.000000 4.000000 5.000000 4.000000 3.000000 5.000000 
60.000000 37.324652 18.000000 8.000000 5.000000 5.000000 5.000000 2.000000 3.000000 4.000000 7.000000 5.000000 7.000000 4.000000 8.000000 
60.000000 45.324652 18.000000 7.000000 6.000000 5.000000 8.000000 5.000000 0.000000 6.000000 5.000000 3.000000 11.000000 2.000000 5.000000 
60.000000 53.734700 18.000000 14.000000 4.000000 1.000000 4.000000 3.000000 8.000000 10.000000 3.000000 2.000000 2.000000 5.000000 7.000000 
60.000000 61.324652 18.000000 12.000000 3.000000 5.000000 2.000000 3.000000 3.000000 14.000000 3.000000 7.000000 3.000000 6.000000 2.000000 
60.496632 69.324652 18.000000 15.000000 3.000000 6.000000 4.000000 1.000000 7.000000 7.000000 3.000000 4.000000 3.000000 6.000000 4.000000 
60.446334 77.324652 18.000000 4.000000 6.000000 6.000000 10.000000 5.000000 3.000000 6.000000 2.000000 6.000000 1.000000 5.000000 9.000000 
60.000000 85.324652 18.000000 10.000000 7.000000 8.000000 5.000000 1.000000 1.000000 4.000000 3.000000 1.000000 11.000000 6.000000 6.000000 
60.000000 93.324652 18.000000 8.000000 5.000000 4.000000 4.000000 5.000000 6.000000 6.000000 4.000000 1.000000 6.000000 6.000000 8.000000 
60.000000 101.324652 18.000000 8.000000 5.000000 4.000000 2.000000 4.000000 5.000000 11.000000 4.000000 3.000000 8.000000 6.000000 3.000000 
60.491081 109.815734 18.000000 10.000000 5.000000 8.000000 6.000000 4.000000 6.000000 8.000000 5.000000 3.000000 4.000000 0.000000 4.000000 
61.025435 117.324652 18.000000 19.000000 9.000000 3.000000 7.000000 5.000000 2.000000 0.000000 1.000000 2.000000 4.000000 3.000000 8.000000 
60.000000 125.324652 18.000000 3.000000 8.000000 4.000000 4.000000 7.000000 6.000000 4.000000 3.000000 4.000000 13.000000 2.000000 5.000000 
60.000000 133.324652 18.000000 9.000000 7.000000 2.000000 9.000000 4.000000 4.000000 8.000000 1.000000 2.000000 6.000000 4.000000 7.000000 
60.000000 141.324652 18.000000 6.000000 5.000000 5.000000 3.000000 1.000000 5.000000 4.000000 4.000000 4.000000 11.000000 10.000000 5.000000 
60.495226 149.819879 18.000000 3.000000 2.000000 2.000000 5.000000 6.000000 6.000000 6.000000 3.000000 4.000000 12.000000 7.000000 7.000000 
61.379249 155.945404 18.000000 2.000000 6.000000 6.000000 19.000000 7.000000 5.000000 5.000000 1.000000 0.000000 3.000000 4.000000 5.000000 
60.453636 165.778289 18.000000 6.000000 2.000000 2.000000 11.000000 1.000000 1.000000 7.000000 8.000000 5.000000 7.000000 6.000000 7.000000 
60.000000 173.324652 18.000000 3.000000 2.000000 6.000000 9.000000 3.000000 8.000000 5.000000 3.000000 1.000000 4.000000 6.000000 13.000000 
60.000000 181.324652 18.000000 18.000000 3.000000 4.000000 3.000000 3.000000 4.000000 4.000000 4.000000 1.000000 2.000000 8.000000 9.000000 
60.000000 189.324652 18.000000 18.000000 3.000000 10.000000 6.000000 4.000000 2.000000 2.000000 1.000000 1.000000 4.000000 6.000000 6.000000 
60.000000 196.963674 18.000000 14.000000 1.000000 2.000000 3.000000 1.000000 4.000000 2.000000 3.000000 9.000000 8.000000 7.000000 9.000000 
60.000000 205.324652 18.000000 25.000000 5.000000 12.000000 3.000000 1.000000 1.000000 2.000000 2.000000 0.000000 3.000000 4.000000 5.000000 
60.000000 213.324652 18.000000 9.000000 7.000000 2.000000 6.000000 6.000000 3.000000 6.000000 2.000000 5.000000 6.000000 4.000000 7.000000 
59.717549 221.042201 18.000000 5.000000 17.000000 5.000000 5.000000 8.000000 3.000000 3.000000 2.000000 2.000000 5.000000 5.000000 3.000000 
59.714216 228.890526 18.000000 6.000000 8.000000 5.000000 0.000000 5.000000 1.000000 5.000000 2.000000 7.000000 11.000000 5.000000 8.000000 
60.000000 236.000000 35.000000 0.000000 1.000000 1.000000 2.000000 2.000000 3.000000 1.000000 2.000000 6.000000 7.000000 2.000000 1.000000 
