240
5.000000 5.689680 39.000000 5.000000 0.000000 0.000000 4.000000 2.000000 1.000000 3.000000 0.000000 0.000000 6.000000 0.000000 3.000000 
4.322413 12.685577 27.000000 9.000000 6.000000 2.000000 8.000000 0.000000 0.000000 1.000000 0.000000 1.000000 5.000000 2.000000 2.000000 
4.000000 20.959625 27.000000 1.000000 6.000000 3.000000 4.000000 0.000000 1.000000 3.000000 1.000000 0.000000 9.000000 4.000000 4.000000 
3.586825 29.737828 27.000000 4.000000 2.000000 6.000000 4.000000 2.000000 1.000000 0.000000 1.000000 0.000000 7.000000 5.000000 4.000000 
3.583138 37.324652 27.000000 6.000000 9.000000 2.000000 3.000000 1.000000 1.000000 0.000000 1.000000 1.000000 1.000000 4.000000 7.000000 
3.583138 45.324652 27.000000 6.000000 5.000000 6.000000 2.000000 0.000000 0.000000 2.000000 1.000000 1.000000 4.000000 5.000000 4.000000 
4.322413 53.002240 27.000000 0.000000 1.000000 8.000000 6.000000 1.000000 3.000000 3.000000 0.000000 0.000000 4.000000 6.000000 4.000000 
2.637776 62.184804 27.000000 10.000000 2.000000 5.000000 1.000000 0.000000 1.000000 0.000000 0.000000 1.000000 3.000000 4.000000 9.000000 
2.699660 69.737828 27.000000 8.000000 1.000000 7.000000 0.000000 0.000000 0.000000 1.000000 0.000000 1.000000 5.000000 5.000000 8.000000 
4.000000 77.689680 27.000000 8.000000 4.000000 7.000000 5.000000 1.000000 0.000000 0.000000 0.000000 1.000000 1.000000 0.000000 9.000000 
3.944198 85.002240 27.000000 9.000000 5.000000 2.000000 7.000000 0.000000 0.000000 0.000000 0.000000 0.000000 6.000000 2.000000 5.000000 
3.890893 92.911477 27.000000 4.000000 1.000000 4.000000 9.000000 0.000000 0.000000 3.000000 1.000000 3.000000 4.000000 3.000000 4.000000 
4.903129 101.002240 27.000000 8.000000 4.000000 5.000000 5.000000 2.000000 0.000000 1.000000 1.000000 2.000000 1.000000 3.000000 4.000000 
3.583138 109.324652 27.000000 2.000000 5.000000 5.000000 1.000000 1.000000 2.000000 1.000000 5.000000 1.000000 0.000000 2.000000 11.000000 
3.586825 116.911477 27.000000 8.000000 0.000000 2.000000 5.000000 1.000000 0.000000 2.000000 1.000000 2.000000 6.000000 2.000000 7.000000 
3.500976 124.925560 27.000000 15.000000 2.000000 1.000000 2.000000 2.000000 1.000000 1.000000 0.000000 3.000000 4.000000 2.000000 3.000000 
3.514950 132.073384 27.000000 5.000000 4.000000 5.000000 4.000000 0.000000 2.000000 0.000000 1.000000 2.000000 6.000000 5.000000 2.000000 
3.131841 140.456493 27.000000 5.000000 4.000000 4.000000 3.000000 1.000000 3.000000 1.000000 2.000000 2.000000 6.000000 4.000000 1.000000 
2.210393 148.968615 27.000000 12.000000 2.000000 3.000000 2.000000 3.000000 2.000000 2.000000 2.000000 0.000000 0.000000 7.000000 1.000000 
3.562788 156.959625 27.000000 8.000000 7.000000 1.000000 4.000000 0.000000 3.000000 2.000000 0.000000 0.000000 5.000000 4.000000 2.000000 
4.000000 165.689680 27.000000 10.000000 4.000000 2.000000 6.000000 1.000000 1.000000 1.000000 1.000000 1.000000 2.000000 4.000000 3.000000 
2.602471 172.456493 27.000000 6.000000 3.000000 4.000000 7.000000 1.000000 0.000000 0.000000 1.000000 1.000000 6.000000 0.000000 7.000000 
3.586825 180.911477 27.000000 2.000000 2.000000 2.000000 5.000000 6.000000 0.000000 1.000000 3.000000 1.000000 6.000000 3.000000 5.000000 
4.000000 189.689680 27.000000 6.000000 1.000000 3.000000 8.000000 3.000000 0.000000 0.000000 1.000000 1.000000 7.000000 2.000000 4.000000 
3.583138 197.324652 27.000000 9.000000 7.000000 2.000000 9.000000 2.000000 1.000000 0.000000 0.000000 0.000000 1.000000 1.000000 4.000000 
4.000000 204.959625 27.000000 4.000000 2.000000 3.000000 0.000000 1.000000 1.000000 0.000000 3.000000 2.000000 15.000000 1.000000 4.000000 
4.000000 212.274576 27.000000 5.000000 7.000000 5.000000 4.000000 1.000000 1.000000 1.000000 1.000000 2.000000 1.000000 1.000000 7.000000 
2.729247 220.497725 27.000000 9.000000 6.000000 5.000000 5.000000 2.000000 0.000000 2.000000 0.000000 0.000000 3.000000 3.000000 1.000000 
4.365028 229.365028 27.000000 7.000000 9.000000 1.000000 2.000000 0.000000 0.000000 0.000000 0.000000 1.000000 8.000000 5.000000 3.000000 
5.000000 236.365028 36.000000 1.000000 2.000000 0.000000 6.000000 0.000000 0.000000 1.000000 2.000000 1.000000 7.000000 0.000000 0.000000 
12.413175 4.418638 27.000000 3.000000 1.000000 4.000000 3.000000 5.000000 5.000000 7.000000 5.000000 4.000000 10.000000 4.000000 3.000000 
13.573138 10.521304 0.000000 10.000000 7.000000 5.000000 6.000000 3.000000 7.000000 10.000000 6.000000 3.000000 6.000000 7.000000 11.000000 
12.262646 19.086509 0.000000 12.000000 4.000000 5.000000 9.000000 7.000000 10.000000 5.000000 3.000000 6.000000 10.000000 6.000000 4.000000 
10.959625 29.000000 0.000000 15.000000 3.000000 4.000000 5.000000 6.000000 4.000000 3.000000 11.000000 8.000000 7.000000 8.000000 7.000000 
11.206737 36.571765 0.000000 23.000000 7.000000 1.000000 3.000000 4.000000 4.000000 10.000000 5.000000 4.000000 6.000000 5.000000 9.000000 
11.735588 43.264412 0.000000 22.000000 4.000000 7.000000 7.000000 4.000000 2.000000 4.000000 5.000000 9.000000 7.000000 8.000000 2.000000 
12.160868 52.320042 0.000000 9.000000 9.000000 14.000000 7.000000 2.000000 9.000000 5.000000 0.000000 4.000000 8.000000 9.000000 5.000000 
8.439572 62.497037 0.000000 22.000000 5.000000 13.000000 2.000000 3.000000 3.000000 3.000000 0.000000 2.000000 4.000000 12.000000 12.000000 
9.429895 69.913076 0.000000 18.000000 2.000000 14.000000 7.000000 4.000000 0.000000 3.000000 2.000000 5.000000 9.000000 10.000000 7.000000 
8.179724 76.674973 0.000000 29.000000 7.000000 4.000000 6.000000 4.000000 4.000000 5.000000 1.000000 9.000000 6.000000 2.000000 4.000000 
10.772059 81.443950 0.000000 20.000000 10.000000 5.000000 8.000000 8.000000 5.000000 9.000000 2.000000 6.000000 4.000000 2.000000 2.000000 
13.717271 90.264412 0.000000 9.000000 5.000000 6.000000 8.000000 2.000000 3.000000 9.000000 2.000000 4.000000 10.000000 12.000000 11.000000 
14.574446 98.586825 0.000000 10.000000 9.000000 5.000000 11.000000 8.000000 7.000000 5.000000 1.000000 9.000000 3.000000 7.000000 6.000000 
11.543476 107.264412 0.000000 11.000000 8.000000 5.000000 2.000000 8.000000 13.000000 0.000000 5.000000 3.000000 4.000000 8.000000 14.000000 
11.289294 115.133148 0.000000 23.000000 5.000000 7.000000 10.000000 5.000000 1.000000 4.000000 3.000000 7.000000 9.000000 1.000000 6.000000 
10.225879 121.642315 0.000000 21.000000 8.000000 4.000000 6.000000 6.000000 2.000000 1.000000 3.000000 5.000000 10.000000 5.000000 10.000000 
9.760474 128.586825 0.000000 25.000000 11.000000 7.000000 4.000000 5.000000 4.000000 2.000000 3.000000 2.000000 10.000000 5.000000 3.000000 
8.144740 137.187667 0.000000 11.000000 7.000000 5.000000 10.000000 5.000000 6.000000 1.000000 3.000000 9.000000 14.000000 5.000000 5.000000 
7.639632 146.948166 0.000000 18.000000 9.000000 5.000000 11.000000 5.000000 6.000000 2.000000 3.000000 5.000000 5.000000 9.000000 3.000000 
10.323568 155.005211 0.000000 22.000000 11.000000 1.000000 6.000000 2.000000 5.000000 3.000000 3.000000 4.000000 6.000000 11.000000 7.000000 
11.241069 164.948685 0.000000 8.000000 8.000000 4.000000 13.000000 2.000000 3.000000 4.000000 8.000000 3.000000 14.000000 9.000000 5.000000 
8.057363 170.909906 0.000000 23.000000 6.000000 5.000000 6.000000 2.000000 3.000000 3.000000 4.000000 3.000000 10.000000 7.000000 9.000000 
9.949985 179.017012 0.000000 4.000000 1.000000 5.000000 27.000000 7.000000 3.000000 0.000000 4.000000 4.000000 6.000000 13.000000 7.000000 
11.221797 188.586825 0.000000 11.000000 1.000000 8.000000 20.000000 5.000000 1.000000 4.000000 1.000000 4.000000 6.000000 9.000000 11.000000 
11.000000 195.218110 0.000000 25.000000 9.000000 5.000000 6.000000 2.000000 0.000000 4.000000 5.000000 4.000000 7.000000 6.000000 8.000000 
12.857327 201.185360 0.000000 11.000000 10.000000 8.000000 2.000000 3.000000 6.000000 5.000000 6.000000 6.000000 16.000000 5.000000 3.000000 
12.074519 209.137974 0.000000 9.000000 16.000000 9.000000 10.000000 6.000000 6.000000 4.000000 5.000000 4.000000 2.000000 4.000000 6.000000 
9.000000 217.620477 0.000000 22.000000 5.000000 10.000000 9.000000 3.000000 4.000000 6.000000 3.000000 3.000000 4.000000 7.000000 5.000000 
11.555436 229.463725 0.000000 17.000000 11.000000 9.000000 4.000000 4.000000 3.000000 6.000000 4.000000 5.000000 13.000000 2.000000 3.000000 
12.000000 237.365028 27.000000 2.000000 1.000000 2.000000 5.000000 2.000000 1.000000 8.000000 6.000000 4.000000 13.000000 0.000000 1.000000 
20.668560 6.358240 27.000000 3.000000 2.000000 3.000000 6.000000 5.000000 2.000000 10.000000 3.000000 6.000000 6.000000 3.000000 5.000000 
23.347356 14.598107 0.000000 19.000000 6.000000 8.000000 6.000000 5.000000 6.000000 3.000000 1.000000 5.000000 5.000000 10.000000 7.000000 
23.196184 20.506504 0.000000 11.000000 4.000000 11.000000 6.000000 4.000000 5.000000 3.000000 5.000000 6.000000 8.000000 8.000000 10.000000 
21.983234 29.114386 0.000000 12.000000 10.000000 9.000000 8.000000 5.000000 4.000000 2.000000 4.000000 7.000000 5.000000 7.000000 8.000000 
20.870651 37.586825 0.000000 3.000000 9.000000 6.000000 4.000000 8.000000 7.000000 3.000000 2.000000 11.000000 15.000000 3.000000 10.000000 
21.461647 44.411391 0.000000 2.000000 3.000000 11.000000 7.000000 6.000000 5.000000 4.000000 4.000000 8.000000 11.000000 7.000000 13.000000 
20.288198 54.749521 0.000000 15.000000 1.000000 8.000000 13.000000 3.000000 7.000000 4.000000 4.000000 4.000000 7.000000 6.000000 9.000000 
22.605598 62.716328 0.000000 13.000000 9.000000 8.000000 8.000000 8.000000 6.000000 1.000000 5.000000 6.000000 6.000000 9.000000 2.000000 
22.035191 70.021908 0.000000 10.000000 9.000000 7.000000 5.000000 6.000000 2.000000 5.000000 10.000000 7.000000 4.000000 6.000000 10.000000 
13.224145 75.397851 0.000000 30.000000 7.000000 5.000000 3.000000 4.000000 5.000000 3.000000 2.000000 6.000000 4.000000 4.000000 8.000000 
17.555318 80.586825 0.000000 23.000000 8.000000 6.000000 5.000000 5.000000 3.000000 2.000000 4.000000 3.000000 8.000000 5.000000 9.000000 
22.292188 91.809602 0.000000 7.000000 8.000000 6.000000 8.000000 8.000000 7.000000 3.000000 7.000000 7.000000 7.000000 7.000000 6.000000 
20.974315 98.951852 0.000000 16.000000 3.000000 3.000000 7.000000 3.000000 9.000000 6.000000 5.000000 10.000000 4.000000 6.000000 9.000000 
21.538527 106.797183 0.000000 9.000000 5.000000 7.000000 11.000000 4.000000 8.000000 7.000000 2.000000 7.000000 8.000000 4.000000 9.000000 
22.267359 117.367613 0.000000 5.000000 4.000000 8.000000 6.000000 12.000000 5.000000 7.000000 3.000000 2.000000 17.000000 6.000000 6.000000 
19.391137 124.739594 0.000000 12.000000 6.000000 5.000000 7.000000 5.000000 4.000000 5.000000 4.000000 5.000000 14.000000 3.000000 11.000000 
19.094340 131.886116 0.000000 7.000000 8.000000 9.000000 9.000000 4.000000 3.000000 0.000000 7.000000 7.000000 4.000000 10.000000 13.000000 
18.322413 140.647065 0.000000 16.000000 2.000000 7.000000 10.000000 8.000000 4.000000 8.000000 6.000000 4.000000 4.000000 3.000000 9.000000 
19.220711 148.557807 0.000000 15.000000 4.000000 4.000000 8.000000 3.000000 5.000000 9.000000 5.000000 5.000000 9.000000 4.000000 10.000000 
20.896126 156.152481 0.000000 12.000000 7.000000 4.000000 11.000000 2.000000 7.000000 9.000000 2.000000 7.000000 6.000000 7.000000 7.000000 
23.016139 167.948509 0.000000 7.000000 3.000000 9.000000 24.000000 5.000000 2.000000 4.000000 3.000000 12.000000 7.000000 2.000000 3.000000 
18.221797 175.586825 0.000000 6.000000 5.000000 12.000000 20.000000 5.000000 3.000000 3.000000 4.000000 4.000000 6.000000 4.000000 9.000000 
17.150207 181.730060 0.000000 2.000000 0.000000 8.000000 26.000000 10.000000 4.000000 8.000000 5.000000 4.000000 10.000000 1.000000 3.000000 
19.559888 187.143026 0.000000 11.000000 2.000000 8.000000 10.000000 9.000000 4.000000 5.000000 3.000000 1.000000 1.000000 8.000000 19.000000 
21.694779 193.591660 0.000000 10.000000 5.000000 2.000000 12.000000 3.000000 5.000000 8.000000 5.000000 6.000000 13.000000 5.000000 7.000000 
24.496095 203.806536 0.000000 16.000000 5.000000 3.000000 4.000000 6.000000 3.000000 3.000000 7.000000 10.000000 16.000000 2.000000 6.000000 
26.322413 215.789425 0.000000 2.000000 1.000000 3.000000 2.000000 2.000000 3.000000 7.000000 10.000000 12.000000 32.000000 4.000000 3.000000 
20.802682 217.587764 0.000000 5.000000 3.000000 5.000000 5.000000 4.000000 5.000000 5.000000 3.000000 4.000000 20.000000 11.000000 11.000000 
18.702797 228.664799 0.000000 9.000000 9.000000 5.000000 10.000000 5.000000 5.000000 5.000000 3.000000 8.000000 13.000000 7.000000 2.000000 
20.000000 237.365028 27.000000 1.000000 0.000000 6.000000 5.000000 2.000000 4.000000 5.000000 4.000000 2.000000 6.000000 6.000000 4.000000 
28.895008 4.951852 27.000000 9.000000 1.000000 5.000000 4.000000 2.000000 3.000000 9.000000 4.000000 3.000000 5.000000 4.000000 5.000000 
30.332492 10.967465 0.000000 13.000000 1.000000 5.000000 8.000000 9.000000 8.000000 3.000000 4.000000 8.000000 6.000000 2.000000 14.000000 
30.040801 20.531629 0.000000 11.000000 10.000000 6.000000 7.000000 5.000000 3.000000 4.000000 9.000000 6.000000 5.000000 9.000000 6.000000 
27.133619 29.677587 0.000000 2.000000 2.000000 3.000000 8.000000 4.000000 16.000000 15.000000 1.000000 4.000000 12.000000 8.000000 6.000000 
25.310915 35.959625 0.000000 3.000000 7.000000 3.000000 4.000000 7.000000 5.000000 7.000000 4.000000 9.000000 16.000000 6.000000 10.000000 
26.620574 44.909237 0.000000 16.000000 5.000000 8.000000 5.000000 6.000000 4.000000 7.000000 3.000000 7.000000 5.000000 7.000000 8.000000 
27.826688 52.889355 0.000000 10.000000 4.000000 8.000000 10.000000 3.000000 4.000000 2.000000 2.000000 6.000000 15.000000 12.000000 5.000000 
30.013837 61.314148 0.000000 18.000000 5.000000 4.000000 7.000000 5.000000 4.000000 3.000000 3.000000 3.000000 12.000000 12.000000 5.000000 
31.884814 67.449001 0.000000 14.000000 10.000000 8.000000 11.000000 2.000000 2.000000 3.000000 1.000000 1.000000 15.000000 7.000000 7.000000 
29.604520 79.575003 0.000000 23.000000 11.000000 9.000000 4.000000 2.000000 2.000000 2.000000 4.000000 4.000000 7.000000 10.000000 3.000000 
29.791537 86.274267 0.000000 19.000000 10.000000 11.000000 2.000000 1.000000 1.000000 2.000000 3.000000 7.000000 7.000000 11.000000 7.000000 
31.920377 96.100430 0.000000 15.000000 4.000000 9.000000 5.000000 7.000000 5.000000 4.000000 4.000000 2.000000 4.000000 8.000000 14.000000 
30.721708 102.395528 0.000000 7.000000 10.000000 8.000000 7.000000 6.000000 6.000000 2.000000 1.000000 3.000000 14.000000 6.000000 11.000000 
29.983451 105.488983 0.000000 9.000000 9.000000 4.000000 9.000000 8.000000 8.000000 5.000000 2.000000 6.000000 11.000000 5.000000 5.000000 
29.364692 113.364692 0.000000 11.000000 10.000000 6.000000 4.000000 6.000000 4.000000 6.000000 3.000000 6.000000 12.000000 10.000000 3.000000 
30.583990 124.682615 0.000000 14.000000 9.000000 3.000000 14.000000 2.000000 5.000000 3.000000 1.000000 6.000000 7.000000 8.000000 9.000000 
30.909237 130.735588 0.000000 15.000000 14.000000 7.000000 15.000000 2.000000 3.000000 4.000000 1.000000 6.000000 4.000000 4.000000 6.000000 
29.252822 140.033386 0.000000 6.000000 8.000000 7.000000 4.000000 3.000000 2.000000 5.000000 11.000000 12.000000 16.000000 5.000000 2.000000 
29.322413 150.469443 0.000000 10.000000 7.000000 6.000000 11.000000 7.000000 6.000000 6.000000 7.000000 6.000000 6.000000 3.000000 6.000000 
29.735588 156.909237 0.000000 6.000000 2.000000 2.000000 3.000000 4.000000 12.000000 12.000000 9.000000 5.000000 13.000000 6.000000 7.000000 
29.385111 163.750139 0.000000 3.000000 6.000000 6.000000 18.000000 3.000000 6.000000 18.000000 8.000000 4.000000 4.000000 3.000000 2.000000 
26.398300 173.102958 0.000000 13.000000 5.000000 7.000000 9.000000 5.000000 2.000000 9.000000 11.000000 4.000000 2.000000 9.000000 5.000000 
25.407225 182.059976 0.000000 2.000000 2.000000 8.000000 25.000000 10.000000 6.000000 5.000000 1.000000 4.000000 6.000000 6.000000 6.000000 
30.240382 189.466836 0.000000 23.000000 9.000000 14.000000 4.000000 3.000000 3.000000 1.000000 2.000000 2.000000 4.000000 9.000000 7.000000 
29.968466 195.391829 0.000000 4.000000 3.000000 8.000000 11.000000 10.000000 10.000000 6.000000 9.000000 9.000000 10.000000 0.000000 1.000000 
29.404730 206.726951 0.000000 23.000000 17.000000 10.000000 5.000000 5.000000 3.000000 1.000000 5.000000 2.000000 3.000000 5.000000 2.000000 
30.404076 213.405163 0.000000 4.000000 1.000000 4.000000 4.000000 1.000000 0.000000 5.000000 8.000000 10.000000 33.000000 6.000000 5.000000 
25.715921 215.970230 0.000000 2.000000 1.000000 3.000000 2.000000 2.000000 3.000000 7.000000 10.000000 12.000000 32.000000 4.000000 3.000000 
25.328727 227.713892 0.000000 7.000000 9.000000 3.000000 18.000000 7.000000 5.000000 2.000000 4.000000 5.000000 9.000000 12.000000 0.000000 
27.401315 237.073527 27.000000 2.000000 1.000000 1.000000 1.000000 0.000000 2.000000 1.000000 4.000000 8.000000 12.000000 7.000000 6.000000 
35.586825 4.951852 27.000000 12.000000 5.000000 1.000000 4.000000 3.000000 3.000000 4.000000 4.000000 4.000000 3.000000 2.000000 9.000000 
35.826366 11.687440 0.000000 3.000000 9.000000 3.000000 10.000000 10.000000 6.000000 10.000000 7.000000 4.000000 3.000000 4.000000 12.000000 
38.351852 20.167155 0.000000 5.000000 6.000000 9.000000 2.000000 6.000000 1.000000 5.000000 7.000000 9.000000 16.000000 11.000000 4.000000 
38.341250 26.545042 0.000000 7.000000 4.000000 8.000000 5.000000 2.000000 2.000000 10.000000 6.000000 10.000000 12.000000 7.000000 8.000000 
35.921081 34.173650 0.000000 13.000000 7.000000 9.000000 1.000000 6.000000 5.000000 2.000000 7.000000 7.000000 10.000000 3.000000 11.000000 
36.792655 41.880867 0.000000 14.000000 3.000000 4.000000 6.000000 5.000000 3.000000 5.000000 5.000000 7.000000 7.000000 9.000000 13.000000 
38.419574 50.687199 0.000000 7.000000 9.000000 4.000000 7.000000 9.000000 5.000000 5.000000 5.000000 8.000000 8.000000 8.000000 6.000000 
38.041665 60.955864 0.000000 16.000000 4.000000 10.000000 4.000000 5.000000 6.000000 5.000000 1.000000 3.000000 4.000000 11.000000 12.000000 
37.057187 66.909237 0.000000 16.000000 6.000000 4.000000 7.000000 5.000000 3.000000 7.000000 7.000000 4.000000 9.000000 10.000000 3.000000 
33.937719 78.536652 0.000000 20.000000 8.000000 5.000000 1.000000 5.000000 7.000000 9.000000 4.000000 7.000000 2.000000 7.000000 6.000000 
33.720598 83.110720 0.000000 23.000000 11.000000 4.000000 2.000000 4.000000 2.000000 1.000000 7.000000 5.000000 5.000000 12.000000 5.000000 
36.723552 90.159755 0.000000 10.000000 6.000000 4.000000 3.000000 3.000000 5.000000 7.000000 8.000000 6.000000 7.000000 10.000000 12.000000 
38.332217 102.609270 0.000000 11.000000 11.000000 4.000000 2.000000 3.000000 4.000000 8.000000 6.000000 7.000000 7.000000 5.000000 13.000000 
37.187159 107.822132 0.000000 8.000000 8.000000 4.000000 16.000000 6.000000 6.000000 5.000000 6.000000 4.000000 2.000000 5.000000 11.000000 
33.918699 114.198496 0.000000 11.000000 5.000000 1.000000 10.000000 6.000000 8.000000 10.000000 3.000000 4.000000 4.000000 10.000000 9.000000 
35.260725 126.322413 0.000000 16.000000 4.000000 6.000000 3.000000 2.000000 3.000000 3.000000 6.000000 10.000000 7.000000 11.000000 10.000000 
35.469417 131.470977 0.000000 20.000000 12.000000 4.000000 16.000000 6.000000 3.000000 2.000000 1.000000 3.000000 3.000000 5.000000 6.000000 
35.324652 139.810591 0.000000 8.000000 6.000000 5.000000 9.000000 5.000000 2.000000 9.000000 5.000000 6.000000 12.000000 8.000000 6.000000 
36.940114 151.029364 0.000000 5.000000 4.000000 8.000000 11.000000 6.000000 5.000000 5.000000 6.000000 7.000000 17.000000 6.000000 1.000000 
37.000000 158.501252 0.000000 13.000000 7.000000 9.000000 11.000000 8.000000 4.000000 1.000000 4.000000 3.000000 8.000000 7.000000 6.000000 
35.301125 166.077341 0.000000 8.000000 3.000000 8.000000 19.000000 5.000000 7.000000 2.000000 8.000000 1.000000 14.000000 5.000000 1.000000 
39.975500 174.281352 0.000000 12.000000 6.000000 11.000000 3.000000 6.000000 1.000000 2.000000 3.000000 5.000000 8.000000 9.000000 15.000000 
39.519366 177.641934 0.000000 16.000000 7.000000 7.000000 4.000000 3.000000 2.000000 3.000000 4.000000 5.000000 6.000000 4.000000 20.000000 
37.651405 191.233293 0.000000 23.000000 6.000000 15.000000 3.000000 0.000000 3.000000 0.000000 2.000000 4.000000 4.000000 8.000000 13.000000 
38.353287 198.188259 0.000000 10.000000 7.000000 10.000000 16.000000 7.000000 5.000000 4.000000 2.000000 6.000000 3.000000 9.000000 2.000000 
38.730670 204.809592 0.000000 22.000000 13.000000 10.000000 3.000000 4.000000 3.000000 3.000000 1.000000 6.000000 5.000000 6.000000 5.000000 
38.053936 213.357004 0.000000 9.000000 6.000000 4.000000 6.000000 2.000000 3.000000 3.000000 4.000000 8.000000 26.000000 6.000000 4.000000 
39.665464 221.159156 0.000000 10.000000 23.000000 7.000000 5.000000 2.000000 3.000000 3.000000 6.000000 4.000000 7.000000 8.000000 3.000000 
36.542879 231.677262 0.000000 1.000000 2.000000 2.000000 5.000000 6.000000 4.000000 4.000000 6.000000 12.000000 27.000000 5.000000 7.000000 
36.000000 237.795131 27.000000 3.000000 2.000000 4.000000 1.000000 3.000000 5.000000 4.000000 3.000000 4.000000 10.000000 2.000000 4.000000 
44.000000 5.689680 27.000000 10.000000 7.000000 4.000000 4.000000 4.000000 3.000000 5.000000 4.000000 1.000000 5.000000 3.000000 4.000000 
46.491589 12.490152 0.000000 13.000000 4.000000 9.000000 5.000000 8.000000 5.000000 9.000000 4.000000 5.000000 5.000000 6.000000 8.000000 
48.752301 18.630458 0.000000 6.000000 4.000000 5.000000 13.000000 11.000000 3.000000 5.000000 5.000000 6.000000 10.000000 5.000000 8.000000 
47.541730 25.951600 0.000000 16.000000 11.000000 8.000000 3.000000 1.000000 1.000000 9.000000 3.000000 5.000000 2.000000 7.000000 15.000000 
44.913109 35.673496 0.000000 8.000000 5.000000 1.000000 10.000000 7.000000 4.000000 7.000000 6.000000 9.000000 11.000000 7.000000 6.000000 
43.516861 44.867889 0.000000 9.000000 6.000000 9.000000 7.000000 2.000000 2.000000 11.000000 6.000000 7.000000 8.000000 11.000000 3.000000 
43.012071 55.080723 0.000000 14.000000 7.000000 10.000000 16.000000 8.000000 2.000000 2.000000 2.000000 5.000000 4.000000 7.000000 4.000000 
42.713082 62.515764 0.000000 23.000000 5.000000 10.000000 3.000000 5.000000 2.000000 3.000000 1.000000 3.000000 6.000000 7.000000 13.000000 
44.709146 68.110785 0.000000 20.000000 3.000000 7.000000 9.000000 2.000000 4.000000 4.000000 1.000000 4.000000 8.000000 8.000000 11.000000 
47.511174 77.861290 0.000000 4.000000 2.000000 5.000000 14.000000 1.000000 4.000000 11.000000 15.000000 5.000000 4.000000 5.000000 11.000000 
45.757855 80.894683 0.000000 5.000000 4.000000 8.000000 21.000000 2.000000 5.000000 6.000000 9.000000 5.000000 4.000000 4.000000 8.000000 
45.303622 90.175754 0.000000 8.000000 10.000000 10.000000 4.000000 6.000000 2.000000 3.000000 4.000000 5.000000 6.000000 10.000000 13.000000 
44.590422 100.395812 0.000000 12.000000 7.000000 6.000000 16.000000 2.000000 4.000000 4.000000 4.000000 6.000000 4.000000 9.000000 7.000000 
44.738480 106.676793 0.000000 9.000000 8.000000 4.000000 15.000000 6.000000 5.000000 7.000000 4.000000 2.000000 3.000000 6.000000 12.000000 
43.350480 115.080535 0.000000 8.000000 7.000000 8.000000 6.000000 5.000000 7.000000 6.000000 10.000000 5.000000 4.000000 5.000000 10.000000 
42.573043 124.333785 0.000000 11.000000 12.000000 5.000000 2.000000 6.000000 4.000000 7.000000 11.000000 6.000000 9.000000 2.000000 6.000000 
42.365028 131.365028 0.000000 17.000000 12.000000 5.000000 2.000000 3.000000 3.000000 5.000000 4.000000 5.000000 10.000000 6.000000 9.000000 
45.458824 139.965746 0.000000 7.000000 9.000000 10.000000 7.000000 5.000000 4.000000 6.000000 5.000000 5.000000 7.000000 9.000000 7.000000 
46.322413 147.934526 0.000000 12.000000 3.000000 5.000000 9.000000 2.000000 6.000000 6.000000 6.000000 5.000000 9.000000 8.000000 10.000000 
42.524130 156.613783 0.000000 7.000000 2.000000 4.000000 4.000000 3.000000 11.000000 10.000000 6.000000 3.000000 19.000000 7.000000 5.000000 
41.653375 166.625218 0.000000 5.000000 5.000000 8.000000 16.000000 14.000000 7.000000 5.000000 7.000000 2.000000 7.000000 4.000000 1.000000 
45.961061 174.034866 0.000000 17.000000 4.000000 6.000000 3.000000 3.000000 3.000000 3.000000 6.000000 5.000000 7.000000 4.000000 20.000000 
48.240662 179.569032 0.000000 12.000000 4.000000 10.000000 5.000000 6.000000 0.000000 3.000000 6.000000 6.000000 1.000000 8.000000 20.000000 
49.393933 192.787594 0.000000 16.000000 6.000000 7.000000 15.000000 3.000000 4.000000 3.000000 7.000000 6.000000 8.000000 1.000000 5.000000 
51.510370 197.512591 0.000000 15.000000 8.000000 3.000000 12.000000 4.000000 5.000000 4.000000 3.000000 9.000000 8.000000 2.000000 8.000000 
48.737429 202.359951 0.000000 24.000000 9.000000 10.000000 4.000000 1.000000 5.000000 3.000000 3.000000 7.000000 2.000000 4.000000 9.000000 
45.000000 211.173650 0.000000 6.000000 16.000000 7.000000 3.000000 2.000000 2.000000 6.000000 6.000000 10.000000 15.000000 6.000000 2.000000 
45.655002 218.991421 0.000000 3.000000 25.000000 7.000000 7.000000 4.000000 1.000000 3.000000 5.000000 4.000000 9.000000 9.000000 4.000000 
41.360225 230.483374 0.000000 2.000000 1.000000 3.000000 7.000000 3.000000 4.000000 4.000000 10.000000 11.000000 27.000000 4.000000 5.000000 
43.612598 238.148316 27.000000 6.000000 10.000000 8.000000 3.000000 2.000000 3.000000 2.000000 2.000000 0.000000 3.000000 1.000000 5.000000 
53.527822 5.365028 27.000000 8.000000 7.000000 7.000000 4.000000 3.000000 1.000000 4.000000 6.000000 3.000000 4.000000 3.000000 4.000000 
56.748932 12.365028 0.000000 21.000000 6.000000 3.000000 3.000000 3.000000 8.000000 12.000000 6.000000 3.000000 2.000000 10.000000 4.000000 
55.961197 20.355588 0.000000 11.000000 8.000000 6.000000 12.000000 4.000000 5.000000 10.000000 6.000000 3.000000 1.000000 8.000000 7.000000 
54.678874 27.809336 0.000000 15.000000 10.000000 5.000000 7.000000 1.000000 8.000000 6.000000 4.000000 5.000000 5.000000 7.000000 8.000000 
53.224022 39.365028 0.000000 6.000000 4.000000 11.000000 8.000000 7.000000 4.000000 5.000000 6.000000 9.000000 9.000000 5.000000 7.000000 
52.115866 43.655944 0.000000 11.000000 4.000000 8.000000 16.000000 5.000000 8.000000 6.000000 3.000000 3.000000 4.000000 5.000000 8.000000 
55.634972 49.365028 0.000000 15.000000 0.000000 7.000000 6.000000 4.000000 8.000000 5.000000 3.000000 3.000000 18.000000 8.000000 4.000000 
52.511612 59.817343 0.000000 12.000000 4.000000 10.000000 9.000000 3.000000 5.000000 17.000000 8.000000 1.000000 0.000000 8.000000 4.000000 
53.760201 68.939156 0.000000 10.000000 5.000000 6.000000 3.000000 1.000000 8.000000 12.000000 7.000000 5.000000 9.000000 5.000000 10.000000 
55.101220 78.011939 0.000000 17.000000 7.000000 3.000000 6.000000 3.000000 5.000000 5.000000 4.000000 2.000000 7.000000 13.000000 9.000000 
54.677587 84.178391 0.000000 15.000000 5.000000 6.000000 5.000000 1.000000 6.000000 5.000000 9.000000 2.000000 3.000000 14.000000 10.000000 
52.447646 92.224763 0.000000 17.000000 6.000000 7.000000 5.000000 3.000000 3.000000 3.000000 8.000000 4.000000 4.000000 11.000000 10.000000 
53.413175 98.951852 0.000000 15.000000 8.000000 6.000000 8.000000 8.000000 4.000000 6.000000 5.000000 3.000000 9.000000 3.000000 6.000000 
53.000000 107.689680 0.000000 7.000000 12.000000 5.000000 7.000000 4.000000 5.000000 8.000000 2.000000 7.000000 11.000000 8.000000 5.000000 
52.000000 117.689680 0.000000 25.000000 12.000000 6.000000 0.000000 1.000000 2.000000 7.000000 8.000000 1.000000 7.000000 6.000000 6.000000 
52.000000 125.689680 0.000000 19.000000 8.000000 9.000000 12.000000 2.000000 0.000000 7.000000 6.000000 3.000000 4.000000 6.000000 5.000000 
51.710306 133.689680 0.000000 1.000000 10.000000 6.000000 5.000000 4.000000 3.000000 5.000000 9.000000 3.000000 11.000000 5.000000 19.000000 
52.322413 141.687440 0.000000 9.000000 4.000000 4.000000 2.000000 9.000000 15.000000 12.000000 6.000000 2.000000 8.000000 6.000000 4.000000 
52.624845 148.502459 0.000000 7.000000 7.000000 11.000000 10.000000 7.000000 4.000000 1.000000 3.000000 5.000000 10.000000 11.000000 5.000000 
50.322413 155.936223 0.000000 4.000000 9.000000 8.000000 11.000000 9.000000 10.000000 6.000000 0.000000 1.000000 16.000000 2.000000 5.000000 
52.767695 166.257185 0.000000 8.000000 7.000000 9.000000 1.000000 2.000000 1.000000 3.000000 1.000000 5.000000 11.000000 17.000000 16.000000 
52.766696 172.766696 0.000000 6.000000 11.000000 11.000000 2.000000 1.000000 2.000000 3.000000 5.000000 6.000000 7.000000 8.000000 19.000000 
53.483611 180.138611 0.000000 11.000000 7.000000 15.000000 1.000000 1.000000 0.000000 0.000000 6.000000 5.000000 4.000000 11.000000 20.000000 
54.106738 192.201876 0.000000 30.000000 5.000000 2.000000 6.000000 2.000000 2.000000 5.000000 4.000000 4.000000 3.000000 7.000000 11.000000 
55.090447 197.408212 0.000000 27.000000 6.000000 4.000000 10.000000 4.000000 4.000000 2.000000 4.000000 5.000000 4.000000 5.000000 6.000000 
52.586825 202.951852 0.000000 15.000000 14.000000 12.000000 6.000000 2.000000 5.000000 3.000000 3.000000 2.000000 11.000000 5.000000 3.000000 
51.000000 210.532772 0.000000 10.000000 15.000000 5.000000 1.000000 4.000000 5.000000 3.000000 8.000000 6.000000 16.000000 2.000000 6.000000 
50.601882 217.579293 0.000000 5.000000 22.000000 7.000000 7.000000 8.000000 3.000000 3.000000 6.000000 2.000000 5.000000 6.000000 7.000000 
48.000000 226.689680 0.000000 4.000000 3.000000 4.000000 3.000000 5.000000 2.000000 1.000000 8.000000 10.000000 23.000000 9.000000 9.000000 
51.206422 236.745158 27.000000 8.000000 4.000000 2.000000 3.000000 2.000000 4.000000 2.000000 5.000000 5.000000 8.000000 2.000000 0.000000 
60.000000 5.324652 39.000000 5.000000 5.000000 0.000000 1.000000 6.000000 8.000000 5.000000 5.000000 5.000000 1.000000 0.000000 1.000000 
61.613196 13.324652 18.000000 18.000000 5.000000 3.000000 0.000000 1.000000 8.000000 10.000000 5.000000 3.000000 0.000000 6.000000 4.000000 
60.487177 21.324652 18.000000 3.000000 5.000000 1.000000 1.000000 4.000000 9.000000 15.000000 3.000000 10.000000 1.000000 6.000000 5.000000 
60.000000 29.324652 18.000000 7.000000 3.000000 2.000000 0.000000 1.000000 5.000000 14.000000 3.000000 7.000000 8.000000 7.000000 6.000000 
60.793311 38.117963 18.000000 3.000000 5.000000 6.000000 10.000000 5.000000 3.000000 5.000000 11.000000 6.000000 6.000000 1.000000 2.000000 
59.701901 45.324652 18.000000 11.000000 4.000000 7.000000 6.000000 4.000000 2.000000 0.000000 4.000000 2.000000 16.000000 3.000000 4.000000 
61.355847 51.968805 18.000000 9.000000 1.000000 5.000000 4.000000 3.000000 8.000000 7.000000 5.000000 3.000000 7.000000 7.000000 4.000000 
60.000000 61.324652 18.000000 8.000000 4.000000 10.000000 6.000000 7.000000 2.000000 4.000000 4.000000 3.000000 7.000000 4.000000 4.000000 
60.000000 69.324652 18.000000 7.000000 4.000000 6.000000 5.000000 5.000000 2.000000 10.000000 5.000000 4.000000 5.000000 6.000000 4.000000 
60.489431 78.806216 18.000000 13.000000 4.000000 2.000000 6.000000 8.000000 5.000000 8.000000 3.000000 1.000000 3.000000 5.000000 5.000000 
60.921117 84.882619 18.000000 9.000000 6.000000 2.000000 1.000000 2.000000 3.000000 12.000000 5.000000 5.000000 3.000000 10.000000 5.000000 
60.000000 93.324652 18.000000 10.000000 2.000000 4.000000 6.000000 3.000000 9.000000 11.000000 4.000000 1.000000 7.000000 4.000000 2.000000 
60.000000 101.324652 18.000000 8.000000 4.000000 3.000000 4.000000 2.000000 6.000000 16.000000 2.000000 3.000000 9.000000 3.000000 3.000000 
60.000000 109.324652 18.000000 8.000000 4.000000 3.000000 10.000000 8.000000 1.000000 6.000000 4.000000 5.000000 3.000000 5.000000 6.000000 
60.000000 117.324652 18.000000 16.000000 4.000000 8.000000 3.000000 3.000000 5.000000 8.000000 2.000000 1.000000 1.000000 6.000000 6.000000 
60.000000 125.324652 18.000000 11.000000 3.000000 2.000000 7.000000 5.000000 5.000000 8.000000 6.000000 5.000000 3.000000 3.000000 5.000000 
60.000000 133.324652 18.000000 8.000000 4.000000 4.000000 5.000000 3.000000 1.000000 11.000000 10.000000 3.000000 4.000000 2.000000 8.000000 
60.000000 141.324652 18.000000 8.000000 2.000000 5.000000 5.000000 4.000000 3.000000 12.000000 6.000000 2.000000 5.000000 8.000000 3.000000 
60.000000 149.324652 18.000000 3.000000 1.000000 5.000000 11.000000 9.000000 1.000000 5.000000 3.000000 3.000000 6.000000 11.000000 5.000000 
59.706796 157.324652 18.000000 6.000000 4.000000 5.000000 5.000000 1.000000 4.000000 7.000000 6.000000 9.000000 3.000000 7.000000 6.000000 
60.000000 165.734700 18.000000 4.000000 5.000000 4.000000 1.000000 3.000000 3.000000 6.000000 4.000000 9.000000 7.000000 9.000000 8.000000 
60.000000 172.942479 18.000000 4.000000 7.000000 6.000000 4.000000 4.000000 4.000000 3.000000 2.000000 0.000000 3.000000 7.000000 19.000000 
60.000000 181.324652 18.000000 15.000000 2.000000 8.000000 0.000000 2.000000 3.000000 1.000000 4.000000 4.000000 4.000000 1.000000 19.000000 
60.000000 189.687253 18.000000 17.000000 3.000000 3.000000 3.000000 5.000000 2.000000 5.000000 3.000000 5.000000 4.000000 8.000000 5.000000 
60.000000 197.324652 18.000000 20.000000 6.000000 10.000000 0.000000 1.000000 1.000000 6.000000 2.000000 6.000000 4.000000 3.000000 4.000000 
60.000000 205.324652 18.000000 18.000000 4.000000 7.000000 4.000000 6.000000 5.000000 2.000000 3.000000 5.000000 2.000000 4.000000 3.000000 
60.000000 213.324652 18.000000 14.000000 12.000000 5.000000 4.000000 2.000000 3.000000 0.000000 4.000000 3.000000 5.000000 4.000000 7.000000 
60.000000 221.002590 18.000000 2.000000 15.000000 5.000000 1.000000 3.000000 1.000000 2.000000 3.000000 5.000000 13.000000 3.000000 10.000000 
59.235656 228.615988 18.000000 6.000000 7.000000 6.000000 6.000000 6.000000 2.000000 5.000000 6.000000 6.000000 4.000000 4.000000 5.000000 
60.000000 236.000000 35.000000 1.000000 0.000000 0.000000 5.000000 4.000000 4.000000 2.000000 5.000000 4.000000 2.000000 1.000000 0.000000 
