240
5.000000 5.689680 39.000000 6.000000 3.000000 2.000000 0.000000 0.000000 1.000000 0.000000 0.000000 3.000000 4.000000 3.000000 2.000000 
4.890314 13.620490 27.000000 11.000000 6.000000 1.000000 6.000000 5.000000 1.000000 2.000000 0.000000 0.000000 1.000000 0.000000 3.000000 
4.589036 20.735616 27.000000 9.000000 2.000000 3.000000 4.000000 2.000000 0.000000 2.000000 0.000000 2.000000 7.000000 1.000000 4.000000 
4.000000 29.689680 27.000000 6.000000 5.000000 3.000000 1.000000 1.000000 0.000000 3.000000 0.000000 3.000000 3.000000 3.000000 8.000000 
3.586825 36.911477 27.000000 7.000000 7.000000 3.000000 1.000000 4.000000 0.000000 5.000000 0.000000 1.000000 2.000000 1.000000 5.000000 
2.705836 44.030488 27.000000 11.000000 1.000000 2.000000 2.000000 2.000000 1.000000 0.000000 1.000000 3.000000 4.000000 1.000000 8.000000 
2.617676 54.256325 27.000000 11.000000 1.000000 2.000000 7.000000 0.000000 0.000000 0.000000 1.000000 0.000000 6.000000 4.000000 4.000000 
3.192287 60.516940 27.000000 10.000000 2.000000 0.000000 1.000000 0.000000 0.000000 4.000000 1.000000 2.000000 6.000000 4.000000 6.000000 
4.322413 69.002240 27.000000 5.000000 0.000000 8.000000 3.000000 2.000000 1.000000 0.000000 1.000000 2.000000 5.000000 6.000000 3.000000 
2.129437 78.106294 27.000000 11.000000 2.000000 4.000000 2.000000 1.000000 0.000000 0.000000 3.000000 1.000000 3.000000 3.000000 6.000000 
3.595512 84.555137 27.000000 9.000000 5.000000 0.000000 7.000000 3.000000 0.000000 0.000000 0.000000 2.000000 4.000000 3.000000 3.000000 
4.675714 92.082673 27.000000 3.000000 0.000000 3.000000 9.000000 2.000000 1.000000 4.000000 1.000000 0.000000 3.000000 6.000000 4.000000 
4.322413 101.002240 27.000000 8.000000 3.000000 5.000000 3.000000 2.000000 4.000000 1.000000 1.000000 0.000000 2.000000 3.000000 4.000000 
2.160194 110.277982 27.000000 13.000000 5.000000 5.000000 0.000000 0.000000 1.000000 1.000000 1.000000 1.000000 1.000000 2.000000 6.000000 
3.142195 116.466848 27.000000 9.000000 7.000000 0.000000 4.000000 0.000000 1.000000 1.000000 1.000000 3.000000 7.000000 0.000000 3.000000 
3.586825 126.117855 27.000000 12.000000 3.000000 1.000000 6.000000 4.000000 1.000000 3.000000 0.000000 2.000000 0.000000 0.000000 4.000000 
4.000000 134.369686 27.000000 7.000000 0.000000 5.000000 7.000000 1.000000 3.000000 0.000000 2.000000 3.000000 2.000000 1.000000 5.000000 
4.322413 141.647065 27.000000 5.000000 3.000000 2.000000 6.000000 1.000000 3.000000 0.000000 1.000000 3.000000 4.000000 6.000000 2.000000 
2.657329 147.981982 27.000000 7.000000 3.000000 3.000000 3.000000 2.000000 1.000000 1.000000 0.000000 2.000000 4.000000 7.000000 3.000000 
2.639261 157.270535 27.000000 13.000000 5.000000 2.000000 7.000000 0.000000 0.000000 0.000000 0.000000 1.000000 2.000000 3.000000 3.000000 
2.577293 164.911477 27.000000 5.000000 0.000000 3.000000 8.000000 0.000000 1.000000 0.000000 2.000000 0.000000 8.000000 3.000000 6.000000 
4.000000 173.689680 27.000000 3.000000 4.000000 1.000000 3.000000 3.000000 1.000000 4.000000 4.000000 2.000000 1.000000 6.000000 4.000000 
3.586825 180.911477 27.000000 3.000000 3.000000 3.000000 4.000000 2.000000 0.000000 2.000000 2.000000 1.000000 2.000000 5.000000 9.000000 
4.000000 189.689680 27.000000 5.000000 5.000000 2.000000 13.000000 0.000000 0.000000 0.000000 1.000000 0.000000 6.000000 2.000000 2.000000 
3.586825 196.911477 27.000000 10.000000 5.000000 1.000000 1.000000 2.000000 1.000000 0.000000 3.000000 2.000000 3.000000 4.000000 4.000000 
3.586825 204.911477 27.000000 10.000000 3.000000 4.000000 3.000000 1.000000 1.000000 0.000000 0.000000 4.000000 4.000000 5.000000 1.000000 
4.893929 213.920668 27.000000 8.000000 3.000000 3.000000 3.000000 0.000000 1.000000 4.000000 1.000000 3.000000 5.000000 2.000000 3.000000 
4.876905 221.036377 27.000000 6.000000 7.000000 5.000000 0.000000 1.000000 0.000000 0.000000 0.000000 2.000000 8.000000 3.000000 4.000000 
3.951852 229.413175 27.000000 10.000000 3.000000 2.000000 1.000000 3.000000 1.000000 0.000000 1.000000 5.000000 6.000000 3.000000 1.000000 
5.000000 236.365028 36.000000 7.000000 2.000000 1.000000 1.000000 0.000000 1.000000 0.000000 0.000000 1.000000 4.000000 1.000000 2.000000 
13.211020 5.781776 27.000000 1.000000 5.000000 3.000000 5.000000 4.000000 8.000000 6.000000 4.000000 4.000000 7.000000 5.000000 2.000000 
15.422009 11.751641 0.000000 15.000000 9.000000 7.000000 6.000000 2.000000 4.000000 5.000000 6.000000 3.000000 5.000000 8.000000 11.000000 
14.713819 19.038472 0.000000 12.000000 7.000000 8.000000 10.000000 7.000000 2.000000 11.000000 3.000000 6.000000 5.000000 5.000000 5.000000 
11.063204 27.885284 0.000000 18.000000 7.000000 8.000000 8.000000 5.000000 5.000000 10.000000 5.000000 3.000000 4.000000 1.000000 7.000000 
10.401841 33.850211 0.000000 19.000000 6.000000 3.000000 6.000000 2.000000 4.000000 7.000000 5.000000 3.000000 12.000000 6.000000 8.000000 
8.654062 42.141087 0.000000 27.000000 1.000000 5.000000 6.000000 4.000000 2.000000 3.000000 2.000000 8.000000 10.000000 3.000000 10.000000 
8.378437 53.378437 0.000000 22.000000 2.000000 3.000000 8.000000 4.000000 2.000000 5.000000 4.000000 4.000000 10.000000 5.000000 12.000000 
8.918479 58.809343 0.000000 22.000000 3.000000 5.000000 9.000000 3.000000 6.000000 9.000000 4.000000 5.000000 8.000000 2.000000 5.000000 
11.999884 67.632054 0.000000 11.000000 5.000000 7.000000 11.000000 4.000000 5.000000 7.000000 2.000000 7.000000 4.000000 8.000000 10.000000 
7.992272 77.940437 0.000000 16.000000 13.000000 4.000000 3.000000 4.000000 1.000000 3.000000 6.000000 6.000000 9.000000 8.000000 8.000000 
10.137218 81.351430 0.000000 19.000000 6.000000 6.000000 5.000000 6.000000 4.000000 6.000000 5.000000 5.000000 4.000000 12.000000 3.000000 
14.328185 87.408905 0.000000 17.000000 7.000000 6.000000 9.000000 4.000000 2.000000 2.000000 5.000000 8.000000 6.000000 7.000000 8.000000 
10.339572 98.181144 0.000000 19.000000 10.000000 6.000000 9.000000 3.000000 4.000000 2.000000 5.000000 2.000000 3.000000 10.000000 8.000000 
8.107039 108.427355 0.000000 29.000000 6.000000 10.000000 1.000000 1.000000 4.000000 3.000000 3.000000 3.000000 2.000000 10.000000 9.000000 
9.451539 115.391371 0.000000 16.000000 13.000000 1.000000 15.000000 2.000000 6.000000 6.000000 2.000000 5.000000 8.000000 1.000000 6.000000 
11.966095 126.831029 0.000000 12.000000 6.000000 7.000000 5.000000 5.000000 3.000000 4.000000 10.000000 8.000000 2.000000 5.000000 14.000000 
12.661887 136.026914 0.000000 16.000000 2.000000 8.000000 8.000000 4.000000 6.000000 0.000000 4.000000 4.000000 9.000000 3.000000 17.000000 
11.277652 140.728971 0.000000 14.000000 3.000000 5.000000 10.000000 5.000000 5.000000 1.000000 5.000000 4.000000 6.000000 9.000000 14.000000 
8.050262 145.348433 0.000000 15.000000 3.000000 3.000000 6.000000 3.000000 6.000000 7.000000 5.000000 4.000000 12.000000 12.000000 5.000000 
7.750022 154.920790 9.000000 23.000000 6.000000 3.000000 9.000000 1.000000 3.000000 4.000000 5.000000 3.000000 4.000000 5.000000 6.000000 
8.101099 163.397203 0.000000 10.000000 7.000000 8.000000 18.000000 2.000000 1.000000 0.000000 6.000000 4.000000 12.000000 0.000000 13.000000 
10.959171 172.221797 0.000000 12.000000 7.000000 9.000000 22.000000 8.000000 4.000000 2.000000 2.000000 1.000000 6.000000 5.000000 3.000000 
11.000000 179.689680 0.000000 14.000000 0.000000 2.000000 11.000000 10.000000 2.000000 1.000000 4.000000 3.000000 8.000000 9.000000 17.000000 
11.909237 188.264412 0.000000 14.000000 8.000000 7.000000 13.000000 6.000000 7.000000 8.000000 4.000000 4.000000 3.000000 0.000000 7.000000 
11.144242 194.906841 0.000000 20.000000 11.000000 3.000000 7.000000 5.000000 4.000000 3.000000 3.000000 6.000000 13.000000 3.000000 3.000000 
12.242684 203.614827 0.000000 22.000000 5.000000 5.000000 9.000000 7.000000 6.000000 5.000000 1.000000 4.000000 7.000000 4.000000 6.000000 
14.790565 212.123506 0.000000 5.000000 4.000000 3.000000 1.000000 1.000000 4.000000 3.000000 5.000000 8.000000 30.000000 10.000000 7.000000 
15.000000 218.274836 0.000000 7.000000 18.000000 13.000000 7.000000 4.000000 12.000000 1.000000 2.000000 0.000000 3.000000 8.000000 6.000000 
11.861418 228.728151 0.000000 7.000000 3.000000 3.000000 7.000000 7.000000 4.000000 3.000000 7.000000 6.000000 15.000000 7.000000 12.000000 
12.000000 237.365028 27.000000 4.000000 2.000000 3.000000 4.000000 5.000000 2.000000 3.000000 4.000000 3.000000 7.000000 3.000000 5.000000 
19.586825 4.951852 27.000000 5.000000 6.000000 7.000000 3.000000 6.000000 6.000000 2.000000 4.000000 2.000000 4.000000 1.000000 8.000000 
20.371150 11.462761 0.000000 18.000000 10.000000 12.000000 9.000000 7.000000 7.000000 2.000000 2.000000 4.000000 4.000000 2.000000 4.000000 
20.600076 21.230806 0.000000 10.000000 3.000000 3.000000 4.000000 4.000000 8.000000 7.000000 1.000000 7.000000 15.000000 11.000000 8.000000 
18.643472 26.634972 0.000000 2.000000 5.000000 12.000000 7.000000 7.000000 5.000000 13.000000 3.000000 4.000000 8.000000 9.000000 6.000000 
22.920040 36.595387 0.000000 10.000000 6.000000 7.000000 4.000000 8.000000 6.000000 6.000000 5.000000 6.000000 6.000000 7.000000 10.000000 
21.630149 47.029724 0.000000 13.000000 10.000000 9.000000 12.000000 5.000000 8.000000 2.000000 1.000000 0.000000 4.000000 6.000000 11.000000 
20.102645 53.535738 0.000000 13.000000 4.000000 6.000000 10.000000 5.000000 7.000000 8.000000 4.000000 4.000000 7.000000 10.000000 3.000000 
17.322413 62.687440 0.000000 17.000000 10.000000 8.000000 7.000000 5.000000 2.000000 7.000000 2.000000 3.000000 4.000000 11.000000 5.000000 
20.686600 70.298017 0.000000 9.000000 11.000000 9.000000 6.000000 5.000000 4.000000 3.000000 6.000000 4.000000 2.000000 8.000000 14.000000 
21.297590 80.646873 0.000000 18.000000 8.000000 9.000000 3.000000 2.000000 2.000000 2.000000 3.000000 2.000000 9.000000 10.000000 13.000000 
19.034261 87.238294 0.000000 24.000000 9.000000 9.000000 5.000000 6.000000 4.000000 3.000000 4.000000 6.000000 2.000000 2.000000 7.000000 
17.314901 91.892758 0.000000 16.000000 6.000000 7.000000 8.000000 6.000000 4.000000 1.000000 6.000000 8.000000 9.000000 4.000000 6.000000 
14.548963 98.863675 0.000000 20.000000 8.000000 8.000000 7.000000 4.000000 3.000000 2.000000 4.000000 4.000000 4.000000 10.000000 7.000000 
24.579045 106.470024 0.000000 6.000000 3.000000 10.000000 7.000000 5.000000 6.000000 7.000000 6.000000 5.000000 19.000000 5.000000 2.000000 
25.093661 116.933022 0.000000 17.000000 3.000000 6.000000 5.000000 3.000000 7.000000 3.000000 3.000000 2.000000 11.000000 9.000000 12.000000 
25.076672 125.253580 0.000000 8.000000 8.000000 9.000000 10.000000 4.000000 6.000000 6.000000 4.000000 6.000000 8.000000 7.000000 5.000000 
22.150515 134.662588 0.000000 14.000000 8.000000 12.000000 5.000000 3.000000 4.000000 2.000000 2.000000 6.000000 7.000000 11.000000 7.000000 
19.418387 141.424311 0.000000 11.000000 7.000000 13.000000 7.000000 4.000000 4.000000 5.000000 1.000000 4.000000 7.000000 3.000000 15.000000 
19.058267 147.927351 0.000000 19.000000 5.000000 6.000000 1.000000 2.000000 1.000000 1.000000 3.000000 2.000000 21.000000 9.000000 11.000000 
19.670225 154.026670 0.000000 19.000000 6.000000 7.000000 7.000000 4.000000 6.000000 7.000000 0.000000 4.000000 7.000000 9.000000 5.000000 
18.795684 162.245809 0.000000 7.000000 3.000000 7.000000 11.000000 4.000000 3.000000 13.000000 7.000000 2.000000 10.000000 7.000000 7.000000 
20.000000 171.689680 0.000000 6.000000 4.000000 3.000000 14.000000 11.000000 6.000000 5.000000 4.000000 5.000000 5.000000 8.000000 10.000000 
21.021827 180.909237 0.000000 9.000000 10.000000 8.000000 6.000000 4.000000 1.000000 2.000000 4.000000 6.000000 15.000000 7.000000 9.000000 
23.181850 186.680924 0.000000 11.000000 10.000000 14.000000 16.000000 3.000000 3.000000 3.000000 2.000000 4.000000 5.000000 3.000000 7.000000 
21.947769 199.097312 0.000000 31.000000 13.000000 9.000000 0.000000 1.000000 3.000000 2.000000 2.000000 2.000000 5.000000 8.000000 5.000000 
18.817508 202.640893 0.000000 15.000000 7.000000 5.000000 2.000000 3.000000 3.000000 11.000000 6.000000 8.000000 13.000000 3.000000 5.000000 
17.425418 208.434681 0.000000 4.000000 5.000000 0.000000 2.000000 5.000000 2.000000 7.000000 5.000000 12.000000 29.000000 6.000000 4.000000 
21.413175 216.951852 0.000000 10.000000 18.000000 8.000000 2.000000 3.000000 7.000000 6.000000 4.000000 6.000000 7.000000 6.000000 4.000000 
21.322413 226.383239 0.000000 6.000000 5.000000 8.000000 5.000000 8.000000 6.000000 6.000000 5.000000 12.000000 9.000000 6.000000 5.000000 
20.000000 237.365028 27.000000 4.000000 7.000000 9.000000 4.000000 2.000000 1.000000 4.000000 1.000000 2.000000 0.000000 6.000000 5.000000 
28.000000 4.948166 27.000000 8.000000 11.000000 5.000000 9.000000 3.000000 4.000000 3.000000 1.000000 1.000000 2.000000 2.000000 5.000000 
27.586825 12.271370 0.000000 13.000000 13.000000 8.000000 5.000000 7.000000 6.000000 4.000000 5.000000 2.000000 7.000000 5.000000 6.000000 
27.602335 23.345831 0.000000 14.000000 4.000000 3.000000 0.000000 4.000000 4.000000 2.000000 7.000000 7.000000 7.000000 10.000000 19.000000 
27.975282 29.132338 0.000000 11.000000 10.000000 8.000000 7.000000 1.000000 5.000000 5.000000 6.000000 1.000000 6.000000 10.000000 11.000000 
28.682802 36.990332 0.000000 10.000000 8.000000 6.000000 5.000000 6.000000 6.000000 9.000000 8.000000 5.000000 8.000000 4.000000 6.000000 
26.586825 45.465030 0.000000 10.000000 7.000000 7.000000 3.000000 3.000000 6.000000 0.000000 2.000000 2.000000 24.000000 6.000000 11.000000 
28.594482 50.002240 0.000000 15.000000 8.000000 9.000000 6.000000 1.000000 1.000000 0.000000 6.000000 4.000000 20.000000 9.000000 2.000000 
28.182298 60.716495 0.000000 8.000000 8.000000 3.000000 18.000000 4.000000 9.000000 4.000000 4.000000 3.000000 6.000000 3.000000 11.000000 
28.909237 68.735588 0.000000 11.000000 7.000000 10.000000 11.000000 2.000000 2.000000 4.000000 1.000000 3.000000 4.000000 16.000000 10.000000 
29.687846 77.687846 0.000000 14.000000 6.000000 6.000000 14.000000 7.000000 2.000000 5.000000 2.000000 2.000000 11.000000 6.000000 6.000000 
28.901126 83.496429 0.000000 19.000000 5.000000 13.000000 7.000000 4.000000 2.000000 6.000000 2.000000 8.000000 8.000000 4.000000 3.000000 
29.352562 94.194451 0.000000 9.000000 7.000000 5.000000 12.000000 5.000000 4.000000 4.000000 6.000000 2.000000 8.000000 6.000000 13.000000 
25.037738 105.096198 0.000000 4.000000 5.000000 9.000000 5.000000 4.000000 6.000000 8.000000 5.000000 5.000000 23.000000 4.000000 3.000000 
28.680564 111.609086 0.000000 16.000000 4.000000 12.000000 3.000000 5.000000 4.000000 6.000000 6.000000 3.000000 5.000000 9.000000 8.000000 
31.222740 117.200754 0.000000 19.000000 4.000000 5.000000 3.000000 7.000000 9.000000 6.000000 5.000000 7.000000 6.000000 3.000000 7.000000 
31.055047 125.482448 0.000000 15.000000 6.000000 4.000000 1.000000 4.000000 4.000000 6.000000 7.000000 9.000000 10.000000 9.000000 6.000000 
30.735402 132.597019 0.000000 15.000000 18.000000 6.000000 5.000000 4.000000 6.000000 8.000000 2.000000 0.000000 5.000000 8.000000 4.000000 
28.299195 142.644825 0.000000 10.000000 0.000000 0.000000 6.000000 2.000000 5.000000 6.000000 11.000000 6.000000 20.000000 6.000000 9.000000 
27.231722 151.099328 0.000000 19.000000 5.000000 3.000000 12.000000 8.000000 9.000000 4.000000 5.000000 0.000000 4.000000 1.000000 11.000000 
28.951852 158.586825 0.000000 4.000000 5.000000 8.000000 13.000000 8.000000 3.000000 6.000000 6.000000 6.000000 12.000000 5.000000 5.000000 
29.322413 164.929911 0.000000 1.000000 3.000000 6.000000 19.000000 5.000000 0.000000 6.000000 9.000000 7.000000 12.000000 7.000000 6.000000 
28.983083 172.664472 0.000000 11.000000 12.000000 3.000000 4.000000 1.000000 2.000000 2.000000 3.000000 4.000000 6.000000 14.000000 19.000000 
33.267596 180.433936 0.000000 18.000000 4.000000 6.000000 12.000000 5.000000 5.000000 2.000000 2.000000 2.000000 6.000000 9.000000 10.000000 
32.932324 186.934292 0.000000 21.000000 7.000000 8.000000 6.000000 0.000000 0.000000 5.000000 3.000000 3.000000 9.000000 8.000000 11.000000 
25.792300 199.995277 0.000000 46.000000 8.000000 7.000000 2.000000 1.000000 1.000000 1.000000 3.000000 0.000000 2.000000 7.000000 3.000000 
25.353013 204.488141 0.000000 24.000000 6.000000 7.000000 4.000000 3.000000 2.000000 5.000000 6.000000 5.000000 10.000000 4.000000 5.000000 
27.558463 214.433742 0.000000 13.000000 24.000000 8.000000 2.000000 1.000000 2.000000 5.000000 5.000000 5.000000 10.000000 2.000000 4.000000 
27.958504 221.053394 0.000000 10.000000 16.000000 10.000000 3.000000 5.000000 2.000000 6.000000 4.000000 7.000000 14.000000 2.000000 2.000000 
29.000000 226.560713 0.000000 6.000000 6.000000 4.000000 6.000000 4.000000 8.000000 8.000000 6.000000 6.000000 10.000000 10.000000 7.000000 
28.000000 237.365028 27.000000 1.000000 8.000000 8.000000 4.000000 3.000000 4.000000 5.000000 4.000000 1.000000 0.000000 4.000000 3.000000 
35.677587 5.687440 27.000000 6.000000 2.000000 2.000000 12.000000 4.000000 2.000000 6.000000 8.000000 2.000000 3.000000 3.000000 4.000000 
34.337800 14.351880 0.000000 17.000000 10.000000 9.000000 1.000000 3.000000 0.000000 1.000000 3.000000 7.000000 23.000000 2.000000 5.000000 
36.063618 23.242656 0.000000 8.000000 5.000000 10.000000 10.000000 7.000000 3.000000 7.000000 6.000000 4.000000 1.000000 3.000000 17.000000 
35.617481 32.230588 0.000000 18.000000 8.000000 7.000000 3.000000 3.000000 5.000000 8.000000 4.000000 1.000000 15.000000 3.000000 6.000000 
36.030222 38.675047 0.000000 16.000000 4.000000 4.000000 2.000000 6.000000 1.000000 4.000000 6.000000 8.000000 12.000000 6.000000 12.000000 
35.109645 45.590460 0.000000 11.000000 2.000000 6.000000 7.000000 2.000000 1.000000 4.000000 6.000000 3.000000 10.000000 7.000000 22.000000 
39.426518 50.909237 0.000000 10.000000 11.000000 5.000000 14.000000 3.000000 9.000000 5.000000 5.000000 5.000000 1.000000 3.000000 10.000000 
38.617137 58.707516 0.000000 10.000000 7.000000 3.000000 4.000000 2.000000 4.000000 10.000000 9.000000 6.000000 7.000000 10.000000 9.000000 
34.540726 68.909237 0.000000 14.000000 7.000000 3.000000 9.000000 5.000000 7.000000 2.000000 6.000000 4.000000 7.000000 9.000000 8.000000 
34.909237 76.264412 0.000000 15.000000 6.000000 8.000000 12.000000 8.000000 1.000000 6.000000 3.000000 7.000000 5.000000 2.000000 8.000000 
35.900461 83.000000 0.000000 11.000000 2.000000 6.000000 3.000000 4.000000 4.000000 5.000000 5.000000 12.000000 8.000000 11.000000 10.000000 
37.404581 92.872474 0.000000 12.000000 8.000000 8.000000 7.000000 3.000000 4.000000 9.000000 4.000000 4.000000 4.000000 5.000000 13.000000 
35.851841 102.286999 0.000000 5.000000 3.000000 9.000000 6.000000 4.000000 5.000000 9.000000 8.000000 8.000000 8.000000 4.000000 12.000000 
37.045092 110.660009 0.000000 18.000000 6.000000 6.000000 11.000000 7.000000 6.000000 5.000000 3.000000 3.000000 3.000000 3.000000 10.000000 
36.028676 117.661004 0.000000 23.000000 3.000000 6.000000 9.000000 7.000000 7.000000 7.000000 3.000000 1.000000 3.000000 3.000000 9.000000 
37.148772 124.677587 0.000000 19.000000 8.000000 2.000000 5.000000 4.000000 2.000000 7.000000 9.000000 7.000000 10.000000 5.000000 3.000000 
38.051186 131.957385 0.000000 20.000000 11.000000 6.000000 12.000000 2.000000 0.000000 6.000000 4.000000 3.000000 5.000000 6.000000 6.000000 
37.554295 141.571146 0.000000 12.000000 10.000000 5.000000 10.000000 6.000000 8.000000 6.000000 2.000000 4.000000 11.000000 4.000000 3.000000 
35.840981 150.734220 0.000000 8.000000 13.000000 4.000000 2.000000 2.000000 4.000000 1.000000 2.000000 5.000000 22.000000 13.000000 5.000000 
35.531535 157.055902 0.000000 7.000000 5.000000 6.000000 11.000000 7.000000 2.000000 1.000000 3.000000 7.000000 12.000000 6.000000 14.000000 
37.733893 163.157767 0.000000 4.000000 3.000000 8.000000 20.000000 11.000000 4.000000 0.000000 4.000000 3.000000 10.000000 6.000000 8.000000 
38.205913 170.269161 0.000000 13.000000 4.000000 16.000000 5.000000 6.000000 2.000000 6.000000 3.000000 1.000000 2.000000 10.000000 13.000000 
39.365028 181.365028 0.000000 12.000000 4.000000 10.000000 1.000000 2.000000 4.000000 4.000000 6.000000 8.000000 6.000000 10.000000 14.000000 
39.196522 188.173388 0.000000 21.000000 5.000000 8.000000 10.000000 2.000000 2.000000 4.000000 5.000000 4.000000 6.000000 11.000000 3.000000 
37.321432 198.698818 0.000000 28.000000 13.000000 9.000000 4.000000 1.000000 1.000000 2.000000 6.000000 1.000000 3.000000 4.000000 9.000000 
39.841912 202.898355 0.000000 18.000000 12.000000 9.000000 1.000000 1.000000 1.000000 2.000000 8.000000 6.000000 12.000000 5.000000 6.000000 
37.835822 213.378637 0.000000 11.000000 22.000000 12.000000 4.000000 1.000000 1.000000 3.000000 5.000000 5.000000 11.000000 3.000000 3.000000 
35.586825 221.485830 0.000000 7.000000 5.000000 9.000000 6.000000 7.000000 4.000000 2.000000 7.000000 8.000000 18.000000 5.000000 3.000000 
36.611051 225.754794 0.000000 4.000000 10.000000 7.000000 6.000000 5.000000 4.000000 2.000000 6.000000 7.000000 12.000000 12.000000 6.000000 
36.000000 237.113611 27.000000 7.000000 5.000000 6.000000 0.000000 3.000000 2.000000 2.000000 3.000000 2.000000 5.000000 5.000000 5.000000 
43.646373 6.043307 27.000000 9.000000 5.000000 6.000000 4.000000 3.000000 1.000000 3.000000 6.000000 3.000000 6.000000 5.000000 3.000000 
44.919662 13.919725 0.000000 17.000000 5.000000 1.000000 4.000000 3.000000 0.000000 6.000000 3.000000 4.000000 15.000000 4.000000 19.000000 
47.658497 20.841718 0.000000 17.000000 7.000000 7.000000 8.000000 1.000000 1.000000 0.000000 1.000000 4.000000 11.000000 10.000000 14.000000 
46.168053 31.681959 0.000000 22.000000 8.000000 10.000000 5.000000 6.000000 4.000000 4.000000 1.000000 3.000000 8.000000 4.000000 6.000000 
45.709706 39.157816 0.000000 18.000000 7.000000 8.000000 7.000000 2.000000 2.000000 4.000000 4.000000 4.000000 8.000000 10.000000 7.000000 
44.404605 47.817598 0.000000 17.000000 14.000000 5.000000 4.000000 3.000000 6.000000 6.000000 3.000000 4.000000 5.000000 5.000000 9.000000 
46.383063 51.966115 0.000000 4.000000 4.000000 6.000000 4.000000 2.000000 8.000000 9.000000 5.000000 9.000000 13.000000 10.000000 7.000000 
48.071708 57.909237 0.000000 9.000000 10.000000 7.000000 6.000000 4.000000 2.000000 6.000000 4.000000 10.000000 7.000000 9.000000 7.000000 
44.427746 65.572254 0.000000 9.000000 4.000000 8.000000 7.000000 5.000000 5.000000 11.000000 4.000000 5.000000 11.000000 4.000000 8.000000 
46.384503 73.926646 0.000000 8.000000 6.000000 6.000000 6.000000 2.000000 5.000000 12.000000 7.000000 4.000000 8.000000 8.000000 9.000000 
44.728409 82.728409 0.000000 11.000000 0.000000 3.000000 8.000000 3.000000 4.000000 11.000000 7.000000 8.000000 7.000000 8.000000 11.000000 
40.926646 93.705269 0.000000 14.000000 4.000000 6.000000 7.000000 3.000000 5.000000 7.000000 5.000000 5.000000 7.000000 7.000000 11.000000 
41.951852 102.952650 0.000000 5.000000 4.000000 6.000000 7.000000 6.000000 5.000000 10.000000 3.000000 4.000000 9.000000 5.000000 17.000000 
44.170896 109.283269 0.000000 7.000000 8.000000 3.000000 10.000000 4.000000 4.000000 9.000000 5.000000 3.000000 10.000000 5.000000 13.000000 
45.375479 116.261558 0.000000 14.000000 11.000000 8.000000 5.000000 6.000000 3.000000 4.000000 4.000000 2.000000 8.000000 7.000000 9.000000 
42.603108 122.029198 0.000000 15.000000 7.000000 7.000000 10.000000 2.000000 0.000000 6.000000 7.000000 5.000000 12.000000 5.000000 5.000000 
44.639760 130.642233 0.000000 17.000000 7.000000 3.000000 3.000000 5.000000 3.000000 5.000000 6.000000 8.000000 9.000000 4.000000 11.000000 
44.017936 140.335240 0.000000 6.000000 7.000000 3.000000 8.000000 7.000000 10.000000 5.000000 7.000000 8.000000 13.000000 0.000000 7.000000 
45.557452 154.117549 0.000000 3.000000 2.000000 7.000000 6.000000 9.000000 12.000000 11.000000 8.000000 3.000000 12.000000 3.000000 5.000000 
44.056059 159.873180 0.000000 3.000000 5.000000 6.000000 2.000000 5.000000 7.000000 16.000000 5.000000 5.000000 10.000000 7.000000 10.000000 
45.687440 166.677587 0.000000 9.000000 3.000000 6.000000 6.000000 4.000000 4.000000 4.000000 6.000000 8.000000 9.000000 5.000000 17.000000 
44.474028 172.733993 0.000000 12.000000 2.000000 12.000000 7.000000 3.000000 5.000000 4.000000 9.000000 4.000000 1.000000 2.000000 20.000000 
44.659156 181.471417 0.000000 13.000000 1.000000 7.000000 4.000000 7.000000 4.000000 5.000000 5.000000 6.000000 0.000000 9.000000 20.000000 
39.425460 187.149286 0.000000 28.000000 2.000000 1.000000 6.000000 5.000000 8.000000 5.000000 5.000000 7.000000 3.000000 3.000000 8.000000 
42.697434 200.153227 0.000000 33.000000 9.000000 11.000000 4.000000 1.000000 1.000000 0.000000 1.000000 1.000000 2.000000 12.000000 6.000000 
46.352926 204.071620 0.000000 28.000000 8.000000 11.000000 4.000000 3.000000 4.000000 2.000000 2.000000 2.000000 9.000000 6.000000 2.000000 
46.000000 211.000000 0.000000 22.000000 12.000000 13.000000 1.000000 2.000000 2.000000 2.000000 4.000000 4.000000 9.000000 4.000000 6.000000 
44.840088 222.315729 0.000000 7.000000 6.000000 6.000000 5.000000 4.000000 2.000000 3.000000 8.000000 8.000000 24.000000 5.000000 3.000000 
46.678144 226.647065 0.000000 6.000000 9.000000 5.000000 17.000000 9.000000 4.000000 8.000000 5.000000 6.000000 3.000000 5.000000 4.000000 
44.286805 236.815779 27.000000 10.000000 1.000000 1.000000 4.000000 7.000000 2.000000 4.000000 1.000000 4.000000 3.000000 7.000000 1.000000 
52.365028 5.365028 27.000000 5.000000 5.000000 7.000000 9.000000 4.000000 3.000000 2.000000 3.000000 3.000000 4.000000 3.000000 6.000000 
52.314091 12.685909 0.000000 10.000000 5.000000 9.000000 9.000000 5.000000 9.000000 4.000000 7.000000 6.000000 6.000000 6.000000 5.000000 
53.333660 19.975475 0.000000 18.000000 9.000000 2.000000 2.000000 0.000000 4.000000 9.000000 4.000000 6.000000 5.000000 8.000000 14.000000 
52.884707 26.923728 0.000000 10.000000 11.000000 7.000000 2.000000 6.000000 3.000000 5.000000 4.000000 6.000000 9.000000 8.000000 10.000000 
50.369245 35.642594 0.000000 19.000000 3.000000 12.000000 13.000000 3.000000 4.000000 2.000000 2.000000 5.000000 8.000000 8.000000 2.000000 
50.280341 47.290194 0.000000 16.000000 7.000000 5.000000 6.000000 6.000000 5.000000 4.000000 5.000000 3.000000 6.000000 8.000000 10.000000 
49.709858 53.194762 0.000000 12.000000 8.000000 7.000000 4.000000 4.000000 6.000000 7.000000 4.000000 8.000000 5.000000 9.000000 7.000000 
55.203837 60.161191 0.000000 16.000000 9.000000 10.000000 4.000000 2.000000 3.000000 2.000000 2.000000 3.000000 14.000000 7.000000 9.000000 
54.685598 66.538677 0.000000 14.000000 12.000000 6.000000 9.000000 3.000000 1.000000 3.000000 5.000000 2.000000 8.000000 11.000000 7.000000 
55.413175 73.951852 0.000000 19.000000 7.000000 9.000000 13.000000 3.000000 4.000000 6.000000 4.000000 1.000000 1.000000 3.000000 11.000000 
53.254742 83.644139 0.000000 13.000000 9.000000 8.000000 5.000000 1.000000 1.000000 4.000000 3.000000 6.000000 12.000000 9.000000 10.000000 
50.677587 94.687440 0.000000 17.000000 10.000000 10.000000 8.000000 3.000000 5.000000 4.000000 2.000000 3.000000 8.000000 5.000000 6.000000 
50.682014 102.051951 0.000000 21.000000 3.000000 7.000000 9.000000 3.000000 3.000000 4.000000 2.000000 5.000000 9.000000 7.000000 8.000000 
53.060610 107.016194 0.000000 10.000000 4.000000 6.000000 10.000000 6.000000 7.000000 6.000000 4.000000 5.000000 10.000000 7.000000 6.000000 
53.402579 114.999849 0.000000 9.000000 7.000000 2.000000 4.000000 4.000000 7.000000 11.000000 7.000000 5.000000 9.000000 9.000000 7.000000 
48.253865 123.301461 0.000000 5.000000 8.000000 11.000000 16.000000 4.000000 4.000000 9.000000 7.000000 3.000000 5.000000 5.000000 4.000000 
56.109562 132.687440 0.000000 17.000000 7.000000 4.000000 9.000000 3.000000 3.000000 6.000000 4.000000 4.000000 11.000000 8.000000 5.000000 
54.713569 141.965818 0.000000 11.000000 3.000000 5.000000 6.000000 5.000000 4.000000 4.000000 8.000000 9.000000 14.000000 5.000000 7.000000 
54.365028 151.679679 0.000000 15.000000 7.000000 9.000000 10.000000 4.000000 7.000000 7.000000 2.000000 4.000000 4.000000 5.000000 7.000000 
53.562727 157.642206 0.000000 9.000000 4.000000 9.000000 10.000000 5.000000 5.000000 6.000000 4.000000 2.000000 13.000000 4.000000 10.000000 
52.368460 164.183881 0.000000 4.000000 2.000000 10.000000 10.000000 5.000000 2.000000 7.000000 6.000000 4.000000 6.000000 9.000000 16.000000 
50.000000 172.689680 0.000000 12.000000 3.000000 9.000000 5.000000 2.000000 3.000000 7.000000 8.000000 3.000000 2.000000 7.000000 20.000000 
49.069834 180.502598 0.000000 9.000000 4.000000 11.000000 5.000000 4.000000 3.000000 5.000000 8.000000 4.000000 2.000000 6.000000 20.000000 
43.714875 188.161403 0.000000 29.000000 2.000000 1.000000 5.000000 4.000000 4.000000 2.000000 5.000000 5.000000 6.000000 4.000000 14.000000 
46.805120 199.597094 0.000000 34.000000 5.000000 14.000000 1.000000 2.000000 1.000000 1.000000 2.000000 2.000000 3.000000 11.000000 5.000000 
49.533563 204.911474 0.000000 22.000000 6.000000 10.000000 4.000000 1.000000 5.000000 2.000000 2.000000 5.000000 11.000000 8.000000 5.000000 
53.738879 212.879738 0.000000 24.000000 8.000000 14.000000 6.000000 2.000000 5.000000 2.000000 4.000000 2.000000 7.000000 3.000000 4.000000 
55.132772 228.276905 0.000000 4.000000 3.000000 3.000000 3.000000 5.000000 2.000000 5.000000 4.000000 7.000000 38.000000 5.000000 2.000000 
53.299543 232.161707 0.000000 6.000000 1.000000 0.000000 6.000000 3.000000 4.000000 4.000000 7.000000 9.000000 30.000000 6.000000 5.000000 
52.341247 237.002427 27.000000 10.000000 1.000000 2.000000 2.000000 0.000000 3.000000 1.000000 1.000000 2.000000 6.000000 8.000000 9.000000 
60.000000 5.324652 39.000000 4.000000 2.000000 2.000000 2.000000 6.000000 4.000000 5.000000 7.000000 3.000000 3.000000 1.000000 3.000000 
60.000000 13.324652 18.000000 4.000000 2.000000 4.000000 9.000000 7.000000 6.000000 9.000000 5.000000 4.000000 9.000000 2.000000 2.000000 
60.000000 21.324652 18.000000 9.000000 6.000000 8.000000 6.000000 4.000000 5.000000 5.000000 5.000000 2.000000 3.000000 3.000000 7.000000 
60.425387 29.324652 18.000000 9.000000 4.000000 3.000000 1.000000 3.000000 10.000000 10.000000 7.000000 5.000000 2.000000 2.000000 7.000000 
59.714585 37.039237 18.000000 3.000000 4.000000 1.000000 2.000000 1.000000 11.000000 8.000000 12.000000 8.000000 2.000000 4.000000 7.000000 
59.363528 46.049183 18.000000 8.000000 3.000000 3.000000 3.000000 2.000000 2.000000 5.000000 11.000000 6.000000 12.000000 6.000000 2.000000 
59.702493 53.027146 18.000000 10.000000 6.000000 3.000000 12.000000 1.000000 2.000000 4.000000 4.000000 3.000000 7.000000 5.000000 6.000000 
60.496632 61.324652 18.000000 13.000000 6.000000 4.000000 4.000000 4.000000 2.000000 1.000000 2.000000 5.000000 9.000000 7.000000 6.000000 
60.000000 69.324652 18.000000 20.000000 2.000000 4.000000 2.000000 3.000000 8.000000 4.000000 0.000000 2.000000 5.000000 10.000000 3.000000 
60.925385 76.882344 18.000000 10.000000 4.000000 4.000000 11.000000 3.000000 6.000000 7.000000 6.000000 1.000000 3.000000 2.000000 6.000000 
60.000000 85.324652 18.000000 8.000000 2.000000 2.000000 12.000000 3.000000 2.000000 13.000000 4.000000 2.000000 5.000000 5.000000 5.000000 
60.000000 93.632643 18.000000 11.000000 7.000000 5.000000 2.000000 2.000000 4.000000 11.000000 3.000000 3.000000 6.000000 5.000000 4.000000 
60.000000 101.324652 18.000000 13.000000 2.000000 3.000000 6.000000 2.000000 3.000000 8.000000 5.000000 3.000000 7.000000 10.000000 1.000000 
60.000000 109.324652 18.000000 12.000000 5.000000 9.000000 3.000000 2.000000 1.000000 7.000000 3.000000 1.000000 4.000000 12.000000 4.000000 
60.896456 116.882619 18.000000 11.000000 5.000000 6.000000 5.000000 1.000000 2.000000 6.000000 3.000000 1.000000 6.000000 11.000000 6.000000 
58.899180 124.745681 18.000000 13.000000 5.000000 6.000000 7.000000 3.000000 5.000000 4.000000 1.000000 2.000000 7.000000 4.000000 6.000000 
61.569821 132.835046 18.000000 16.000000 4.000000 1.000000 4.000000 2.000000 2.000000 2.000000 4.000000 2.000000 14.000000 10.000000 2.000000 
60.000000 141.324652 18.000000 7.000000 7.000000 5.000000 6.000000 3.000000 6.000000 4.000000 3.000000 4.000000 8.000000 6.000000 4.000000 
60.493729 150.735469 18.000000 2.000000 4.000000 9.000000 6.000000 3.000000 3.000000 11.000000 4.000000 6.000000 6.000000 5.000000 4.000000 
60.000000 157.324652 18.000000 7.000000 6.000000 1.000000 2.000000 5.000000 6.000000 9.000000 7.000000 5.000000 11.000000 0.000000 4.000000 
60.000000 165.324652 18.000000 6.000000 0.000000 8.000000 6.000000 6.000000 2.000000 4.000000 2.000000 2.000000 4.000000 9.000000 14.000000 
59.714216 173.038868 18.000000 7.000000 5.000000 5.000000 8.000000 3.000000 8.000000 8.000000 3.000000 2.000000 3.000000 3.000000 8.000000 
60.000000 181.324652 18.000000 11.000000 8.000000 2.000000 7.000000 1.000000 4.000000 11.000000 2.000000 2.000000 4.000000 3.000000 8.000000 
58.795633 189.033418 18.000000 10.000000 10.000000 5.000000 1.000000 2.000000 4.000000 6.000000 7.000000 2.000000 3.000000 3.000000 10.000000 
59.272313 198.033945 18.000000 7.000000 3.000000 6.000000 5.000000 6.000000 5.000000 2.000000 8.000000 4.000000 1.000000 6.000000 10.000000 
59.701975 205.324652 18.000000 10.000000 4.000000 7.000000 2.000000 3.000000 2.000000 2.000000 6.000000 7.000000 5.000000 8.000000 7.000000 
59.753214 213.571439 18.000000 14.000000 4.000000 8.000000 1.000000 1.000000 1.000000 5.000000 4.000000 5.000000 9.000000 5.000000 6.000000 
58.882071 224.499055 18.000000 2.000000 9.000000 3.000000 3.000000 4.000000 1.000000 3.000000 1.000000 1.000000 28.000000 7.000000 1.000000 
56.000000 227.988973 0.000000 4.000000 1.000000 1.000000 3.000000 8.000000 3.000000 4.000000 3.000000 6.000000 37.000000 6.000000 5.000000 
59.336910 236.343252 35.000000 2.000000 2.000000 1.000000 3.000000 4.000000 5.000000 3.000000 1.000000 4.000000 2.000000 1.000000 0.000000 
