240
5.000000 5.689680 39.000000 5.000000 3.000000 3.000000 2.000000 2.000000 3.000000 0.000000 3.000000 0.000000 1.000000 1.000000 1.000000 
4.621824 13.647065 27.000000 10.000000 4.000000 1.000000 1.000000 1.000000 1.000000 1.000000 2.000000 3.000000 7.000000 4.000000 1.000000 
3.586825 20.911477 27.000000 9.000000 1.000000 1.000000 1.000000 2.000000 6.000000 0.000000 2.000000 3.000000 6.000000 2.000000 3.000000 
5.030303 29.118718 27.000000 5.000000 3.000000 6.000000 3.000000 2.000000 2.000000 0.000000 0.000000 2.000000 6.000000 5.000000 2.000000 
4.622820 37.943821 27.000000 9.000000 2.000000 4.000000 1.000000 0.000000 1.000000 0.000000 1.000000 1.000000 4.000000 6.000000 7.000000 
3.092428 45.737828 27.000000 9.000000 1.000000 1.000000 11.000000 0.000000 1.000000 0.000000 0.000000 1.000000 3.000000 6.000000 3.000000 
2.648789 53.003044 27.000000 11.000000 1.000000 5.000000 3.000000 1.000000 0.000000 0.000000 0.000000 3.000000 4.000000 5.000000 3.000000 
2.669469 60.854904 27.000000 12.000000 11.000000 2.000000 2.000000 1.000000 0.000000 0.000000 0.000000 0.000000 4.000000 4.000000 0.000000 
3.136269 70.611998 27.000000 11.000000 7.000000 2.000000 1.000000 0.000000 0.000000 1.000000 0.000000 2.000000 7.000000 5.000000 0.000000 
3.583138 77.324652 27.000000 9.000000 3.000000 5.000000 7.000000 1.000000 1.000000 0.000000 0.000000 0.000000 8.000000 1.000000 1.000000 
3.173321 84.497973 27.000000 5.000000 5.000000 5.000000 4.000000 2.000000 1.000000 1.000000 1.000000 0.000000 5.000000 5.000000 2.000000 
3.480049 93.973312 27.000000 8.000000 4.000000 1.000000 2.000000 0.000000 0.000000 0.000000 1.000000 1.000000 6.000000 9.000000 4.000000 
3.187159 100.511812 27.000000 5.000000 2.000000 4.000000 7.000000 4.000000 1.000000 0.000000 2.000000 3.000000 2.000000 4.000000 2.000000 
4.000000 109.689680 27.000000 6.000000 1.000000 5.000000 1.000000 2.000000 1.000000 1.000000 0.000000 1.000000 0.000000 11.000000 7.000000 
4.322413 117.002240 27.000000 8.000000 8.000000 4.000000 2.000000 2.000000 1.000000 3.000000 2.000000 1.000000 1.000000 3.000000 1.000000 
4.000000 125.689680 27.000000 7.000000 1.000000 2.000000 5.000000 3.000000 1.000000 1.000000 2.000000 3.000000 6.000000 2.000000 3.000000 
4.951414 134.276067 27.000000 6.000000 4.000000 2.000000 4.000000 2.000000 0.000000 2.000000 1.000000 3.000000 4.000000 4.000000 4.000000 
3.583138 141.324652 27.000000 9.000000 2.000000 3.000000 10.000000 4.000000 1.000000 1.000000 0.000000 1.000000 2.000000 1.000000 2.000000 
4.000000 149.689680 27.000000 8.000000 2.000000 0.000000 2.000000 1.000000 0.000000 0.000000 1.000000 1.000000 10.000000 5.000000 6.000000 
4.324652 157.324652 27.000000 10.000000 4.000000 4.000000 6.000000 1.000000 4.000000 1.000000 1.000000 1.000000 0.000000 1.000000 3.000000 
2.399056 164.605383 27.000000 11.000000 5.000000 3.000000 3.000000 0.000000 3.000000 2.000000 0.000000 1.000000 2.000000 5.000000 1.000000 
4.322413 173.002240 27.000000 7.000000 10.000000 3.000000 7.000000 0.000000 0.000000 0.000000 1.000000 1.000000 0.000000 6.000000 1.000000 
3.583138 181.324652 27.000000 8.000000 5.000000 1.000000 1.000000 0.000000 0.000000 0.000000 1.000000 1.000000 11.000000 7.000000 1.000000 
4.578907 188.745745 27.000000 14.000000 4.000000 2.000000 8.000000 3.000000 0.000000 0.000000 0.000000 0.000000 0.000000 1.000000 4.000000 
4.324652 197.022496 27.000000 12.000000 1.000000 1.000000 5.000000 3.000000 2.000000 0.000000 1.000000 1.000000 7.000000 3.000000 0.000000 
4.324652 205.324652 27.000000 6.000000 2.000000 4.000000 7.000000 1.000000 2.000000 0.000000 0.000000 2.000000 4.000000 3.000000 5.000000 
4.322413 213.002240 27.000000 5.000000 5.000000 3.000000 2.000000 1.000000 4.000000 1.000000 0.000000 0.000000 4.000000 5.000000 6.000000 
2.551678 222.233468 27.000000 11.000000 2.000000 1.000000 2.000000 1.000000 3.000000 2.000000 0.000000 0.000000 4.000000 9.000000 1.000000 
2.919294 227.554267 27.000000 7.000000 4.000000 2.000000 3.000000 3.000000 2.000000 3.000000 1.000000 2.000000 3.000000 0.000000 6.000000 
5.000000 236.365028 36.000000 3.000000 0.000000 1.000000 2.000000 3.000000 1.000000 1.000000 1.000000 0.000000 0.000000 5.000000 3.000000 
12.735126 5.687440 27.000000 15.000000 6.000000 3.000000 0.000000 1.000000 0.000000 4.000000 6.000000 1.000000 7.000000 8.000000 3.000000 
14.473415 12.586825 0.000000 9.000000 7.000000 8.000000 6.000000 10.000000 2.000000 2.000000 3.000000 12.000000 4.000000 12.000000 6.000000 
13.491705 18.131278 0.000000 8.000000 6.000000 7.000000 11.000000 8.000000 4.000000 5.000000 2.000000 4.000000 9.000000 11.000000 6.000000 
17.350180 27.617667 0.000000 13.000000 5.000000 8.000000 6.000000 4.000000 5.000000 4.000000 6.000000 4.000000 11.000000 7.000000 8.000000 
14.545212 37.744098 0.000000 16.000000 6.000000 6.000000 11.000000 5.000000 2.000000 6.000000 7.000000 2.000000 9.000000 0.000000 11.000000 
7.759192 45.270205 0.000000 18.000000 5.000000 8.000000 13.000000 2.000000 3.000000 7.000000 3.000000 7.000000 3.000000 5.000000 7.000000 
7.961314 49.793936 0.000000 20.000000 5.000000 8.000000 8.000000 5.000000 5.000000 3.000000 0.000000 6.000000 6.000000 8.000000 7.000000 
8.937925 59.891785 0.000000 25.000000 13.000000 6.000000 2.000000 3.000000 1.000000 4.000000 6.000000 4.000000 4.000000 7.000000 6.000000 
9.959625 71.000000 0.000000 22.000000 14.000000 6.000000 3.000000 3.000000 3.000000 3.000000 1.000000 3.000000 6.000000 9.000000 8.000000 
9.971200 76.191894 0.000000 14.000000 8.000000 2.000000 8.000000 8.000000 7.000000 5.000000 7.000000 5.000000 8.000000 3.000000 6.000000 
9.354915 82.517632 0.000000 19.000000 5.000000 8.000000 7.000000 5.000000 3.000000 5.000000 5.000000 4.000000 5.000000 6.000000 9.000000 
9.063730 92.642752 0.000000 12.000000 6.000000 3.000000 6.000000 6.000000 5.000000 2.000000 6.000000 4.000000 7.000000 17.000000 7.000000 
9.877713 98.927586 0.000000 10.000000 11.000000 2.000000 9.000000 8.000000 7.000000 6.000000 4.000000 5.000000 7.000000 9.000000 3.000000 
12.467854 107.996678 0.000000 18.000000 6.000000 9.000000 6.000000 4.000000 6.000000 5.000000 5.000000 3.000000 3.000000 9.000000 7.000000 
13.000000 115.689680 0.000000 20.000000 12.000000 1.000000 3.000000 5.000000 5.000000 5.000000 6.000000 3.000000 11.000000 5.000000 5.000000 
12.994977 126.360005 0.000000 7.000000 3.000000 5.000000 8.000000 9.000000 6.000000 13.000000 5.000000 10.000000 5.000000 1.000000 9.000000 
14.218110 135.000000 0.000000 8.000000 5.000000 5.000000 1.000000 3.000000 4.000000 10.000000 8.000000 6.000000 18.000000 7.000000 6.000000 
11.446869 141.188384 0.000000 20.000000 2.000000 2.000000 4.000000 6.000000 6.000000 4.000000 5.000000 6.000000 9.000000 8.000000 9.000000 
12.687440 149.322413 0.000000 19.000000 6.000000 11.000000 2.000000 7.000000 7.000000 2.000000 4.000000 4.000000 4.000000 6.000000 9.000000 
10.860238 154.707215 0.000000 17.000000 11.000000 5.000000 5.000000 6.000000 2.000000 8.000000 7.000000 8.000000 3.000000 5.000000 4.000000 
8.413175 161.221797 0.000000 18.000000 6.000000 5.000000 8.000000 2.000000 7.000000 11.000000 6.000000 5.000000 6.000000 7.000000 0.000000 
12.092881 170.375679 0.000000 12.000000 12.000000 3.000000 5.000000 3.000000 4.000000 4.000000 4.000000 6.000000 11.000000 12.000000 5.000000 
11.392756 178.780893 0.000000 7.000000 8.000000 5.000000 7.000000 6.000000 8.000000 8.000000 2.000000 1.000000 13.000000 10.000000 6.000000 
14.256648 184.907404 0.000000 6.000000 2.000000 3.000000 0.000000 4.000000 4.000000 13.000000 9.000000 7.000000 17.000000 10.000000 6.000000 
14.058956 195.322413 0.000000 7.000000 6.000000 4.000000 5.000000 5.000000 10.000000 13.000000 7.000000 2.000000 13.000000 5.000000 4.000000 
13.413175 203.611993 0.000000 9.000000 7.000000 13.000000 13.000000 4.000000 6.000000 8.000000 2.000000 7.000000 8.000000 2.000000 2.000000 
11.185578 212.494055 0.000000 12.000000 17.000000 4.000000 7.000000 3.000000 10.000000 4.000000 1.000000 1.000000 4.000000 8.000000 10.000000 
6.571167 219.898153 0.000000 21.000000 3.000000 2.000000 5.000000 3.000000 7.000000 10.000000 2.000000 3.000000 6.000000 10.000000 9.000000 
8.193521 226.118854 0.000000 21.000000 5.000000 3.000000 4.000000 5.000000 3.000000 5.000000 4.000000 7.000000 8.000000 3.000000 13.000000 
11.498587 236.863614 27.000000 5.000000 2.000000 2.000000 2.000000 8.000000 2.000000 5.000000 2.000000 3.000000 4.000000 7.000000 3.000000 
21.186592 5.365028 27.000000 15.000000 6.000000 4.000000 5.000000 4.000000 2.000000 5.000000 2.000000 2.000000 2.000000 3.000000 4.000000 
24.664358 11.507185 0.000000 7.000000 11.000000 4.000000 5.000000 5.000000 5.000000 5.000000 6.000000 4.000000 8.000000 10.000000 11.000000 
24.551733 18.365028 0.000000 11.000000 8.000000 5.000000 5.000000 7.000000 4.000000 3.000000 6.000000 4.000000 6.000000 9.000000 13.000000 
24.424805 27.492976 0.000000 14.000000 6.000000 9.000000 6.000000 4.000000 3.000000 3.000000 4.000000 4.000000 9.000000 9.000000 10.000000 
24.154318 35.402519 0.000000 14.000000 8.000000 9.000000 8.000000 3.000000 1.000000 2.000000 4.000000 6.000000 7.000000 11.000000 8.000000 
18.502238 43.878636 0.000000 11.000000 4.000000 6.000000 16.000000 7.000000 2.000000 2.000000 1.000000 4.000000 9.000000 11.000000 8.000000 
20.664374 48.634972 0.000000 8.000000 3.000000 5.000000 13.000000 9.000000 5.000000 7.000000 2.000000 6.000000 7.000000 11.000000 5.000000 
22.746764 59.584652 0.000000 14.000000 11.000000 6.000000 4.000000 1.000000 3.000000 3.000000 3.000000 3.000000 8.000000 14.000000 11.000000 
21.842969 68.117402 0.000000 14.000000 6.000000 6.000000 11.000000 4.000000 6.000000 6.000000 4.000000 2.000000 7.000000 8.000000 7.000000 
20.709512 75.959625 0.000000 9.000000 11.000000 3.000000 10.000000 4.000000 8.000000 4.000000 6.000000 4.000000 7.000000 7.000000 8.000000 
18.652557 85.992269 0.000000 20.000000 11.000000 6.000000 3.000000 1.000000 3.000000 3.000000 1.000000 1.000000 7.000000 9.000000 16.000000 
18.113122 94.568885 0.000000 20.000000 6.000000 7.000000 10.000000 3.000000 3.000000 6.000000 4.000000 6.000000 5.000000 6.000000 5.000000 
20.681998 99.185584 0.000000 9.000000 3.000000 1.000000 5.000000 8.000000 8.000000 4.000000 6.000000 12.000000 9.000000 7.000000 9.000000 
21.677597 107.647065 0.000000 10.000000 11.000000 7.000000 7.000000 6.000000 8.000000 6.000000 3.000000 7.000000 3.000000 7.000000 6.000000 
20.000000 116.959625 0.000000 16.000000 4.000000 5.000000 6.000000 4.000000 3.000000 2.000000 7.000000 7.000000 9.000000 14.000000 4.000000 
19.957385 125.616325 0.000000 15.000000 14.000000 6.000000 2.000000 8.000000 3.000000 5.000000 8.000000 5.000000 8.000000 4.000000 3.000000 
19.886688 132.612978 0.000000 9.000000 8.000000 6.000000 10.000000 5.000000 5.000000 3.000000 4.000000 4.000000 19.000000 5.000000 3.000000 
20.226093 139.996988 0.000000 16.000000 8.000000 8.000000 8.000000 5.000000 3.000000 3.000000 0.000000 2.000000 12.000000 8.000000 8.000000 
20.173650 149.000000 0.000000 17.000000 9.000000 12.000000 8.000000 5.000000 4.000000 3.000000 4.000000 5.000000 2.000000 6.000000 6.000000 
18.586825 153.816795 0.000000 25.000000 0.000000 6.000000 4.000000 2.000000 2.000000 4.000000 5.000000 8.000000 12.000000 9.000000 4.000000 
19.844750 161.834029 0.000000 11.000000 5.000000 5.000000 12.000000 5.000000 1.000000 5.000000 2.000000 9.000000 19.000000 4.000000 3.000000 
22.483759 170.838934 0.000000 17.000000 3.000000 9.000000 9.000000 3.000000 5.000000 8.000000 4.000000 4.000000 10.000000 5.000000 4.000000 
20.334212 178.746140 0.000000 2.000000 11.000000 8.000000 7.000000 4.000000 3.000000 5.000000 6.000000 7.000000 9.000000 10.000000 9.000000 
21.363867 186.239786 0.000000 10.000000 9.000000 11.000000 13.000000 9.000000 6.000000 4.000000 3.000000 2.000000 5.000000 6.000000 3.000000 
20.887341 196.211994 0.000000 3.000000 2.000000 3.000000 2.000000 6.000000 12.000000 11.000000 5.000000 5.000000 16.000000 12.000000 4.000000 
20.014011 205.653697 0.000000 4.000000 4.000000 4.000000 4.000000 8.000000 8.000000 16.000000 7.000000 4.000000 10.000000 6.000000 6.000000 
17.095701 213.403056 0.000000 6.000000 12.000000 9.000000 10.000000 3.000000 5.000000 4.000000 1.000000 0.000000 17.000000 7.000000 7.000000 
17.833682 217.542510 0.000000 2.000000 13.000000 7.000000 12.000000 3.000000 7.000000 5.000000 3.000000 3.000000 17.000000 4.000000 5.000000 
19.679100 228.606068 0.000000 15.000000 2.000000 5.000000 9.000000 0.000000 2.000000 7.000000 6.000000 7.000000 6.000000 10.000000 12.000000 
20.000000 237.365028 27.000000 7.000000 2.000000 6.000000 3.000000 3.000000 4.000000 6.000000 3.000000 2.000000 4.000000 4.000000 1.000000 
28.000000 5.689680 27.000000 15.000000 2.000000 3.000000 2.000000 5.000000 6.000000 4.000000 5.000000 3.000000 2.000000 4.000000 3.000000 
29.995880 13.338411 0.000000 9.000000 6.000000 7.000000 6.000000 7.000000 7.000000 1.000000 4.000000 5.000000 5.000000 10.000000 14.000000 
28.161595 22.451220 0.000000 7.000000 9.000000 7.000000 3.000000 6.000000 2.000000 7.000000 6.000000 5.000000 6.000000 13.000000 10.000000 
30.379897 28.586825 0.000000 18.000000 1.000000 12.000000 10.000000 6.000000 6.000000 3.000000 4.000000 4.000000 5.000000 8.000000 4.000000 
31.730038 35.002240 0.000000 12.000000 11.000000 11.000000 3.000000 4.000000 3.000000 3.000000 5.000000 7.000000 5.000000 9.000000 8.000000 
28.251003 45.298589 0.000000 15.000000 9.000000 4.000000 8.000000 9.000000 5.000000 4.000000 4.000000 4.000000 7.000000 5.000000 7.000000 
28.425761 50.668226 0.000000 17.000000 12.000000 6.000000 3.000000 2.000000 2.000000 2.000000 1.000000 6.000000 20.000000 5.000000 5.000000 
30.148085 59.264412 0.000000 10.000000 15.000000 8.000000 5.000000 6.000000 8.000000 1.000000 2.000000 4.000000 8.000000 4.000000 10.000000 
29.322413 66.260725 0.000000 9.000000 18.000000 9.000000 9.000000 1.000000 2.000000 3.000000 4.000000 4.000000 9.000000 7.000000 6.000000 
26.892567 75.636108 0.000000 13.000000 6.000000 2.000000 4.000000 5.000000 5.000000 6.000000 6.000000 6.000000 14.000000 5.000000 9.000000 
28.261717 86.141462 0.000000 15.000000 11.000000 9.000000 8.000000 3.000000 3.000000 2.000000 1.000000 3.000000 3.000000 7.000000 16.000000 
27.698444 93.991236 0.000000 6.000000 4.000000 4.000000 15.000000 4.000000 2.000000 8.000000 6.000000 9.000000 9.000000 5.000000 9.000000 
28.344771 101.735588 0.000000 15.000000 5.000000 10.000000 7.000000 6.000000 4.000000 5.000000 4.000000 3.000000 7.000000 5.000000 10.000000 
29.586825 108.169963 0.000000 6.000000 7.000000 10.000000 7.000000 7.000000 8.000000 3.000000 4.000000 7.000000 7.000000 7.000000 8.000000 
29.052928 115.586803 0.000000 11.000000 5.000000 10.000000 10.000000 3.000000 4.000000 6.000000 7.000000 4.000000 4.000000 10.000000 7.000000 
29.735588 125.898184 0.000000 12.000000 8.000000 7.000000 4.000000 2.000000 0.000000 0.000000 2.000000 5.000000 18.000000 14.000000 9.000000 
29.679702 130.093298 0.000000 10.000000 3.000000 7.000000 5.000000 3.000000 1.000000 9.000000 2.000000 7.000000 19.000000 9.000000 6.000000 
29.210366 138.996288 0.000000 4.000000 6.000000 4.000000 17.000000 6.000000 5.000000 14.000000 9.000000 5.000000 5.000000 3.000000 3.000000 
27.108436 148.452777 0.000000 24.000000 3.000000 4.000000 19.000000 7.000000 7.000000 4.000000 2.000000 2.000000 4.000000 3.000000 2.000000 
28.647248 154.177094 0.000000 18.000000 2.000000 5.000000 6.000000 2.000000 2.000000 2.000000 2.000000 2.000000 18.000000 11.000000 11.000000 
30.150317 162.002718 0.000000 9.000000 9.000000 7.000000 12.000000 14.000000 5.000000 6.000000 2.000000 3.000000 4.000000 3.000000 7.000000 
32.498297 173.938850 0.000000 21.000000 4.000000 11.000000 7.000000 3.000000 2.000000 3.000000 6.000000 6.000000 11.000000 6.000000 1.000000 
32.322413 183.146561 0.000000 8.000000 17.000000 10.000000 9.000000 4.000000 3.000000 2.000000 9.000000 7.000000 3.000000 4.000000 5.000000 
29.491467 187.894082 0.000000 7.000000 9.000000 13.000000 3.000000 3.000000 2.000000 5.000000 6.000000 4.000000 13.000000 10.000000 6.000000 
27.190335 193.174693 0.000000 8.000000 4.000000 3.000000 7.000000 4.000000 7.000000 10.000000 5.000000 7.000000 15.000000 7.000000 4.000000 
28.902161 204.956912 0.000000 8.000000 9.000000 8.000000 5.000000 6.000000 7.000000 9.000000 3.000000 2.000000 7.000000 10.000000 7.000000 
31.165515 211.180912 0.000000 7.000000 7.000000 6.000000 14.000000 5.000000 3.000000 2.000000 7.000000 9.000000 8.000000 5.000000 8.000000 
33.026709 215.287937 0.000000 8.000000 6.000000 3.000000 15.000000 6.000000 3.000000 4.000000 4.000000 9.000000 8.000000 9.000000 6.000000 
29.711410 227.662503 0.000000 11.000000 11.000000 12.000000 13.000000 10.000000 1.000000 5.000000 1.000000 4.000000 4.000000 3.000000 6.000000 
28.317511 237.365028 27.000000 8.000000 4.000000 2.000000 3.000000 1.000000 3.000000 4.000000 6.000000 1.000000 5.000000 2.000000 6.000000 
37.094798 5.277296 27.000000 7.000000 1.000000 2.000000 5.000000 5.000000 5.000000 4.000000 3.000000 5.000000 8.000000 8.000000 1.000000 
38.699690 13.159092 0.000000 10.000000 7.000000 11.000000 5.000000 4.000000 4.000000 5.000000 4.000000 6.000000 8.000000 11.000000 6.000000 
35.873772 24.646738 0.000000 9.000000 10.000000 5.000000 3.000000 4.000000 0.000000 5.000000 4.000000 7.000000 18.000000 5.000000 11.000000 
37.406113 29.275178 0.000000 16.000000 4.000000 8.000000 4.000000 6.000000 1.000000 8.000000 4.000000 8.000000 13.000000 6.000000 3.000000 
37.902917 35.161366 0.000000 11.000000 8.000000 12.000000 6.000000 3.000000 2.000000 7.000000 6.000000 4.000000 5.000000 9.000000 8.000000 
36.322413 46.002240 0.000000 18.000000 7.000000 5.000000 7.000000 5.000000 0.000000 6.000000 4.000000 3.000000 11.000000 7.000000 8.000000 
36.000000 53.416592 0.000000 16.000000 13.000000 3.000000 9.000000 3.000000 1.000000 3.000000 3.000000 6.000000 12.000000 4.000000 8.000000 
37.737828 58.586825 0.000000 11.000000 7.000000 9.000000 10.000000 2.000000 9.000000 6.000000 7.000000 5.000000 4.000000 4.000000 7.000000 
34.802891 65.909521 0.000000 13.000000 8.000000 7.000000 9.000000 3.000000 4.000000 4.000000 7.000000 7.000000 6.000000 6.000000 7.000000 
31.579729 77.648070 0.000000 22.000000 9.000000 6.000000 7.000000 2.000000 4.000000 5.000000 3.000000 4.000000 9.000000 2.000000 8.000000 
35.314573 86.017649 0.000000 22.000000 11.000000 9.000000 2.000000 2.000000 2.000000 2.000000 3.000000 0.000000 3.000000 9.000000 16.000000 
35.586964 93.737689 0.000000 5.000000 4.000000 5.000000 13.000000 7.000000 11.000000 8.000000 7.000000 5.000000 3.000000 5.000000 8.000000 
34.173650 101.000000 0.000000 10.000000 9.000000 5.000000 2.000000 6.000000 8.000000 5.000000 3.000000 3.000000 4.000000 9.000000 17.000000 
36.149579 107.000000 0.000000 7.000000 5.000000 9.000000 5.000000 5.000000 13.000000 8.000000 6.000000 6.000000 9.000000 3.000000 5.000000 
37.644825 117.058597 0.000000 7.000000 5.000000 5.000000 3.000000 7.000000 8.000000 10.000000 8.000000 4.000000 10.000000 4.000000 10.000000 
35.662658 125.534074 0.000000 12.000000 11.000000 8.000000 1.000000 6.000000 4.000000 7.000000 4.000000 6.000000 12.000000 2.000000 8.000000 
33.151156 129.798329 0.000000 15.000000 8.000000 7.000000 6.000000 3.000000 6.000000 6.000000 2.000000 6.000000 6.000000 5.000000 11.000000 
33.000000 138.959625 0.000000 3.000000 10.000000 5.000000 23.000000 5.000000 6.000000 9.000000 4.000000 2.000000 5.000000 3.000000 6.000000 
37.527994 150.061707 0.000000 11.000000 5.000000 2.000000 5.000000 3.000000 3.000000 4.000000 3.000000 8.000000 16.000000 8.000000 13.000000 
42.534495 157.825230 0.000000 22.000000 7.000000 4.000000 6.000000 4.000000 3.000000 3.000000 3.000000 1.000000 10.000000 7.000000 11.000000 
40.601960 161.959625 0.000000 11.000000 7.000000 6.000000 4.000000 4.000000 2.000000 4.000000 3.000000 5.000000 16.000000 12.000000 7.000000 
37.607944 174.469433 0.000000 22.000000 8.000000 13.000000 4.000000 0.000000 3.000000 0.000000 6.000000 8.000000 7.000000 10.000000 0.000000 
37.036719 181.633824 0.000000 8.000000 21.000000 12.000000 6.000000 7.000000 4.000000 1.000000 6.000000 5.000000 2.000000 6.000000 3.000000 
37.846141 186.686304 0.000000 11.000000 12.000000 9.000000 6.000000 8.000000 3.000000 1.000000 4.000000 7.000000 11.000000 5.000000 4.000000 
38.779353 193.180272 0.000000 7.000000 11.000000 15.000000 7.000000 8.000000 7.000000 5.000000 2.000000 3.000000 8.000000 5.000000 3.000000 
33.685424 207.276383 0.000000 7.000000 8.000000 2.000000 8.000000 4.000000 3.000000 5.000000 9.000000 8.000000 13.000000 6.000000 8.000000 
34.686843 212.688358 0.000000 3.000000 6.000000 5.000000 19.000000 10.000000 5.000000 2.000000 4.000000 5.000000 8.000000 9.000000 5.000000 
38.224849 216.117459 0.000000 5.000000 8.000000 7.000000 10.000000 4.000000 3.000000 2.000000 6.000000 9.000000 7.000000 12.000000 8.000000 
33.586825 227.911477 0.000000 9.000000 11.000000 10.000000 12.000000 8.000000 5.000000 4.000000 8.000000 4.000000 4.000000 3.000000 3.000000 
35.704648 237.365028 27.000000 2.000000 2.000000 1.000000 3.000000 4.000000 4.000000 5.000000 6.000000 0.000000 5.000000 8.000000 5.000000 
44.410251 5.279430 27.000000 11.000000 4.000000 6.000000 2.000000 4.000000 4.000000 6.000000 3.000000 4.000000 1.000000 4.000000 5.000000 
46.348063 12.620448 0.000000 14.000000 4.000000 6.000000 3.000000 6.000000 7.000000 7.000000 7.000000 3.000000 9.000000 9.000000 6.000000 
46.517339 23.188776 0.000000 10.000000 6.000000 5.000000 4.000000 2.000000 4.000000 14.000000 5.000000 3.000000 7.000000 8.000000 13.000000 
41.665648 28.173650 0.000000 17.000000 4.000000 9.000000 5.000000 6.000000 2.000000 9.000000 1.000000 2.000000 8.000000 11.000000 7.000000 
42.586586 35.413414 0.000000 13.000000 14.000000 10.000000 5.000000 2.000000 2.000000 2.000000 4.000000 5.000000 6.000000 8.000000 10.000000 
44.677587 43.286421 0.000000 16.000000 6.000000 3.000000 7.000000 2.000000 4.000000 5.000000 9.000000 7.000000 10.000000 5.000000 7.000000 
43.676805 53.676805 0.000000 8.000000 16.000000 7.000000 6.000000 7.000000 6.000000 4.000000 8.000000 3.000000 7.000000 3.000000 6.000000 
43.341207 58.758069 0.000000 17.000000 8.000000 3.000000 6.000000 0.000000 4.000000 9.000000 6.000000 5.000000 8.000000 9.000000 6.000000 
40.595585 65.558613 0.000000 10.000000 10.000000 6.000000 14.000000 1.000000 2.000000 3.000000 7.000000 6.000000 7.000000 4.000000 11.000000 
41.220870 75.855744 0.000000 10.000000 7.000000 4.000000 9.000000 5.000000 2.000000 6.000000 4.000000 6.000000 18.000000 5.000000 5.000000 
45.073918 84.000000 0.000000 11.000000 9.000000 13.000000 3.000000 3.000000 4.000000 4.000000 5.000000 2.000000 6.000000 9.000000 12.000000 
44.119400 92.322413 0.000000 11.000000 4.000000 9.000000 13.000000 3.000000 5.000000 3.000000 4.000000 4.000000 8.000000 5.000000 12.000000 
43.365028 100.634972 0.000000 18.000000 9.000000 14.000000 5.000000 1.000000 3.000000 5.000000 3.000000 1.000000 3.000000 6.000000 13.000000 
44.905551 108.579994 0.000000 12.000000 8.000000 4.000000 3.000000 5.000000 2.000000 4.000000 2.000000 5.000000 11.000000 13.000000 12.000000 
44.243551 119.153572 0.000000 7.000000 7.000000 5.000000 3.000000 3.000000 5.000000 5.000000 9.000000 9.000000 5.000000 10.000000 13.000000 
41.135624 123.991370 0.000000 19.000000 5.000000 4.000000 2.000000 3.000000 1.000000 4.000000 3.000000 7.000000 12.000000 9.000000 12.000000 
42.324652 129.583138 0.000000 18.000000 9.000000 9.000000 11.000000 5.000000 2.000000 6.000000 2.000000 3.000000 1.000000 4.000000 11.000000 
44.251325 139.350301 0.000000 4.000000 1.000000 3.000000 16.000000 6.000000 6.000000 3.000000 3.000000 4.000000 17.000000 10.000000 8.000000 
44.322413 149.341201 0.000000 12.000000 4.000000 6.000000 18.000000 6.000000 5.000000 2.000000 2.000000 4.000000 7.000000 9.000000 6.000000 
47.286137 157.651630 0.000000 29.000000 4.000000 8.000000 2.000000 5.000000 2.000000 2.000000 1.000000 0.000000 7.000000 7.000000 14.000000 
41.705704 162.317254 0.000000 26.000000 11.000000 9.000000 7.000000 3.000000 4.000000 3.000000 4.000000 1.000000 3.000000 5.000000 5.000000 
44.911477 171.586825 0.000000 16.000000 12.000000 10.000000 4.000000 1.000000 3.000000 5.000000 5.000000 7.000000 4.000000 13.000000 1.000000 
43.000000 180.070342 0.000000 13.000000 7.000000 11.000000 6.000000 3.000000 2.000000 6.000000 5.000000 7.000000 7.000000 9.000000 5.000000 
43.322413 188.260725 0.000000 4.000000 12.000000 18.000000 5.000000 2.000000 3.000000 2.000000 3.000000 6.000000 15.000000 8.000000 3.000000 
44.685892 196.421581 0.000000 9.000000 10.000000 6.000000 11.000000 2.000000 3.000000 2.000000 0.000000 7.000000 20.000000 9.000000 2.000000 
42.637939 207.317766 0.000000 8.000000 5.000000 3.000000 17.000000 6.000000 3.000000 2.000000 4.000000 4.000000 3.000000 14.000000 12.000000 
45.986753 214.598993 0.000000 5.000000 3.000000 4.000000 11.000000 7.000000 5.000000 2.000000 4.000000 6.000000 7.000000 11.000000 16.000000 
45.110713 219.095477 0.000000 5.000000 7.000000 5.000000 12.000000 5.000000 7.000000 2.000000 6.000000 7.000000 7.000000 6.000000 12.000000 
43.026413 227.647065 0.000000 8.000000 9.000000 3.000000 7.000000 3.000000 10.000000 12.000000 5.000000 5.000000 9.000000 3.000000 7.000000 
44.000000 237.365028 27.000000 2.000000 3.000000 5.000000 5.000000 0.000000 1.000000 6.000000 7.000000 3.000000 4.000000 6.000000 3.000000 
51.677587 5.687440 27.000000 9.000000 3.000000 6.000000 4.000000 5.000000 5.000000 6.000000 3.000000 3.000000 1.000000 8.000000 1.000000 
51.501444 13.543330 0.000000 23.000000 5.000000 4.000000 1.000000 3.000000 6.000000 5.000000 7.000000 2.000000 5.000000 13.000000 7.000000 
52.129902 21.951852 0.000000 4.000000 7.000000 5.000000 3.000000 4.000000 4.000000 11.000000 7.000000 2.000000 7.000000 15.000000 12.000000 
49.373228 28.475688 0.000000 7.000000 15.000000 9.000000 1.000000 2.000000 6.000000 4.000000 6.000000 6.000000 8.000000 9.000000 8.000000 
50.659862 36.948166 0.000000 21.000000 6.000000 11.000000 7.000000 3.000000 3.000000 2.000000 0.000000 7.000000 3.000000 6.000000 12.000000 
52.262691 43.952371 0.000000 17.000000 4.000000 8.000000 8.000000 4.000000 5.000000 11.000000 6.000000 2.000000 4.000000 6.000000 6.000000 
52.634972 54.365028 0.000000 12.000000 5.000000 8.000000 11.000000 4.000000 7.000000 0.000000 7.000000 4.000000 12.000000 7.000000 4.000000 
52.042628 61.407655 0.000000 18.000000 7.000000 5.000000 7.000000 4.000000 4.000000 7.000000 2.000000 3.000000 11.000000 11.000000 2.000000 
53.828291 70.517971 0.000000 13.000000 10.000000 9.000000 8.000000 3.000000 2.000000 3.000000 4.000000 3.000000 6.000000 12.000000 8.000000 
51.057105 77.777643 0.000000 16.000000 7.000000 8.000000 5.000000 3.000000 5.000000 7.000000 5.000000 5.000000 5.000000 10.000000 5.000000 
49.248699 84.365028 0.000000 13.000000 6.000000 10.000000 5.000000 6.000000 1.000000 1.000000 5.000000 4.000000 11.000000 5.000000 14.000000 
50.000000 91.948166 0.000000 4.000000 6.000000 4.000000 9.000000 6.000000 3.000000 6.000000 0.000000 9.000000 17.000000 6.000000 11.000000 
51.247986 99.365028 0.000000 9.000000 7.000000 3.000000 1.000000 5.000000 10.000000 14.000000 4.000000 5.000000 6.000000 4.000000 13.000000 
51.000000 109.001902 0.000000 14.000000 6.000000 6.000000 3.000000 9.000000 8.000000 5.000000 2.000000 2.000000 6.000000 9.000000 11.000000 
52.000000 117.811357 0.000000 14.000000 10.000000 5.000000 6.000000 7.000000 7.000000 16.000000 4.000000 5.000000 1.000000 5.000000 1.000000 
52.365028 122.365028 0.000000 6.000000 10.000000 3.000000 9.000000 6.000000 5.000000 13.000000 5.000000 6.000000 8.000000 8.000000 2.000000 
54.078045 132.174089 0.000000 8.000000 10.000000 11.000000 5.000000 4.000000 5.000000 4.000000 1.000000 2.000000 6.000000 12.000000 13.000000 
56.413175 140.951852 0.000000 12.000000 8.000000 6.000000 20.000000 6.000000 3.000000 2.000000 3.000000 2.000000 4.000000 5.000000 10.000000 
55.172914 146.951852 0.000000 11.000000 6.000000 6.000000 9.000000 2.000000 7.000000 11.000000 1.000000 7.000000 5.000000 5.000000 11.000000 
51.906628 154.891982 0.000000 18.000000 8.000000 12.000000 7.000000 3.000000 4.000000 5.000000 3.000000 2.000000 2.000000 7.000000 10.000000 
46.365028 162.365028 0.000000 29.000000 3.000000 16.000000 2.000000 4.000000 6.000000 2.000000 2.000000 2.000000 3.000000 6.000000 6.000000 
52.071081 172.426173 0.000000 11.000000 6.000000 7.000000 11.000000 3.000000 3.000000 2.000000 1.000000 3.000000 16.000000 10.000000 8.000000 
53.413175 180.951852 0.000000 9.000000 4.000000 9.000000 17.000000 7.000000 3.000000 5.000000 3.000000 6.000000 2.000000 7.000000 9.000000 
53.322413 188.658027 0.000000 6.000000 8.000000 5.000000 9.000000 6.000000 9.000000 3.000000 9.000000 8.000000 9.000000 6.000000 3.000000 
53.413175 200.951852 0.000000 8.000000 3.000000 6.000000 6.000000 3.000000 7.000000 25.000000 7.000000 2.000000 5.000000 5.000000 4.000000 
53.612732 206.476469 0.000000 9.000000 6.000000 4.000000 7.000000 2.000000 5.000000 15.000000 8.000000 3.000000 2.000000 12.000000 8.000000 
55.000000 214.689680 0.000000 9.000000 6.000000 16.000000 20.000000 1.000000 2.000000 1.000000 1.000000 1.000000 2.000000 4.000000 18.000000 
53.108982 222.094211 0.000000 8.000000 7.000000 6.000000 8.000000 8.000000 4.000000 5.000000 2.000000 3.000000 5.000000 7.000000 18.000000 
53.000000 229.689680 0.000000 7.000000 7.000000 10.000000 7.000000 10.000000 4.000000 4.000000 6.000000 8.000000 3.000000 7.000000 8.000000 
52.000000 237.002427 27.000000 3.000000 1.000000 2.000000 7.000000 2.000000 2.000000 3.000000 5.000000 4.000000 5.000000 9.000000 2.000000 
60.000000 5.324652 39.000000 12.000000 1.000000 2.000000 2.000000 4.000000 2.000000 2.000000 1.000000 1.000000 4.000000 7.000000 4.000000 
60.000000 13.324652 18.000000 4.000000 5.000000 5.000000 10.000000 8.000000 4.000000 4.000000 4.000000 4.000000 3.000000 4.000000 8.000000 
60.000000 21.672996 18.000000 5.000000 4.000000 4.000000 3.000000 6.000000 1.000000 6.000000 9.000000 6.000000 7.000000 6.000000 6.000000 
59.736204 29.324652 18.000000 9.000000 5.000000 3.000000 1.000000 4.000000 11.000000 8.000000 7.000000 4.000000 4.000000 2.000000 5.000000 
60.000000 37.324652 18.000000 8.000000 5.000000 11.000000 3.000000 3.000000 4.000000 5.000000 3.000000 1.000000 8.000000 3.000000 9.000000 
60.000000 45.324652 18.000000 11.000000 5.000000 8.000000 2.000000 0.000000 4.000000 6.000000 1.000000 3.000000 7.000000 7.000000 9.000000 
60.394645 53.719298 18.000000 7.000000 8.000000 1.000000 2.000000 3.000000 7.000000 7.000000 3.000000 5.000000 10.000000 5.000000 5.000000 
60.000000 61.324652 18.000000 11.000000 4.000000 3.000000 3.000000 4.000000 4.000000 5.000000 4.000000 3.000000 9.000000 6.000000 7.000000 
60.463400 69.788053 18.000000 10.000000 5.000000 5.000000 9.000000 0.000000 1.000000 7.000000 7.000000 7.000000 3.000000 5.000000 4.000000 
60.000000 77.324652 18.000000 9.000000 7.000000 7.000000 3.000000 7.000000 6.000000 6.000000 0.000000 3.000000 6.000000 5.000000 4.000000 
59.727787 85.324652 18.000000 3.000000 1.000000 4.000000 1.000000 9.000000 7.000000 10.000000 12.000000 2.000000 1.000000 6.000000 7.000000 
59.716852 93.324652 18.000000 11.000000 3.000000 2.000000 0.000000 7.000000 9.000000 9.000000 5.000000 4.000000 6.000000 3.000000 4.000000 
60.000000 101.324652 18.000000 9.000000 6.000000 8.000000 2.000000 5.000000 3.000000 5.000000 5.000000 3.000000 5.000000 6.000000 6.000000 
60.000000 109.324652 18.000000 12.000000 1.000000 3.000000 4.000000 7.000000 4.000000 10.000000 4.000000 5.000000 3.000000 5.000000 5.000000 
60.000000 117.691418 18.000000 7.000000 3.000000 5.000000 2.000000 7.000000 7.000000 12.000000 6.000000 3.000000 1.000000 4.000000 6.000000 
60.000000 124.965342 18.000000 4.000000 4.000000 4.000000 6.000000 4.000000 4.000000 6.000000 6.000000 1.000000 12.000000 4.000000 8.000000 
60.000000 133.324652 18.000000 11.000000 2.000000 3.000000 3.000000 3.000000 5.000000 3.000000 3.000000 4.000000 8.000000 9.000000 9.000000 
61.586223 141.324652 18.000000 5.000000 4.000000 6.000000 19.000000 4.000000 3.000000 1.000000 2.000000 0.000000 3.000000 6.000000 10.000000 
60.000000 149.324652 18.000000 10.000000 5.000000 7.000000 4.000000 4.000000 3.000000 4.000000 2.000000 1.000000 3.000000 9.000000 11.000000 
60.425387 157.324652 18.000000 8.000000 2.000000 7.000000 3.000000 3.000000 5.000000 6.000000 6.000000 3.000000 7.000000 7.000000 6.000000 
58.795011 165.040973 18.000000 9.000000 1.000000 5.000000 1.000000 7.000000 6.000000 4.000000 7.000000 3.000000 5.000000 9.000000 6.000000 
60.000000 173.324652 18.000000 9.000000 6.000000 2.000000 6.000000 4.000000 7.000000 10.000000 5.000000 4.000000 6.000000 0.000000 4.000000 
60.000000 181.324652 18.000000 6.000000 5.000000 3.000000 7.000000 3.000000 4.000000 9.000000 6.000000 8.000000 3.000000 5.000000 4.000000 
60.000000 189.324652 18.000000 7.000000 6.000000 4.000000 13.000000 4.000000 4.000000 3.000000 10.000000 8.000000 2.000000 0.000000 2.000000 
60.000000 199.039176 18.000000 3.000000 4.000000 6.000000 8.000000 3.000000 7.000000 9.000000 2.000000 3.000000 11.000000 5.000000 2.000000 
60.000000 205.324652 18.000000 5.000000 3.000000 5.000000 6.000000 4.000000 5.000000 9.000000 10.000000 5.000000 3.000000 4.000000 4.000000 
60.963893 213.788053 18.000000 5.000000 3.000000 6.000000 10.000000 1.000000 2.000000 1.000000 6.000000 4.000000 8.000000 10.000000 7.000000 
60.000000 221.324652 18.000000 6.000000 3.000000 3.000000 14.000000 9.000000 2.000000 1.000000 5.000000 2.000000 2.000000 6.000000 10.000000 
60.000000 228.890526 18.000000 9.000000 6.000000 5.000000 6.000000 6.000000 3.000000 2.000000 1.000000 6.000000 6.000000 8.000000 5.000000 
60.000000 236.000000 35.000000 8.000000 1.000000 4.000000 3.000000 2.000000 2.000000 0.000000 1.000000 2.000000 0.000000 3.000000 2.000000 
