240
5.000000 5.689680 39.000000 0.000000 2.000000 4.000000 0.000000 1.000000 0.000000 2.000000 4.000000 0.000000 6.000000 3.000000 2.000000 
4.000000 13.689680 27.000000 5.000000 3.000000 3.000000 10.000000 2.000000 0.000000 0.000000 0.000000 2.000000 4.000000 5.000000 2.000000 
4.859987 21.933450 27.000000 5.000000 3.000000 3.000000 4.000000 4.000000 2.000000 1.000000 1.000000 1.000000 2.000000 6.000000 4.000000 
4.000000 28.959625 27.000000 9.000000 3.000000 0.000000 1.000000 2.000000 2.000000 1.000000 0.000000 3.000000 6.000000 9.000000 0.000000 
3.586825 38.153603 27.000000 12.000000 1.000000 2.000000 1.000000 2.000000 2.000000 2.000000 3.000000 1.000000 3.000000 4.000000 3.000000 
4.000000 45.689680 27.000000 11.000000 4.000000 5.000000 4.000000 0.000000 0.000000 0.000000 1.000000 2.000000 4.000000 3.000000 2.000000 
4.324652 53.324652 27.000000 13.000000 2.000000 2.000000 1.000000 1.000000 1.000000 1.000000 1.000000 4.000000 4.000000 4.000000 2.000000 
3.586825 60.911477 27.000000 15.000000 0.000000 5.000000 3.000000 0.000000 0.000000 2.000000 0.000000 2.000000 4.000000 0.000000 5.000000 
4.322413 69.647065 27.000000 9.000000 5.000000 7.000000 0.000000 0.000000 0.000000 0.000000 2.000000 3.000000 4.000000 5.000000 1.000000 
3.586825 76.524734 27.000000 8.000000 5.000000 2.000000 7.000000 1.000000 0.000000 1.000000 1.000000 1.000000 7.000000 2.000000 1.000000 
3.586825 84.911477 27.000000 2.000000 2.000000 7.000000 6.000000 3.000000 2.000000 2.000000 1.000000 2.000000 5.000000 1.000000 3.000000 
4.324652 93.324652 27.000000 3.000000 4.000000 7.000000 2.000000 3.000000 0.000000 1.000000 3.000000 0.000000 4.000000 4.000000 5.000000 
3.583138 101.324652 27.000000 3.000000 8.000000 1.000000 4.000000 0.000000 3.000000 2.000000 2.000000 3.000000 5.000000 4.000000 1.000000 
3.583138 109.324652 27.000000 4.000000 6.000000 3.000000 4.000000 3.000000 0.000000 7.000000 0.000000 2.000000 1.000000 4.000000 2.000000 
4.322413 117.647065 27.000000 6.000000 3.000000 0.000000 0.000000 3.000000 5.000000 9.000000 2.000000 3.000000 3.000000 2.000000 0.000000 
4.288481 125.978161 27.000000 9.000000 2.000000 5.000000 2.000000 1.000000 3.000000 6.000000 2.000000 0.000000 3.000000 1.000000 2.000000 
4.932004 132.691350 27.000000 8.000000 4.000000 1.000000 9.000000 0.000000 1.000000 0.000000 2.000000 2.000000 6.000000 0.000000 3.000000 
3.174795 140.499447 27.000000 10.000000 2.000000 5.000000 3.000000 1.000000 1.000000 1.000000 1.000000 0.000000 1.000000 5.000000 6.000000 
4.597600 149.647065 27.000000 4.000000 0.000000 3.000000 2.000000 1.000000 1.000000 5.000000 1.000000 0.000000 15.000000 3.000000 1.000000 
5.075987 157.707225 27.000000 8.000000 2.000000 5.000000 3.000000 3.000000 2.000000 3.000000 2.000000 1.000000 4.000000 2.000000 1.000000 
4.535126 164.495546 27.000000 4.000000 5.000000 3.000000 1.000000 3.000000 8.000000 2.000000 4.000000 1.000000 1.000000 1.000000 3.000000 
4.595856 173.920509 27.000000 3.000000 3.000000 4.000000 2.000000 0.000000 3.000000 3.000000 2.000000 5.000000 5.000000 1.000000 5.000000 
4.324652 181.324652 27.000000 1.000000 1.000000 0.000000 2.000000 8.000000 2.000000 12.000000 8.000000 2.000000 0.000000 0.000000 0.000000 
4.597739 189.647065 27.000000 0.000000 2.000000 3.000000 3.000000 0.000000 3.000000 5.000000 5.000000 8.000000 1.000000 2.000000 4.000000 
4.000000 196.959625 27.000000 5.000000 4.000000 6.000000 8.000000 2.000000 2.000000 0.000000 0.000000 1.000000 1.000000 5.000000 2.000000 
3.906946 206.062532 27.000000 1.000000 6.000000 9.000000 10.000000 1.000000 0.000000 0.000000 0.000000 1.000000 2.000000 2.000000 4.000000 
2.639188 212.790191 27.000000 2.000000 2.000000 3.000000 7.000000 2.000000 0.000000 3.000000 6.000000 3.000000 5.000000 2.000000 1.000000 
3.586825 221.737828 27.000000 4.000000 2.000000 1.000000 2.000000 2.000000 5.000000 5.000000 4.000000 4.000000 5.000000 2.000000 0.000000 
4.306247 229.365028 27.000000 2.000000 5.000000 6.000000 3.000000 3.000000 0.000000 2.000000 2.000000 0.000000 2.000000 5.000000 6.000000 
5.000000 236.365028 36.000000 4.000000 3.000000 0.000000 1.000000 0.000000 0.000000 2.000000 1.000000 1.000000 1.000000 2.000000 5.000000 
12.000000 5.689680 27.000000 6.000000 6.000000 5.000000 6.000000 7.000000 3.000000 5.000000 1.000000 0.000000 3.000000 6.000000 6.000000 
13.548583 13.045267 0.000000 11.000000 10.000000 8.000000 6.000000 7.000000 3.000000 5.000000 2.000000 8.000000 9.000000 8.000000 4.000000 
15.656946 22.240084 0.000000 5.000000 5.000000 1.000000 16.000000 5.000000 5.000000 3.000000 3.000000 5.000000 9.000000 8.000000 16.000000 
13.817219 27.467341 0.000000 12.000000 11.000000 4.000000 9.000000 4.000000 3.000000 3.000000 3.000000 2.000000 13.000000 11.000000 6.000000 
10.583138 38.324652 0.000000 24.000000 14.000000 3.000000 9.000000 5.000000 4.000000 2.000000 1.000000 2.000000 3.000000 7.000000 7.000000 
10.406199 45.790920 0.000000 23.000000 6.000000 3.000000 6.000000 1.000000 1.000000 2.000000 3.000000 4.000000 11.000000 14.000000 7.000000 
10.545170 52.200074 0.000000 26.000000 7.000000 9.000000 3.000000 0.000000 5.000000 3.000000 4.000000 7.000000 3.000000 10.000000 4.000000 
11.644825 59.000000 0.000000 17.000000 5.000000 11.000000 3.000000 2.000000 7.000000 11.000000 5.000000 6.000000 2.000000 3.000000 9.000000 
12.586825 67.753491 0.000000 9.000000 10.000000 5.000000 5.000000 4.000000 4.000000 6.000000 9.000000 5.000000 11.000000 7.000000 6.000000 
10.586825 73.951852 0.000000 10.000000 11.000000 5.000000 8.000000 4.000000 2.000000 0.000000 9.000000 5.000000 14.000000 6.000000 7.000000 
12.154477 83.266414 0.000000 13.000000 9.000000 9.000000 6.000000 5.000000 4.000000 9.000000 5.000000 5.000000 3.000000 6.000000 7.000000 
13.248227 91.677587 0.000000 4.000000 9.000000 10.000000 9.000000 8.000000 10.000000 3.000000 5.000000 4.000000 6.000000 3.000000 10.000000 
10.668488 99.388690 0.000000 13.000000 9.000000 7.000000 10.000000 7.000000 10.000000 4.000000 3.000000 7.000000 7.000000 2.000000 2.000000 
11.647065 108.322413 0.000000 14.000000 7.000000 4.000000 7.000000 3.000000 3.000000 7.000000 3.000000 5.000000 6.000000 13.000000 9.000000 
13.398674 118.959109 0.000000 8.000000 12.000000 4.000000 12.000000 5.000000 11.000000 9.000000 3.000000 2.000000 8.000000 6.000000 1.000000 
14.458635 125.423577 0.000000 14.000000 9.000000 9.000000 7.000000 5.000000 4.000000 2.000000 0.000000 2.000000 9.000000 9.000000 11.000000 
13.801478 129.627828 0.000000 8.000000 8.000000 7.000000 11.000000 7.000000 8.000000 11.000000 5.000000 7.000000 5.000000 3.000000 1.000000 
10.892423 138.687440 0.000000 23.000000 9.000000 4.000000 3.000000 3.000000 5.000000 1.000000 6.000000 3.000000 3.000000 8.000000 13.000000 
16.245842 149.902990 0.000000 10.000000 6.000000 11.000000 13.000000 12.000000 8.000000 6.000000 3.000000 2.000000 0.000000 4.000000 6.000000 
17.316451 155.867869 0.000000 8.000000 7.000000 7.000000 5.000000 3.000000 3.000000 3.000000 6.000000 6.000000 14.000000 11.000000 8.000000 
16.177610 161.133298 0.000000 4.000000 7.000000 7.000000 12.000000 3.000000 4.000000 2.000000 3.000000 4.000000 18.000000 10.000000 7.000000 
17.165331 173.799783 0.000000 7.000000 5.000000 5.000000 16.000000 6.000000 7.000000 3.000000 7.000000 2.000000 7.000000 6.000000 10.000000 
13.230286 181.629314 0.000000 3.000000 2.000000 3.000000 11.000000 7.000000 5.000000 7.000000 9.000000 7.000000 12.000000 10.000000 5.000000 
14.910046 189.493184 0.000000 9.000000 9.000000 11.000000 9.000000 9.000000 7.000000 4.000000 3.000000 6.000000 5.000000 5.000000 4.000000 
12.795901 196.571657 0.000000 14.000000 12.000000 15.000000 4.000000 3.000000 3.000000 3.000000 1.000000 7.000000 2.000000 10.000000 7.000000 
9.918303 205.389479 0.000000 3.000000 3.000000 3.000000 14.000000 3.000000 5.000000 13.000000 11.000000 6.000000 6.000000 5.000000 9.000000 
8.677587 211.687440 0.000000 4.000000 4.000000 10.000000 20.000000 7.000000 5.000000 5.000000 6.000000 5.000000 8.000000 4.000000 3.000000 
10.361203 220.689872 0.000000 8.000000 5.000000 2.000000 6.000000 7.000000 7.000000 4.000000 2.000000 5.000000 21.000000 9.000000 5.000000 
12.322413 229.647065 0.000000 17.000000 13.000000 9.000000 8.000000 8.000000 4.000000 5.000000 1.000000 8.000000 4.000000 1.000000 3.000000 
11.994689 237.365028 27.000000 5.000000 5.000000 5.000000 3.000000 4.000000 3.000000 4.000000 1.000000 2.000000 5.000000 4.000000 4.000000 
20.878814 4.486213 27.000000 8.000000 1.000000 9.000000 10.000000 2.000000 2.000000 1.000000 1.000000 0.000000 2.000000 5.000000 13.000000 
22.904951 10.904951 0.000000 9.000000 4.000000 6.000000 12.000000 2.000000 9.000000 8.000000 3.000000 4.000000 13.000000 3.000000 8.000000 
23.459620 21.325136 0.000000 14.000000 12.000000 2.000000 8.000000 3.000000 5.000000 2.000000 4.000000 7.000000 4.000000 3.000000 17.000000 
23.699438 26.481328 0.000000 15.000000 10.000000 7.000000 13.000000 4.000000 3.000000 6.000000 3.000000 4.000000 2.000000 7.000000 7.000000 
18.846508 36.731390 0.000000 17.000000 10.000000 6.000000 2.000000 3.000000 3.000000 9.000000 6.000000 6.000000 2.000000 11.000000 6.000000 
15.031269 45.341944 0.000000 23.000000 7.000000 10.000000 9.000000 3.000000 1.000000 1.000000 1.000000 3.000000 12.000000 5.000000 6.000000 
15.180182 51.738844 0.000000 23.000000 10.000000 7.000000 8.000000 2.000000 4.000000 3.000000 5.000000 5.000000 1.000000 7.000000 6.000000 
20.526868 58.911279 0.000000 18.000000 9.000000 8.000000 7.000000 2.000000 2.000000 8.000000 2.000000 3.000000 3.000000 9.000000 10.000000 
20.320691 66.205581 0.000000 8.000000 9.000000 5.000000 6.000000 7.000000 5.000000 9.000000 6.000000 5.000000 12.000000 4.000000 5.000000 
21.867881 77.050807 0.000000 7.000000 5.000000 7.000000 10.000000 6.000000 4.000000 9.000000 3.000000 6.000000 16.000000 1.000000 7.000000 
23.917601 85.951852 0.000000 14.000000 8.000000 11.000000 18.000000 6.000000 2.000000 2.000000 2.000000 3.000000 1.000000 3.000000 11.000000 
23.570185 89.872165 0.000000 7.000000 8.000000 11.000000 14.000000 7.000000 5.000000 1.000000 3.000000 4.000000 7.000000 8.000000 6.000000 
21.059815 97.677587 0.000000 12.000000 6.000000 4.000000 6.000000 5.000000 4.000000 4.000000 6.000000 6.000000 10.000000 7.000000 11.000000 
21.151669 108.578890 0.000000 10.000000 13.000000 6.000000 15.000000 9.000000 3.000000 2.000000 5.000000 2.000000 3.000000 7.000000 6.000000 
19.583138 119.324652 0.000000 6.000000 2.000000 3.000000 12.000000 5.000000 6.000000 5.000000 3.000000 8.000000 16.000000 7.000000 8.000000 
19.774445 126.700794 0.000000 10.000000 9.000000 7.000000 12.000000 6.000000 3.000000 2.000000 2.000000 1.000000 5.000000 8.000000 16.000000 
19.498443 132.872477 0.000000 0.000000 5.000000 9.000000 22.000000 11.000000 8.000000 7.000000 5.000000 4.000000 6.000000 3.000000 1.000000 
20.404676 141.769703 0.000000 20.000000 6.000000 9.000000 5.000000 3.000000 5.000000 1.000000 2.000000 5.000000 3.000000 8.000000 14.000000 
21.427960 149.980618 0.000000 5.000000 1.000000 9.000000 6.000000 8.000000 4.000000 1.000000 4.000000 12.000000 15.000000 8.000000 8.000000 
23.594588 157.848379 0.000000 11.000000 11.000000 8.000000 5.000000 8.000000 6.000000 6.000000 5.000000 0.000000 6.000000 4.000000 11.000000 
25.335058 163.640786 0.000000 8.000000 11.000000 8.000000 6.000000 6.000000 7.000000 4.000000 3.000000 2.000000 7.000000 5.000000 14.000000 
27.706877 173.300832 0.000000 22.000000 1.000000 6.000000 11.000000 4.000000 5.000000 6.000000 6.000000 3.000000 3.000000 7.000000 7.000000 
21.030435 183.216875 0.000000 8.000000 6.000000 4.000000 17.000000 8.000000 3.000000 3.000000 10.000000 1.000000 10.000000 6.000000 5.000000 
23.644825 191.666846 0.000000 7.000000 2.000000 7.000000 9.000000 4.000000 7.000000 5.000000 4.000000 6.000000 14.000000 10.000000 6.000000 
20.643624 198.643624 0.000000 10.000000 7.000000 4.000000 4.000000 6.000000 5.000000 4.000000 3.000000 5.000000 17.000000 10.000000 6.000000 
18.000000 205.127983 0.000000 6.000000 5.000000 6.000000 24.000000 3.000000 1.000000 1.000000 1.000000 3.000000 13.000000 8.000000 10.000000 
19.424778 212.496201 0.000000 15.000000 8.000000 16.000000 13.000000 4.000000 1.000000 0.000000 1.000000 1.000000 5.000000 4.000000 13.000000 
17.777499 220.409252 0.000000 5.000000 3.000000 14.000000 35.000000 4.000000 4.000000 2.000000 0.000000 1.000000 2.000000 3.000000 8.000000 
21.076394 229.647065 0.000000 16.000000 11.000000 7.000000 2.000000 2.000000 4.000000 7.000000 2.000000 5.000000 6.000000 11.000000 8.000000 
20.000000 237.365028 27.000000 1.000000 1.000000 3.000000 2.000000 3.000000 2.000000 4.000000 3.000000 4.000000 12.000000 8.000000 2.000000 
28.322413 5.687440 27.000000 1.000000 2.000000 0.000000 5.000000 5.000000 5.000000 5.000000 10.000000 4.000000 2.000000 6.000000 9.000000 
28.397269 12.440322 0.000000 16.000000 7.000000 1.000000 6.000000 6.000000 12.000000 5.000000 3.000000 4.000000 4.000000 6.000000 11.000000 
25.957385 21.322413 0.000000 17.000000 10.000000 4.000000 7.000000 4.000000 3.000000 2.000000 7.000000 5.000000 6.000000 7.000000 9.000000 
29.019714 27.241045 0.000000 5.000000 5.000000 9.000000 20.000000 6.000000 6.000000 5.000000 4.000000 4.000000 5.000000 4.000000 8.000000 
32.000050 38.083271 0.000000 11.000000 4.000000 7.000000 7.000000 0.000000 2.000000 0.000000 0.000000 5.000000 18.000000 14.000000 13.000000 
29.990847 43.189054 0.000000 17.000000 10.000000 7.000000 6.000000 2.000000 1.000000 3.000000 0.000000 3.000000 10.000000 9.000000 13.000000 
24.935470 49.061428 0.000000 6.000000 9.000000 8.000000 0.000000 2.000000 4.000000 6.000000 4.000000 6.000000 23.000000 10.000000 3.000000 
30.992006 57.389384 0.000000 23.000000 9.000000 9.000000 2.000000 1.000000 2.000000 4.000000 3.000000 4.000000 6.000000 10.000000 8.000000 
30.769463 64.241883 0.000000 10.000000 7.000000 6.000000 16.000000 7.000000 7.000000 1.000000 6.000000 3.000000 4.000000 6.000000 8.000000 
30.738162 74.697786 0.000000 13.000000 9.000000 10.000000 9.000000 3.000000 7.000000 5.000000 2.000000 3.000000 4.000000 6.000000 10.000000 
31.123700 85.032224 0.000000 19.000000 3.000000 4.000000 11.000000 12.000000 7.000000 5.000000 2.000000 1.000000 3.000000 6.000000 8.000000 
32.103301 90.909237 0.000000 15.000000 2.000000 2.000000 7.000000 3.000000 3.000000 7.000000 7.000000 10.000000 16.000000 8.000000 1.000000 
29.758063 98.590697 0.000000 13.000000 9.000000 8.000000 18.000000 6.000000 3.000000 2.000000 1.000000 5.000000 2.000000 9.000000 5.000000 
28.218110 108.000000 0.000000 12.000000 10.000000 5.000000 3.000000 3.000000 5.000000 3.000000 8.000000 6.000000 8.000000 10.000000 8.000000 
27.012288 116.001750 0.000000 6.000000 1.000000 12.000000 10.000000 7.000000 3.000000 5.000000 8.000000 6.000000 7.000000 9.000000 7.000000 
27.622528 124.764104 0.000000 10.000000 8.000000 7.000000 6.000000 8.000000 1.000000 3.000000 3.000000 6.000000 13.000000 6.000000 10.000000 
27.000000 132.689680 0.000000 7.000000 5.000000 2.000000 14.000000 15.000000 8.000000 6.000000 5.000000 3.000000 12.000000 2.000000 2.000000 
26.301323 141.772423 0.000000 14.000000 18.000000 9.000000 5.000000 2.000000 1.000000 1.000000 6.000000 7.000000 8.000000 4.000000 6.000000 
25.181956 147.737828 0.000000 8.000000 1.000000 4.000000 2.000000 3.000000 2.000000 4.000000 6.000000 16.000000 20.000000 6.000000 9.000000 
27.829226 156.509994 0.000000 19.000000 6.000000 7.000000 0.000000 5.000000 3.000000 7.000000 5.000000 4.000000 11.000000 3.000000 11.000000 
27.187714 165.848042 0.000000 22.000000 2.000000 5.000000 8.000000 7.000000 8.000000 6.000000 7.000000 3.000000 1.000000 3.000000 9.000000 
32.554224 173.740536 0.000000 30.000000 0.000000 4.000000 11.000000 6.000000 4.000000 0.000000 3.000000 2.000000 3.000000 9.000000 9.000000 
29.477947 179.651597 0.000000 27.000000 3.000000 7.000000 8.000000 3.000000 2.000000 8.000000 3.000000 3.000000 5.000000 5.000000 7.000000 
31.267084 187.765362 0.000000 6.000000 6.000000 12.000000 9.000000 4.000000 2.000000 4.000000 2.000000 8.000000 13.000000 7.000000 8.000000 
30.660471 195.263289 0.000000 5.000000 7.000000 8.000000 14.000000 6.000000 1.000000 2.000000 4.000000 4.000000 8.000000 13.000000 9.000000 
27.619552 204.619552 0.000000 8.000000 9.000000 7.000000 3.000000 3.000000 3.000000 15.000000 8.000000 3.000000 6.000000 8.000000 8.000000 
26.059807 213.383050 0.000000 6.000000 3.000000 7.000000 11.000000 6.000000 5.000000 7.000000 6.000000 9.000000 9.000000 8.000000 4.000000 
22.905551 220.322413 0.000000 4.000000 3.000000 12.000000 31.000000 5.000000 5.000000 6.000000 2.000000 3.000000 0.000000 2.000000 8.000000 
27.979343 230.371808 0.000000 19.000000 8.000000 3.000000 6.000000 4.000000 3.000000 5.000000 4.000000 5.000000 8.000000 9.000000 7.000000 
28.000000 237.365028 27.000000 6.000000 1.000000 1.000000 6.000000 5.000000 6.000000 3.000000 3.000000 6.000000 4.000000 3.000000 1.000000 
35.586825 4.951852 27.000000 9.000000 2.000000 2.000000 3.000000 3.000000 4.000000 4.000000 8.000000 3.000000 8.000000 3.000000 5.000000 
35.322413 11.687440 0.000000 24.000000 6.000000 3.000000 1.000000 6.000000 3.000000 3.000000 4.000000 4.000000 7.000000 10.000000 10.000000 
36.638684 20.951852 0.000000 18.000000 7.000000 8.000000 3.000000 8.000000 5.000000 4.000000 5.000000 4.000000 5.000000 4.000000 10.000000 
36.686263 26.586825 0.000000 8.000000 10.000000 9.000000 6.000000 5.000000 6.000000 2.000000 6.000000 8.000000 10.000000 6.000000 5.000000 
38.783489 36.365028 0.000000 19.000000 13.000000 4.000000 0.000000 6.000000 6.000000 4.000000 8.000000 5.000000 6.000000 5.000000 5.000000 
37.043459 43.178900 0.000000 18.000000 13.000000 5.000000 13.000000 3.000000 7.000000 2.000000 4.000000 7.000000 4.000000 3.000000 2.000000 
35.147444 51.419776 0.000000 15.000000 5.000000 7.000000 18.000000 5.000000 6.000000 4.000000 0.000000 1.000000 6.000000 8.000000 6.000000 
38.103025 60.103025 0.000000 16.000000 7.000000 6.000000 6.000000 3.000000 3.000000 1.000000 4.000000 5.000000 15.000000 7.000000 8.000000 
37.674936 69.258827 0.000000 26.000000 9.000000 14.000000 9.000000 4.000000 4.000000 3.000000 2.000000 0.000000 3.000000 2.000000 5.000000 
36.341128 75.895313 0.000000 17.000000 4.000000 4.000000 12.000000 6.000000 5.000000 3.000000 4.000000 3.000000 5.000000 5.000000 13.000000 
36.401366 84.322413 0.000000 16.000000 3.000000 9.000000 14.000000 3.000000 1.000000 0.000000 2.000000 1.000000 10.000000 11.000000 11.000000 
37.496360 92.264412 0.000000 7.000000 7.000000 5.000000 15.000000 8.000000 5.000000 3.000000 6.000000 2.000000 10.000000 10.000000 3.000000 
34.189492 99.000000 0.000000 13.000000 4.000000 4.000000 9.000000 7.000000 3.000000 6.000000 5.000000 6.000000 4.000000 12.000000 8.000000 
35.409564 108.089097 0.000000 6.000000 4.000000 8.000000 9.000000 8.000000 5.000000 8.000000 4.000000 4.000000 8.000000 8.000000 9.000000 
37.041564 116.512093 0.000000 4.000000 1.000000 7.000000 5.000000 11.000000 3.000000 7.000000 8.000000 9.000000 10.000000 13.000000 3.000000 
40.000000 127.689680 0.000000 5.000000 2.000000 6.000000 21.000000 5.000000 8.000000 2.000000 5.000000 4.000000 5.000000 10.000000 8.000000 
35.765379 133.527633 0.000000 7.000000 7.000000 6.000000 6.000000 5.000000 7.000000 5.000000 10.000000 3.000000 6.000000 8.000000 11.000000 
33.381381 143.687440 0.000000 8.000000 6.000000 5.000000 5.000000 3.000000 4.000000 1.000000 6.000000 12.000000 18.000000 8.000000 5.000000 
33.728847 149.977832 0.000000 17.000000 8.000000 8.000000 7.000000 6.000000 4.000000 6.000000 4.000000 3.000000 13.000000 2.000000 3.000000 
33.907101 154.297376 0.000000 15.000000 6.000000 14.000000 1.000000 5.000000 0.000000 4.000000 4.000000 3.000000 15.000000 6.000000 8.000000 
32.778405 165.174536 0.000000 14.000000 5.000000 7.000000 7.000000 5.000000 7.000000 4.000000 6.000000 4.000000 8.000000 11.000000 3.000000 
35.687854 171.753433 0.000000 16.000000 5.000000 10.000000 2.000000 4.000000 1.000000 2.000000 3.000000 1.000000 9.000000 11.000000 17.000000 
34.213405 176.852932 0.000000 26.000000 3.000000 4.000000 8.000000 4.000000 1.000000 8.000000 7.000000 3.000000 7.000000 3.000000 7.000000 
39.613210 188.058041 0.000000 8.000000 2.000000 9.000000 15.000000 4.000000 3.000000 5.000000 5.000000 9.000000 8.000000 6.000000 7.000000 
39.719334 192.719334 0.000000 5.000000 5.000000 4.000000 15.000000 3.000000 4.000000 4.000000 8.000000 7.000000 11.000000 12.000000 3.000000 
36.050012 202.715774 0.000000 7.000000 6.000000 13.000000 4.000000 5.000000 2.000000 12.000000 5.000000 10.000000 4.000000 8.000000 5.000000 
33.221797 212.586825 0.000000 6.000000 2.000000 8.000000 24.000000 4.000000 2.000000 1.000000 4.000000 3.000000 16.000000 8.000000 3.000000 
31.353384 220.137446 0.000000 3.000000 2.000000 7.000000 18.000000 7.000000 9.000000 3.000000 2.000000 3.000000 7.000000 7.000000 13.000000 
36.000000 230.689680 0.000000 23.000000 4.000000 7.000000 6.000000 3.000000 6.000000 10.000000 3.000000 6.000000 7.000000 4.000000 2.000000 
36.000000 237.799155 27.000000 5.000000 4.000000 1.000000 4.000000 3.000000 2.000000 6.000000 2.000000 5.000000 4.000000 7.000000 2.000000 
44.000000 5.689680 27.000000 7.000000 3.000000 5.000000 14.000000 6.000000 2.000000 5.000000 0.000000 2.000000 5.000000 5.000000 0.000000 
43.607835 14.054708 0.000000 15.000000 9.000000 2.000000 10.000000 3.000000 1.000000 2.000000 6.000000 5.000000 9.000000 7.000000 12.000000 
42.152970 21.311939 0.000000 22.000000 11.000000 6.000000 5.000000 3.000000 5.000000 7.000000 6.000000 4.000000 4.000000 3.000000 5.000000 
41.113107 27.324652 0.000000 16.000000 6.000000 8.000000 3.000000 2.000000 5.000000 10.000000 5.000000 7.000000 8.000000 4.000000 7.000000 
44.346387 36.434100 0.000000 18.000000 5.000000 7.000000 1.000000 4.000000 6.000000 4.000000 10.000000 8.000000 7.000000 4.000000 7.000000 
42.933324 42.922743 0.000000 18.000000 4.000000 7.000000 5.000000 4.000000 5.000000 4.000000 6.000000 11.000000 7.000000 7.000000 3.000000 
43.098504 53.823619 0.000000 20.000000 4.000000 7.000000 11.000000 6.000000 8.000000 4.000000 2.000000 4.000000 1.000000 4.000000 10.000000 
41.583138 58.324652 0.000000 20.000000 8.000000 7.000000 2.000000 1.000000 2.000000 6.000000 4.000000 5.000000 6.000000 3.000000 17.000000 
42.742699 69.589194 0.000000 22.000000 4.000000 7.000000 1.000000 4.000000 9.000000 6.000000 7.000000 2.000000 2.000000 11.000000 6.000000 
40.217430 76.634972 0.000000 14.000000 8.000000 7.000000 11.000000 6.000000 8.000000 4.000000 2.000000 1.000000 5.000000 6.000000 9.000000 
42.334444 83.586825 0.000000 20.000000 9.000000 5.000000 7.000000 5.000000 8.000000 0.000000 5.000000 1.000000 0.000000 13.000000 8.000000 
45.979182 89.599533 0.000000 6.000000 12.000000 8.000000 12.000000 4.000000 3.000000 7.000000 5.000000 4.000000 4.000000 11.000000 5.000000 
47.015496 100.859968 0.000000 7.000000 10.000000 5.000000 5.000000 3.000000 7.000000 10.000000 11.000000 7.000000 5.000000 6.000000 5.000000 
44.583138 111.724905 0.000000 4.000000 5.000000 4.000000 13.000000 5.000000 4.000000 13.000000 7.000000 8.000000 6.000000 5.000000 7.000000 
44.338593 118.398352 0.000000 10.000000 4.000000 9.000000 17.000000 6.000000 3.000000 10.000000 5.000000 3.000000 3.000000 5.000000 6.000000 
45.289740 124.249742 0.000000 2.000000 1.000000 4.000000 19.000000 7.000000 3.000000 9.000000 1.000000 3.000000 13.000000 11.000000 8.000000 
42.835057 128.580649 0.000000 8.000000 7.000000 10.000000 21.000000 7.000000 3.000000 5.000000 3.000000 2.000000 3.000000 4.000000 8.000000 
42.656953 141.199079 0.000000 11.000000 4.000000 6.000000 3.000000 2.000000 3.000000 3.000000 4.000000 4.000000 23.000000 11.000000 7.000000 
44.931242 148.194317 0.000000 8.000000 7.000000 7.000000 16.000000 5.000000 4.000000 1.000000 1.000000 3.000000 9.000000 11.000000 9.000000 
44.908412 158.443696 0.000000 16.000000 7.000000 15.000000 4.000000 4.000000 9.000000 4.000000 6.000000 3.000000 2.000000 4.000000 7.000000 
42.687440 167.322413 0.000000 4.000000 7.000000 2.000000 3.000000 4.000000 7.000000 16.000000 11.000000 11.000000 4.000000 4.000000 8.000000 
43.614877 171.707461 0.000000 1.000000 5.000000 4.000000 9.000000 4.000000 11.000000 10.000000 10.000000 6.000000 5.000000 6.000000 10.000000 
42.299141 176.874509 0.000000 10.000000 7.000000 4.000000 1.000000 4.000000 3.000000 11.000000 11.000000 4.000000 3.000000 10.000000 13.000000 
40.415576 188.415576 0.000000 11.000000 2.000000 9.000000 23.000000 2.000000 2.000000 1.000000 3.000000 1.000000 11.000000 7.000000 9.000000 
44.449590 193.221797 0.000000 18.000000 5.000000 4.000000 24.000000 2.000000 2.000000 0.000000 2.000000 4.000000 8.000000 9.000000 3.000000 
45.909237 202.264412 0.000000 16.000000 8.000000 6.000000 9.000000 4.000000 4.000000 2.000000 6.000000 3.000000 5.000000 4.000000 14.000000 
41.021620 211.076845 0.000000 12.000000 3.000000 9.000000 6.000000 4.000000 1.000000 4.000000 4.000000 4.000000 7.000000 11.000000 16.000000 
39.324652 218.324652 0.000000 3.000000 2.000000 5.000000 17.000000 7.000000 6.000000 2.000000 0.000000 3.000000 7.000000 9.000000 20.000000 
43.694048 229.463420 0.000000 8.000000 6.000000 7.000000 17.000000 8.000000 4.000000 5.000000 1.000000 2.000000 8.000000 3.000000 12.000000 
44.000000 237.365028 27.000000 3.000000 0.000000 1.000000 17.000000 5.000000 4.000000 2.000000 1.000000 2.000000 8.000000 2.000000 0.000000 
52.000000 6.014333 27.000000 9.000000 1.000000 3.000000 3.000000 5.000000 5.000000 9.000000 2.000000 4.000000 6.000000 6.000000 1.000000 
52.000000 15.027454 0.000000 24.000000 4.000000 7.000000 5.000000 5.000000 3.000000 6.000000 8.000000 2.000000 5.000000 3.000000 9.000000 
51.331522 22.365028 0.000000 19.000000 6.000000 5.000000 4.000000 5.000000 5.000000 3.000000 5.000000 3.000000 9.000000 8.000000 9.000000 
51.925989 29.140711 0.000000 5.000000 9.000000 7.000000 4.000000 0.000000 5.000000 4.000000 5.000000 5.000000 21.000000 6.000000 10.000000 
57.391402 37.687440 0.000000 15.000000 11.000000 10.000000 6.000000 5.000000 3.000000 6.000000 6.000000 6.000000 3.000000 5.000000 5.000000 
56.684154 46.023298 0.000000 12.000000 5.000000 14.000000 6.000000 3.000000 1.000000 2.000000 5.000000 2.000000 8.000000 11.000000 12.000000 
52.250242 54.365028 0.000000 27.000000 12.000000 1.000000 6.000000 5.000000 3.000000 0.000000 2.000000 7.000000 10.000000 5.000000 3.000000 
50.321445 60.519005 0.000000 15.000000 14.000000 8.000000 9.000000 4.000000 0.000000 0.000000 2.000000 1.000000 14.000000 7.000000 7.000000 
51.000000 67.948166 0.000000 20.000000 12.000000 12.000000 5.000000 3.000000 2.000000 2.000000 1.000000 0.000000 9.000000 12.000000 3.000000 
51.869643 75.365028 0.000000 7.000000 17.000000 4.000000 11.000000 5.000000 1.000000 3.000000 3.000000 5.000000 8.000000 13.000000 4.000000 
53.671253 82.520581 0.000000 17.000000 5.000000 8.000000 5.000000 4.000000 1.000000 8.000000 2.000000 7.000000 5.000000 10.000000 9.000000 
54.686082 88.365028 0.000000 1.000000 4.000000 9.000000 3.000000 8.000000 5.000000 14.000000 4.000000 11.000000 7.000000 4.000000 11.000000 
53.886233 99.884299 0.000000 8.000000 10.000000 12.000000 9.000000 4.000000 6.000000 7.000000 5.000000 4.000000 9.000000 3.000000 4.000000 
51.638852 107.697406 0.000000 7.000000 4.000000 5.000000 13.000000 8.000000 9.000000 15.000000 8.000000 3.000000 2.000000 6.000000 1.000000 
54.182020 112.183007 0.000000 14.000000 5.000000 9.000000 17.000000 6.000000 5.000000 3.000000 5.000000 5.000000 7.000000 3.000000 2.000000 
55.791476 119.903556 0.000000 4.000000 4.000000 5.000000 7.000000 1.000000 4.000000 7.000000 3.000000 9.000000 17.000000 9.000000 11.000000 
54.432048 127.897238 0.000000 7.000000 15.000000 5.000000 4.000000 6.000000 6.000000 5.000000 6.000000 7.000000 6.000000 8.000000 6.000000 
51.777490 135.924958 0.000000 2.000000 8.000000 10.000000 6.000000 2.000000 3.000000 4.000000 1.000000 11.000000 18.000000 10.000000 6.000000 
55.322413 144.940280 0.000000 3.000000 12.000000 13.000000 5.000000 8.000000 3.000000 2.000000 3.000000 8.000000 11.000000 5.000000 8.000000 
53.521724 157.960268 0.000000 7.000000 5.000000 9.000000 17.000000 1.000000 1.000000 2.000000 4.000000 6.000000 11.000000 9.000000 9.000000 
52.348235 166.379835 0.000000 16.000000 9.000000 9.000000 3.000000 2.000000 0.000000 3.000000 6.000000 5.000000 13.000000 8.000000 7.000000 
51.054330 171.484347 0.000000 3.000000 4.000000 10.000000 15.000000 3.000000 0.000000 2.000000 6.000000 5.000000 19.000000 7.000000 7.000000 
51.276068 177.641096 0.000000 20.000000 8.000000 7.000000 12.000000 4.000000 1.000000 2.000000 2.000000 4.000000 7.000000 8.000000 6.000000 
51.040203 186.907963 0.000000 9.000000 7.000000 6.000000 5.000000 3.000000 2.000000 6.000000 4.000000 6.000000 15.000000 10.000000 8.000000 
52.131941 194.670619 0.000000 21.000000 11.000000 5.000000 6.000000 3.000000 4.000000 2.000000 2.000000 7.000000 4.000000 11.000000 5.000000 
53.404917 204.191084 0.000000 15.000000 6.000000 6.000000 8.000000 4.000000 7.000000 3.000000 4.000000 5.000000 8.000000 5.000000 10.000000 
52.365028 215.365028 0.000000 3.000000 8.000000 8.000000 5.000000 1.000000 6.000000 7.000000 3.000000 5.000000 18.000000 4.000000 13.000000 
52.862753 221.042883 0.000000 5.000000 7.000000 8.000000 3.000000 4.000000 2.000000 7.000000 7.000000 5.000000 14.000000 7.000000 12.000000 
54.000000 228.689680 0.000000 7.000000 3.000000 3.000000 13.000000 5.000000 8.000000 8.000000 7.000000 8.000000 11.000000 3.000000 5.000000 
52.328617 236.673810 27.000000 4.000000 1.000000 1.000000 5.000000 4.000000 6.000000 6.000000 5.000000 2.000000 2.000000 5.000000 4.000000 
60.000000 5.324652 39.000000 8.000000 5.000000 6.000000 2.000000 5.000000 5.000000 2.000000 1.000000 2.000000 5.000000 1.000000 0.000000 
60.000000 13.687253 18.000000 6.000000 7.000000 6.000000 2.000000 4.000000 4.000000 3.000000 5.000000 3.000000 11.000000 6.000000 6.000000 
60.000000 21.673303 18.000000 6.000000 6.000000 6.000000 11.000000 6.000000 5.000000 6.000000 3.000000 1.000000 9.000000 3.000000 1.000000 
60.000000 29.324652 18.000000 9.000000 6.000000 3.000000 2.000000 5.000000 6.000000 3.000000 1.000000 7.000000 7.000000 7.000000 7.000000 
61.618281 37.324652 18.000000 18.000000 7.000000 5.000000 2.000000 3.000000 1.000000 3.000000 4.000000 5.000000 2.000000 9.000000 4.000000 
61.595598 45.324652 18.000000 14.000000 5.000000 10.000000 6.000000 3.000000 2.000000 4.000000 3.000000 1.000000 5.000000 4.000000 6.000000 
60.000000 53.673303 18.000000 12.000000 6.000000 6.000000 7.000000 6.000000 1.000000 1.000000 3.000000 1.000000 11.000000 5.000000 4.000000 
60.000000 61.324652 18.000000 3.000000 3.000000 5.000000 7.000000 3.000000 3.000000 12.000000 7.000000 4.000000 8.000000 7.000000 1.000000 
60.000000 69.324652 18.000000 6.000000 6.000000 2.000000 12.000000 11.000000 9.000000 3.000000 4.000000 1.000000 0.000000 5.000000 4.000000 
60.000000 77.324652 18.000000 9.000000 5.000000 5.000000 2.000000 5.000000 6.000000 11.000000 6.000000 4.000000 1.000000 3.000000 6.000000 
60.000000 85.324652 18.000000 12.000000 4.000000 4.000000 0.000000 5.000000 7.000000 9.000000 4.000000 3.000000 3.000000 3.000000 9.000000 
60.834280 92.094038 18.000000 6.000000 3.000000 2.000000 1.000000 3.000000 4.000000 10.000000 7.000000 6.000000 8.000000 6.000000 7.000000 
60.447258 101.324652 18.000000 4.000000 6.000000 5.000000 4.000000 7.000000 8.000000 8.000000 11.000000 6.000000 1.000000 2.000000 1.000000 
60.000000 109.324652 18.000000 4.000000 5.000000 8.000000 3.000000 5.000000 7.000000 8.000000 9.000000 6.000000 4.000000 2.000000 2.000000 
60.066426 116.506461 18.000000 7.000000 3.000000 0.000000 9.000000 4.000000 9.000000 4.000000 3.000000 4.000000 8.000000 5.000000 7.000000 
60.913225 124.411427 18.000000 7.000000 10.000000 6.000000 3.000000 1.000000 2.000000 4.000000 1.000000 5.000000 8.000000 7.000000 9.000000 
60.802748 132.148107 18.000000 3.000000 5.000000 2.000000 1.000000 3.000000 2.000000 8.000000 5.000000 8.000000 18.000000 6.000000 2.000000 
59.719267 141.043920 18.000000 3.000000 10.000000 7.000000 3.000000 3.000000 6.000000 4.000000 2.000000 5.000000 5.000000 7.000000 8.000000 
60.934929 147.950819 18.000000 5.000000 6.000000 9.000000 4.000000 6.000000 5.000000 4.000000 3.000000 5.000000 8.000000 4.000000 4.000000 
60.000000 157.751254 18.000000 15.000000 4.000000 4.000000 3.000000 5.000000 3.000000 5.000000 6.000000 3.000000 6.000000 5.000000 4.000000 
60.000000 165.324652 18.000000 13.000000 2.000000 3.000000 6.000000 1.000000 6.000000 14.000000 7.000000 1.000000 2.000000 5.000000 3.000000 
60.000000 173.324652 18.000000 14.000000 1.000000 4.000000 2.000000 3.000000 8.000000 3.000000 5.000000 5.000000 3.000000 10.000000 5.000000 
60.322063 181.002590 18.000000 4.000000 9.000000 6.000000 1.000000 3.000000 3.000000 3.000000 6.000000 3.000000 4.000000 8.000000 13.000000 
60.000000 189.324652 18.000000 10.000000 8.000000 8.000000 5.000000 6.000000 2.000000 2.000000 5.000000 0.000000 8.000000 4.000000 5.000000 
60.000000 197.324652 18.000000 13.000000 7.000000 1.000000 1.000000 3.000000 2.000000 1.000000 4.000000 6.000000 4.000000 14.000000 7.000000 
60.000000 205.324652 18.000000 16.000000 4.000000 7.000000 12.000000 3.000000 3.000000 0.000000 0.000000 0.000000 4.000000 6.000000 8.000000 
60.000000 214.082902 18.000000 9.000000 4.000000 4.000000 4.000000 4.000000 5.000000 5.000000 4.000000 6.000000 5.000000 5.000000 8.000000 
60.000000 221.324652 18.000000 7.000000 5.000000 3.000000 3.000000 3.000000 3.000000 6.000000 6.000000 5.000000 5.000000 7.000000 10.000000 
60.470392 228.420133 18.000000 8.000000 4.000000 8.000000 17.000000 3.000000 2.000000 2.000000 2.000000 2.000000 10.000000 2.000000 3.000000 
60.000000 236.000000 35.000000 4.000000 5.000000 2.000000 1.000000 1.000000 1.000000 1.000000 2.000000 3.000000 2.000000 2.000000 4.000000 
