240
5.000000 5.689680 39.000000 4.000000 2.000000 2.000000 3.000000 0.000000 2.000000 2.000000 2.000000 2.000000 2.000000 0.000000 3.000000 
4.266638 14.611173 27.000000 1.000000 3.000000 2.000000 4.000000 0.000000 0.000000 2.000000 3.000000 2.000000 9.000000 7.000000 3.000000 
4.322413 21.002240 27.000000 5.000000 6.000000 3.000000 3.000000 3.000000 3.000000 0.000000 3.000000 0.000000 1.000000 6.000000 3.000000 
3.117475 29.271832 27.000000 10.000000 7.000000 3.000000 5.000000 1.000000 3.000000 0.000000 2.000000 1.000000 1.000000 2.000000 1.000000 
3.144928 37.353374 27.000000 12.000000 3.000000 8.000000 5.000000 0.000000 0.000000 0.000000 1.000000 0.000000 1.000000 5.000000 1.000000 
3.159514 44.103324 27.000000 8.000000 2.000000 5.000000 6.000000 0.000000 0.000000 0.000000 1.000000 0.000000 7.000000 3.000000 4.000000 
2.221711 53.737828 27.000000 15.000000 1.000000 5.000000 3.000000 0.000000 0.000000 0.000000 1.000000 0.000000 4.000000 4.000000 3.000000 
4.324652 61.324652 27.000000 11.000000 0.000000 4.000000 4.000000 0.000000 1.000000 0.000000 1.000000 0.000000 8.000000 0.000000 7.000000 
3.583138 69.324652 27.000000 18.000000 0.000000 2.000000 2.000000 0.000000 1.000000 0.000000 1.000000 1.000000 8.000000 1.000000 2.000000 
4.324652 77.018537 27.000000 9.000000 2.000000 7.000000 4.000000 1.000000 2.000000 0.000000 0.000000 0.000000 6.000000 4.000000 1.000000 
4.322413 85.647065 27.000000 3.000000 7.000000 5.000000 9.000000 0.000000 0.000000 0.000000 0.000000 0.000000 4.000000 4.000000 4.000000 
3.187159 92.511812 27.000000 2.000000 5.000000 3.000000 2.000000 0.000000 1.000000 3.000000 2.000000 1.000000 6.000000 4.000000 7.000000 
4.000000 101.689680 27.000000 8.000000 3.000000 2.000000 4.000000 5.000000 2.000000 3.000000 1.000000 2.000000 1.000000 2.000000 3.000000 
4.595965 109.647065 27.000000 4.000000 1.000000 1.000000 4.000000 4.000000 1.000000 1.000000 0.000000 2.000000 8.000000 6.000000 4.000000 
4.624600 117.324652 27.000000 2.000000 6.000000 3.000000 4.000000 5.000000 2.000000 5.000000 0.000000 3.000000 5.000000 1.000000 0.000000 
4.322413 125.647065 27.000000 8.000000 0.000000 0.000000 2.000000 4.000000 1.000000 5.000000 7.000000 3.000000 3.000000 2.000000 1.000000 
3.964211 132.644039 27.000000 1.000000 1.000000 4.000000 4.000000 6.000000 4.000000 2.000000 2.000000 0.000000 3.000000 3.000000 6.000000 
3.552613 140.512237 27.000000 3.000000 2.000000 7.000000 1.000000 2.000000 3.000000 1.000000 3.000000 0.000000 1.000000 6.000000 7.000000 
3.617869 150.402556 27.000000 5.000000 1.000000 0.000000 4.000000 5.000000 0.000000 1.000000 0.000000 0.000000 6.000000 4.000000 10.000000 
4.624230 157.624230 27.000000 6.000000 3.000000 3.000000 2.000000 1.000000 1.000000 1.000000 2.000000 3.000000 4.000000 4.000000 6.000000 
3.586825 164.911477 27.000000 5.000000 1.000000 3.000000 7.000000 2.000000 5.000000 1.000000 1.000000 3.000000 2.000000 3.000000 3.000000 
2.594549 173.214411 27.000000 17.000000 1.000000 3.000000 1.000000 2.000000 0.000000 1.000000 3.000000 2.000000 1.000000 4.000000 1.000000 
2.645749 181.767332 27.000000 8.000000 5.000000 0.000000 3.000000 4.000000 1.000000 0.000000 2.000000 1.000000 4.000000 5.000000 3.000000 
4.322413 189.002240 27.000000 5.000000 10.000000 1.000000 2.000000 2.000000 0.000000 5.000000 2.000000 1.000000 2.000000 4.000000 2.000000 
4.614299 196.710354 27.000000 1.000000 7.000000 10.000000 0.000000 2.000000 0.000000 0.000000 1.000000 1.000000 9.000000 4.000000 1.000000 
4.975962 206.300614 27.000000 3.000000 2.000000 10.000000 5.000000 2.000000 1.000000 1.000000 2.000000 2.000000 1.000000 3.000000 4.000000 
3.586825 212.911477 27.000000 1.000000 4.000000 2.000000 0.000000 2.000000 1.000000 5.000000 3.000000 3.000000 5.000000 5.000000 5.000000 
4.000000 221.689680 27.000000 2.000000 7.000000 2.000000 9.000000 0.000000 1.000000 0.000000 0.000000 0.000000 7.000000 5.000000 3.000000 
4.687440 229.322413 27.000000 5.000000 0.000000 3.000000 3.000000 3.000000 4.000000 2.000000 4.000000 0.000000 1.000000 4.000000 7.000000 
5.000000 236.365028 36.000000 4.000000 1.000000 1.000000 2.000000 3.000000 1.000000 1.000000 1.000000 1.000000 1.000000 3.000000 1.000000 
12.271561 6.632807 27.000000 9.000000 3.000000 3.000000 9.000000 3.000000 1.000000 4.000000 3.000000 5.000000 6.000000 3.000000 5.000000 
14.348303 16.521953 0.000000 15.000000 5.000000 4.000000 23.000000 9.000000 5.000000 0.000000 1.000000 1.000000 4.000000 8.000000 6.000000 
11.145218 18.912883 0.000000 16.000000 9.000000 5.000000 14.000000 6.000000 3.000000 3.000000 3.000000 3.000000 4.000000 8.000000 7.000000 
9.134612 28.684516 0.000000 23.000000 7.000000 10.000000 9.000000 3.000000 2.000000 0.000000 2.000000 4.000000 6.000000 11.000000 4.000000 
9.812835 34.015317 0.000000 26.000000 3.000000 9.000000 6.000000 5.000000 1.000000 4.000000 5.000000 4.000000 3.000000 7.000000 8.000000 
9.514534 41.403423 0.000000 21.000000 4.000000 12.000000 5.000000 2.000000 2.000000 1.000000 5.000000 4.000000 9.000000 7.000000 9.000000 
8.428527 53.063500 0.000000 31.000000 4.000000 9.000000 3.000000 1.000000 1.000000 3.000000 6.000000 2.000000 8.000000 7.000000 6.000000 
11.509154 60.365028 0.000000 22.000000 7.000000 7.000000 3.000000 1.000000 3.000000 5.000000 9.000000 4.000000 9.000000 5.000000 6.000000 
11.687440 67.934680 0.000000 23.000000 3.000000 6.000000 4.000000 6.000000 4.000000 1.000000 4.000000 3.000000 9.000000 7.000000 11.000000 
13.644825 75.644825 0.000000 16.000000 13.000000 3.000000 9.000000 6.000000 1.000000 3.000000 4.000000 4.000000 4.000000 12.000000 6.000000 
11.708055 83.369086 0.000000 10.000000 14.000000 7.000000 10.000000 3.000000 5.000000 7.000000 6.000000 5.000000 7.000000 4.000000 3.000000 
11.427717 90.195827 0.000000 4.000000 8.000000 8.000000 12.000000 6.000000 4.000000 4.000000 4.000000 4.000000 7.000000 6.000000 14.000000 
12.037231 100.410947 0.000000 15.000000 11.000000 8.000000 8.000000 8.000000 3.000000 3.000000 1.000000 3.000000 5.000000 7.000000 9.000000 
15.849001 109.322413 0.000000 13.000000 7.000000 6.000000 8.000000 8.000000 4.000000 7.000000 3.000000 6.000000 7.000000 4.000000 8.000000 
13.905551 116.322413 0.000000 14.000000 5.000000 8.000000 12.000000 6.000000 7.000000 7.000000 1.000000 2.000000 3.000000 6.000000 10.000000 
13.526633 124.358494 0.000000 14.000000 2.000000 2.000000 19.000000 6.000000 5.000000 3.000000 1.000000 1.000000 9.000000 11.000000 8.000000 
11.289443 128.872581 0.000000 1.000000 3.000000 6.000000 20.000000 6.000000 4.000000 4.000000 3.000000 6.000000 18.000000 5.000000 5.000000 
10.042702 138.979130 0.000000 6.000000 7.000000 10.000000 10.000000 6.000000 3.000000 1.000000 3.000000 4.000000 4.000000 11.000000 16.000000 
12.369184 151.398217 0.000000 21.000000 6.000000 3.000000 8.000000 2.000000 6.000000 3.000000 4.000000 4.000000 7.000000 7.000000 10.000000 
13.909237 156.792755 0.000000 26.000000 7.000000 3.000000 8.000000 5.000000 6.000000 0.000000 2.000000 0.000000 2.000000 12.000000 10.000000 
10.507804 163.058106 0.000000 10.000000 7.000000 6.000000 5.000000 3.000000 5.000000 3.000000 6.000000 8.000000 18.000000 7.000000 3.000000 
7.761285 172.790408 0.000000 19.000000 0.000000 10.000000 5.000000 2.000000 0.000000 5.000000 8.000000 4.000000 10.000000 13.000000 5.000000 
7.266631 180.607530 0.000000 28.000000 6.000000 0.000000 7.000000 8.000000 2.000000 3.000000 3.000000 1.000000 8.000000 11.000000 4.000000 
12.566229 186.640803 0.000000 16.000000 11.000000 1.000000 4.000000 2.000000 2.000000 5.000000 2.000000 4.000000 18.000000 15.000000 1.000000 
13.943585 195.787229 0.000000 7.000000 12.000000 5.000000 5.000000 4.000000 4.000000 2.000000 8.000000 7.000000 15.000000 9.000000 3.000000 
13.085070 206.586825 0.000000 6.000000 3.000000 5.000000 15.000000 1.000000 2.000000 4.000000 2.000000 7.000000 28.000000 4.000000 4.000000 
12.794496 212.855391 0.000000 5.000000 1.000000 6.000000 14.000000 5.000000 2.000000 3.000000 2.000000 5.000000 17.000000 3.000000 18.000000 
12.965106 221.324544 0.000000 5.000000 6.000000 2.000000 16.000000 6.000000 5.000000 7.000000 7.000000 6.000000 5.000000 10.000000 6.000000 
13.000000 230.102855 0.000000 9.000000 3.000000 8.000000 5.000000 5.000000 5.000000 7.000000 4.000000 6.000000 6.000000 9.000000 14.000000 
12.000000 237.365028 27.000000 4.000000 6.000000 4.000000 6.000000 2.000000 5.000000 5.000000 2.000000 1.000000 2.000000 3.000000 5.000000 
21.000247 6.365275 27.000000 5.000000 4.000000 9.000000 9.000000 1.000000 2.000000 5.000000 5.000000 1.000000 4.000000 3.000000 6.000000 
22.488247 14.797121 0.000000 6.000000 9.000000 7.000000 9.000000 3.000000 0.000000 7.000000 8.000000 5.000000 15.000000 4.000000 8.000000 
16.322413 17.199207 0.000000 15.000000 2.000000 2.000000 26.000000 7.000000 3.000000 0.000000 2.000000 4.000000 6.000000 4.000000 10.000000 
20.761502 28.942070 0.000000 13.000000 16.000000 7.000000 11.000000 2.000000 4.000000 2.000000 5.000000 2.000000 3.000000 8.000000 8.000000 
21.671170 34.089485 0.000000 15.000000 15.000000 4.000000 3.000000 2.000000 6.000000 3.000000 5.000000 4.000000 3.000000 11.000000 10.000000 
21.850046 44.466094 0.000000 12.000000 9.000000 9.000000 9.000000 5.000000 2.000000 3.000000 2.000000 4.000000 13.000000 4.000000 9.000000 
20.973516 53.323031 0.000000 21.000000 10.000000 7.000000 10.000000 5.000000 2.000000 1.000000 1.000000 0.000000 8.000000 5.000000 11.000000 
18.406778 61.735588 0.000000 25.000000 10.000000 4.000000 4.000000 3.000000 2.000000 10.000000 4.000000 7.000000 6.000000 3.000000 3.000000 
20.905551 69.322413 0.000000 17.000000 7.000000 5.000000 4.000000 3.000000 2.000000 3.000000 2.000000 8.000000 11.000000 12.000000 7.000000 
20.173650 76.565473 0.000000 16.000000 10.000000 3.000000 14.000000 5.000000 4.000000 3.000000 1.000000 3.000000 9.000000 9.000000 4.000000 
21.759581 83.196909 0.000000 12.000000 8.000000 7.000000 10.000000 1.000000 4.000000 9.000000 7.000000 3.000000 7.000000 5.000000 8.000000 
24.795091 90.290046 0.000000 8.000000 5.000000 7.000000 20.000000 2.000000 8.000000 5.000000 2.000000 4.000000 11.000000 4.000000 5.000000 
22.462846 98.985505 0.000000 13.000000 11.000000 4.000000 7.000000 5.000000 3.000000 3.000000 1.000000 3.000000 7.000000 12.000000 12.000000 
22.957385 108.677587 0.000000 10.000000 11.000000 7.000000 10.000000 5.000000 5.000000 8.000000 4.000000 4.000000 5.000000 4.000000 8.000000 
20.839308 116.644825 0.000000 13.000000 7.000000 6.000000 4.000000 7.000000 3.000000 3.000000 0.000000 5.000000 8.000000 9.000000 16.000000 
20.173650 126.238261 0.000000 15.000000 1.000000 10.000000 14.000000 7.000000 7.000000 5.000000 3.000000 2.000000 6.000000 7.000000 4.000000 
18.621328 130.941500 0.000000 10.000000 9.000000 3.000000 3.000000 3.000000 8.000000 6.000000 8.000000 8.000000 14.000000 6.000000 3.000000 
19.015121 140.280289 0.000000 22.000000 4.000000 3.000000 9.000000 5.000000 5.000000 2.000000 4.000000 4.000000 3.000000 4.000000 16.000000 
22.737828 147.838184 0.000000 23.000000 4.000000 9.000000 9.000000 3.000000 10.000000 3.000000 3.000000 3.000000 3.000000 3.000000 8.000000 
20.936437 154.098821 0.000000 11.000000 4.000000 10.000000 7.000000 2.000000 5.000000 4.000000 2.000000 3.000000 8.000000 14.000000 11.000000 
20.000000 164.013799 0.000000 6.000000 8.000000 9.000000 18.000000 5.000000 5.000000 5.000000 4.000000 3.000000 1.000000 7.000000 10.000000 
18.466423 172.370932 0.000000 9.000000 2.000000 4.000000 1.000000 4.000000 6.000000 4.000000 3.000000 8.000000 22.000000 8.000000 10.000000 
14.542798 179.819467 0.000000 26.000000 5.000000 5.000000 6.000000 3.000000 2.000000 2.000000 4.000000 4.000000 8.000000 8.000000 8.000000 
17.912101 188.700085 0.000000 6.000000 7.000000 9.000000 6.000000 6.000000 7.000000 5.000000 6.000000 7.000000 16.000000 5.000000 1.000000 
15.278343 199.081904 0.000000 7.000000 28.000000 4.000000 10.000000 4.000000 2.000000 3.000000 5.000000 3.000000 6.000000 5.000000 4.000000 
17.075744 205.868462 0.000000 7.000000 8.000000 5.000000 1.000000 0.000000 2.000000 3.000000 4.000000 7.000000 33.000000 6.000000 5.000000 
23.021809 213.425902 0.000000 6.000000 6.000000 5.000000 15.000000 3.000000 4.000000 1.000000 4.000000 2.000000 27.000000 3.000000 5.000000 
20.923792 220.619994 0.000000 3.000000 9.000000 3.000000 12.000000 3.000000 3.000000 4.000000 3.000000 9.000000 11.000000 10.000000 11.000000 
20.000000 230.689680 0.000000 21.000000 10.000000 8.000000 18.000000 3.000000 2.000000 1.000000 3.000000 1.000000 4.000000 3.000000 7.000000 
20.000000 237.799155 27.000000 7.000000 6.000000 2.000000 6.000000 3.000000 2.000000 0.000000 2.000000 4.000000 7.000000 1.000000 5.000000 
28.907722 6.523018 27.000000 11.000000 0.000000 7.000000 9.000000 2.000000 1.000000 3.000000 0.000000 1.000000 2.000000 5.000000 13.000000 
31.644825 17.011196 0.000000 16.000000 4.000000 0.000000 25.000000 5.000000 5.000000 1.000000 0.000000 1.000000 8.000000 5.000000 11.000000 
30.189092 22.017685 0.000000 24.000000 5.000000 5.000000 13.000000 4.000000 3.000000 0.000000 2.000000 5.000000 5.000000 7.000000 8.000000 
27.294279 27.559686 0.000000 15.000000 8.000000 5.000000 6.000000 2.000000 3.000000 7.000000 4.000000 7.000000 7.000000 6.000000 11.000000 
26.166276 35.142355 0.000000 9.000000 11.000000 8.000000 2.000000 6.000000 7.000000 1.000000 5.000000 4.000000 8.000000 10.000000 10.000000 
27.322413 46.423025 0.000000 13.000000 15.000000 4.000000 2.000000 7.000000 4.000000 4.000000 7.000000 5.000000 9.000000 4.000000 7.000000 
26.031893 52.037141 0.000000 13.000000 15.000000 4.000000 6.000000 4.000000 5.000000 2.000000 3.000000 4.000000 13.000000 4.000000 8.000000 
23.957385 61.322413 0.000000 16.000000 15.000000 6.000000 7.000000 4.000000 5.000000 4.000000 2.000000 4.000000 6.000000 4.000000 8.000000 
25.391098 67.957385 0.000000 15.000000 8.000000 8.000000 4.000000 5.000000 6.000000 4.000000 4.000000 5.000000 5.000000 7.000000 10.000000 
27.647065 77.322413 0.000000 7.000000 2.000000 4.000000 10.000000 6.000000 7.000000 6.000000 4.000000 4.000000 16.000000 7.000000 8.000000 
26.277575 83.703665 0.000000 19.000000 6.000000 11.000000 18.000000 3.000000 2.000000 1.000000 0.000000 2.000000 5.000000 8.000000 6.000000 
30.083132 90.865887 0.000000 14.000000 4.000000 7.000000 24.000000 1.000000 1.000000 2.000000 5.000000 2.000000 14.000000 5.000000 2.000000 
34.413175 99.221797 0.000000 20.000000 8.000000 8.000000 7.000000 6.000000 5.000000 4.000000 0.000000 3.000000 3.000000 4.000000 13.000000 
32.133246 107.684057 0.000000 11.000000 12.000000 9.000000 8.000000 6.000000 5.000000 10.000000 5.000000 4.000000 2.000000 4.000000 5.000000 
29.305485 117.498043 0.000000 9.000000 11.000000 5.000000 13.000000 6.000000 5.000000 8.000000 2.000000 7.000000 7.000000 4.000000 4.000000 
26.951852 128.413175 0.000000 5.000000 4.000000 8.000000 22.000000 8.000000 7.000000 7.000000 3.000000 4.000000 5.000000 6.000000 2.000000 
27.716495 133.973256 0.000000 5.000000 11.000000 8.000000 21.000000 3.000000 4.000000 5.000000 5.000000 4.000000 6.000000 5.000000 4.000000 
27.689680 139.000000 0.000000 11.000000 7.000000 7.000000 13.000000 2.000000 4.000000 2.000000 4.000000 5.000000 6.000000 9.000000 11.000000 
28.242995 147.152741 0.000000 20.000000 11.000000 7.000000 2.000000 3.000000 7.000000 1.000000 4.000000 5.000000 6.000000 6.000000 9.000000 
26.322413 154.255137 0.000000 17.000000 2.000000 12.000000 1.000000 2.000000 2.000000 8.000000 4.000000 4.000000 13.000000 8.000000 8.000000 
29.698292 165.909237 0.000000 14.000000 1.000000 6.000000 8.000000 9.000000 1.000000 1.000000 2.000000 0.000000 8.000000 16.000000 15.000000 
32.012202 170.628494 0.000000 14.000000 4.000000 4.000000 5.000000 11.000000 6.000000 3.000000 3.000000 1.000000 7.000000 10.000000 13.000000 
30.859524 178.792749 0.000000 11.000000 3.000000 2.000000 13.000000 7.000000 6.000000 4.000000 3.000000 5.000000 9.000000 8.000000 10.000000 
32.211449 187.044395 0.000000 5.000000 6.000000 8.000000 14.000000 12.000000 6.000000 4.000000 4.000000 3.000000 8.000000 6.000000 5.000000 
22.448851 200.960066 0.000000 7.000000 6.000000 3.000000 8.000000 1.000000 5.000000 2.000000 5.000000 5.000000 28.000000 7.000000 4.000000 
24.085484 206.854823 0.000000 6.000000 10.000000 10.000000 11.000000 0.000000 7.000000 2.000000 2.000000 3.000000 24.000000 5.000000 1.000000 
26.108601 210.756884 0.000000 5.000000 6.000000 3.000000 10.000000 9.000000 3.000000 1.000000 1.000000 1.000000 34.000000 7.000000 1.000000 
24.983545 219.006106 0.000000 9.000000 3.000000 4.000000 17.000000 8.000000 5.000000 8.000000 5.000000 2.000000 4.000000 5.000000 11.000000 
26.592197 228.877653 0.000000 21.000000 6.000000 6.000000 6.000000 3.000000 2.000000 3.000000 5.000000 4.000000 8.000000 6.000000 11.000000 
28.000000 237.365028 27.000000 2.000000 4.000000 5.000000 8.000000 4.000000 1.000000 4.000000 2.000000 1.000000 8.000000 5.000000 1.000000 
36.322413 5.687440 27.000000 3.000000 1.000000 1.000000 8.000000 7.000000 6.000000 4.000000 3.000000 5.000000 4.000000 6.000000 6.000000 
38.667297 12.901844 0.000000 12.000000 4.000000 2.000000 18.000000 6.000000 5.000000 1.000000 3.000000 6.000000 2.000000 5.000000 17.000000 
37.268869 17.998924 0.000000 10.000000 5.000000 4.000000 13.000000 6.000000 5.000000 2.000000 3.000000 3.000000 5.000000 10.000000 15.000000 
34.448711 27.408336 0.000000 10.000000 4.000000 9.000000 26.000000 7.000000 2.000000 1.000000 3.000000 6.000000 3.000000 2.000000 8.000000 
38.322413 40.051880 0.000000 5.000000 6.000000 3.000000 2.000000 2.000000 4.000000 10.000000 6.000000 4.000000 18.000000 15.000000 6.000000 
35.429690 46.172264 0.000000 11.000000 10.000000 3.000000 9.000000 8.000000 3.000000 3.000000 4.000000 3.000000 18.000000 8.000000 1.000000 
33.322413 49.687440 0.000000 15.000000 9.000000 2.000000 1.000000 1.000000 0.000000 0.000000 2.000000 5.000000 27.000000 12.000000 7.000000 
34.771736 59.544751 0.000000 5.000000 2.000000 9.000000 11.000000 7.000000 7.000000 3.000000 6.000000 7.000000 15.000000 3.000000 6.000000 
37.279890 67.914862 0.000000 16.000000 9.000000 4.000000 2.000000 4.000000 2.000000 2.000000 4.000000 7.000000 11.000000 11.000000 9.000000 
35.033648 76.000000 0.000000 13.000000 10.000000 7.000000 12.000000 3.000000 6.000000 5.000000 3.000000 3.000000 5.000000 4.000000 10.000000 
32.324652 83.324652 0.000000 26.000000 4.000000 2.000000 16.000000 7.000000 4.000000 5.000000 0.000000 2.000000 0.000000 4.000000 11.000000 
35.450900 92.630970 0.000000 19.000000 1.000000 4.000000 8.000000 7.000000 4.000000 3.000000 4.000000 9.000000 13.000000 4.000000 5.000000 
39.507839 99.456096 0.000000 13.000000 9.000000 11.000000 9.000000 6.000000 5.000000 5.000000 0.000000 1.000000 3.000000 8.000000 11.000000 
38.542979 107.442534 0.000000 12.000000 9.000000 5.000000 5.000000 8.000000 4.000000 1.000000 4.000000 4.000000 15.000000 9.000000 5.000000 
38.000000 114.000000 0.000000 12.000000 2.000000 3.000000 10.000000 11.000000 7.000000 7.000000 4.000000 8.000000 2.000000 7.000000 8.000000 
34.561846 126.939499 0.000000 9.000000 4.000000 8.000000 5.000000 4.000000 2.000000 2.000000 7.000000 2.000000 15.000000 12.000000 11.000000 
33.532847 134.832180 0.000000 4.000000 11.000000 7.000000 20.000000 10.000000 5.000000 6.000000 3.000000 0.000000 6.000000 6.000000 3.000000 
35.259982 139.612027 0.000000 12.000000 2.000000 8.000000 11.000000 12.000000 4.000000 6.000000 4.000000 2.000000 2.000000 5.000000 13.000000 
35.737828 147.586825 0.000000 11.000000 10.000000 5.000000 14.000000 5.000000 4.000000 1.000000 5.000000 6.000000 8.000000 5.000000 7.000000 
37.405544 155.405544 0.000000 5.000000 6.000000 3.000000 2.000000 2.000000 4.000000 5.000000 8.000000 12.000000 16.000000 6.000000 12.000000 
37.382599 165.355993 0.000000 14.000000 6.000000 4.000000 10.000000 4.000000 5.000000 9.000000 5.000000 5.000000 6.000000 8.000000 5.000000 
38.788877 171.971016 0.000000 18.000000 5.000000 6.000000 9.000000 8.000000 5.000000 8.000000 4.000000 1.000000 5.000000 6.000000 6.000000 
39.446757 178.828991 0.000000 27.000000 6.000000 3.000000 8.000000 6.000000 2.000000 2.000000 5.000000 1.000000 1.000000 11.000000 9.000000 
38.846231 187.069839 0.000000 11.000000 6.000000 7.000000 10.000000 3.000000 2.000000 4.000000 6.000000 6.000000 8.000000 8.000000 10.000000 
33.958265 197.602517 0.000000 21.000000 6.000000 3.000000 9.000000 3.000000 4.000000 3.000000 2.000000 2.000000 6.000000 12.000000 10.000000 
34.030367 205.500780 0.000000 5.000000 7.000000 14.000000 11.000000 4.000000 3.000000 1.000000 4.000000 4.000000 19.000000 5.000000 4.000000 
36.100547 211.752305 0.000000 10.000000 7.000000 16.000000 7.000000 0.000000 2.000000 4.000000 2.000000 3.000000 13.000000 12.000000 5.000000 
35.235468 219.503548 0.000000 9.000000 4.000000 10.000000 11.000000 5.000000 0.000000 3.000000 4.000000 6.000000 11.000000 4.000000 14.000000 
34.584270 226.908922 0.000000 17.000000 5.000000 12.000000 18.000000 3.000000 1.000000 3.000000 3.000000 4.000000 4.000000 4.000000 7.000000 
35.742325 237.107353 27.000000 4.000000 2.000000 2.000000 13.000000 0.000000 0.000000 7.000000 6.000000 6.000000 2.000000 0.000000 3.000000 
44.000000 4.948166 27.000000 5.000000 2.000000 1.000000 20.000000 4.000000 4.000000 2.000000 4.000000 6.000000 3.000000 2.000000 1.000000 
44.596631 11.921284 0.000000 14.000000 9.000000 4.000000 6.000000 8.000000 4.000000 6.000000 5.000000 5.000000 6.000000 5.000000 9.000000 
45.515127 19.841299 0.000000 17.000000 6.000000 7.000000 11.000000 7.000000 6.000000 4.000000 2.000000 1.000000 3.000000 5.000000 12.000000 
44.678609 26.140004 0.000000 16.000000 9.000000 9.000000 1.000000 5.000000 6.000000 5.000000 5.000000 4.000000 7.000000 4.000000 10.000000 
46.706309 37.362290 0.000000 15.000000 8.000000 6.000000 4.000000 5.000000 6.000000 5.000000 4.000000 6.000000 14.000000 6.000000 2.000000 
48.071272 43.876815 0.000000 13.000000 4.000000 0.000000 6.000000 3.000000 7.000000 3.000000 3.000000 9.000000 22.000000 4.000000 7.000000 
43.808011 51.566719 0.000000 18.000000 7.000000 7.000000 8.000000 1.000000 3.000000 2.000000 4.000000 5.000000 11.000000 6.000000 9.000000 
42.867653 60.232680 0.000000 14.000000 7.000000 6.000000 9.000000 2.000000 2.000000 2.000000 6.000000 5.000000 18.000000 6.000000 4.000000 
46.677587 70.175778 0.000000 6.000000 9.000000 18.000000 27.000000 7.000000 4.000000 0.000000 0.000000 1.000000 6.000000 2.000000 1.000000 
43.339256 76.974228 0.000000 27.000000 8.000000 3.000000 5.000000 1.000000 2.000000 2.000000 4.000000 4.000000 11.000000 9.000000 5.000000 
44.540995 84.735588 0.000000 15.000000 7.000000 7.000000 13.000000 5.000000 5.000000 2.000000 1.000000 5.000000 5.000000 7.000000 9.000000 
46.778025 93.365028 0.000000 8.000000 7.000000 6.000000 5.000000 3.000000 5.000000 5.000000 13.000000 6.000000 11.000000 7.000000 5.000000 
47.019547 100.322413 0.000000 14.000000 4.000000 7.000000 6.000000 5.000000 4.000000 6.000000 10.000000 6.000000 7.000000 6.000000 6.000000 
46.781277 108.221797 0.000000 9.000000 6.000000 10.000000 6.000000 7.000000 4.000000 3.000000 3.000000 2.000000 8.000000 13.000000 10.000000 
46.107320 115.605107 0.000000 9.000000 5.000000 9.000000 6.000000 6.000000 6.000000 5.000000 2.000000 10.000000 10.000000 7.000000 6.000000 
43.655478 125.054210 0.000000 6.000000 9.000000 5.000000 10.000000 6.000000 3.000000 4.000000 9.000000 4.000000 5.000000 7.000000 13.000000 
41.400579 132.755754 0.000000 3.000000 7.000000 5.000000 20.000000 8.000000 2.000000 4.000000 5.000000 2.000000 4.000000 9.000000 12.000000 
41.517179 137.152152 0.000000 14.000000 5.000000 5.000000 25.000000 6.000000 0.000000 3.000000 2.000000 2.000000 7.000000 5.000000 7.000000 
43.530687 148.203791 0.000000 8.000000 11.000000 7.000000 3.000000 5.000000 7.000000 5.000000 5.000000 13.000000 16.000000 1.000000 0.000000 
42.577026 156.586825 0.000000 15.000000 16.000000 7.000000 7.000000 4.000000 5.000000 2.000000 1.000000 4.000000 6.000000 4.000000 10.000000 
42.221797 163.586825 0.000000 15.000000 3.000000 3.000000 15.000000 3.000000 2.000000 1.000000 2.000000 0.000000 8.000000 14.000000 15.000000 
42.765374 172.000000 0.000000 18.000000 9.000000 5.000000 6.000000 4.000000 6.000000 1.000000 3.000000 1.000000 11.000000 5.000000 12.000000 
43.707068 179.450125 0.000000 19.000000 4.000000 12.000000 10.000000 2.000000 2.000000 2.000000 2.000000 6.000000 5.000000 9.000000 8.000000 
42.592203 186.218622 0.000000 12.000000 2.000000 8.000000 11.000000 2.000000 1.000000 2.000000 6.000000 7.000000 17.000000 8.000000 5.000000 
45.737909 194.586744 0.000000 11.000000 11.000000 5.000000 5.000000 3.000000 7.000000 7.000000 7.000000 10.000000 7.000000 4.000000 4.000000 
43.010991 206.280936 0.000000 6.000000 9.000000 12.000000 8.000000 2.000000 4.000000 3.000000 5.000000 8.000000 16.000000 5.000000 3.000000 
44.813580 213.143266 0.000000 8.000000 5.000000 10.000000 6.000000 4.000000 7.000000 13.000000 3.000000 1.000000 14.000000 7.000000 3.000000 
46.050143 222.017789 0.000000 12.000000 5.000000 9.000000 7.000000 5.000000 6.000000 5.000000 6.000000 6.000000 6.000000 3.000000 11.000000 
44.476456 230.737828 0.000000 6.000000 2.000000 6.000000 20.000000 4.000000 4.000000 6.000000 5.000000 5.000000 10.000000 3.000000 10.000000 
44.426639 237.791667 27.000000 5.000000 1.000000 1.000000 9.000000 0.000000 0.000000 0.000000 3.000000 7.000000 7.000000 3.000000 9.000000 
52.666935 6.031962 27.000000 3.000000 2.000000 2.000000 6.000000 7.000000 3.000000 4.000000 5.000000 0.000000 7.000000 10.000000 5.000000 
55.983284 13.951852 0.000000 11.000000 7.000000 5.000000 13.000000 3.000000 0.000000 11.000000 10.000000 3.000000 10.000000 6.000000 2.000000 
56.790894 18.574134 0.000000 13.000000 4.000000 3.000000 15.000000 8.000000 5.000000 12.000000 6.000000 3.000000 5.000000 2.000000 5.000000 
55.029846 26.687440 0.000000 9.000000 8.000000 5.000000 7.000000 7.000000 8.000000 7.000000 6.000000 3.000000 7.000000 5.000000 9.000000 
54.337192 32.619834 0.000000 5.000000 4.000000 1.000000 3.000000 4.000000 3.000000 5.000000 4.000000 12.000000 29.000000 6.000000 5.000000 
56.413175 36.386660 0.000000 5.000000 2.000000 1.000000 2.000000 2.000000 0.000000 2.000000 4.000000 12.000000 41.000000 6.000000 4.000000 
54.115403 48.496068 0.000000 6.000000 5.000000 4.000000 8.000000 9.000000 18.000000 16.000000 3.000000 3.000000 3.000000 1.000000 5.000000 
51.704746 59.026359 0.000000 27.000000 2.000000 3.000000 8.000000 7.000000 6.000000 2.000000 3.000000 4.000000 12.000000 3.000000 4.000000 
51.247833 64.612861 0.000000 16.000000 3.000000 6.000000 10.000000 7.000000 4.000000 3.000000 5.000000 4.000000 8.000000 4.000000 11.000000 
49.677587 74.392872 0.000000 4.000000 10.000000 5.000000 36.000000 7.000000 4.000000 1.000000 1.000000 0.000000 2.000000 7.000000 4.000000 
50.758707 85.448387 0.000000 20.000000 10.000000 7.000000 6.000000 2.000000 0.000000 5.000000 5.000000 4.000000 7.000000 7.000000 8.000000 
52.837394 93.365028 0.000000 23.000000 5.000000 6.000000 6.000000 8.000000 3.000000 4.000000 3.000000 1.000000 8.000000 12.000000 2.000000 
53.451358 99.948166 0.000000 16.000000 6.000000 16.000000 2.000000 3.000000 1.000000 4.000000 4.000000 5.000000 6.000000 8.000000 10.000000 
52.822287 107.962635 0.000000 6.000000 7.000000 15.000000 9.000000 7.000000 2.000000 5.000000 3.000000 6.000000 5.000000 8.000000 8.000000 
53.413175 117.416591 0.000000 11.000000 7.000000 7.000000 16.000000 5.000000 5.000000 5.000000 1.000000 1.000000 8.000000 4.000000 11.000000 
53.413175 121.951852 0.000000 17.000000 4.000000 1.000000 18.000000 6.000000 3.000000 4.000000 1.000000 4.000000 8.000000 4.000000 11.000000 
51.945629 130.497970 0.000000 12.000000 4.000000 3.000000 15.000000 5.000000 2.000000 2.000000 2.000000 6.000000 11.000000 13.000000 6.000000 
48.898051 138.237534 0.000000 18.000000 5.000000 7.000000 8.000000 2.000000 3.000000 1.000000 4.000000 7.000000 15.000000 11.000000 0.000000 
47.436056 147.951852 0.000000 6.000000 10.000000 3.000000 5.000000 5.000000 2.000000 3.000000 4.000000 14.000000 24.000000 5.000000 0.000000 
47.221797 154.951852 0.000000 12.000000 20.000000 8.000000 7.000000 3.000000 6.000000 1.000000 3.000000 2.000000 7.000000 4.000000 8.000000 
49.704308 163.687440 0.000000 13.000000 3.000000 7.000000 11.000000 9.000000 5.000000 0.000000 1.000000 2.000000 11.000000 9.000000 10.000000 
51.708711 173.687440 0.000000 15.000000 6.000000 7.000000 7.000000 5.000000 7.000000 3.000000 4.000000 7.000000 1.000000 7.000000 12.000000 
52.149704 181.331934 0.000000 9.000000 6.000000 3.000000 4.000000 6.000000 3.000000 7.000000 5.000000 8.000000 6.000000 9.000000 15.000000 
47.365028 188.365028 0.000000 8.000000 7.000000 12.000000 20.000000 3.000000 3.000000 0.000000 4.000000 5.000000 12.000000 6.000000 1.000000 
52.030205 195.907388 0.000000 13.000000 13.000000 11.000000 3.000000 2.000000 0.000000 2.000000 3.000000 3.000000 13.000000 5.000000 13.000000 
50.734553 203.648305 0.000000 13.000000 8.000000 11.000000 8.000000 6.000000 7.000000 3.000000 2.000000 5.000000 8.000000 5.000000 5.000000 
49.365028 212.365028 0.000000 5.000000 2.000000 7.000000 6.000000 2.000000 11.000000 4.000000 4.000000 6.000000 20.000000 10.000000 4.000000 
51.343939 220.351443 0.000000 11.000000 4.000000 5.000000 10.000000 3.000000 8.000000 14.000000 8.000000 4.000000 5.000000 5.000000 4.000000 
49.000000 229.689680 0.000000 6.000000 6.000000 8.000000 28.000000 5.000000 4.000000 5.000000 1.000000 1.000000 4.000000 7.000000 6.000000 
51.250399 237.002427 27.000000 12.000000 4.000000 5.000000 9.000000 1.000000 0.000000 2.000000 1.000000 1.000000 2.000000 3.000000 5.000000 
60.000000 5.324652 39.000000 2.000000 3.000000 7.000000 5.000000 5.000000 1.000000 0.000000 0.000000 0.000000 4.000000 7.000000 8.000000 
60.495226 13.819879 18.000000 11.000000 6.000000 5.000000 11.000000 4.000000 3.000000 7.000000 3.000000 2.000000 4.000000 0.000000 7.000000 
61.510494 21.324652 18.000000 11.000000 1.000000 2.000000 16.000000 8.000000 7.000000 2.000000 0.000000 0.000000 3.000000 4.000000 9.000000 
59.357447 28.462587 18.000000 9.000000 5.000000 4.000000 4.000000 4.000000 2.000000 3.000000 3.000000 2.000000 15.000000 6.000000 6.000000 
57.000000 36.324652 0.000000 7.000000 2.000000 5.000000 3.000000 2.000000 1.000000 2.000000 3.000000 12.000000 38.000000 3.000000 3.000000 
61.051496 43.684916 18.000000 2.000000 1.000000 9.000000 13.000000 8.000000 6.000000 3.000000 2.000000 4.000000 13.000000 1.000000 1.000000 
60.000000 52.547810 18.000000 9.000000 7.000000 2.000000 7.000000 4.000000 2.000000 1.000000 3.000000 4.000000 8.000000 7.000000 9.000000 
60.000000 61.324652 18.000000 15.000000 3.000000 4.000000 9.000000 5.000000 3.000000 0.000000 3.000000 3.000000 10.000000 4.000000 4.000000 
60.000000 68.691351 18.000000 5.000000 5.000000 4.000000 11.000000 4.000000 2.000000 1.000000 3.000000 6.000000 15.000000 4.000000 3.000000 
59.738504 77.063156 18.000000 4.000000 4.000000 1.000000 17.000000 6.000000 4.000000 2.000000 2.000000 3.000000 6.000000 9.000000 5.000000 
60.000000 85.324652 18.000000 8.000000 2.000000 5.000000 12.000000 2.000000 2.000000 5.000000 6.000000 3.000000 7.000000 7.000000 4.000000 
60.000000 93.324652 18.000000 13.000000 9.000000 9.000000 2.000000 5.000000 6.000000 8.000000 1.000000 1.000000 2.000000 2.000000 5.000000 
60.000000 101.324652 18.000000 10.000000 4.000000 5.000000 0.000000 3.000000 4.000000 7.000000 6.000000 5.000000 2.000000 8.000000 9.000000 
60.000000 109.324652 18.000000 9.000000 4.000000 6.000000 11.000000 4.000000 2.000000 2.000000 3.000000 6.000000 9.000000 3.000000 4.000000 
60.000000 117.761978 18.000000 11.000000 4.000000 3.000000 4.000000 1.000000 5.000000 0.000000 1.000000 3.000000 10.000000 7.000000 14.000000 
60.000000 124.928128 18.000000 15.000000 6.000000 2.000000 16.000000 3.000000 4.000000 1.000000 1.000000 0.000000 4.000000 3.000000 8.000000 
60.000000 133.324652 18.000000 4.000000 3.000000 2.000000 7.000000 7.000000 6.000000 6.000000 3.000000 2.000000 6.000000 9.000000 8.000000 
59.745441 141.070093 18.000000 4.000000 0.000000 6.000000 8.000000 8.000000 3.000000 7.000000 6.000000 6.000000 9.000000 3.000000 3.000000 
59.496327 149.566359 18.000000 11.000000 4.000000 7.000000 6.000000 1.000000 1.000000 3.000000 4.000000 4.000000 9.000000 7.000000 6.000000 
59.309623 157.324652 18.000000 6.000000 2.000000 4.000000 8.000000 5.000000 3.000000 0.000000 4.000000 6.000000 7.000000 8.000000 10.000000 
60.000000 165.324652 18.000000 10.000000 4.000000 3.000000 10.000000 10.000000 6.000000 5.000000 2.000000 5.000000 1.000000 2.000000 5.000000 
60.000000 173.324652 18.000000 12.000000 2.000000 3.000000 4.000000 5.000000 4.000000 7.000000 6.000000 10.000000 3.000000 4.000000 3.000000 
60.447983 181.324652 18.000000 5.000000 2.000000 1.000000 1.000000 4.000000 3.000000 1.000000 8.000000 10.000000 5.000000 9.000000 14.000000 
58.954821 189.622751 18.000000 19.000000 6.000000 4.000000 0.000000 0.000000 3.000000 2.000000 7.000000 2.000000 7.000000 3.000000 10.000000 
60.000000 197.324652 18.000000 12.000000 9.000000 4.000000 6.000000 5.000000 2.000000 3.000000 4.000000 3.000000 4.000000 4.000000 7.000000 
60.000000 205.324652 18.000000 7.000000 5.000000 9.000000 7.000000 8.000000 3.000000 2.000000 5.000000 3.000000 7.000000 5.000000 2.000000 
59.426893 213.051423 18.000000 7.000000 3.000000 7.000000 6.000000 6.000000 0.000000 0.000000 0.000000 1.000000 13.000000 7.000000 13.000000 
60.000000 221.324652 18.000000 6.000000 6.000000 6.000000 21.000000 1.000000 0.000000 0.000000 2.000000 3.000000 15.000000 1.000000 2.000000 
59.452656 228.890526 18.000000 12.000000 3.000000 2.000000 12.000000 2.000000 2.000000 3.000000 2.000000 1.000000 4.000000 7.000000 13.000000 
60.000000 236.000000 35.000000 8.000000 0.000000 5.000000 7.000000 2.000000 0.000000 0.000000 0.000000 0.000000 0.000000 1.000000 5.000000 
