240
5.000000 5.689680 39.000000 10.000000 1.000000 0.000000 0.000000 0.000000 0.000000 1.000000 3.000000 3.000000 2.000000 2.000000 2.000000 
3.171416 12.911477 27.000000 10.000000 3.000000 3.000000 4.000000 2.000000 0.000000 0.000000 2.000000 4.000000 1.000000 4.000000 3.000000 
4.000000 20.959625 27.000000 1.000000 7.000000 3.000000 2.000000 3.000000 1.000000 2.000000 1.000000 2.000000 5.000000 1.000000 8.000000 
2.573871 30.229004 27.000000 11.000000 4.000000 4.000000 3.000000 1.000000 1.000000 0.000000 3.000000 0.000000 3.000000 2.000000 4.000000 
2.581746 37.737828 27.000000 12.000000 2.000000 0.000000 1.000000 0.000000 0.000000 0.000000 2.000000 2.000000 9.000000 5.000000 3.000000 
4.000000 45.689680 27.000000 9.000000 4.000000 2.000000 6.000000 2.000000 2.000000 3.000000 1.000000 1.000000 2.000000 1.000000 3.000000 
4.880189 53.294210 27.000000 13.000000 8.000000 0.000000 2.000000 1.000000 3.000000 1.000000 1.000000 1.000000 4.000000 1.000000 1.000000 
4.322413 61.002240 27.000000 13.000000 1.000000 4.000000 0.000000 2.000000 1.000000 1.000000 1.000000 1.000000 5.000000 5.000000 2.000000 
4.820526 70.671897 27.000000 3.000000 7.000000 2.000000 7.000000 3.000000 0.000000 0.000000 2.000000 2.000000 5.000000 0.000000 5.000000 
4.815824 78.462706 27.000000 9.000000 6.000000 3.000000 2.000000 1.000000 1.000000 1.000000 1.000000 3.000000 4.000000 0.000000 5.000000 
5.094517 85.387754 27.000000 5.000000 8.000000 2.000000 5.000000 0.000000 0.000000 3.000000 2.000000 2.000000 6.000000 3.000000 0.000000 
4.621002 93.958776 27.000000 7.000000 7.000000 0.000000 7.000000 0.000000 1.000000 2.000000 1.000000 2.000000 2.000000 3.000000 4.000000 
4.000000 101.689680 27.000000 9.000000 3.000000 1.000000 4.000000 4.000000 4.000000 4.000000 0.000000 2.000000 2.000000 1.000000 2.000000 
3.586825 108.911477 27.000000 7.000000 5.000000 3.000000 4.000000 0.000000 1.000000 0.000000 2.000000 4.000000 4.000000 2.000000 4.000000 
4.858117 117.933303 27.000000 5.000000 1.000000 9.000000 3.000000 0.000000 1.000000 0.000000 1.000000 1.000000 3.000000 6.000000 6.000000 
4.000000 124.643231 27.000000 9.000000 4.000000 2.000000 4.000000 1.000000 2.000000 3.000000 2.000000 0.000000 1.000000 5.000000 3.000000 
4.322413 133.002240 27.000000 9.000000 1.000000 2.000000 2.000000 0.000000 5.000000 5.000000 3.000000 2.000000 1.000000 4.000000 2.000000 
4.000000 141.689680 27.000000 5.000000 4.000000 3.000000 6.000000 3.000000 6.000000 3.000000 2.000000 1.000000 0.000000 1.000000 2.000000 
4.322413 149.002240 27.000000 4.000000 0.000000 0.000000 0.000000 1.000000 1.000000 6.000000 5.000000 6.000000 6.000000 5.000000 2.000000 
4.601912 157.002240 27.000000 4.000000 2.000000 5.000000 6.000000 1.000000 2.000000 4.000000 4.000000 2.000000 1.000000 1.000000 4.000000 
4.326588 166.355689 27.000000 5.000000 1.000000 3.000000 2.000000 3.000000 2.000000 4.000000 2.000000 6.000000 7.000000 0.000000 1.000000 
4.324652 173.324652 27.000000 8.000000 1.000000 3.000000 8.000000 2.000000 2.000000 2.000000 0.000000 1.000000 2.000000 5.000000 2.000000 
4.000000 180.959625 27.000000 3.000000 4.000000 2.000000 6.000000 1.000000 0.000000 0.000000 0.000000 0.000000 8.000000 6.000000 6.000000 
4.000000 190.097249 27.000000 11.000000 3.000000 2.000000 4.000000 2.000000 0.000000 0.000000 2.000000 2.000000 4.000000 3.000000 3.000000 
3.586825 196.911477 27.000000 14.000000 2.000000 1.000000 2.000000 2.000000 3.000000 2.000000 1.000000 2.000000 4.000000 1.000000 2.000000 
3.198044 204.522696 27.000000 4.000000 7.000000 4.000000 6.000000 4.000000 1.000000 0.000000 0.000000 1.000000 4.000000 3.000000 2.000000 
4.636035 213.636035 27.000000 5.000000 1.000000 6.000000 9.000000 1.000000 0.000000 1.000000 0.000000 1.000000 3.000000 5.000000 4.000000 
4.000000 220.959625 27.000000 5.000000 4.000000 3.000000 4.000000 1.000000 1.000000 1.000000 0.000000 1.000000 8.000000 5.000000 3.000000 
3.483764 229.881264 27.000000 6.000000 6.000000 2.000000 6.000000 1.000000 0.000000 1.000000 1.000000 1.000000 9.000000 2.000000 1.000000 
5.000000 236.365028 36.000000 7.000000 3.000000 2.000000 2.000000 0.000000 0.000000 0.000000 0.000000 0.000000 3.000000 0.000000 3.000000 
11.119537 4.951852 27.000000 10.000000 4.000000 3.000000 2.000000 4.000000 2.000000 2.000000 4.000000 6.000000 10.000000 5.000000 2.000000 
10.322413 10.905551 0.000000 11.000000 6.000000 2.000000 2.000000 6.000000 3.000000 3.000000 4.000000 17.000000 9.000000 11.000000 7.000000 
11.566868 18.933584 0.000000 4.000000 9.000000 9.000000 12.000000 5.000000 7.000000 6.000000 8.000000 3.000000 10.000000 3.000000 5.000000 
8.274391 29.715627 0.000000 20.000000 10.000000 5.000000 4.000000 3.000000 4.000000 1.000000 7.000000 5.000000 12.000000 6.000000 4.000000 
7.396495 36.967371 0.000000 19.000000 9.000000 7.000000 6.000000 2.000000 4.000000 2.000000 2.000000 5.000000 9.000000 5.000000 11.000000 
13.445901 45.676495 0.000000 21.000000 6.000000 2.000000 9.000000 3.000000 1.000000 0.000000 4.000000 4.000000 10.000000 7.000000 14.000000 
15.000000 51.173650 0.000000 15.000000 6.000000 4.000000 18.000000 7.000000 1.000000 2.000000 1.000000 2.000000 5.000000 7.000000 13.000000 
14.019556 60.059844 0.000000 8.000000 12.000000 10.000000 6.000000 3.000000 5.000000 8.000000 5.000000 5.000000 6.000000 11.000000 2.000000 
16.309188 74.631884 0.000000 14.000000 9.000000 6.000000 2.000000 7.000000 5.000000 6.000000 7.000000 11.000000 5.000000 6.000000 3.000000 
16.679571 81.107102 0.000000 17.000000 12.000000 7.000000 8.000000 4.000000 5.000000 4.000000 3.000000 4.000000 2.000000 8.000000 7.000000 
16.690526 85.043422 0.000000 11.000000 11.000000 5.000000 12.000000 5.000000 9.000000 1.000000 0.000000 8.000000 4.000000 6.000000 9.000000 
14.285988 94.689680 0.000000 4.000000 7.000000 12.000000 15.000000 4.000000 8.000000 6.000000 4.000000 4.000000 5.000000 5.000000 7.000000 
12.034170 101.102841 0.000000 13.000000 7.000000 8.000000 9.000000 2.000000 5.000000 1.000000 3.000000 6.000000 17.000000 7.000000 3.000000 
12.214814 107.598645 0.000000 10.000000 10.000000 11.000000 11.000000 3.000000 2.000000 2.000000 3.000000 10.000000 8.000000 7.000000 4.000000 
15.981401 116.728380 0.000000 3.000000 3.000000 4.000000 14.000000 5.000000 5.000000 9.000000 8.000000 2.000000 15.000000 4.000000 9.000000 
12.913613 121.221797 0.000000 13.000000 12.000000 5.000000 3.000000 0.000000 3.000000 6.000000 7.000000 3.000000 16.000000 7.000000 6.000000 
13.322413 130.709311 0.000000 11.000000 6.000000 6.000000 9.000000 3.000000 4.000000 11.000000 5.000000 7.000000 9.000000 5.000000 5.000000 
11.560502 139.734152 0.000000 8.000000 4.000000 6.000000 10.000000 3.000000 7.000000 14.000000 3.000000 1.000000 7.000000 12.000000 6.000000 
13.712272 147.295217 0.000000 5.000000 6.000000 3.000000 15.000000 5.000000 8.000000 15.000000 2.000000 2.000000 2.000000 12.000000 6.000000 
14.953581 155.130517 0.000000 9.000000 10.000000 9.000000 2.000000 2.000000 9.000000 4.000000 4.000000 4.000000 2.000000 16.000000 10.000000 
12.951852 166.586825 0.000000 4.000000 4.000000 1.000000 9.000000 8.000000 7.000000 6.000000 3.000000 5.000000 22.000000 6.000000 6.000000 
13.775714 172.841332 0.000000 4.000000 2.000000 7.000000 17.000000 4.000000 5.000000 3.000000 2.000000 2.000000 15.000000 6.000000 14.000000 
12.000000 179.964148 0.000000 0.000000 4.000000 6.000000 17.000000 7.000000 3.000000 5.000000 3.000000 1.000000 14.000000 8.000000 13.000000 
10.272096 190.427592 0.000000 32.000000 7.000000 8.000000 6.000000 3.000000 3.000000 1.000000 5.000000 2.000000 3.000000 6.000000 5.000000 
9.085056 194.037713 0.000000 31.000000 3.000000 6.000000 7.000000 4.000000 2.000000 4.000000 6.000000 3.000000 8.000000 4.000000 3.000000 
11.010105 202.282712 0.000000 12.000000 6.000000 9.000000 5.000000 3.000000 2.000000 5.000000 8.000000 10.000000 12.000000 4.000000 5.000000 
13.586825 212.169963 0.000000 15.000000 6.000000 4.000000 12.000000 4.000000 3.000000 3.000000 4.000000 2.000000 17.000000 5.000000 6.000000 
13.395855 219.997235 0.000000 12.000000 5.000000 5.000000 5.000000 10.000000 9.000000 3.000000 3.000000 5.000000 10.000000 4.000000 10.000000 
10.000000 229.959625 0.000000 18.000000 10.000000 3.000000 9.000000 7.000000 10.000000 6.000000 3.000000 4.000000 9.000000 2.000000 0.000000 
11.616663 237.748365 27.000000 9.000000 4.000000 2.000000 3.000000 3.000000 3.000000 5.000000 2.000000 2.000000 8.000000 3.000000 1.000000 
20.322413 6.050973 27.000000 0.000000 0.000000 1.000000 9.000000 7.000000 3.000000 6.000000 5.000000 4.000000 16.000000 3.000000 0.000000 
22.820137 11.159042 0.000000 14.000000 14.000000 6.000000 5.000000 1.000000 0.000000 3.000000 5.000000 6.000000 10.000000 11.000000 6.000000 
23.737828 17.188633 0.000000 16.000000 12.000000 7.000000 6.000000 2.000000 0.000000 3.000000 7.000000 8.000000 13.000000 5.000000 2.000000 
21.079029 26.396314 0.000000 6.000000 8.000000 7.000000 14.000000 4.000000 5.000000 6.000000 3.000000 5.000000 9.000000 9.000000 5.000000 
17.769548 35.533470 0.000000 11.000000 7.000000 9.000000 5.000000 8.000000 5.000000 7.000000 6.000000 8.000000 8.000000 5.000000 2.000000 
22.236740 44.936909 0.000000 20.000000 4.000000 10.000000 5.000000 2.000000 1.000000 5.000000 4.000000 2.000000 8.000000 6.000000 14.000000 
19.793686 51.621054 0.000000 16.000000 6.000000 7.000000 10.000000 8.000000 1.000000 4.000000 2.000000 4.000000 9.000000 6.000000 8.000000 
19.644825 59.960087 0.000000 12.000000 10.000000 7.000000 6.000000 2.000000 4.000000 2.000000 1.000000 3.000000 18.000000 11.000000 5.000000 
21.815214 70.532109 0.000000 10.000000 10.000000 5.000000 13.000000 4.000000 5.000000 6.000000 2.000000 6.000000 6.000000 6.000000 8.000000 
21.069586 79.759266 0.000000 19.000000 8.000000 4.000000 14.000000 5.000000 3.000000 2.000000 3.000000 4.000000 3.000000 6.000000 10.000000 
22.124155 85.277931 0.000000 22.000000 5.000000 3.000000 20.000000 4.000000 7.000000 0.000000 0.000000 6.000000 4.000000 2.000000 8.000000 
20.767687 93.749131 0.000000 14.000000 14.000000 8.000000 9.000000 2.000000 2.000000 3.000000 5.000000 3.000000 5.000000 6.000000 10.000000 
20.695124 99.365028 0.000000 9.000000 7.000000 11.000000 3.000000 3.000000 2.000000 1.000000 7.000000 2.000000 18.000000 10.000000 8.000000 
23.056817 108.276011 0.000000 17.000000 7.000000 10.000000 6.000000 1.000000 2.000000 5.000000 3.000000 6.000000 11.000000 8.000000 5.000000 
23.000000 113.798718 0.000000 15.000000 2.000000 12.000000 7.000000 4.000000 5.000000 5.000000 4.000000 1.000000 12.000000 6.000000 8.000000 
21.738699 122.238451 0.000000 9.000000 2.000000 6.000000 6.000000 9.000000 4.000000 10.000000 4.000000 1.000000 13.000000 7.000000 10.000000 
20.884287 130.240873 0.000000 6.000000 6.000000 2.000000 3.000000 9.000000 12.000000 18.000000 3.000000 2.000000 11.000000 6.000000 3.000000 
18.382675 138.586803 0.000000 8.000000 4.000000 2.000000 6.000000 5.000000 3.000000 26.000000 7.000000 4.000000 4.000000 7.000000 5.000000 
21.071022 149.076444 0.000000 7.000000 3.000000 4.000000 36.000000 5.000000 0.000000 0.000000 4.000000 4.000000 4.000000 9.000000 5.000000 
20.089811 152.112050 0.000000 7.000000 6.000000 4.000000 15.000000 1.000000 1.000000 5.000000 5.000000 11.000000 7.000000 11.000000 8.000000 
20.329700 164.169988 0.000000 5.000000 3.000000 3.000000 14.000000 7.000000 4.000000 6.000000 4.000000 4.000000 13.000000 6.000000 12.000000 
21.322413 173.647065 0.000000 5.000000 9.000000 2.000000 6.000000 9.000000 7.000000 5.000000 5.000000 7.000000 12.000000 2.000000 12.000000 
19.220527 180.634165 0.000000 2.000000 15.000000 8.000000 10.000000 8.000000 4.000000 2.000000 5.000000 9.000000 7.000000 6.000000 5.000000 
16.151463 189.670981 0.000000 25.000000 7.000000 12.000000 6.000000 5.000000 2.000000 4.000000 5.000000 2.000000 8.000000 4.000000 1.000000 
17.411483 194.857209 0.000000 31.000000 8.000000 10.000000 9.000000 6.000000 0.000000 1.000000 1.000000 2.000000 4.000000 5.000000 4.000000 
17.716046 201.138030 0.000000 11.000000 4.000000 8.000000 11.000000 2.000000 2.000000 6.000000 5.000000 4.000000 14.000000 9.000000 5.000000 
22.690352 212.747340 0.000000 9.000000 9.000000 7.000000 8.000000 2.000000 3.000000 4.000000 9.000000 3.000000 16.000000 3.000000 8.000000 
25.586825 219.169963 0.000000 6.000000 3.000000 4.000000 0.000000 1.000000 0.000000 1.000000 9.000000 7.000000 34.000000 8.000000 8.000000 
22.094174 228.183855 0.000000 9.000000 7.000000 13.000000 5.000000 3.000000 2.000000 4.000000 5.000000 4.000000 14.000000 8.000000 7.000000 
20.000000 237.365028 27.000000 3.000000 9.000000 3.000000 2.000000 2.000000 2.000000 2.000000 3.000000 4.000000 6.000000 5.000000 4.000000 
28.913642 4.855269 18.000000 1.000000 1.000000 1.000000 26.000000 7.000000 5.000000 1.000000 2.000000 5.000000 10.000000 3.000000 1.000000 
31.043187 9.000000 0.000000 10.000000 1.000000 2.000000 24.000000 7.000000 3.000000 1.000000 6.000000 1.000000 7.000000 8.000000 11.000000 
31.246340 20.227969 0.000000 18.000000 6.000000 11.000000 6.000000 1.000000 4.000000 4.000000 6.000000 5.000000 8.000000 5.000000 7.000000 
28.598312 32.700116 0.000000 18.000000 9.000000 9.000000 6.000000 1.000000 3.000000 4.000000 3.000000 1.000000 3.000000 10.000000 14.000000 
28.702944 39.067935 0.000000 8.000000 1.000000 1.000000 22.000000 6.000000 6.000000 5.000000 3.000000 4.000000 7.000000 9.000000 9.000000 
28.651480 43.348520 0.000000 15.000000 3.000000 4.000000 12.000000 5.000000 5.000000 5.000000 5.000000 6.000000 6.000000 8.000000 7.000000 
27.914960 52.978127 0.000000 6.000000 4.000000 8.000000 11.000000 4.000000 8.000000 7.000000 5.000000 9.000000 9.000000 5.000000 5.000000 
29.422241 61.766304 0.000000 20.000000 10.000000 4.000000 1.000000 1.000000 1.000000 1.000000 4.000000 6.000000 7.000000 9.000000 17.000000 
27.990019 65.718142 0.000000 11.000000 4.000000 10.000000 17.000000 4.000000 5.000000 4.000000 2.000000 3.000000 4.000000 12.000000 5.000000 
29.341334 76.731687 0.000000 16.000000 5.000000 6.000000 9.000000 3.000000 4.000000 4.000000 7.000000 4.000000 4.000000 7.000000 12.000000 
29.374268 84.322413 0.000000 18.000000 4.000000 5.000000 10.000000 8.000000 4.000000 6.000000 7.000000 8.000000 2.000000 3.000000 6.000000 
29.255942 92.911477 0.000000 8.000000 6.000000 5.000000 4.000000 6.000000 5.000000 12.000000 6.000000 7.000000 7.000000 6.000000 9.000000 
28.811838 102.671028 0.000000 10.000000 6.000000 11.000000 9.000000 4.000000 3.000000 5.000000 3.000000 5.000000 5.000000 9.000000 11.000000 
29.072393 110.136890 0.000000 10.000000 7.000000 3.000000 18.000000 5.000000 4.000000 4.000000 5.000000 5.000000 10.000000 5.000000 5.000000 
28.781665 114.000000 0.000000 12.000000 2.000000 7.000000 9.000000 5.000000 4.000000 6.000000 5.000000 7.000000 10.000000 7.000000 7.000000 
30.313193 124.000000 0.000000 9.000000 3.000000 8.000000 5.000000 7.000000 9.000000 6.000000 4.000000 5.000000 8.000000 9.000000 8.000000 
29.948166 132.439134 0.000000 5.000000 4.000000 2.000000 8.000000 5.000000 6.000000 12.000000 6.000000 6.000000 12.000000 9.000000 6.000000 
29.423036 140.853943 0.000000 2.000000 7.000000 6.000000 8.000000 5.000000 7.000000 16.000000 5.000000 5.000000 10.000000 6.000000 4.000000 
27.651705 148.303081 0.000000 4.000000 0.000000 2.000000 11.000000 7.000000 4.000000 3.000000 11.000000 9.000000 13.000000 10.000000 7.000000 
24.495419 153.322413 0.000000 5.000000 7.000000 6.000000 25.000000 3.000000 3.000000 1.000000 4.000000 3.000000 7.000000 10.000000 7.000000 
29.195820 165.307647 0.000000 12.000000 5.000000 10.000000 7.000000 6.000000 3.000000 2.000000 5.000000 5.000000 2.000000 10.000000 14.000000 
28.140803 171.961266 0.000000 7.000000 1.000000 10.000000 21.000000 3.000000 7.000000 2.000000 2.000000 4.000000 10.000000 4.000000 10.000000 
29.134875 177.551737 0.000000 6.000000 7.000000 9.000000 15.000000 4.000000 9.000000 3.000000 3.000000 5.000000 4.000000 7.000000 9.000000 
30.723300 191.224383 0.000000 16.000000 5.000000 7.000000 12.000000 3.000000 2.000000 2.000000 5.000000 7.000000 3.000000 13.000000 6.000000 
26.668581 198.735061 0.000000 9.000000 8.000000 4.000000 16.000000 2.000000 3.000000 1.000000 5.000000 7.000000 16.000000 5.000000 5.000000 
23.853861 200.162271 0.000000 14.000000 2.000000 5.000000 24.000000 2.000000 3.000000 0.000000 2.000000 4.000000 12.000000 3.000000 10.000000 
28.474172 217.983088 0.000000 13.000000 6.000000 1.000000 0.000000 0.000000 0.000000 0.000000 7.000000 6.000000 37.000000 6.000000 5.000000 
31.721133 221.623518 0.000000 11.000000 6.000000 6.000000 5.000000 2.000000 1.000000 1.000000 7.000000 4.000000 27.000000 5.000000 6.000000 
31.663023 232.662123 0.000000 11.000000 2.000000 3.000000 8.000000 5.000000 12.000000 5.000000 7.000000 7.000000 8.000000 10.000000 3.000000 
29.338748 238.255165 27.000000 9.000000 1.000000 0.000000 3.000000 5.000000 4.000000 4.000000 2.000000 3.000000 6.000000 6.000000 2.000000 
36.791310 5.734129 27.000000 8.000000 3.000000 3.000000 4.000000 1.000000 3.000000 0.000000 3.000000 0.000000 8.000000 11.000000 10.000000 
37.822461 11.604132 0.000000 21.000000 7.000000 5.000000 19.000000 5.000000 2.000000 3.000000 2.000000 1.000000 2.000000 4.000000 10.000000 
38.324652 19.583138 0.000000 11.000000 15.000000 7.000000 6.000000 0.000000 5.000000 2.000000 2.000000 4.000000 13.000000 8.000000 8.000000 
37.662539 28.529941 0.000000 10.000000 15.000000 6.000000 13.000000 1.000000 1.000000 3.000000 6.000000 4.000000 6.000000 12.000000 4.000000 
36.698094 36.962372 0.000000 14.000000 7.000000 5.000000 8.000000 6.000000 5.000000 5.000000 2.000000 3.000000 9.000000 8.000000 9.000000 
35.644825 46.310778 0.000000 18.000000 11.000000 6.000000 10.000000 9.000000 1.000000 3.000000 2.000000 0.000000 0.000000 9.000000 12.000000 
37.975276 54.666991 0.000000 4.000000 3.000000 4.000000 18.000000 6.000000 7.000000 8.000000 4.000000 4.000000 16.000000 5.000000 2.000000 
37.877565 62.559746 0.000000 14.000000 9.000000 10.000000 3.000000 5.000000 1.000000 3.000000 3.000000 6.000000 4.000000 8.000000 15.000000 
37.080110 65.978433 0.000000 11.000000 2.000000 14.000000 3.000000 4.000000 1.000000 2.000000 5.000000 10.000000 9.000000 9.000000 11.000000 
36.579828 73.935062 0.000000 9.000000 3.000000 4.000000 17.000000 6.000000 7.000000 4.000000 2.000000 7.000000 13.000000 4.000000 5.000000 
34.161050 83.836397 0.000000 17.000000 7.000000 7.000000 9.000000 2.000000 4.000000 3.000000 3.000000 7.000000 4.000000 7.000000 11.000000 
34.311829 91.258876 0.000000 10.000000 5.000000 8.000000 8.000000 4.000000 8.000000 6.000000 5.000000 3.000000 10.000000 6.000000 8.000000 
33.314917 102.142932 0.000000 15.000000 8.000000 7.000000 5.000000 4.000000 1.000000 3.000000 6.000000 6.000000 4.000000 8.000000 14.000000 
33.873104 109.533165 0.000000 6.000000 8.000000 1.000000 19.000000 7.000000 3.000000 4.000000 5.000000 6.000000 8.000000 6.000000 8.000000 
33.455229 116.407913 0.000000 22.000000 3.000000 2.000000 10.000000 5.000000 0.000000 5.000000 5.000000 10.000000 7.000000 5.000000 7.000000 
35.190618 124.677440 0.000000 10.000000 7.000000 5.000000 4.000000 10.000000 10.000000 10.000000 6.000000 6.000000 1.000000 5.000000 7.000000 
35.582362 134.480755 0.000000 10.000000 5.000000 11.000000 17.000000 4.000000 1.000000 6.000000 6.000000 7.000000 7.000000 5.000000 2.000000 
35.339945 143.161175 0.000000 7.000000 4.000000 7.000000 19.000000 5.000000 0.000000 0.000000 6.000000 2.000000 15.000000 8.000000 8.000000 
35.752256 150.291777 0.000000 7.000000 5.000000 6.000000 18.000000 3.000000 0.000000 1.000000 2.000000 8.000000 19.000000 7.000000 5.000000 
33.656468 156.425882 0.000000 6.000000 7.000000 6.000000 17.000000 4.000000 4.000000 6.000000 2.000000 5.000000 7.000000 7.000000 10.000000 
36.016644 165.687440 0.000000 19.000000 6.000000 8.000000 12.000000 5.000000 1.000000 2.000000 3.000000 3.000000 4.000000 7.000000 11.000000 
32.634972 173.365028 0.000000 3.000000 4.000000 11.000000 23.000000 8.000000 8.000000 2.000000 3.000000 3.000000 5.000000 5.000000 6.000000 
34.271036 178.631937 0.000000 9.000000 6.000000 11.000000 13.000000 6.000000 6.000000 4.000000 1.000000 6.000000 5.000000 6.000000 8.000000 
36.147819 190.471757 0.000000 14.000000 9.000000 9.000000 3.000000 5.000000 6.000000 2.000000 2.000000 4.000000 6.000000 14.000000 7.000000 
32.728520 198.728520 0.000000 9.000000 8.000000 8.000000 12.000000 6.000000 2.000000 3.000000 3.000000 3.000000 19.000000 3.000000 5.000000 
32.773255 204.240189 0.000000 12.000000 9.000000 7.000000 5.000000 5.000000 3.000000 3.000000 4.000000 5.000000 15.000000 5.000000 8.000000 
32.864598 215.479620 0.000000 4.000000 9.000000 9.000000 8.000000 3.000000 2.000000 0.000000 2.000000 1.000000 37.000000 4.000000 2.000000 
38.861867 222.074136 0.000000 9.000000 6.000000 14.000000 7.000000 11.000000 8.000000 3.000000 4.000000 4.000000 5.000000 5.000000 5.000000 
38.932399 232.647065 0.000000 9.000000 3.000000 5.000000 17.000000 5.000000 6.000000 7.000000 5.000000 1.000000 7.000000 7.000000 9.000000 
36.454048 238.695583 27.000000 6.000000 2.000000 4.000000 13.000000 3.000000 5.000000 6.000000 2.000000 0.000000 2.000000 2.000000 0.000000 
43.224022 5.365028 27.000000 15.000000 3.000000 6.000000 2.000000 2.000000 2.000000 5.000000 4.000000 0.000000 3.000000 6.000000 6.000000 
42.365028 12.365028 0.000000 19.000000 8.000000 9.000000 13.000000 2.000000 4.000000 1.000000 3.000000 2.000000 4.000000 4.000000 12.000000 
45.740740 20.614606 0.000000 11.000000 15.000000 8.000000 0.000000 2.000000 2.000000 3.000000 4.000000 6.000000 13.000000 9.000000 8.000000 
46.735588 29.264412 0.000000 9.000000 13.000000 4.000000 17.000000 12.000000 8.000000 7.000000 0.000000 3.000000 5.000000 0.000000 3.000000 
45.492936 35.083448 0.000000 11.000000 8.000000 4.000000 2.000000 5.000000 2.000000 4.000000 6.000000 4.000000 12.000000 14.000000 9.000000 
45.416881 44.040221 0.000000 9.000000 10.000000 7.000000 11.000000 11.000000 4.000000 3.000000 6.000000 1.000000 3.000000 8.000000 8.000000 
48.062340 52.513531 0.000000 8.000000 11.000000 7.000000 10.000000 8.000000 8.000000 10.000000 3.000000 3.000000 5.000000 4.000000 4.000000 
48.996397 63.541134 0.000000 15.000000 7.000000 10.000000 14.000000 5.000000 5.000000 4.000000 1.000000 0.000000 1.000000 7.000000 12.000000 
46.637468 70.142998 0.000000 6.000000 2.000000 0.000000 15.000000 9.000000 9.000000 11.000000 6.000000 5.000000 2.000000 11.000000 5.000000 
46.992377 74.437304 0.000000 11.000000 3.000000 0.000000 3.000000 9.000000 7.000000 9.000000 6.000000 3.000000 7.000000 14.000000 9.000000 
45.487304 83.660953 0.000000 19.000000 6.000000 7.000000 3.000000 4.000000 2.000000 6.000000 4.000000 4.000000 5.000000 9.000000 12.000000 
46.049049 91.222698 0.000000 11.000000 6.000000 9.000000 7.000000 2.000000 8.000000 7.000000 8.000000 8.000000 7.000000 6.000000 2.000000 
45.070690 96.735275 0.000000 14.000000 0.000000 10.000000 12.000000 6.000000 4.000000 4.000000 1.000000 4.000000 5.000000 11.000000 10.000000 
44.320415 105.610146 0.000000 3.000000 7.000000 6.000000 13.000000 4.000000 4.000000 8.000000 5.000000 6.000000 11.000000 9.000000 5.000000 
42.573110 116.076195 0.000000 21.000000 2.000000 7.000000 7.000000 6.000000 3.000000 6.000000 7.000000 5.000000 6.000000 4.000000 7.000000 
44.910051 125.597823 0.000000 6.000000 8.000000 8.000000 8.000000 5.000000 6.000000 4.000000 3.000000 3.000000 13.000000 11.000000 6.000000 
43.140863 137.030080 0.000000 5.000000 7.000000 6.000000 19.000000 7.000000 7.000000 5.000000 6.000000 6.000000 5.000000 4.000000 4.000000 
40.853610 143.095873 0.000000 3.000000 3.000000 6.000000 7.000000 4.000000 7.000000 6.000000 11.000000 11.000000 17.000000 4.000000 2.000000 
41.393833 150.357358 0.000000 4.000000 11.000000 11.000000 17.000000 4.000000 6.000000 9.000000 4.000000 8.000000 7.000000 0.000000 0.000000 
42.304410 158.407849 0.000000 10.000000 7.000000 0.000000 8.000000 2.000000 2.000000 15.000000 9.000000 7.000000 4.000000 8.000000 9.000000 
43.586825 165.330813 0.000000 10.000000 5.000000 7.000000 13.000000 5.000000 7.000000 7.000000 2.000000 6.000000 6.000000 5.000000 8.000000 
41.654087 170.923280 0.000000 17.000000 5.000000 5.000000 4.000000 6.000000 4.000000 3.000000 6.000000 1.000000 6.000000 14.000000 10.000000 
42.985783 177.014217 0.000000 11.000000 6.000000 7.000000 3.000000 6.000000 3.000000 8.000000 7.000000 4.000000 6.000000 17.000000 3.000000 
44.618647 186.618647 0.000000 14.000000 7.000000 6.000000 10.000000 10.000000 1.000000 4.000000 1.000000 2.000000 7.000000 12.000000 7.000000 
43.790661 197.247246 0.000000 10.000000 6.000000 9.000000 6.000000 8.000000 3.000000 4.000000 3.000000 8.000000 13.000000 3.000000 8.000000 
48.600600 208.013073 0.000000 17.000000 12.000000 4.000000 9.000000 4.000000 4.000000 3.000000 2.000000 5.000000 7.000000 8.000000 6.000000 
43.994106 214.981588 0.000000 8.000000 8.000000 6.000000 7.000000 4.000000 3.000000 6.000000 6.000000 6.000000 15.000000 6.000000 6.000000 
48.381605 222.322413 0.000000 14.000000 13.000000 6.000000 7.000000 1.000000 5.000000 2.000000 4.000000 0.000000 10.000000 9.000000 10.000000 
49.033226 229.917442 0.000000 12.000000 8.000000 5.000000 8.000000 3.000000 4.000000 4.000000 5.000000 4.000000 12.000000 8.000000 8.000000 
44.729196 237.365028 27.000000 0.000000 0.000000 2.000000 8.000000 5.000000 6.000000 6.000000 3.000000 3.000000 9.000000 2.000000 1.000000 
52.000000 5.689680 27.000000 13.000000 7.000000 5.000000 2.000000 1.000000 6.000000 4.000000 1.000000 1.000000 4.000000 5.000000 5.000000 
51.703498 13.233320 0.000000 18.000000 6.000000 2.000000 2.000000 5.000000 7.000000 7.000000 4.000000 3.000000 11.000000 9.000000 7.000000 
52.413175 19.951852 0.000000 10.000000 7.000000 7.000000 7.000000 2.000000 4.000000 4.000000 6.000000 5.000000 10.000000 9.000000 10.000000 
53.095814 27.430154 0.000000 8.000000 6.000000 6.000000 12.000000 4.000000 4.000000 7.000000 7.000000 3.000000 8.000000 6.000000 10.000000 
51.000000 36.999684 0.000000 9.000000 6.000000 3.000000 14.000000 4.000000 2.000000 6.000000 8.000000 4.000000 11.000000 9.000000 5.000000 
53.317438 45.916683 0.000000 18.000000 13.000000 9.000000 2.000000 4.000000 2.000000 2.000000 0.000000 3.000000 4.000000 10.000000 14.000000 
55.322413 51.687440 0.000000 11.000000 6.000000 5.000000 6.000000 5.000000 7.000000 5.000000 2.000000 4.000000 11.000000 8.000000 11.000000 
54.668552 63.337456 0.000000 18.000000 9.000000 6.000000 2.000000 0.000000 2.000000 8.000000 8.000000 4.000000 5.000000 7.000000 12.000000 
51.413175 70.406032 0.000000 4.000000 9.000000 3.000000 31.000000 4.000000 1.000000 2.000000 1.000000 4.000000 8.000000 10.000000 4.000000 
52.699668 75.693148 0.000000 12.000000 8.000000 3.000000 22.000000 4.000000 4.000000 1.000000 2.000000 1.000000 4.000000 11.000000 9.000000 
50.572029 82.937057 0.000000 19.000000 11.000000 1.000000 1.000000 4.000000 0.000000 4.000000 4.000000 4.000000 9.000000 10.000000 14.000000 
54.816809 93.913246 0.000000 6.000000 14.000000 8.000000 10.000000 8.000000 9.000000 3.000000 1.000000 5.000000 4.000000 7.000000 6.000000 
54.000000 99.689680 0.000000 13.000000 5.000000 2.000000 12.000000 4.000000 6.000000 7.000000 5.000000 5.000000 9.000000 1.000000 12.000000 
52.679563 108.419679 0.000000 13.000000 5.000000 2.000000 8.000000 4.000000 3.000000 7.000000 3.000000 8.000000 10.000000 9.000000 9.000000 
53.512375 115.966116 0.000000 9.000000 8.000000 6.000000 13.000000 7.000000 5.000000 4.000000 3.000000 7.000000 9.000000 4.000000 6.000000 
53.100349 124.152777 0.000000 5.000000 6.000000 6.000000 4.000000 4.000000 3.000000 13.000000 8.000000 7.000000 11.000000 8.000000 6.000000 
47.432494 135.015923 0.000000 6.000000 7.000000 7.000000 25.000000 5.000000 6.000000 3.000000 3.000000 1.000000 5.000000 7.000000 6.000000 
47.661454 139.779698 0.000000 3.000000 7.000000 4.000000 20.000000 8.000000 9.000000 5.000000 3.000000 0.000000 10.000000 5.000000 7.000000 
50.339832 147.954438 0.000000 12.000000 10.000000 6.000000 4.000000 5.000000 2.000000 3.000000 10.000000 3.000000 8.000000 13.000000 5.000000 
51.586825 157.951852 0.000000 19.000000 6.000000 4.000000 14.000000 3.000000 4.000000 3.000000 5.000000 2.000000 5.000000 7.000000 9.000000 
50.170075 162.585058 0.000000 22.000000 6.000000 4.000000 16.000000 4.000000 3.000000 5.000000 2.000000 4.000000 4.000000 6.000000 5.000000 
50.743410 168.621618 0.000000 14.000000 6.000000 6.000000 2.000000 4.000000 7.000000 4.000000 2.000000 5.000000 9.000000 11.000000 11.000000 
53.784330 178.149358 0.000000 3.000000 9.000000 7.000000 8.000000 2.000000 6.000000 3.000000 4.000000 6.000000 12.000000 7.000000 14.000000 
53.235542 189.454139 0.000000 14.000000 8.000000 9.000000 9.000000 6.000000 0.000000 4.000000 8.000000 5.000000 8.000000 7.000000 3.000000 
53.089968 197.284922 0.000000 13.000000 7.000000 5.000000 5.000000 5.000000 5.000000 4.000000 5.000000 4.000000 9.000000 11.000000 8.000000 
55.400825 205.437425 0.000000 19.000000 10.000000 6.000000 6.000000 7.000000 5.000000 3.000000 4.000000 3.000000 5.000000 8.000000 5.000000 
52.662381 214.365028 0.000000 11.000000 16.000000 4.000000 6.000000 7.000000 4.000000 3.000000 3.000000 4.000000 8.000000 7.000000 8.000000 
55.061407 221.440108 0.000000 15.000000 13.000000 6.000000 5.000000 4.000000 5.000000 1.000000 3.000000 6.000000 8.000000 8.000000 7.000000 
57.000000 229.689680 0.000000 3.000000 7.000000 4.000000 5.000000 4.000000 6.000000 6.000000 9.000000 8.000000 19.000000 5.000000 5.000000 
53.588259 237.162757 27.000000 4.000000 1.000000 3.000000 3.000000 1.000000 4.000000 0.000000 4.000000 1.000000 8.000000 10.000000 6.000000 
60.000000 5.324652 39.000000 10.000000 5.000000 2.000000 0.000000 1.000000 2.000000 4.000000 5.000000 1.000000 3.000000 4.000000 5.000000 
60.000000 13.324652 18.000000 15.000000 6.000000 1.000000 1.000000 1.000000 7.000000 7.000000 8.000000 5.000000 5.000000 4.000000 3.000000 
60.000000 20.943194 18.000000 9.000000 4.000000 5.000000 6.000000 6.000000 8.000000 12.000000 5.000000 1.000000 2.000000 3.000000 2.000000 
60.000000 29.324652 18.000000 11.000000 1.000000 5.000000 2.000000 2.000000 3.000000 8.000000 9.000000 6.000000 2.000000 6.000000 8.000000 
60.000000 37.324652 18.000000 3.000000 0.000000 2.000000 5.000000 9.000000 6.000000 13.000000 13.000000 4.000000 4.000000 1.000000 3.000000 
60.000000 45.710780 18.000000 9.000000 3.000000 4.000000 2.000000 7.000000 4.000000 15.000000 3.000000 5.000000 3.000000 5.000000 3.000000 
60.974835 53.384985 18.000000 7.000000 1.000000 5.000000 5.000000 3.000000 8.000000 7.000000 2.000000 4.000000 8.000000 7.000000 6.000000 
60.000000 61.324652 18.000000 13.000000 6.000000 9.000000 6.000000 2.000000 3.000000 12.000000 5.000000 3.000000 0.000000 2.000000 2.000000 
60.000000 70.003327 18.000000 2.000000 2.000000 1.000000 3.000000 0.000000 3.000000 8.000000 21.000000 16.000000 3.000000 1.000000 3.000000 
60.000000 77.324652 18.000000 5.000000 4.000000 3.000000 17.000000 3.000000 4.000000 7.000000 11.000000 2.000000 2.000000 3.000000 2.000000 
59.714585 85.039237 18.000000 15.000000 10.000000 4.000000 2.000000 1.000000 4.000000 0.000000 7.000000 0.000000 4.000000 6.000000 10.000000 
60.488568 93.813221 18.000000 8.000000 13.000000 5.000000 14.000000 5.000000 4.000000 0.000000 3.000000 2.000000 4.000000 2.000000 3.000000 
60.459624 100.865029 18.000000 10.000000 5.000000 5.000000 6.000000 3.000000 1.000000 1.000000 2.000000 5.000000 10.000000 2.000000 13.000000 
60.000000 109.324652 18.000000 9.000000 7.000000 2.000000 8.000000 5.000000 3.000000 2.000000 2.000000 4.000000 8.000000 6.000000 7.000000 
60.000000 117.324652 18.000000 7.000000 8.000000 5.000000 6.000000 3.000000 6.000000 7.000000 3.000000 6.000000 8.000000 1.000000 3.000000 
60.459624 124.865029 18.000000 5.000000 3.000000 5.000000 7.000000 3.000000 7.000000 10.000000 3.000000 2.000000 11.000000 3.000000 4.000000 
58.910283 133.931973 18.000000 5.000000 4.000000 3.000000 7.000000 7.000000 4.000000 8.000000 2.000000 4.000000 11.000000 5.000000 3.000000 
59.757884 141.082536 18.000000 8.000000 10.000000 3.000000 7.000000 1.000000 1.000000 2.000000 3.000000 11.000000 4.000000 5.000000 8.000000 
60.000000 149.324652 18.000000 6.000000 5.000000 3.000000 18.000000 5.000000 5.000000 3.000000 3.000000 2.000000 0.000000 9.000000 4.000000 
60.000000 157.672996 18.000000 7.000000 8.000000 5.000000 10.000000 1.000000 10.000000 5.000000 4.000000 1.000000 3.000000 4.000000 5.000000 
60.000000 165.324652 18.000000 8.000000 4.000000 10.000000 5.000000 3.000000 4.000000 1.000000 3.000000 6.000000 9.000000 5.000000 5.000000 
59.719267 172.763300 18.000000 5.000000 8.000000 5.000000 0.000000 2.000000 3.000000 1.000000 4.000000 3.000000 19.000000 5.000000 8.000000 
60.417918 180.906734 18.000000 10.000000 7.000000 3.000000 5.000000 8.000000 4.000000 4.000000 4.000000 8.000000 4.000000 0.000000 6.000000 
60.000000 189.324652 18.000000 7.000000 7.000000 3.000000 5.000000 8.000000 3.000000 0.000000 6.000000 6.000000 10.000000 5.000000 3.000000 
60.000000 197.324652 18.000000 9.000000 5.000000 9.000000 12.000000 6.000000 5.000000 1.000000 3.000000 3.000000 7.000000 0.000000 3.000000 
60.992048 204.835046 18.000000 20.000000 4.000000 5.000000 4.000000 3.000000 7.000000 2.000000 1.000000 0.000000 1.000000 10.000000 6.000000 
59.618327 213.706325 18.000000 10.000000 10.000000 4.000000 5.000000 3.000000 3.000000 7.000000 3.000000 5.000000 6.000000 1.000000 6.000000 
60.000000 221.324652 18.000000 9.000000 7.000000 2.000000 4.000000 5.000000 3.000000 12.000000 7.000000 4.000000 2.000000 5.000000 3.000000 
62.044006 228.724956 18.000000 1.000000 7.000000 3.000000 2.000000 2.000000 3.000000 5.000000 4.000000 8.000000 19.000000 6.000000 3.000000 
60.000000 236.000000 35.000000 3.000000 4.000000 1.000000 6.000000 5.000000 2.000000 2.000000 3.000000 0.000000 0.000000 1.000000 1.000000 
