240
5.000000 5.689680 39.000000 6.000000 1.000000 2.000000 3.000000 1.000000 1.000000 0.000000 2.000000 1.000000 4.000000 2.000000 1.000000 
2.718686 12.499447 27.000000 7.000000 5.000000 5.000000 6.000000 2.000000 0.000000 0.000000 0.000000 0.000000 1.000000 3.000000 7.000000 
4.322413 21.647065 27.000000 6.000000 1.000000 1.000000 7.000000 3.000000 2.000000 0.000000 0.000000 1.000000 5.000000 2.000000 8.000000 
2.595303 30.208888 27.000000 9.000000 9.000000 4.000000 3.000000 2.000000 2.000000 1.000000 1.000000 2.000000 2.000000 1.000000 0.000000 
2.292334 35.616986 27.000000 9.000000 5.000000 2.000000 2.000000 1.000000 0.000000 3.000000 0.000000 2.000000 6.000000 3.000000 3.000000 
4.000000 45.689680 27.000000 10.000000 4.000000 1.000000 5.000000 4.000000 3.000000 0.000000 3.000000 1.000000 3.000000 1.000000 1.000000 
4.614383 53.294210 27.000000 7.000000 6.000000 4.000000 2.000000 1.000000 2.000000 1.000000 3.000000 2.000000 3.000000 4.000000 1.000000 
4.617876 60.706776 27.000000 11.000000 3.000000 1.000000 2.000000 2.000000 2.000000 2.000000 4.000000 1.000000 1.000000 5.000000 2.000000 
2.776078 68.526421 27.000000 3.000000 5.000000 1.000000 7.000000 2.000000 0.000000 1.000000 2.000000 2.000000 6.000000 3.000000 4.000000 
4.322413 78.002734 27.000000 10.000000 5.000000 2.000000 3.000000 1.000000 2.000000 2.000000 0.000000 2.000000 2.000000 5.000000 2.000000 
3.586825 84.911477 27.000000 5.000000 6.000000 1.000000 5.000000 3.000000 2.000000 2.000000 1.000000 2.000000 4.000000 4.000000 1.000000 
2.649443 92.911477 27.000000 9.000000 4.000000 3.000000 3.000000 3.000000 2.000000 1.000000 1.000000 2.000000 4.000000 1.000000 3.000000 
4.000000 101.689680 27.000000 6.000000 6.000000 2.000000 3.000000 4.000000 3.000000 4.000000 2.000000 3.000000 1.000000 1.000000 1.000000 
4.764621 108.374395 27.000000 10.000000 6.000000 0.000000 4.000000 1.000000 2.000000 2.000000 1.000000 3.000000 2.000000 0.000000 5.000000 
3.586825 116.059405 27.000000 6.000000 1.000000 7.000000 5.000000 0.000000 1.000000 0.000000 1.000000 1.000000 2.000000 5.000000 7.000000 
3.586825 126.175464 27.000000 7.000000 2.000000 0.000000 4.000000 1.000000 2.000000 2.000000 3.000000 3.000000 4.000000 4.000000 4.000000 
3.174795 132.499447 27.000000 4.000000 4.000000 3.000000 3.000000 3.000000 2.000000 0.000000 2.000000 5.000000 7.000000 2.000000 1.000000 
4.322413 141.647065 27.000000 7.000000 2.000000 3.000000 7.000000 3.000000 1.000000 0.000000 0.000000 1.000000 4.000000 2.000000 6.000000 
4.322413 149.647065 27.000000 4.000000 2.000000 2.000000 4.000000 1.000000 2.000000 0.000000 1.000000 5.000000 7.000000 5.000000 3.000000 
5.235563 157.647065 27.000000 5.000000 2.000000 2.000000 2.000000 1.000000 3.000000 1.000000 0.000000 2.000000 12.000000 3.000000 3.000000 
4.827778 165.922045 27.000000 6.000000 1.000000 6.000000 5.000000 3.000000 1.000000 0.000000 0.000000 1.000000 7.000000 4.000000 2.000000 
4.636493 173.647065 27.000000 2.000000 2.000000 4.000000 5.000000 4.000000 7.000000 8.000000 1.000000 0.000000 2.000000 0.000000 1.000000 
4.000000 181.689680 27.000000 5.000000 4.000000 4.000000 5.000000 2.000000 2.000000 1.000000 3.000000 3.000000 2.000000 3.000000 2.000000 
3.074453 189.689680 27.000000 10.000000 3.000000 7.000000 0.000000 2.000000 0.000000 1.000000 0.000000 3.000000 1.000000 4.000000 5.000000 
4.322413 197.002240 27.000000 3.000000 1.000000 1.000000 2.000000 5.000000 3.000000 4.000000 4.000000 5.000000 4.000000 3.000000 1.000000 
3.586825 205.737828 27.000000 7.000000 7.000000 0.000000 5.000000 1.000000 1.000000 3.000000 2.000000 1.000000 5.000000 2.000000 2.000000 
4.606300 212.428772 27.000000 5.000000 3.000000 2.000000 5.000000 0.000000 3.000000 0.000000 1.000000 4.000000 7.000000 3.000000 3.000000 
4.608692 221.933344 27.000000 5.000000 4.000000 1.000000 5.000000 1.000000 2.000000 0.000000 0.000000 3.000000 9.000000 4.000000 2.000000 
4.365028 229.365028 27.000000 4.000000 3.000000 6.000000 9.000000 1.000000 4.000000 1.000000 0.000000 1.000000 1.000000 5.000000 1.000000 
5.000000 236.365028 36.000000 3.000000 1.000000 2.000000 1.000000 0.000000 0.000000 2.000000 0.000000 3.000000 4.000000 0.000000 4.000000 
10.700396 4.471945 27.000000 8.000000 5.000000 6.000000 2.000000 1.000000 1.000000 4.000000 2.000000 4.000000 10.000000 7.000000 4.000000 
9.368348 11.459858 0.000000 15.000000 10.000000 12.000000 4.000000 4.000000 2.000000 4.000000 4.000000 6.000000 7.000000 8.000000 5.000000 
10.997232 22.290376 0.000000 8.000000 8.000000 7.000000 12.000000 6.000000 8.000000 10.000000 5.000000 4.000000 7.000000 3.000000 3.000000 
7.058671 27.693644 0.000000 13.000000 14.000000 5.000000 7.000000 3.000000 4.000000 3.000000 2.000000 6.000000 12.000000 7.000000 5.000000 
8.322413 32.911012 0.000000 22.000000 11.000000 8.000000 10.000000 5.000000 2.000000 3.000000 1.000000 2.000000 7.000000 6.000000 4.000000 
12.695525 43.586974 0.000000 22.000000 4.000000 3.000000 7.000000 2.000000 1.000000 1.000000 2.000000 7.000000 17.000000 5.000000 10.000000 
13.815976 50.235269 0.000000 23.000000 7.000000 4.000000 17.000000 4.000000 4.000000 3.000000 2.000000 3.000000 5.000000 4.000000 5.000000 
11.238936 57.051122 0.000000 15.000000 16.000000 7.000000 2.000000 2.000000 2.000000 6.000000 4.000000 4.000000 6.000000 7.000000 10.000000 
9.644825 66.253083 0.000000 15.000000 6.000000 1.000000 3.000000 2.000000 2.000000 7.000000 10.000000 6.000000 12.000000 7.000000 10.000000 
12.376071 78.357192 0.000000 17.000000 10.000000 3.000000 8.000000 4.000000 7.000000 1.000000 2.000000 3.000000 8.000000 16.000000 2.000000 
9.834499 83.461954 0.000000 13.000000 13.000000 12.000000 9.000000 4.000000 4.000000 5.000000 3.000000 2.000000 4.000000 10.000000 2.000000 
8.586825 90.911477 0.000000 21.000000 11.000000 5.000000 10.000000 5.000000 5.000000 3.000000 3.000000 2.000000 4.000000 4.000000 8.000000 
13.113203 99.790328 0.000000 12.000000 8.000000 8.000000 6.000000 4.000000 4.000000 4.000000 4.000000 4.000000 20.000000 5.000000 2.000000 
15.441182 103.677205 0.000000 4.000000 5.000000 7.000000 9.000000 4.000000 3.000000 2.000000 3.000000 7.000000 23.000000 9.000000 5.000000 
9.916796 114.192641 0.000000 12.000000 9.000000 9.000000 7.000000 2.000000 6.000000 6.000000 4.000000 4.000000 3.000000 11.000000 8.000000 
9.361305 124.073180 0.000000 6.000000 10.000000 9.000000 18.000000 3.000000 2.000000 2.000000 2.000000 3.000000 8.000000 12.000000 6.000000 
10.322413 131.025702 0.000000 13.000000 5.000000 9.000000 9.000000 2.000000 9.000000 0.000000 3.000000 6.000000 13.000000 5.000000 7.000000 
13.081957 141.446985 0.000000 14.000000 9.000000 9.000000 10.000000 4.000000 1.000000 0.000000 2.000000 5.000000 6.000000 9.000000 12.000000 
15.244376 149.003903 0.000000 6.000000 5.000000 5.000000 17.000000 7.000000 4.000000 2.000000 3.000000 5.000000 13.000000 9.000000 5.000000 
18.372949 157.994116 0.000000 4.000000 2.000000 6.000000 23.000000 10.000000 4.000000 2.000000 2.000000 5.000000 11.000000 5.000000 7.000000 
17.882142 164.917039 0.000000 12.000000 2.000000 6.000000 9.000000 5.000000 4.000000 3.000000 8.000000 0.000000 6.000000 13.000000 13.000000 
13.395389 173.683866 0.000000 8.000000 4.000000 6.000000 26.000000 1.000000 2.000000 3.000000 1.000000 3.000000 6.000000 6.000000 15.000000 
11.524030 180.931675 0.000000 5.000000 1.000000 2.000000 20.000000 6.000000 5.000000 4.000000 2.000000 5.000000 8.000000 9.000000 14.000000 
8.097479 186.271129 0.000000 24.000000 6.000000 12.000000 11.000000 3.000000 3.000000 3.000000 0.000000 3.000000 0.000000 10.000000 6.000000 
12.050563 195.687440 0.000000 6.000000 8.000000 7.000000 6.000000 7.000000 8.000000 11.000000 4.000000 10.000000 6.000000 3.000000 5.000000 
12.533144 204.096421 0.000000 8.000000 11.000000 2.000000 6.000000 3.000000 2.000000 7.000000 3.000000 12.000000 21.000000 2.000000 4.000000 
13.645842 208.645842 0.000000 7.000000 7.000000 7.000000 5.000000 4.000000 5.000000 7.000000 4.000000 10.000000 17.000000 3.000000 5.000000 
14.322413 221.814311 0.000000 13.000000 9.000000 11.000000 6.000000 6.000000 3.000000 0.000000 4.000000 8.000000 10.000000 3.000000 8.000000 
12.998274 229.998274 0.000000 26.000000 7.000000 4.000000 6.000000 6.000000 7.000000 3.000000 1.000000 4.000000 7.000000 2.000000 8.000000 
12.000000 237.365028 27.000000 10.000000 2.000000 2.000000 5.000000 3.000000 2.000000 6.000000 0.000000 4.000000 4.000000 1.000000 6.000000 
20.072741 6.538641 27.000000 2.000000 3.000000 2.000000 5.000000 4.000000 8.000000 6.000000 1.000000 2.000000 13.000000 4.000000 4.000000 
19.757372 17.341610 0.000000 5.000000 18.000000 8.000000 6.000000 5.000000 2.000000 3.000000 6.000000 6.000000 11.000000 9.000000 2.000000 
17.794657 22.929490 0.000000 3.000000 16.000000 7.000000 20.000000 7.000000 7.000000 6.000000 2.000000 4.000000 4.000000 4.000000 1.000000 
20.484096 28.939098 0.000000 8.000000 10.000000 3.000000 8.000000 4.000000 7.000000 7.000000 5.000000 5.000000 6.000000 8.000000 10.000000 
21.920370 37.413080 0.000000 1.000000 7.000000 3.000000 10.000000 4.000000 6.000000 3.000000 5.000000 7.000000 28.000000 6.000000 1.000000 
21.234426 41.966664 0.000000 12.000000 4.000000 6.000000 7.000000 6.000000 3.000000 0.000000 3.000000 6.000000 14.000000 5.000000 15.000000 
16.043542 50.728919 0.000000 21.000000 5.000000 7.000000 15.000000 7.000000 3.000000 5.000000 4.000000 2.000000 4.000000 6.000000 2.000000 
15.680688 58.416513 0.000000 20.000000 12.000000 4.000000 1.000000 0.000000 0.000000 4.000000 6.000000 2.000000 10.000000 15.000000 7.000000 
19.579467 67.363017 0.000000 16.000000 5.000000 5.000000 12.000000 5.000000 7.000000 9.000000 6.000000 1.000000 2.000000 8.000000 5.000000 
19.158792 78.737828 0.000000 22.000000 5.000000 7.000000 5.000000 2.000000 7.000000 3.000000 4.000000 4.000000 5.000000 7.000000 10.000000 
20.209853 85.067651 0.000000 20.000000 1.000000 2.000000 13.000000 4.000000 7.000000 6.000000 3.000000 1.000000 8.000000 6.000000 10.000000 
18.412192 91.983712 0.000000 17.000000 11.000000 4.000000 3.000000 4.000000 7.000000 6.000000 6.000000 3.000000 3.000000 6.000000 11.000000 
22.139659 101.158273 0.000000 11.000000 11.000000 8.000000 2.000000 1.000000 8.000000 3.000000 5.000000 7.000000 18.000000 6.000000 1.000000 
23.392953 107.300474 0.000000 13.000000 5.000000 6.000000 5.000000 6.000000 6.000000 6.000000 5.000000 6.000000 11.000000 11.000000 1.000000 
16.700081 116.584885 0.000000 6.000000 7.000000 0.000000 22.000000 4.000000 7.000000 4.000000 6.000000 4.000000 13.000000 5.000000 3.000000 
17.556265 122.953796 0.000000 12.000000 8.000000 5.000000 10.000000 2.000000 5.000000 9.000000 4.000000 4.000000 12.000000 6.000000 4.000000 
19.583138 134.757971 0.000000 17.000000 7.000000 7.000000 6.000000 2.000000 2.000000 7.000000 8.000000 5.000000 3.000000 4.000000 13.000000 
19.479609 139.793187 0.000000 15.000000 5.000000 2.000000 6.000000 3.000000 4.000000 16.000000 7.000000 2.000000 8.000000 7.000000 6.000000 
22.995995 147.995995 0.000000 8.000000 5.000000 7.000000 6.000000 6.000000 6.000000 5.000000 11.000000 11.000000 6.000000 5.000000 5.000000 
25.874188 154.056731 0.000000 4.000000 3.000000 5.000000 29.000000 14.000000 4.000000 2.000000 1.000000 5.000000 5.000000 4.000000 5.000000 
22.005225 158.899639 0.000000 9.000000 0.000000 7.000000 27.000000 6.000000 6.000000 1.000000 1.000000 5.000000 8.000000 4.000000 7.000000 
18.179076 173.124194 0.000000 4.000000 5.000000 4.000000 34.000000 2.000000 3.000000 2.000000 6.000000 7.000000 4.000000 3.000000 7.000000 
18.606724 176.054289 0.000000 3.000000 4.000000 4.000000 30.000000 1.000000 3.000000 6.000000 7.000000 6.000000 4.000000 4.000000 9.000000 
15.000000 183.689680 0.000000 13.000000 7.000000 8.000000 27.000000 3.000000 6.000000 5.000000 0.000000 1.000000 2.000000 7.000000 2.000000 
19.937083 197.669853 0.000000 17.000000 9.000000 5.000000 9.000000 6.000000 4.000000 8.000000 1.000000 3.000000 4.000000 7.000000 8.000000 
20.640935 204.275907 0.000000 8.000000 6.000000 3.000000 11.000000 4.000000 5.000000 1.000000 7.000000 2.000000 16.000000 9.000000 9.000000 
18.000000 208.595691 0.000000 7.000000 6.000000 6.000000 6.000000 4.000000 6.000000 8.000000 3.000000 4.000000 18.000000 6.000000 7.000000 
21.302472 218.937444 0.000000 10.000000 8.000000 7.000000 15.000000 7.000000 2.000000 3.000000 9.000000 6.000000 3.000000 6.000000 5.000000 
22.322413 229.647065 0.000000 16.000000 7.000000 9.000000 1.000000 2.000000 2.000000 4.000000 3.000000 5.000000 9.000000 15.000000 8.000000 
20.365139 237.730167 27.000000 12.000000 7.000000 1.000000 1.000000 0.000000 0.000000 2.000000 2.000000 1.000000 9.000000 4.000000 6.000000 
28.349191 6.038871 27.000000 1.000000 3.000000 2.000000 12.000000 6.000000 3.000000 6.000000 2.000000 7.000000 7.000000 2.000000 3.000000 
29.111923 14.641430 0.000000 18.000000 15.000000 7.000000 1.000000 3.000000 7.000000 3.000000 2.000000 2.000000 6.000000 10.000000 7.000000 
26.962323 21.962323 0.000000 1.000000 2.000000 3.000000 6.000000 4.000000 5.000000 10.000000 7.000000 10.000000 18.000000 11.000000 4.000000 
29.607761 31.090949 0.000000 16.000000 15.000000 6.000000 8.000000 3.000000 3.000000 1.000000 4.000000 3.000000 3.000000 11.000000 8.000000 
29.322413 38.295122 0.000000 4.000000 3.000000 3.000000 17.000000 7.000000 7.000000 4.000000 3.000000 4.000000 15.000000 9.000000 5.000000 
27.317588 47.047440 0.000000 20.000000 9.000000 12.000000 3.000000 4.000000 2.000000 1.000000 3.000000 3.000000 5.000000 11.000000 8.000000 
24.686226 52.978896 0.000000 4.000000 6.000000 6.000000 4.000000 4.000000 3.000000 4.000000 8.000000 8.000000 23.000000 6.000000 5.000000 
23.650769 59.689680 0.000000 22.000000 11.000000 3.000000 1.000000 1.000000 1.000000 5.000000 3.000000 2.000000 11.000000 10.000000 11.000000 
27.034238 68.695882 0.000000 12.000000 6.000000 6.000000 17.000000 2.000000 6.000000 6.000000 4.000000 3.000000 4.000000 9.000000 6.000000 
26.766319 77.365028 0.000000 15.000000 1.000000 2.000000 3.000000 3.000000 4.000000 7.000000 8.000000 4.000000 9.000000 8.000000 17.000000 
28.481317 83.496522 0.000000 13.000000 6.000000 10.000000 15.000000 8.000000 6.000000 3.000000 3.000000 1.000000 0.000000 6.000000 10.000000 
29.687657 96.541418 0.000000 13.000000 5.000000 2.000000 2.000000 2.000000 3.000000 2.000000 6.000000 4.000000 16.000000 11.000000 15.000000 
31.871042 102.409720 0.000000 16.000000 5.000000 8.000000 10.000000 8.000000 3.000000 6.000000 4.000000 3.000000 5.000000 3.000000 10.000000 
31.312591 106.419505 0.000000 14.000000 10.000000 7.000000 7.000000 6.000000 2.000000 3.000000 4.000000 3.000000 7.000000 8.000000 10.000000 
30.146719 114.324652 0.000000 11.000000 3.000000 9.000000 6.000000 1.000000 4.000000 6.000000 10.000000 6.000000 10.000000 8.000000 7.000000 
28.222136 124.863377 0.000000 5.000000 4.000000 8.000000 10.000000 3.000000 2.000000 6.000000 2.000000 6.000000 7.000000 10.000000 18.000000 
25.218698 131.218698 0.000000 11.000000 7.000000 9.000000 19.000000 5.000000 2.000000 5.000000 3.000000 3.000000 4.000000 3.000000 10.000000 
25.589504 136.871258 0.000000 11.000000 7.000000 7.000000 14.000000 5.000000 3.000000 4.000000 6.000000 8.000000 7.000000 3.000000 6.000000 
30.390087 148.430760 0.000000 2.000000 9.000000 8.000000 20.000000 6.000000 3.000000 6.000000 5.000000 5.000000 6.000000 6.000000 5.000000 
29.488691 152.488691 0.000000 3.000000 4.000000 7.000000 18.000000 4.000000 3.000000 6.000000 4.000000 6.000000 9.000000 10.000000 7.000000 
25.923806 160.653099 0.000000 7.000000 5.000000 9.000000 32.000000 9.000000 7.000000 5.000000 1.000000 1.000000 0.000000 2.000000 3.000000 
26.331829 173.502601 0.000000 17.000000 6.000000 5.000000 9.000000 6.000000 2.000000 1.000000 1.000000 2.000000 14.000000 5.000000 13.000000 
29.915102 178.915102 0.000000 14.000000 4.000000 10.000000 7.000000 12.000000 4.000000 0.000000 2.000000 2.000000 15.000000 5.000000 6.000000 
27.420341 188.167070 0.000000 10.000000 7.000000 2.000000 12.000000 6.000000 7.000000 6.000000 5.000000 4.000000 6.000000 12.000000 4.000000 
28.106301 197.392332 0.000000 10.000000 7.000000 3.000000 7.000000 6.000000 9.000000 5.000000 6.000000 3.000000 8.000000 10.000000 7.000000 
26.586825 201.951852 0.000000 6.000000 13.000000 6.000000 13.000000 7.000000 9.000000 5.000000 7.000000 2.000000 6.000000 3.000000 4.000000 
26.055558 208.862532 0.000000 9.000000 12.000000 6.000000 12.000000 7.000000 5.000000 5.000000 5.000000 1.000000 9.000000 8.000000 2.000000 
26.909237 218.909237 0.000000 11.000000 1.000000 9.000000 14.000000 2.000000 6.000000 6.000000 3.000000 2.000000 8.000000 14.000000 5.000000 
29.739275 230.463152 0.000000 14.000000 3.000000 9.000000 18.000000 3.000000 3.000000 7.000000 5.000000 5.000000 9.000000 5.000000 0.000000 
28.000000 237.365028 27.000000 11.000000 7.000000 3.000000 5.000000 2.000000 1.000000 3.000000 3.000000 3.000000 3.000000 3.000000 1.000000 
37.744329 4.951852 27.000000 11.000000 1.000000 1.000000 16.000000 3.000000 4.000000 3.000000 2.000000 4.000000 3.000000 1.000000 5.000000 
40.322413 10.957385 0.000000 19.000000 5.000000 4.000000 13.000000 5.000000 4.000000 4.000000 6.000000 4.000000 3.000000 3.000000 11.000000 
37.229342 21.000000 0.000000 8.000000 5.000000 4.000000 3.000000 4.000000 6.000000 5.000000 10.000000 3.000000 14.000000 10.000000 9.000000 
36.201743 29.375393 0.000000 18.000000 12.000000 9.000000 4.000000 1.000000 4.000000 6.000000 4.000000 4.000000 8.000000 4.000000 7.000000 
37.932968 36.028313 0.000000 9.000000 4.000000 6.000000 13.000000 4.000000 3.000000 7.000000 5.000000 5.000000 12.000000 6.000000 7.000000 
37.602677 45.292279 0.000000 17.000000 10.000000 9.000000 8.000000 5.000000 1.000000 2.000000 4.000000 3.000000 3.000000 8.000000 11.000000 
36.098629 49.911477 0.000000 15.000000 2.000000 7.000000 7.000000 6.000000 5.000000 5.000000 6.000000 10.000000 8.000000 9.000000 1.000000 
36.426052 60.170680 0.000000 22.000000 4.000000 10.000000 9.000000 5.000000 2.000000 12.000000 2.000000 1.000000 1.000000 4.000000 9.000000 
40.149540 66.193126 0.000000 13.000000 6.000000 15.000000 2.000000 5.000000 2.000000 6.000000 5.000000 2.000000 7.000000 11.000000 7.000000 
34.384403 75.790607 0.000000 9.000000 11.000000 7.000000 15.000000 11.000000 4.000000 3.000000 1.000000 4.000000 2.000000 8.000000 6.000000 
33.357835 83.542481 0.000000 16.000000 4.000000 6.000000 7.000000 7.000000 6.000000 3.000000 3.000000 6.000000 5.000000 9.000000 9.000000 
38.548761 97.631201 0.000000 8.000000 13.000000 9.000000 3.000000 4.000000 4.000000 4.000000 3.000000 6.000000 2.000000 7.000000 18.000000 
38.304434 102.590190 0.000000 14.000000 8.000000 11.000000 2.000000 3.000000 4.000000 3.000000 5.000000 5.000000 4.000000 4.000000 18.000000 
36.180567 107.490887 0.000000 11.000000 7.000000 5.000000 10.000000 6.000000 5.000000 3.000000 3.000000 6.000000 9.000000 7.000000 9.000000 
37.743249 115.574297 0.000000 19.000000 5.000000 4.000000 10.000000 6.000000 8.000000 4.000000 3.000000 6.000000 10.000000 5.000000 1.000000 
38.202460 124.524297 0.000000 14.000000 8.000000 7.000000 10.000000 4.000000 8.000000 7.000000 2.000000 4.000000 7.000000 5.000000 5.000000 
36.243525 130.534932 0.000000 4.000000 5.000000 6.000000 8.000000 3.000000 5.000000 10.000000 8.000000 6.000000 18.000000 7.000000 1.000000 
34.928951 137.987356 0.000000 4.000000 11.000000 7.000000 14.000000 5.000000 3.000000 3.000000 8.000000 6.000000 6.000000 7.000000 7.000000 
33.909237 146.909237 0.000000 9.000000 14.000000 7.000000 7.000000 3.000000 3.000000 3.000000 4.000000 3.000000 10.000000 7.000000 11.000000 
36.264318 154.481159 0.000000 11.000000 9.000000 5.000000 25.000000 4.000000 3.000000 0.000000 2.000000 0.000000 4.000000 5.000000 13.000000 
35.722447 162.715283 0.000000 13.000000 3.000000 6.000000 8.000000 4.000000 8.000000 4.000000 8.000000 4.000000 5.000000 9.000000 9.000000 
32.311715 173.946688 0.000000 18.000000 8.000000 4.000000 4.000000 8.000000 5.000000 2.000000 1.000000 4.000000 9.000000 7.000000 11.000000 
36.117599 180.548723 0.000000 14.000000 9.000000 4.000000 3.000000 8.000000 8.000000 6.000000 4.000000 7.000000 3.000000 5.000000 10.000000 
37.997462 188.076884 0.000000 9.000000 10.000000 10.000000 10.000000 5.000000 3.000000 6.000000 2.000000 3.000000 11.000000 7.000000 5.000000 
37.546613 198.143067 0.000000 10.000000 6.000000 7.000000 11.000000 6.000000 3.000000 9.000000 6.000000 5.000000 7.000000 8.000000 3.000000 
37.125611 203.494710 0.000000 13.000000 9.000000 6.000000 5.000000 4.000000 4.000000 9.000000 8.000000 6.000000 7.000000 6.000000 4.000000 
35.762841 208.179703 0.000000 15.000000 9.000000 8.000000 7.000000 6.000000 3.000000 4.000000 5.000000 7.000000 5.000000 6.000000 6.000000 
35.463402 219.000939 0.000000 4.000000 4.000000 5.000000 15.000000 7.000000 1.000000 5.000000 4.000000 3.000000 10.000000 14.000000 9.000000 
36.072884 231.251769 0.000000 6.000000 8.000000 9.000000 24.000000 9.000000 10.000000 4.000000 3.000000 2.000000 2.000000 2.000000 2.000000 
35.158722 236.247427 27.000000 10.000000 5.000000 2.000000 7.000000 3.000000 4.000000 2.000000 3.000000 2.000000 6.000000 0.000000 1.000000 
44.000000 4.948166 27.000000 15.000000 2.000000 1.000000 1.000000 2.000000 3.000000 5.000000 4.000000 4.000000 7.000000 2.000000 8.000000 
45.910885 10.951852 0.000000 17.000000 9.000000 5.000000 8.000000 8.000000 4.000000 3.000000 5.000000 3.000000 5.000000 5.000000 9.000000 
43.751606 18.308866 0.000000 11.000000 6.000000 12.000000 4.000000 2.000000 4.000000 5.000000 3.000000 8.000000 14.000000 9.000000 3.000000 
44.416239 27.856585 0.000000 9.000000 4.000000 8.000000 15.000000 6.000000 5.000000 8.000000 7.000000 5.000000 4.000000 5.000000 5.000000 
47.987314 38.889841 0.000000 11.000000 9.000000 7.000000 5.000000 3.000000 7.000000 3.000000 7.000000 3.000000 16.000000 4.000000 6.000000 
47.859434 46.872910 0.000000 8.000000 10.000000 12.000000 6.000000 7.000000 5.000000 5.000000 3.000000 4.000000 5.000000 7.000000 9.000000 
43.526048 51.152646 0.000000 7.000000 9.000000 5.000000 6.000000 7.000000 7.000000 1.000000 2.000000 6.000000 15.000000 15.000000 1.000000 
47.469084 59.954290 0.000000 19.000000 11.000000 7.000000 1.000000 2.000000 2.000000 4.000000 3.000000 6.000000 5.000000 10.000000 11.000000 
49.586825 64.221797 0.000000 26.000000 10.000000 12.000000 5.000000 2.000000 1.000000 4.000000 4.000000 0.000000 0.000000 9.000000 8.000000 
45.088740 75.425475 0.000000 3.000000 5.000000 8.000000 10.000000 2.000000 4.000000 8.000000 8.000000 8.000000 10.000000 6.000000 9.000000 
45.313297 84.900785 0.000000 12.000000 17.000000 6.000000 6.000000 4.000000 3.000000 5.000000 5.000000 4.000000 4.000000 5.000000 10.000000 
48.419325 93.394055 0.000000 16.000000 4.000000 6.000000 5.000000 7.000000 8.000000 4.000000 5.000000 3.000000 9.000000 3.000000 11.000000 
45.918971 96.975158 0.000000 16.000000 6.000000 12.000000 7.000000 5.000000 2.000000 6.000000 3.000000 3.000000 4.000000 5.000000 12.000000 
44.475786 108.552955 0.000000 9.000000 6.000000 7.000000 5.000000 5.000000 3.000000 8.000000 7.000000 4.000000 13.000000 10.000000 4.000000 
44.434533 117.706853 0.000000 13.000000 7.000000 3.000000 5.000000 7.000000 7.000000 7.000000 6.000000 2.000000 10.000000 9.000000 5.000000 
47.162491 127.273452 0.000000 7.000000 4.000000 4.000000 6.000000 7.000000 4.000000 7.000000 0.000000 6.000000 27.000000 6.000000 3.000000 
46.586825 133.096649 0.000000 5.000000 2.000000 8.000000 10.000000 2.000000 4.000000 7.000000 5.000000 9.000000 15.000000 6.000000 8.000000 
43.330808 141.464523 0.000000 7.000000 16.000000 4.000000 11.000000 9.000000 5.000000 9.000000 4.000000 6.000000 2.000000 4.000000 4.000000 
45.092097 150.059689 0.000000 5.000000 3.000000 2.000000 3.000000 7.000000 14.000000 7.000000 6.000000 4.000000 15.000000 10.000000 5.000000 
45.413175 156.951852 0.000000 11.000000 6.000000 4.000000 5.000000 6.000000 8.000000 6.000000 7.000000 1.000000 8.000000 6.000000 13.000000 
43.199156 162.110511 0.000000 7.000000 5.000000 4.000000 11.000000 5.000000 6.000000 7.000000 4.000000 4.000000 9.000000 8.000000 11.000000 
40.534404 171.557669 0.000000 11.000000 5.000000 3.000000 1.000000 2.000000 2.000000 8.000000 1.000000 4.000000 17.000000 14.000000 13.000000 
40.586825 178.911477 0.000000 20.000000 6.000000 3.000000 3.000000 7.000000 7.000000 2.000000 4.000000 5.000000 11.000000 7.000000 6.000000 
43.155959 190.044222 0.000000 10.000000 8.000000 6.000000 10.000000 10.000000 0.000000 8.000000 7.000000 5.000000 5.000000 4.000000 8.000000 
43.322413 197.957385 0.000000 4.000000 7.000000 6.000000 6.000000 4.000000 5.000000 10.000000 6.000000 7.000000 12.000000 9.000000 5.000000 
43.279143 204.884467 0.000000 9.000000 8.000000 8.000000 5.000000 6.000000 3.000000 5.000000 6.000000 3.000000 5.000000 8.000000 15.000000 
42.322370 210.312603 0.000000 7.000000 5.000000 8.000000 14.000000 4.000000 5.000000 1.000000 1.000000 4.000000 10.000000 9.000000 13.000000 
41.808935 220.985272 0.000000 5.000000 14.000000 7.000000 7.000000 9.000000 4.000000 6.000000 7.000000 4.000000 9.000000 4.000000 5.000000 
41.408353 228.801873 0.000000 7.000000 7.000000 4.000000 26.000000 2.000000 3.000000 4.000000 2.000000 4.000000 4.000000 7.000000 11.000000 
42.000000 233.365028 18.000000 1.000000 6.000000 2.000000 28.000000 5.000000 5.000000 3.000000 1.000000 2.000000 7.000000 2.000000 1.000000 
52.000000 5.689680 27.000000 5.000000 8.000000 6.000000 5.000000 6.000000 3.000000 1.000000 4.000000 1.000000 7.000000 3.000000 5.000000 
50.628490 12.447104 0.000000 10.000000 5.000000 6.000000 7.000000 6.000000 5.000000 5.000000 9.000000 11.000000 6.000000 9.000000 2.000000 
47.811816 17.176843 0.000000 17.000000 4.000000 11.000000 1.000000 4.000000 1.000000 2.000000 2.000000 8.000000 19.000000 6.000000 6.000000 
48.677587 25.939684 0.000000 9.000000 7.000000 10.000000 12.000000 5.000000 5.000000 6.000000 4.000000 2.000000 10.000000 7.000000 4.000000 
51.728070 38.236133 0.000000 15.000000 9.000000 2.000000 3.000000 1.000000 5.000000 5.000000 5.000000 4.000000 15.000000 9.000000 8.000000 
54.672472 47.198162 0.000000 19.000000 7.000000 7.000000 12.000000 5.000000 2.000000 4.000000 5.000000 0.000000 6.000000 7.000000 7.000000 
52.250590 52.968170 0.000000 10.000000 5.000000 4.000000 14.000000 4.000000 5.000000 10.000000 8.000000 5.000000 7.000000 4.000000 5.000000 
50.532659 63.415506 0.000000 32.000000 11.000000 9.000000 3.000000 1.000000 0.000000 1.000000 1.000000 0.000000 0.000000 11.000000 12.000000 
54.109000 68.699269 0.000000 11.000000 7.000000 8.000000 4.000000 6.000000 3.000000 2.000000 7.000000 5.000000 11.000000 11.000000 6.000000 
53.737458 78.272395 0.000000 12.000000 13.000000 8.000000 8.000000 7.000000 6.000000 1.000000 2.000000 6.000000 5.000000 6.000000 7.000000 
54.000000 84.689680 0.000000 10.000000 8.000000 12.000000 3.000000 6.000000 6.000000 3.000000 4.000000 0.000000 4.000000 12.000000 13.000000 
52.575972 92.282937 0.000000 10.000000 6.000000 7.000000 5.000000 10.000000 8.000000 4.000000 3.000000 1.000000 6.000000 8.000000 13.000000 
49.677587 97.939684 0.000000 17.000000 4.000000 5.000000 6.000000 6.000000 4.000000 6.000000 5.000000 3.000000 6.000000 6.000000 13.000000 
51.943349 111.116382 0.000000 9.000000 6.000000 6.000000 13.000000 5.000000 5.000000 7.000000 5.000000 5.000000 14.000000 3.000000 3.000000 
55.000000 119.689680 0.000000 10.000000 14.000000 2.000000 4.000000 0.000000 2.000000 5.000000 3.000000 6.000000 23.000000 4.000000 8.000000 
52.982439 127.471508 0.000000 3.000000 5.000000 10.000000 2.000000 5.000000 2.000000 10.000000 2.000000 7.000000 26.000000 4.000000 5.000000 
50.806817 131.930617 0.000000 3.000000 4.000000 9.000000 11.000000 3.000000 0.000000 2.000000 4.000000 6.000000 26.000000 9.000000 4.000000 
49.000000 138.689680 0.000000 6.000000 11.000000 6.000000 7.000000 3.000000 2.000000 2.000000 4.000000 5.000000 20.000000 10.000000 5.000000 
51.503084 149.442476 0.000000 5.000000 3.000000 6.000000 13.000000 9.000000 6.000000 10.000000 8.000000 6.000000 5.000000 5.000000 5.000000 
50.797086 156.923083 0.000000 12.000000 14.000000 4.000000 6.000000 2.000000 3.000000 8.000000 7.000000 3.000000 3.000000 8.000000 11.000000 
48.714732 164.003137 0.000000 8.000000 2.000000 2.000000 11.000000 4.000000 5.000000 4.000000 4.000000 8.000000 12.000000 11.000000 10.000000 
50.310158 173.951852 0.000000 10.000000 4.000000 15.000000 10.000000 9.000000 10.000000 5.000000 1.000000 4.000000 2.000000 5.000000 6.000000 
49.937941 180.175961 0.000000 10.000000 4.000000 7.000000 6.000000 2.000000 5.000000 10.000000 4.000000 6.000000 10.000000 8.000000 9.000000 
52.000000 188.948166 0.000000 16.000000 7.000000 7.000000 2.000000 1.000000 8.000000 7.000000 9.000000 2.000000 11.000000 5.000000 6.000000 
51.298226 195.701774 0.000000 11.000000 5.000000 4.000000 7.000000 3.000000 4.000000 5.000000 6.000000 5.000000 10.000000 10.000000 11.000000 
51.413175 203.951852 0.000000 10.000000 5.000000 5.000000 7.000000 4.000000 2.000000 10.000000 5.000000 2.000000 10.000000 4.000000 17.000000 
52.587122 211.627720 0.000000 8.000000 10.000000 5.000000 4.000000 8.000000 5.000000 4.000000 6.000000 6.000000 10.000000 5.000000 10.000000 
51.322413 222.687440 0.000000 9.000000 7.000000 4.000000 24.000000 8.000000 4.000000 1.000000 3.000000 3.000000 6.000000 4.000000 8.000000 
52.001308 230.688372 0.000000 8.000000 6.000000 5.000000 17.000000 4.000000 3.000000 3.000000 3.000000 5.000000 9.000000 6.000000 12.000000 
51.728838 236.455124 27.000000 1.000000 0.000000 0.000000 15.000000 2.000000 0.000000 1.000000 4.000000 6.000000 12.000000 4.000000 0.000000 
60.000000 5.324652 39.000000 7.000000 3.000000 3.000000 6.000000 4.000000 2.000000 2.000000 9.000000 5.000000 0.000000 1.000000 0.000000 
60.000000 13.324652 18.000000 7.000000 2.000000 6.000000 10.000000 6.000000 5.000000 8.000000 8.000000 5.000000 2.000000 3.000000 1.000000 
59.517106 21.104913 18.000000 5.000000 6.000000 3.000000 3.000000 8.000000 4.000000 7.000000 9.000000 7.000000 1.000000 8.000000 2.000000 
59.498177 28.822830 18.000000 4.000000 7.000000 2.000000 0.000000 2.000000 9.000000 11.000000 9.000000 8.000000 2.000000 6.000000 3.000000 
60.000000 37.658192 18.000000 1.000000 7.000000 4.000000 4.000000 11.000000 9.000000 10.000000 10.000000 6.000000 0.000000 0.000000 1.000000 
60.000000 45.775864 18.000000 7.000000 6.000000 4.000000 0.000000 1.000000 2.000000 6.000000 7.000000 4.000000 9.000000 9.000000 8.000000 
60.000000 53.324652 18.000000 11.000000 1.000000 3.000000 5.000000 3.000000 5.000000 11.000000 6.000000 2.000000 4.000000 8.000000 4.000000 
59.387692 62.303726 18.000000 13.000000 6.000000 8.000000 4.000000 4.000000 6.000000 2.000000 3.000000 0.000000 6.000000 5.000000 6.000000 
60.000000 69.324652 18.000000 12.000000 8.000000 2.000000 2.000000 5.000000 1.000000 4.000000 7.000000 6.000000 6.000000 4.000000 6.000000 
60.000000 77.751254 18.000000 12.000000 11.000000 5.000000 4.000000 3.000000 4.000000 1.000000 1.000000 3.000000 7.000000 3.000000 9.000000 
60.470392 84.854260 18.000000 15.000000 7.000000 6.000000 6.000000 6.000000 2.000000 0.000000 0.000000 1.000000 8.000000 7.000000 5.000000 
60.000000 93.324652 18.000000 12.000000 8.000000 8.000000 13.000000 3.000000 0.000000 0.000000 3.000000 4.000000 6.000000 5.000000 1.000000 
59.735984 100.792547 18.000000 8.000000 4.000000 6.000000 5.000000 3.000000 2.000000 7.000000 3.000000 3.000000 8.000000 4.000000 10.000000 
60.000000 109.658192 18.000000 10.000000 6.000000 6.000000 5.000000 4.000000 2.000000 3.000000 3.000000 4.000000 5.000000 5.000000 10.000000 
60.948640 118.273293 18.000000 3.000000 11.000000 2.000000 10.000000 3.000000 3.000000 3.000000 1.000000 3.000000 17.000000 2.000000 5.000000 
60.000000 125.324652 18.000000 1.000000 10.000000 8.000000 6.000000 3.000000 1.000000 2.000000 2.000000 4.000000 14.000000 8.000000 4.000000 
60.000000 133.324652 18.000000 4.000000 10.000000 3.000000 13.000000 11.000000 7.000000 1.000000 3.000000 6.000000 3.000000 1.000000 1.000000 
59.472057 141.050115 18.000000 3.000000 5.000000 4.000000 5.000000 10.000000 7.000000 6.000000 6.000000 3.000000 8.000000 4.000000 2.000000 
60.000000 149.324652 18.000000 10.000000 6.000000 3.000000 4.000000 1.000000 2.000000 5.000000 3.000000 8.000000 9.000000 4.000000 8.000000 
60.000000 157.324652 18.000000 3.000000 6.000000 8.000000 7.000000 6.000000 5.000000 4.000000 7.000000 3.000000 5.000000 2.000000 7.000000 
59.457949 165.042864 18.000000 9.000000 6.000000 6.000000 3.000000 2.000000 5.000000 8.000000 3.000000 2.000000 7.000000 5.000000 7.000000 
59.702319 173.672996 18.000000 9.000000 5.000000 7.000000 0.000000 3.000000 6.000000 8.000000 0.000000 2.000000 9.000000 8.000000 6.000000 
60.000000 181.324652 18.000000 4.000000 6.000000 5.000000 5.000000 6.000000 6.000000 8.000000 2.000000 3.000000 6.000000 6.000000 6.000000 
60.000000 189.324652 18.000000 12.000000 2.000000 5.000000 3.000000 4.000000 4.000000 4.000000 7.000000 4.000000 8.000000 0.000000 10.000000 
60.000000 197.324652 18.000000 2.000000 3.000000 6.000000 5.000000 1.000000 5.000000 5.000000 10.000000 5.000000 8.000000 4.000000 9.000000 
60.000000 205.324652 18.000000 4.000000 5.000000 3.000000 1.000000 2.000000 6.000000 6.000000 5.000000 3.000000 11.000000 8.000000 9.000000 
60.000000 213.324652 18.000000 7.000000 3.000000 4.000000 5.000000 9.000000 7.000000 4.000000 1.000000 3.000000 8.000000 3.000000 9.000000 
59.265389 222.059264 18.000000 11.000000 7.000000 3.000000 4.000000 6.000000 2.000000 5.000000 3.000000 5.000000 5.000000 6.000000 6.000000 
60.000000 228.890526 18.000000 2.000000 2.000000 5.000000 15.000000 5.000000 2.000000 3.000000 5.000000 4.000000 7.000000 4.000000 9.000000 
60.000000 236.000000 35.000000 1.000000 0.000000 5.000000 1.000000 0.000000 2.000000 5.000000 1.000000 6.000000 2.000000 3.000000 2.000000 
