240
5.000000 5.689680 39.000000 6.000000 0.000000 1.000000 6.000000 2.000000 0.000000 1.000000 0.000000 1.000000 1.000000 1.000000 5.000000 
4.322413 13.002240 27.000000 7.000000 3.000000 3.000000 1.000000 1.000000 1.000000 2.000000 1.000000 1.000000 7.000000 3.000000 6.000000 
4.322413 21.002240 27.000000 5.000000 4.000000 5.000000 5.000000 1.000000 3.000000 1.000000 0.000000 1.000000 5.000000 5.000000 1.000000 
2.584621 30.740031 27.000000 10.000000 5.000000 0.000000 8.000000 1.000000 6.000000 0.000000 1.000000 0.000000 1.000000 3.000000 1.000000 
3.167474 36.911477 27.000000 7.000000 5.000000 1.000000 7.000000 0.000000 1.000000 0.000000 0.000000 0.000000 11.000000 4.000000 0.000000 
4.324652 45.324652 27.000000 4.000000 5.000000 2.000000 8.000000 1.000000 4.000000 0.000000 0.000000 1.000000 1.000000 5.000000 5.000000 
3.586825 53.737828 27.000000 2.000000 4.000000 0.000000 1.000000 4.000000 1.000000 0.000000 0.000000 0.000000 12.000000 5.000000 7.000000 
4.000000 60.959625 27.000000 5.000000 13.000000 0.000000 2.000000 2.000000 1.000000 2.000000 0.000000 1.000000 6.000000 2.000000 2.000000 
2.540997 69.836965 27.000000 8.000000 8.000000 4.000000 2.000000 0.000000 0.000000 0.000000 0.000000 2.000000 6.000000 5.000000 1.000000 
3.630195 76.589820 27.000000 5.000000 1.000000 5.000000 7.000000 2.000000 0.000000 1.000000 2.000000 2.000000 6.000000 3.000000 2.000000 
4.609962 85.002240 27.000000 7.000000 5.000000 2.000000 1.000000 1.000000 1.000000 2.000000 2.000000 1.000000 9.000000 3.000000 2.000000 
4.879302 92.718353 27.000000 11.000000 5.000000 5.000000 0.000000 2.000000 3.000000 0.000000 2.000000 2.000000 0.000000 5.000000 1.000000 
3.129364 102.013527 27.000000 6.000000 2.000000 2.000000 0.000000 1.000000 0.000000 5.000000 3.000000 3.000000 7.000000 3.000000 4.000000 
4.000000 109.689680 27.000000 6.000000 3.000000 10.000000 5.000000 0.000000 3.000000 3.000000 0.000000 2.000000 1.000000 0.000000 3.000000 
4.324652 117.324652 27.000000 4.000000 7.000000 6.000000 2.000000 0.000000 0.000000 2.000000 2.000000 2.000000 2.000000 9.000000 0.000000 
2.633717 125.324652 27.000000 10.000000 4.000000 2.000000 4.000000 0.000000 1.000000 0.000000 1.000000 1.000000 3.000000 7.000000 3.000000 
3.156777 132.911477 27.000000 8.000000 1.000000 0.000000 3.000000 2.000000 2.000000 1.000000 2.000000 2.000000 9.000000 2.000000 4.000000 
3.583138 141.324652 27.000000 3.000000 2.000000 4.000000 7.000000 5.000000 4.000000 3.000000 0.000000 1.000000 1.000000 0.000000 6.000000 
4.529585 149.160095 27.000000 4.000000 2.000000 2.000000 7.000000 4.000000 3.000000 2.000000 3.000000 0.000000 0.000000 0.000000 9.000000 
4.322413 157.002240 27.000000 4.000000 3.000000 11.000000 9.000000 0.000000 1.000000 1.000000 1.000000 0.000000 0.000000 0.000000 6.000000 
4.000000 164.959625 27.000000 8.000000 2.000000 2.000000 4.000000 1.000000 0.000000 2.000000 3.000000 6.000000 4.000000 3.000000 1.000000 
3.586825 172.555565 27.000000 10.000000 5.000000 0.000000 2.000000 1.000000 3.000000 0.000000 0.000000 1.000000 6.000000 4.000000 4.000000 
4.000000 181.689680 27.000000 8.000000 11.000000 2.000000 1.000000 0.000000 0.000000 1.000000 0.000000 3.000000 4.000000 0.000000 6.000000 
4.000000 188.959625 27.000000 6.000000 2.000000 1.000000 1.000000 2.000000 0.000000 2.000000 1.000000 4.000000 10.000000 5.000000 2.000000 
4.244148 199.271113 27.000000 2.000000 7.000000 2.000000 5.000000 0.000000 1.000000 1.000000 3.000000 5.000000 10.000000 0.000000 0.000000 
4.000000 204.959625 27.000000 4.000000 3.000000 2.000000 9.000000 1.000000 0.000000 1.000000 2.000000 0.000000 13.000000 0.000000 1.000000 
3.090411 210.830672 27.000000 5.000000 4.000000 3.000000 3.000000 3.000000 2.000000 4.000000 3.000000 2.000000 2.000000 2.000000 3.000000 
2.791908 220.116560 27.000000 5.000000 2.000000 3.000000 4.000000 1.000000 5.000000 5.000000 1.000000 1.000000 5.000000 2.000000 2.000000 
4.365028 229.365028 27.000000 3.000000 4.000000 1.000000 4.000000 0.000000 2.000000 4.000000 1.000000 1.000000 10.000000 3.000000 3.000000 
5.000000 236.365028 36.000000 4.000000 6.000000 2.000000 2.000000 0.000000 0.000000 2.000000 1.000000 0.000000 1.000000 0.000000 2.000000 
12.413175 4.951852 27.000000 9.000000 0.000000 8.000000 8.000000 2.000000 3.000000 3.000000 1.000000 4.000000 4.000000 7.000000 5.000000 
12.412473 10.173650 0.000000 15.000000 3.000000 6.000000 11.000000 6.000000 2.000000 9.000000 3.000000 4.000000 7.000000 7.000000 8.000000 
11.235201 19.938449 0.000000 11.000000 6.000000 9.000000 9.000000 4.000000 2.000000 5.000000 2.000000 5.000000 12.000000 8.000000 8.000000 
8.177536 30.221797 0.000000 23.000000 6.000000 1.000000 10.000000 2.000000 8.000000 1.000000 5.000000 5.000000 8.000000 8.000000 4.000000 
9.885512 36.159093 0.000000 26.000000 8.000000 3.000000 5.000000 2.000000 0.000000 0.000000 2.000000 4.000000 13.000000 10.000000 8.000000 
12.376580 44.687440 0.000000 7.000000 4.000000 1.000000 14.000000 2.000000 6.000000 9.000000 3.000000 7.000000 6.000000 9.000000 13.000000 
11.322413 53.501349 0.000000 20.000000 10.000000 4.000000 16.000000 8.000000 6.000000 2.000000 1.000000 1.000000 0.000000 3.000000 10.000000 
11.595161 59.941022 0.000000 15.000000 11.000000 5.000000 1.000000 1.000000 2.000000 2.000000 1.000000 2.000000 21.000000 13.000000 7.000000 
7.680648 67.698651 0.000000 22.000000 10.000000 8.000000 4.000000 2.000000 3.000000 2.000000 5.000000 6.000000 7.000000 9.000000 3.000000 
10.441654 73.640943 0.000000 23.000000 7.000000 7.000000 8.000000 3.000000 3.000000 3.000000 3.000000 2.000000 12.000000 4.000000 6.000000 
14.263878 82.711860 0.000000 11.000000 8.000000 4.000000 19.000000 3.000000 8.000000 6.000000 5.000000 2.000000 5.000000 5.000000 5.000000 
14.256945 90.148834 0.000000 10.000000 6.000000 6.000000 2.000000 3.000000 4.000000 4.000000 5.000000 5.000000 19.000000 7.000000 10.000000 
10.324652 102.324652 0.000000 21.000000 3.000000 7.000000 6.000000 2.000000 5.000000 9.000000 4.000000 8.000000 3.000000 8.000000 5.000000 
10.243455 109.357937 0.000000 21.000000 3.000000 7.000000 5.000000 1.000000 2.000000 6.000000 6.000000 5.000000 8.000000 11.000000 6.000000 
11.929615 116.365028 0.000000 9.000000 10.000000 9.000000 10.000000 4.000000 7.000000 5.000000 5.000000 2.000000 4.000000 10.000000 6.000000 
8.483686 124.161776 0.000000 25.000000 10.000000 4.000000 7.000000 0.000000 4.000000 2.000000 5.000000 4.000000 5.000000 11.000000 4.000000 
9.774939 130.415748 0.000000 13.000000 1.000000 0.000000 8.000000 8.000000 5.000000 2.000000 6.000000 6.000000 12.000000 12.000000 8.000000 
11.118877 139.922119 0.000000 20.000000 9.000000 6.000000 10.000000 5.000000 2.000000 4.000000 2.000000 4.000000 6.000000 3.000000 10.000000 
15.026686 145.973314 0.000000 16.000000 6.000000 3.000000 24.000000 10.000000 3.000000 1.000000 1.000000 0.000000 5.000000 6.000000 6.000000 
13.228988 153.989122 0.000000 16.000000 3.000000 9.000000 13.000000 5.000000 2.000000 4.000000 3.000000 2.000000 9.000000 3.000000 12.000000 
8.403111 161.000951 0.000000 17.000000 7.000000 8.000000 2.000000 2.000000 1.000000 3.000000 5.000000 4.000000 25.000000 4.000000 3.000000 
11.322413 169.702882 0.000000 18.000000 13.000000 7.000000 3.000000 3.000000 1.000000 3.000000 2.000000 2.000000 9.000000 14.000000 6.000000 
11.927100 179.549247 0.000000 17.000000 16.000000 8.000000 9.000000 2.000000 3.000000 2.000000 1.000000 2.000000 5.000000 1.000000 15.000000 
10.347702 186.675814 0.000000 17.000000 7.000000 4.000000 1.000000 4.000000 2.000000 1.000000 6.000000 11.000000 22.000000 5.000000 1.000000 
12.025597 202.557541 0.000000 4.000000 4.000000 7.000000 11.000000 2.000000 2.000000 0.000000 0.000000 5.000000 39.000000 5.000000 2.000000 
6.471948 202.113914 0.000000 0.000000 6.000000 7.000000 13.000000 3.000000 2.000000 2.000000 2.000000 7.000000 33.000000 4.000000 2.000000 
9.721564 204.249214 0.000000 8.000000 8.000000 6.000000 9.000000 4.000000 1.000000 1.000000 2.000000 3.000000 34.000000 2.000000 3.000000 
9.245968 214.849918 0.000000 9.000000 1.000000 5.000000 4.000000 13.000000 10.000000 5.000000 3.000000 4.000000 15.000000 5.000000 7.000000 
11.168019 229.711901 0.000000 5.000000 7.000000 6.000000 11.000000 5.000000 8.000000 17.000000 7.000000 4.000000 2.000000 5.000000 4.000000 
12.000000 237.365028 27.000000 9.000000 4.000000 3.000000 0.000000 1.000000 2.000000 2.000000 0.000000 5.000000 2.000000 2.000000 15.000000 
19.143731 4.951852 27.000000 8.000000 2.000000 3.000000 2.000000 4.000000 1.000000 4.000000 6.000000 2.000000 8.000000 5.000000 9.000000 
16.814450 11.675548 0.000000 15.000000 3.000000 6.000000 7.000000 4.000000 5.000000 5.000000 6.000000 5.000000 7.000000 7.000000 11.000000 
17.586825 19.445156 0.000000 20.000000 3.000000 11.000000 12.000000 4.000000 3.000000 6.000000 3.000000 4.000000 7.000000 3.000000 5.000000 
19.788031 29.243196 0.000000 9.000000 4.000000 4.000000 5.000000 5.000000 6.000000 14.000000 7.000000 4.000000 12.000000 8.000000 3.000000 
20.311829 38.689680 0.000000 21.000000 10.000000 11.000000 5.000000 4.000000 2.000000 5.000000 1.000000 1.000000 0.000000 9.000000 12.000000 
20.644825 46.764002 0.000000 10.000000 5.000000 2.000000 21.000000 8.000000 4.000000 7.000000 7.000000 3.000000 6.000000 4.000000 4.000000 
21.239095 55.239095 0.000000 10.000000 8.000000 5.000000 8.000000 4.000000 3.000000 4.000000 8.000000 3.000000 15.000000 4.000000 9.000000 
21.128324 62.779293 0.000000 23.000000 10.000000 17.000000 4.000000 3.000000 3.000000 4.000000 0.000000 0.000000 3.000000 6.000000 8.000000 
17.424121 67.037684 0.000000 15.000000 12.000000 22.000000 4.000000 4.000000 3.000000 5.000000 1.000000 1.000000 2.000000 6.000000 6.000000 
16.494358 74.813863 0.000000 22.000000 5.000000 3.000000 9.000000 3.000000 0.000000 0.000000 3.000000 4.000000 24.000000 0.000000 8.000000 
17.322372 83.677547 0.000000 8.000000 4.000000 8.000000 25.000000 5.000000 4.000000 4.000000 7.000000 4.000000 5.000000 4.000000 3.000000 
20.264191 90.630244 0.000000 12.000000 8.000000 5.000000 2.000000 3.000000 3.000000 3.000000 5.000000 5.000000 15.000000 6.000000 14.000000 
19.739727 100.321755 0.000000 12.000000 6.000000 9.000000 8.000000 3.000000 4.000000 9.000000 2.000000 1.000000 5.000000 12.000000 10.000000 
18.000000 108.689680 0.000000 14.000000 7.000000 1.000000 9.000000 6.000000 2.000000 1.000000 2.000000 7.000000 23.000000 7.000000 2.000000 
20.009422 117.726917 0.000000 16.000000 11.000000 4.000000 13.000000 8.000000 10.000000 4.000000 2.000000 4.000000 7.000000 0.000000 2.000000 
22.042940 125.423609 0.000000 11.000000 5.000000 9.000000 15.000000 4.000000 4.000000 4.000000 5.000000 5.000000 3.000000 8.000000 8.000000 
22.301020 130.687440 0.000000 9.000000 6.000000 2.000000 12.000000 4.000000 5.000000 5.000000 5.000000 5.000000 9.000000 10.000000 9.000000 
20.778358 139.825937 0.000000 15.000000 3.000000 1.000000 14.000000 6.000000 2.000000 3.000000 2.000000 3.000000 1.000000 8.000000 23.000000 
22.720115 146.083091 0.000000 15.000000 4.000000 4.000000 13.000000 6.000000 6.000000 3.000000 4.000000 2.000000 9.000000 7.000000 8.000000 
17.401339 154.896675 0.000000 25.000000 4.000000 10.000000 3.000000 3.000000 1.000000 2.000000 6.000000 4.000000 9.000000 1.000000 13.000000 
13.735588 159.884114 0.000000 4.000000 4.000000 4.000000 6.000000 5.000000 1.000000 4.000000 7.000000 6.000000 31.000000 6.000000 3.000000 
20.008056 169.218698 0.000000 16.000000 10.000000 4.000000 9.000000 10.000000 4.000000 2.000000 5.000000 4.000000 3.000000 9.000000 5.000000 
19.405834 177.708117 0.000000 11.000000 18.000000 10.000000 8.000000 1.000000 3.000000 1.000000 2.000000 4.000000 7.000000 11.000000 5.000000 
14.968042 186.023080 0.000000 21.000000 7.000000 6.000000 3.000000 2.000000 2.000000 0.000000 4.000000 7.000000 18.000000 5.000000 6.000000 
10.598243 198.270840 0.000000 7.000000 20.000000 10.000000 3.000000 1.000000 0.000000 0.000000 1.000000 2.000000 30.000000 3.000000 4.000000 
11.735175 202.835560 0.000000 4.000000 4.000000 7.000000 11.000000 2.000000 2.000000 0.000000 0.000000 5.000000 39.000000 5.000000 2.000000 
23.755168 210.571458 0.000000 6.000000 8.000000 11.000000 7.000000 2.000000 1.000000 2.000000 1.000000 2.000000 31.000000 3.000000 7.000000 
22.654160 214.549671 0.000000 8.000000 9.000000 11.000000 5.000000 3.000000 3.000000 5.000000 2.000000 2.000000 22.000000 4.000000 7.000000 
20.304891 230.396058 0.000000 3.000000 5.000000 10.000000 28.000000 6.000000 9.000000 2.000000 2.000000 5.000000 3.000000 3.000000 5.000000 
20.000000 237.795131 27.000000 9.000000 3.000000 4.000000 12.000000 4.000000 5.000000 0.000000 3.000000 1.000000 2.000000 0.000000 2.000000 
27.677587 6.043662 27.000000 12.000000 10.000000 2.000000 0.000000 0.000000 1.000000 3.000000 4.000000 2.000000 8.000000 9.000000 3.000000 
26.909237 14.289353 0.000000 7.000000 6.000000 10.000000 20.000000 10.000000 5.000000 1.000000 4.000000 3.000000 9.000000 5.000000 1.000000 
27.615280 21.615198 0.000000 20.000000 9.000000 7.000000 1.000000 0.000000 1.000000 1.000000 1.000000 4.000000 13.000000 11.000000 13.000000 
30.660095 31.293493 0.000000 8.000000 2.000000 4.000000 28.000000 3.000000 3.000000 3.000000 1.000000 6.000000 13.000000 6.000000 4.000000 
29.322413 38.113910 0.000000 23.000000 7.000000 11.000000 1.000000 1.000000 3.000000 2.000000 2.000000 3.000000 2.000000 9.000000 17.000000 
27.545815 44.586825 0.000000 15.000000 8.000000 6.000000 4.000000 6.000000 5.000000 5.000000 4.000000 6.000000 10.000000 6.000000 6.000000 
26.206798 51.676314 0.000000 6.000000 14.000000 6.000000 12.000000 5.000000 2.000000 2.000000 2.000000 2.000000 14.000000 9.000000 7.000000 
28.521849 62.367312 0.000000 16.000000 13.000000 4.000000 8.000000 4.000000 0.000000 3.000000 4.000000 2.000000 3.000000 4.000000 20.000000 
26.501033 66.505357 0.000000 15.000000 17.000000 8.000000 8.000000 4.000000 2.000000 3.000000 3.000000 4.000000 5.000000 3.000000 9.000000 
25.096915 74.935759 0.000000 26.000000 5.000000 3.000000 5.000000 3.000000 4.000000 6.000000 2.000000 4.000000 18.000000 0.000000 5.000000 
22.413394 79.381170 0.000000 27.000000 6.000000 5.000000 0.000000 2.000000 3.000000 5.000000 4.000000 5.000000 12.000000 6.000000 6.000000 
26.897228 90.478416 0.000000 20.000000 5.000000 5.000000 7.000000 5.000000 6.000000 4.000000 3.000000 6.000000 4.000000 2.000000 14.000000 
29.322413 100.002240 0.000000 17.000000 9.000000 6.000000 16.000000 5.000000 6.000000 1.000000 6.000000 4.000000 2.000000 2.000000 7.000000 
28.047388 108.727215 0.000000 11.000000 11.000000 1.000000 1.000000 4.000000 5.000000 2.000000 4.000000 7.000000 22.000000 4.000000 9.000000 
28.322413 118.036678 0.000000 5.000000 7.000000 4.000000 4.000000 13.000000 11.000000 8.000000 7.000000 8.000000 11.000000 0.000000 3.000000 
29.643451 124.651984 0.000000 19.000000 7.000000 6.000000 2.000000 3.000000 3.000000 4.000000 6.000000 6.000000 4.000000 11.000000 10.000000 
31.120276 133.322413 0.000000 6.000000 3.000000 1.000000 20.000000 6.000000 9.000000 2.000000 6.000000 4.000000 9.000000 3.000000 12.000000 
30.089778 140.176242 0.000000 17.000000 10.000000 2.000000 11.000000 7.000000 3.000000 4.000000 0.000000 2.000000 4.000000 5.000000 16.000000 
32.032153 151.194485 0.000000 23.000000 9.000000 4.000000 12.000000 6.000000 0.000000 5.000000 0.000000 2.000000 5.000000 9.000000 6.000000 
31.825093 157.348556 0.000000 21.000000 2.000000 10.000000 5.000000 3.000000 4.000000 2.000000 5.000000 2.000000 7.000000 13.000000 7.000000 
30.666322 163.776987 0.000000 11.000000 8.000000 11.000000 13.000000 4.000000 7.000000 9.000000 3.000000 2.000000 4.000000 3.000000 6.000000 
30.194642 173.235791 0.000000 9.000000 7.000000 5.000000 6.000000 7.000000 5.000000 6.000000 4.000000 7.000000 10.000000 8.000000 7.000000 
30.620672 183.984938 0.000000 8.000000 5.000000 5.000000 19.000000 1.000000 2.000000 4.000000 13.000000 13.000000 2.000000 4.000000 5.000000 
24.568085 189.290162 0.000000 14.000000 16.000000 3.000000 3.000000 4.000000 5.000000 8.000000 7.000000 5.000000 3.000000 8.000000 5.000000 
25.334551 196.716575 0.000000 8.000000 8.000000 15.000000 3.000000 0.000000 4.000000 4.000000 5.000000 6.000000 13.000000 11.000000 4.000000 
27.311627 203.623712 0.000000 10.000000 23.000000 9.000000 8.000000 3.000000 3.000000 3.000000 2.000000 2.000000 5.000000 7.000000 6.000000 
30.627374 214.891297 0.000000 5.000000 7.000000 14.000000 8.000000 4.000000 2.000000 0.000000 3.000000 2.000000 30.000000 3.000000 3.000000 
32.166305 219.269173 0.000000 8.000000 4.000000 4.000000 1.000000 3.000000 1.000000 3.000000 9.000000 13.000000 25.000000 4.000000 6.000000 
34.634008 230.958660 0.000000 22.000000 14.000000 2.000000 5.000000 0.000000 1.000000 3.000000 2.000000 4.000000 19.000000 2.000000 7.000000 
30.330231 237.796431 27.000000 9.000000 2.000000 7.000000 4.000000 4.000000 4.000000 1.000000 0.000000 1.000000 2.000000 6.000000 5.000000 
36.322413 5.687440 27.000000 15.000000 2.000000 7.000000 3.000000 1.000000 3.000000 1.000000 2.000000 0.000000 5.000000 4.000000 11.000000 
35.340651 13.283653 0.000000 19.000000 3.000000 7.000000 6.000000 5.000000 5.000000 2.000000 5.000000 5.000000 12.000000 3.000000 9.000000 
36.996313 19.888101 0.000000 13.000000 10.000000 10.000000 10.000000 9.000000 8.000000 3.000000 0.000000 1.000000 2.000000 6.000000 9.000000 
38.110899 27.700980 0.000000 9.000000 3.000000 3.000000 10.000000 1.000000 3.000000 6.000000 5.000000 4.000000 13.000000 11.000000 13.000000 
34.872111 37.000000 0.000000 25.000000 3.000000 3.000000 11.000000 2.000000 3.000000 4.000000 6.000000 5.000000 9.000000 5.000000 5.000000 
32.721655 43.721655 0.000000 22.000000 4.000000 8.000000 6.000000 7.000000 4.000000 2.000000 7.000000 2.000000 8.000000 8.000000 3.000000 
34.177569 50.370259 0.000000 11.000000 6.000000 7.000000 4.000000 3.000000 2.000000 6.000000 6.000000 5.000000 15.000000 12.000000 4.000000 
35.287801 59.958579 0.000000 17.000000 9.000000 8.000000 18.000000 5.000000 0.000000 1.000000 4.000000 0.000000 2.000000 8.000000 9.000000 
35.986209 67.644825 0.000000 5.000000 4.000000 2.000000 14.000000 3.000000 4.000000 6.000000 1.000000 3.000000 21.000000 11.000000 7.000000 
33.371440 75.849948 0.000000 18.000000 3.000000 8.000000 12.000000 3.000000 0.000000 4.000000 1.000000 2.000000 14.000000 7.000000 9.000000 
27.424833 79.848204 0.000000 35.000000 4.000000 2.000000 0.000000 2.000000 2.000000 5.000000 3.000000 5.000000 12.000000 5.000000 6.000000 
31.792453 91.317109 0.000000 17.000000 5.000000 5.000000 9.000000 5.000000 6.000000 5.000000 3.000000 6.000000 8.000000 2.000000 10.000000 
37.039449 98.639588 0.000000 13.000000 12.000000 4.000000 6.000000 4.000000 3.000000 4.000000 6.000000 9.000000 7.000000 6.000000 7.000000 
37.324652 107.601340 0.000000 18.000000 15.000000 4.000000 0.000000 2.000000 0.000000 3.000000 6.000000 7.000000 14.000000 5.000000 7.000000 
36.803570 116.508915 0.000000 3.000000 5.000000 4.000000 25.000000 6.000000 6.000000 6.000000 5.000000 1.000000 15.000000 3.000000 2.000000 
36.647065 121.322413 0.000000 13.000000 9.000000 7.000000 19.000000 2.000000 4.000000 4.000000 3.000000 3.000000 3.000000 2.000000 12.000000 
34.930157 132.499026 0.000000 2.000000 1.000000 4.000000 27.000000 7.000000 5.000000 4.000000 5.000000 3.000000 7.000000 6.000000 10.000000 
34.322413 138.957385 0.000000 16.000000 10.000000 3.000000 7.000000 4.000000 3.000000 1.000000 3.000000 4.000000 3.000000 5.000000 22.000000 
36.361243 150.235041 0.000000 21.000000 3.000000 2.000000 11.000000 8.000000 1.000000 5.000000 0.000000 4.000000 11.000000 9.000000 6.000000 
38.878031 157.142562 0.000000 28.000000 4.000000 10.000000 5.000000 4.000000 2.000000 3.000000 4.000000 6.000000 6.000000 6.000000 3.000000 
38.506448 162.680098 0.000000 5.000000 6.000000 2.000000 3.000000 7.000000 2.000000 7.000000 9.000000 16.000000 16.000000 3.000000 5.000000 
38.303050 171.991341 0.000000 6.000000 5.000000 9.000000 9.000000 7.000000 4.000000 5.000000 5.000000 6.000000 6.000000 8.000000 11.000000 
37.812585 182.273908 0.000000 11.000000 9.000000 4.000000 6.000000 1.000000 4.000000 8.000000 4.000000 6.000000 9.000000 8.000000 11.000000 
37.150367 188.894015 0.000000 9.000000 3.000000 8.000000 19.000000 5.000000 5.000000 0.000000 2.000000 5.000000 6.000000 9.000000 10.000000 
36.403403 197.321442 0.000000 8.000000 16.000000 3.000000 3.000000 4.000000 5.000000 4.000000 5.000000 4.000000 13.000000 7.000000 9.000000 
35.967508 206.156856 0.000000 7.000000 14.000000 2.000000 5.000000 5.000000 9.000000 7.000000 6.000000 4.000000 10.000000 4.000000 8.000000 
36.000000 218.218110 0.000000 5.000000 2.000000 2.000000 5.000000 3.000000 3.000000 1.000000 5.000000 11.000000 34.000000 8.000000 2.000000 
36.378317 222.790059 0.000000 11.000000 6.000000 2.000000 2.000000 1.000000 1.000000 0.000000 5.000000 14.000000 29.000000 5.000000 5.000000 
39.889996 230.209151 0.000000 28.000000 9.000000 1.000000 3.000000 2.000000 4.000000 3.000000 3.000000 7.000000 14.000000 1.000000 6.000000 
36.426639 237.791667 27.000000 23.000000 14.000000 0.000000 0.000000 0.000000 1.000000 0.000000 0.000000 0.000000 0.000000 1.000000 6.000000 
42.325558 5.365028 27.000000 11.000000 8.000000 6.000000 3.000000 3.000000 3.000000 1.000000 2.000000 1.000000 3.000000 7.000000 6.000000 
40.516950 11.677587 0.000000 23.000000 2.000000 3.000000 4.000000 5.000000 5.000000 6.000000 5.000000 4.000000 10.000000 4.000000 10.000000 
43.468269 19.190886 0.000000 10.000000 5.000000 5.000000 7.000000 11.000000 9.000000 1.000000 5.000000 4.000000 4.000000 10.000000 10.000000 
46.231111 26.403862 0.000000 16.000000 5.000000 4.000000 7.000000 8.000000 3.000000 2.000000 2.000000 4.000000 9.000000 11.000000 10.000000 
44.726130 36.939906 0.000000 15.000000 6.000000 7.000000 3.000000 7.000000 6.000000 7.000000 5.000000 4.000000 8.000000 5.000000 8.000000 
45.671370 46.788200 0.000000 20.000000 9.000000 4.000000 3.000000 4.000000 6.000000 2.000000 4.000000 3.000000 12.000000 3.000000 11.000000 
45.105602 50.204019 0.000000 15.000000 5.000000 7.000000 15.000000 4.000000 5.000000 4.000000 3.000000 3.000000 4.000000 5.000000 11.000000 
44.322413 57.588109 0.000000 16.000000 2.000000 2.000000 13.000000 2.000000 1.000000 3.000000 5.000000 6.000000 9.000000 8.000000 14.000000 
46.635468 70.084825 0.000000 11.000000 4.000000 2.000000 14.000000 7.000000 3.000000 10.000000 8.000000 5.000000 6.000000 8.000000 3.000000 
46.805085 78.822895 0.000000 20.000000 9.000000 9.000000 9.000000 3.000000 4.000000 7.000000 0.000000 1.000000 3.000000 6.000000 10.000000 
44.174933 83.993747 0.000000 11.000000 8.000000 7.000000 6.000000 3.000000 3.000000 2.000000 3.000000 6.000000 16.000000 8.000000 8.000000 
45.942324 92.484108 0.000000 6.000000 9.000000 6.000000 22.000000 4.000000 4.000000 5.000000 1.000000 4.000000 2.000000 9.000000 9.000000 
45.447058 98.586825 0.000000 13.000000 9.000000 5.000000 4.000000 6.000000 3.000000 3.000000 2.000000 6.000000 8.000000 11.000000 11.000000 
46.763501 108.000000 0.000000 16.000000 11.000000 6.000000 12.000000 8.000000 3.000000 3.000000 3.000000 1.000000 3.000000 7.000000 8.000000 
47.365028 115.634972 0.000000 10.000000 11.000000 4.000000 8.000000 3.000000 4.000000 3.000000 4.000000 2.000000 16.000000 9.000000 7.000000 
43.552497 123.991562 0.000000 16.000000 8.000000 5.000000 11.000000 3.000000 5.000000 2.000000 4.000000 7.000000 11.000000 2.000000 7.000000 
40.000000 132.948166 0.000000 10.000000 8.000000 4.000000 33.000000 5.000000 4.000000 0.000000 2.000000 2.000000 1.000000 3.000000 9.000000 
42.629500 140.542087 0.000000 18.000000 16.000000 3.000000 6.000000 3.000000 2.000000 1.000000 1.000000 2.000000 4.000000 16.000000 9.000000 
43.858933 151.858933 0.000000 26.000000 11.000000 10.000000 3.000000 2.000000 3.000000 7.000000 5.000000 4.000000 3.000000 5.000000 2.000000 
47.097029 159.835649 0.000000 10.000000 9.000000 4.000000 1.000000 2.000000 1.000000 2.000000 4.000000 13.000000 17.000000 11.000000 7.000000 
44.353065 163.720427 0.000000 3.000000 8.000000 1.000000 6.000000 7.000000 1.000000 6.000000 5.000000 14.000000 19.000000 5.000000 6.000000 
44.764381 173.409206 0.000000 10.000000 6.000000 8.000000 6.000000 5.000000 2.000000 5.000000 8.000000 8.000000 6.000000 5.000000 12.000000 
42.951852 180.586825 0.000000 8.000000 9.000000 2.000000 7.000000 7.000000 6.000000 9.000000 8.000000 2.000000 9.000000 2.000000 12.000000 
45.365028 188.780307 0.000000 7.000000 3.000000 4.000000 9.000000 6.000000 1.000000 8.000000 10.000000 10.000000 12.000000 5.000000 6.000000 
45.322413 197.034812 0.000000 16.000000 12.000000 7.000000 6.000000 6.000000 3.000000 6.000000 6.000000 1.000000 4.000000 9.000000 5.000000 
44.586825 204.996313 0.000000 7.000000 14.000000 5.000000 7.000000 2.000000 4.000000 3.000000 3.000000 2.000000 14.000000 12.000000 8.000000 
44.807517 213.162497 0.000000 9.000000 16.000000 4.000000 5.000000 2.000000 1.000000 0.000000 3.000000 4.000000 16.000000 14.000000 7.000000 
42.385334 218.665132 0.000000 12.000000 5.000000 11.000000 23.000000 6.000000 4.000000 0.000000 0.000000 1.000000 6.000000 10.000000 3.000000 
40.835812 229.822994 0.000000 25.000000 9.000000 3.000000 12.000000 4.000000 6.000000 2.000000 3.000000 5.000000 4.000000 2.000000 6.000000 
43.673653 237.038680 27.000000 14.000000 10.000000 3.000000 0.000000 0.000000 0.000000 0.000000 0.000000 0.000000 5.000000 5.000000 8.000000 
53.711163 4.951852 27.000000 18.000000 5.000000 6.000000 5.000000 3.000000 4.000000 2.000000 1.000000 1.000000 3.000000 4.000000 2.000000 
57.160653 10.951852 0.000000 20.000000 8.000000 2.000000 1.000000 3.000000 3.000000 5.000000 3.000000 10.000000 10.000000 9.000000 7.000000 
56.170718 18.574134 0.000000 13.000000 13.000000 3.000000 5.000000 4.000000 3.000000 7.000000 7.000000 5.000000 4.000000 8.000000 9.000000 
55.318243 27.038150 0.000000 17.000000 8.000000 9.000000 9.000000 5.000000 2.000000 5.000000 2.000000 10.000000 5.000000 3.000000 6.000000 
53.345691 38.019337 0.000000 18.000000 8.000000 7.000000 0.000000 2.000000 2.000000 2.000000 9.000000 6.000000 10.000000 10.000000 7.000000 
49.053611 45.418638 0.000000 14.000000 7.000000 3.000000 1.000000 5.000000 3.000000 4.000000 4.000000 1.000000 21.000000 10.000000 8.000000 
50.000000 49.608987 0.000000 21.000000 7.000000 1.000000 8.000000 3.000000 5.000000 6.000000 2.000000 4.000000 14.000000 5.000000 5.000000 
52.506615 58.290687 0.000000 20.000000 9.000000 6.000000 14.000000 5.000000 4.000000 3.000000 3.000000 4.000000 1.000000 9.000000 3.000000 
55.000000 71.040399 0.000000 14.000000 7.000000 8.000000 13.000000 8.000000 3.000000 7.000000 3.000000 3.000000 6.000000 5.000000 4.000000 
51.552560 78.528582 0.000000 22.000000 5.000000 3.000000 12.000000 3.000000 1.000000 4.000000 2.000000 2.000000 7.000000 9.000000 11.000000 
49.413175 82.951852 0.000000 24.000000 4.000000 8.000000 0.000000 2.000000 2.000000 1.000000 1.000000 6.000000 19.000000 6.000000 8.000000 
51.544070 90.951852 0.000000 8.000000 9.000000 6.000000 6.000000 6.000000 5.000000 10.000000 5.000000 2.000000 8.000000 6.000000 10.000000 
50.365028 99.365028 0.000000 12.000000 9.000000 5.000000 5.000000 9.000000 2.000000 1.000000 1.000000 4.000000 10.000000 10.000000 13.000000 
52.674474 107.948166 0.000000 14.000000 6.000000 10.000000 13.000000 5.000000 2.000000 3.000000 6.000000 4.000000 7.000000 3.000000 8.000000 
52.739246 115.687440 0.000000 10.000000 5.000000 3.000000 10.000000 5.000000 3.000000 4.000000 5.000000 4.000000 12.000000 8.000000 12.000000 
51.000000 125.689680 0.000000 11.000000 5.000000 1.000000 41.000000 9.000000 5.000000 1.000000 1.000000 0.000000 1.000000 2.000000 4.000000 
51.593865 134.044774 0.000000 4.000000 1.000000 7.000000 17.000000 10.000000 7.000000 4.000000 4.000000 5.000000 3.000000 4.000000 15.000000 
52.586825 141.951852 0.000000 21.000000 6.000000 2.000000 5.000000 3.000000 1.000000 5.000000 6.000000 2.000000 5.000000 5.000000 20.000000 
51.124140 149.174514 0.000000 16.000000 8.000000 10.000000 13.000000 5.000000 7.000000 6.000000 4.000000 1.000000 1.000000 3.000000 7.000000 
53.689476 160.040408 0.000000 4.000000 4.000000 6.000000 1.000000 3.000000 5.000000 3.000000 6.000000 12.000000 20.000000 11.000000 6.000000 
53.322413 166.127558 0.000000 8.000000 7.000000 7.000000 9.000000 5.000000 7.000000 5.000000 4.000000 5.000000 4.000000 12.000000 8.000000 
52.586825 173.353293 0.000000 11.000000 6.000000 9.000000 3.000000 4.000000 1.000000 4.000000 8.000000 6.000000 11.000000 9.000000 9.000000 
51.000000 179.941090 0.000000 8.000000 6.000000 5.000000 6.000000 5.000000 5.000000 7.000000 11.000000 5.000000 10.000000 2.000000 11.000000 
52.000000 190.689680 0.000000 14.000000 11.000000 6.000000 5.000000 5.000000 5.000000 6.000000 5.000000 1.000000 11.000000 5.000000 7.000000 
51.677587 198.104032 0.000000 11.000000 5.000000 6.000000 14.000000 7.000000 6.000000 7.000000 1.000000 1.000000 5.000000 9.000000 9.000000 
52.709368 205.657057 0.000000 8.000000 15.000000 11.000000 3.000000 2.000000 5.000000 5.000000 4.000000 2.000000 10.000000 11.000000 5.000000 
57.000000 212.948166 0.000000 7.000000 2.000000 9.000000 12.000000 3.000000 6.000000 2.000000 2.000000 4.000000 25.000000 7.000000 2.000000 
52.736840 220.501490 0.000000 9.000000 4.000000 3.000000 2.000000 5.000000 13.000000 17.000000 8.000000 4.000000 5.000000 7.000000 4.000000 
49.000000 232.689680 0.000000 7.000000 9.000000 5.000000 29.000000 7.000000 6.000000 0.000000 1.000000 3.000000 7.000000 5.000000 2.000000 
51.125706 238.372952 27.000000 4.000000 7.000000 2.000000 16.000000 6.000000 4.000000 0.000000 0.000000 2.000000 3.000000 0.000000 1.000000 
60.000000 5.324652 39.000000 18.000000 4.000000 0.000000 2.000000 2.000000 0.000000 4.000000 1.000000 2.000000 2.000000 6.000000 1.000000 
61.556294 13.324652 18.000000 22.000000 6.000000 2.000000 1.000000 4.000000 4.000000 3.000000 5.000000 1.000000 2.000000 5.000000 8.000000 
60.975756 21.324652 18.000000 18.000000 10.000000 4.000000 1.000000 0.000000 4.000000 7.000000 6.000000 0.000000 2.000000 6.000000 5.000000 
60.457251 28.867401 18.000000 9.000000 5.000000 3.000000 3.000000 1.000000 7.000000 6.000000 9.000000 11.000000 4.000000 2.000000 3.000000 
60.453119 37.324652 18.000000 7.000000 4.000000 1.000000 1.000000 8.000000 12.000000 11.000000 6.000000 3.000000 2.000000 2.000000 6.000000 
59.728558 45.596095 18.000000 3.000000 1.000000 5.000000 5.000000 12.000000 14.000000 12.000000 7.000000 3.000000 1.000000 0.000000 0.000000 
59.732686 53.057339 18.000000 10.000000 4.000000 6.000000 8.000000 4.000000 4.000000 10.000000 5.000000 2.000000 3.000000 3.000000 4.000000 
60.000000 60.969870 18.000000 6.000000 1.000000 2.000000 5.000000 3.000000 9.000000 7.000000 10.000000 7.000000 4.000000 3.000000 6.000000 
60.959669 69.788053 18.000000 3.000000 1.000000 3.000000 8.000000 5.000000 5.000000 11.000000 8.000000 8.000000 6.000000 3.000000 2.000000 
60.000000 77.672996 18.000000 7.000000 3.000000 2.000000 4.000000 7.000000 11.000000 11.000000 5.000000 4.000000 4.000000 1.000000 4.000000 
59.442079 85.324652 18.000000 8.000000 4.000000 1.000000 3.000000 4.000000 8.000000 8.000000 9.000000 4.000000 2.000000 9.000000 3.000000 
60.000000 93.324652 18.000000 6.000000 2.000000 7.000000 4.000000 4.000000 8.000000 14.000000 7.000000 5.000000 1.000000 1.000000 4.000000 
59.707424 101.324652 18.000000 6.000000 5.000000 1.000000 0.000000 4.000000 6.000000 11.000000 11.000000 10.000000 5.000000 2.000000 2.000000 
60.000000 109.324652 18.000000 8.000000 3.000000 2.000000 8.000000 4.000000 7.000000 6.000000 6.000000 5.000000 2.000000 4.000000 8.000000 
60.000000 117.324652 18.000000 3.000000 1.000000 0.000000 11.000000 11.000000 8.000000 5.000000 2.000000 3.000000 5.000000 5.000000 9.000000 
60.000000 125.324652 18.000000 9.000000 2.000000 5.000000 16.000000 3.000000 4.000000 2.000000 4.000000 0.000000 4.000000 6.000000 8.000000 
60.000000 133.324652 18.000000 4.000000 1.000000 3.000000 11.000000 6.000000 4.000000 5.000000 6.000000 3.000000 8.000000 3.000000 9.000000 
60.394570 141.719223 18.000000 19.000000 4.000000 0.000000 7.000000 6.000000 4.000000 7.000000 3.000000 2.000000 6.000000 0.000000 5.000000 
60.000000 149.324652 18.000000 6.000000 6.000000 7.000000 4.000000 4.000000 3.000000 5.000000 6.000000 6.000000 8.000000 3.000000 5.000000 
60.000000 157.719521 18.000000 6.000000 4.000000 4.000000 2.000000 2.000000 3.000000 2.000000 5.000000 5.000000 16.000000 3.000000 11.000000 
60.000000 165.758124 18.000000 7.000000 5.000000 1.000000 3.000000 3.000000 5.000000 6.000000 5.000000 5.000000 7.000000 6.000000 10.000000 
60.000000 173.324652 18.000000 7.000000 2.000000 2.000000 7.000000 5.000000 4.000000 5.000000 2.000000 7.000000 9.000000 9.000000 4.000000 
60.000000 181.324652 18.000000 10.000000 4.000000 5.000000 7.000000 7.000000 3.000000 0.000000 3.000000 6.000000 5.000000 5.000000 8.000000 
60.000000 189.687253 18.000000 7.000000 4.000000 2.000000 0.000000 1.000000 4.000000 4.000000 4.000000 3.000000 14.000000 11.000000 9.000000 
60.000000 197.324652 18.000000 6.000000 7.000000 2.000000 6.000000 7.000000 8.000000 5.000000 3.000000 4.000000 4.000000 4.000000 7.000000 
60.000000 205.324652 18.000000 10.000000 8.000000 10.000000 4.000000 3.000000 0.000000 0.000000 5.000000 1.000000 6.000000 5.000000 11.000000 
62.075663 213.262962 18.000000 4.000000 7.000000 9.000000 9.000000 0.000000 1.000000 0.000000 1.000000 3.000000 26.000000 3.000000 0.000000 
60.000000 221.324652 18.000000 4.000000 5.000000 6.000000 14.000000 3.000000 3.000000 3.000000 0.000000 2.000000 12.000000 6.000000 5.000000 
59.464216 229.680377 18.000000 5.000000 2.000000 7.000000 11.000000 3.000000 2.000000 6.000000 4.000000 4.000000 7.000000 6.000000 6.000000 
60.000000 236.000000 35.000000 0.000000 3.000000 0.000000 0.000000 2.000000 2.000000 5.000000 5.000000 2.000000 6.000000 1.000000 2.000000 
