240
5.000000 5.689680 39.000000 6.000000 3.000000 0.000000 3.000000 0.000000 1.000000 2.000000 1.000000 1.000000 0.000000 3.000000 4.000000 
4.887752 13.298096 27.000000 8.000000 3.000000 5.000000 1.000000 2.000000 3.000000 3.000000 3.000000 3.000000 1.000000 4.000000 0.000000 
3.586825 20.911477 27.000000 4.000000 3.000000 5.000000 5.000000 4.000000 1.000000 0.000000 2.000000 2.000000 2.000000 5.000000 3.000000 
4.000000 28.959625 27.000000 3.000000 6.000000 2.000000 4.000000 1.000000 4.000000 4.000000 0.000000 2.000000 0.000000 7.000000 3.000000 
4.000000 37.689680 27.000000 6.000000 6.000000 6.000000 1.000000 0.000000 0.000000 0.000000 0.000000 1.000000 8.000000 4.000000 4.000000 
4.322413 45.647065 27.000000 1.000000 5.000000 7.000000 8.000000 1.000000 0.000000 0.000000 0.000000 2.000000 4.000000 3.000000 5.000000 
4.000000 53.689680 27.000000 3.000000 1.000000 5.000000 2.000000 0.000000 1.000000 1.000000 3.000000 1.000000 10.000000 3.000000 6.000000 
4.322413 61.647065 27.000000 5.000000 5.000000 5.000000 5.000000 1.000000 1.000000 0.000000 1.000000 2.000000 2.000000 5.000000 4.000000 
2.139594 70.190533 27.000000 12.000000 5.000000 2.000000 1.000000 0.000000 0.000000 0.000000 0.000000 0.000000 7.000000 4.000000 5.000000 
3.049362 76.911477 27.000000 5.000000 4.000000 5.000000 9.000000 1.000000 0.000000 0.000000 0.000000 2.000000 3.000000 3.000000 4.000000 
4.324652 85.324652 27.000000 6.000000 1.000000 0.000000 6.000000 0.000000 0.000000 0.000000 0.000000 1.000000 12.000000 4.000000 6.000000 
3.138128 94.186524 27.000000 8.000000 5.000000 0.000000 6.000000 4.000000 1.000000 0.000000 0.000000 2.000000 5.000000 4.000000 1.000000 
4.588609 100.211226 27.000000 8.000000 4.000000 2.000000 5.000000 2.000000 1.000000 2.000000 2.000000 1.000000 5.000000 1.000000 3.000000 
3.971687 109.997791 27.000000 2.000000 4.000000 3.000000 3.000000 2.000000 2.000000 2.000000 2.000000 0.000000 9.000000 2.000000 5.000000 
4.322413 117.647065 27.000000 7.000000 6.000000 3.000000 5.000000 0.000000 2.000000 2.000000 0.000000 1.000000 5.000000 4.000000 1.000000 
4.000000 126.054708 27.000000 7.000000 4.000000 4.000000 1.000000 0.000000 0.000000 0.000000 0.000000 1.000000 7.000000 5.000000 7.000000 
4.000000 133.689680 27.000000 10.000000 2.000000 2.000000 2.000000 0.000000 0.000000 2.000000 2.000000 1.000000 6.000000 5.000000 4.000000 
3.164534 141.324652 27.000000 15.000000 2.000000 3.000000 3.000000 3.000000 1.000000 1.000000 2.000000 2.000000 1.000000 2.000000 1.000000 
4.844198 148.731078 27.000000 2.000000 0.000000 2.000000 11.000000 3.000000 1.000000 3.000000 2.000000 3.000000 7.000000 2.000000 0.000000 
4.357741 157.331939 27.000000 7.000000 3.000000 2.000000 9.000000 1.000000 0.000000 0.000000 2.000000 2.000000 3.000000 2.000000 5.000000 
2.733973 164.911477 27.000000 6.000000 2.000000 2.000000 16.000000 0.000000 1.000000 0.000000 0.000000 0.000000 3.000000 4.000000 2.000000 
5.739072 172.456263 27.000000 6.000000 7.000000 2.000000 0.000000 2.000000 2.000000 0.000000 2.000000 1.000000 14.000000 0.000000 0.000000 
2.390415 179.715068 27.000000 9.000000 2.000000 0.000000 1.000000 1.000000 1.000000 0.000000 1.000000 6.000000 11.000000 4.000000 0.000000 
4.624600 189.324652 27.000000 6.000000 7.000000 6.000000 2.000000 2.000000 2.000000 2.000000 0.000000 1.000000 1.000000 3.000000 4.000000 
5.844015 198.000642 27.000000 7.000000 3.000000 1.000000 5.000000 1.000000 0.000000 0.000000 1.000000 1.000000 11.000000 3.000000 3.000000 
4.000000 204.623900 27.000000 5.000000 2.000000 2.000000 0.000000 3.000000 3.000000 0.000000 0.000000 2.000000 7.000000 8.000000 4.000000 
2.584069 213.689680 27.000000 9.000000 5.000000 4.000000 1.000000 0.000000 3.000000 1.000000 3.000000 2.000000 3.000000 4.000000 1.000000 
2.100328 222.245086 27.000000 15.000000 2.000000 1.000000 2.000000 0.000000 1.000000 4.000000 4.000000 3.000000 3.000000 1.000000 0.000000 
4.689680 229.000000 27.000000 5.000000 3.000000 1.000000 3.000000 5.000000 2.000000 2.000000 4.000000 2.000000 6.000000 1.000000 2.000000 
5.000000 236.365028 36.000000 9.000000 3.000000 0.000000 0.000000 0.000000 1.000000 1.000000 2.000000 2.000000 2.000000 0.000000 0.000000 
13.317380 5.396298 27.000000 12.000000 8.000000 2.000000 7.000000 6.000000 3.000000 3.000000 4.000000 5.000000 2.000000 1.000000 1.000000 
14.909237 11.264412 0.000000 15.000000 12.000000 9.000000 5.000000 4.000000 2.000000 4.000000 4.000000 3.000000 7.000000 8.000000 8.000000 
10.418477 18.496907 0.000000 11.000000 2.000000 6.000000 8.000000 5.000000 1.000000 2.000000 3.000000 8.000000 22.000000 6.000000 7.000000 
11.193810 28.130842 0.000000 10.000000 3.000000 15.000000 15.000000 6.000000 3.000000 3.000000 3.000000 3.000000 8.000000 4.000000 8.000000 
13.218560 37.000000 0.000000 17.000000 6.000000 9.000000 7.000000 2.000000 1.000000 2.000000 5.000000 5.000000 12.000000 4.000000 11.000000 
12.586825 44.911477 0.000000 8.000000 5.000000 4.000000 14.000000 8.000000 2.000000 5.000000 10.000000 4.000000 6.000000 8.000000 7.000000 
13.056987 53.929552 0.000000 11.000000 8.000000 4.000000 15.000000 3.000000 4.000000 2.000000 2.000000 5.000000 7.000000 7.000000 13.000000 
12.035913 61.016153 0.000000 19.000000 14.000000 1.000000 5.000000 3.000000 2.000000 0.000000 3.000000 6.000000 16.000000 6.000000 6.000000 
7.400066 69.264412 0.000000 21.000000 15.000000 5.000000 3.000000 2.000000 5.000000 2.000000 2.000000 3.000000 11.000000 4.000000 8.000000 
8.016001 74.663123 0.000000 21.000000 13.000000 7.000000 14.000000 5.000000 1.000000 0.000000 1.000000 4.000000 3.000000 5.000000 7.000000 
11.179545 85.054719 0.000000 12.000000 5.000000 4.000000 12.000000 3.000000 3.000000 5.000000 5.000000 7.000000 12.000000 3.000000 10.000000 
10.409448 92.293741 0.000000 19.000000 18.000000 5.000000 3.000000 5.000000 6.000000 3.000000 3.000000 4.000000 3.000000 4.000000 8.000000 
15.066801 97.238857 0.000000 8.000000 11.000000 6.000000 8.000000 5.000000 4.000000 3.000000 2.000000 3.000000 15.000000 9.000000 7.000000 
12.644825 110.250458 0.000000 15.000000 6.000000 5.000000 7.000000 8.000000 7.000000 7.000000 7.000000 1.000000 3.000000 8.000000 7.000000 
12.174793 118.475688 0.000000 13.000000 6.000000 5.000000 8.000000 9.000000 3.000000 7.000000 6.000000 3.000000 3.000000 11.000000 7.000000 
12.000000 126.689680 0.000000 26.000000 8.000000 0.000000 8.000000 5.000000 2.000000 7.000000 7.000000 3.000000 3.000000 4.000000 8.000000 
11.562652 133.150660 0.000000 22.000000 3.000000 5.000000 8.000000 5.000000 4.000000 5.000000 4.000000 4.000000 7.000000 4.000000 10.000000 
11.218757 139.519790 0.000000 26.000000 7.000000 6.000000 3.000000 3.000000 5.000000 4.000000 4.000000 6.000000 6.000000 1.000000 10.000000 
15.650296 145.674357 0.000000 28.000000 7.000000 5.000000 14.000000 3.000000 3.000000 5.000000 3.000000 4.000000 3.000000 1.000000 5.000000 
10.684756 154.952099 0.000000 19.000000 2.000000 6.000000 9.000000 3.000000 8.000000 5.000000 8.000000 4.000000 6.000000 4.000000 7.000000 
11.309424 161.701601 0.000000 6.000000 1.000000 6.000000 23.000000 8.000000 11.000000 6.000000 12.000000 2.000000 1.000000 3.000000 2.000000 
17.646921 167.281894 0.000000 12.000000 2.000000 0.000000 8.000000 5.000000 6.000000 3.000000 2.000000 7.000000 30.000000 3.000000 3.000000 
9.381031 177.113572 0.000000 23.000000 6.000000 3.000000 2.000000 2.000000 3.000000 5.000000 5.000000 8.000000 14.000000 6.000000 4.000000 
15.252859 188.187596 0.000000 12.000000 17.000000 9.000000 3.000000 2.000000 3.000000 3.000000 6.000000 7.000000 8.000000 5.000000 6.000000 
18.586825 197.482989 0.000000 10.000000 6.000000 2.000000 4.000000 2.000000 2.000000 1.000000 3.000000 5.000000 29.000000 7.000000 10.000000 
15.361544 202.676333 0.000000 5.000000 3.000000 4.000000 10.000000 5.000000 3.000000 2.000000 5.000000 2.000000 22.000000 12.000000 8.000000 
7.819435 214.021681 0.000000 19.000000 8.000000 6.000000 4.000000 2.000000 8.000000 10.000000 8.000000 7.000000 3.000000 4.000000 2.000000 
7.542173 221.177145 0.000000 20.000000 7.000000 5.000000 6.000000 0.000000 3.000000 4.000000 9.000000 7.000000 9.000000 6.000000 5.000000 
10.906903 227.828973 0.000000 12.000000 12.000000 8.000000 10.000000 5.000000 7.000000 6.000000 4.000000 5.000000 5.000000 2.000000 5.000000 
12.000000 237.365028 27.000000 7.000000 8.000000 7.000000 1.000000 1.000000 1.000000 2.000000 1.000000 3.000000 3.000000 4.000000 7.000000 
20.413175 4.951852 27.000000 7.000000 4.000000 3.000000 4.000000 5.000000 4.000000 3.000000 2.000000 1.000000 7.000000 7.000000 7.000000 
20.573326 11.543074 0.000000 17.000000 7.000000 10.000000 8.000000 5.000000 4.000000 5.000000 4.000000 5.000000 8.000000 4.000000 4.000000 
16.644269 20.000556 0.000000 14.000000 3.000000 7.000000 9.000000 4.000000 2.000000 9.000000 5.000000 4.000000 13.000000 5.000000 6.000000 
19.433047 29.631140 0.000000 7.000000 2.000000 4.000000 7.000000 6.000000 6.000000 9.000000 3.000000 5.000000 18.000000 6.000000 8.000000 
22.909237 34.264412 0.000000 12.000000 7.000000 9.000000 6.000000 3.000000 5.000000 6.000000 5.000000 8.000000 8.000000 6.000000 6.000000 
20.021347 43.902210 0.000000 4.000000 3.000000 5.000000 19.000000 9.000000 5.000000 3.000000 9.000000 7.000000 5.000000 3.000000 9.000000 
24.941452 53.730611 0.000000 9.000000 9.000000 3.000000 14.000000 3.000000 5.000000 5.000000 3.000000 3.000000 13.000000 5.000000 9.000000 
23.130587 57.827660 0.000000 6.000000 0.000000 5.000000 13.000000 3.000000 6.000000 7.000000 3.000000 3.000000 21.000000 9.000000 5.000000 
18.586016 65.276021 0.000000 8.000000 12.000000 16.000000 9.000000 3.000000 1.000000 5.000000 5.000000 4.000000 6.000000 10.000000 2.000000 
17.042013 74.687440 0.000000 13.000000 6.000000 6.000000 4.000000 2.000000 3.000000 3.000000 1.000000 8.000000 24.000000 2.000000 9.000000 
17.634972 84.634972 0.000000 6.000000 6.000000 13.000000 23.000000 9.000000 3.000000 0.000000 1.000000 1.000000 7.000000 5.000000 7.000000 
19.269470 93.299477 0.000000 8.000000 12.000000 7.000000 7.000000 3.000000 2.000000 1.000000 2.000000 6.000000 23.000000 8.000000 2.000000 
23.283943 101.220741 0.000000 16.000000 6.000000 5.000000 5.000000 6.000000 4.000000 9.000000 4.000000 3.000000 5.000000 11.000000 7.000000 
21.001675 110.424889 0.000000 16.000000 9.000000 9.000000 4.000000 3.000000 2.000000 6.000000 6.000000 3.000000 10.000000 4.000000 9.000000 
19.584437 117.324652 0.000000 15.000000 10.000000 6.000000 9.000000 8.000000 11.000000 3.000000 2.000000 2.000000 6.000000 4.000000 5.000000 
20.000000 124.524186 0.000000 12.000000 10.000000 18.000000 3.000000 3.000000 1.000000 0.000000 4.000000 4.000000 9.000000 9.000000 8.000000 
21.322413 131.983618 0.000000 13.000000 4.000000 7.000000 14.000000 11.000000 4.000000 6.000000 4.000000 9.000000 7.000000 1.000000 1.000000 
20.731725 139.993250 0.000000 28.000000 4.000000 7.000000 3.000000 2.000000 4.000000 3.000000 3.000000 3.000000 6.000000 6.000000 12.000000 
21.775161 146.075471 0.000000 18.000000 4.000000 2.000000 14.000000 8.000000 8.000000 6.000000 5.000000 5.000000 4.000000 0.000000 7.000000 
16.634972 153.852833 0.000000 28.000000 4.000000 2.000000 16.000000 4.000000 3.000000 4.000000 3.000000 3.000000 5.000000 1.000000 8.000000 
17.718915 163.254617 0.000000 6.000000 0.000000 2.000000 11.000000 5.000000 4.000000 3.000000 4.000000 6.000000 36.000000 0.000000 4.000000 
22.552085 171.825820 0.000000 18.000000 13.000000 4.000000 5.000000 6.000000 8.000000 3.000000 6.000000 2.000000 8.000000 6.000000 2.000000 
19.401587 183.131642 0.000000 19.000000 23.000000 7.000000 2.000000 1.000000 5.000000 2.000000 4.000000 4.000000 9.000000 0.000000 5.000000 
18.027619 190.748655 0.000000 18.000000 21.000000 10.000000 6.000000 1.000000 0.000000 0.000000 3.000000 7.000000 8.000000 2.000000 5.000000 
24.756630 196.697633 0.000000 6.000000 7.000000 7.000000 5.000000 2.000000 3.000000 1.000000 4.000000 5.000000 32.000000 3.000000 6.000000 
26.229498 202.453225 0.000000 5.000000 18.000000 14.000000 10.000000 1.000000 4.000000 2.000000 7.000000 7.000000 5.000000 4.000000 4.000000 
20.805748 211.456868 0.000000 13.000000 4.000000 13.000000 10.000000 5.000000 1.000000 2.000000 3.000000 5.000000 11.000000 7.000000 7.000000 
16.608952 217.882159 0.000000 9.000000 9.000000 7.000000 16.000000 8.000000 2.000000 3.000000 2.000000 5.000000 13.000000 4.000000 3.000000 
18.000000 226.689680 0.000000 10.000000 9.000000 5.000000 4.000000 5.000000 6.000000 5.000000 2.000000 6.000000 10.000000 8.000000 11.000000 
19.742731 237.107759 27.000000 0.000000 2.000000 2.000000 6.000000 6.000000 7.000000 5.000000 4.000000 4.000000 4.000000 2.000000 3.000000 
27.677587 5.687440 27.000000 5.000000 6.000000 3.000000 7.000000 4.000000 1.000000 0.000000 0.000000 3.000000 11.000000 5.000000 9.000000 
27.322413 12.957385 0.000000 15.000000 5.000000 2.000000 8.000000 3.000000 9.000000 6.000000 5.000000 5.000000 12.000000 5.000000 6.000000 
28.873588 21.712629 0.000000 6.000000 12.000000 8.000000 4.000000 1.000000 1.000000 5.000000 8.000000 8.000000 7.000000 10.000000 11.000000 
29.170589 28.829411 0.000000 19.000000 6.000000 10.000000 9.000000 6.000000 6.000000 4.000000 1.000000 3.000000 2.000000 7.000000 8.000000 
29.640689 35.637066 0.000000 9.000000 8.000000 13.000000 5.000000 3.000000 7.000000 4.000000 7.000000 7.000000 4.000000 6.000000 8.000000 
28.861701 46.442874 0.000000 12.000000 9.000000 9.000000 2.000000 4.000000 1.000000 4.000000 6.000000 10.000000 15.000000 4.000000 5.000000 
33.268066 54.000871 0.000000 21.000000 7.000000 4.000000 6.000000 2.000000 2.000000 3.000000 3.000000 7.000000 9.000000 6.000000 11.000000 
30.438436 58.685421 0.000000 16.000000 0.000000 1.000000 27.000000 3.000000 3.000000 3.000000 1.000000 2.000000 2.000000 10.000000 13.000000 
25.586825 66.737828 0.000000 17.000000 3.000000 11.000000 8.000000 4.000000 3.000000 3.000000 1.000000 5.000000 10.000000 10.000000 6.000000 
27.463673 76.411839 0.000000 17.000000 6.000000 6.000000 8.000000 8.000000 5.000000 5.000000 6.000000 7.000000 5.000000 1.000000 7.000000 
27.727742 83.689680 0.000000 13.000000 6.000000 8.000000 7.000000 4.000000 4.000000 4.000000 8.000000 6.000000 9.000000 5.000000 7.000000 
27.736414 92.802263 0.000000 14.000000 7.000000 2.000000 11.000000 5.000000 6.000000 4.000000 3.000000 8.000000 9.000000 5.000000 7.000000 
29.308331 98.061546 0.000000 16.000000 13.000000 8.000000 7.000000 3.000000 3.000000 5.000000 6.000000 4.000000 3.000000 4.000000 9.000000 
29.083199 109.113463 0.000000 22.000000 5.000000 5.000000 2.000000 1.000000 2.000000 6.000000 3.000000 3.000000 17.000000 4.000000 11.000000 
29.909237 115.264412 0.000000 12.000000 8.000000 13.000000 3.000000 4.000000 5.000000 8.000000 6.000000 6.000000 6.000000 3.000000 7.000000 
28.225510 124.157631 0.000000 12.000000 8.000000 5.000000 5.000000 6.000000 3.000000 8.000000 5.000000 5.000000 8.000000 7.000000 9.000000 
27.683991 133.766845 0.000000 13.000000 3.000000 6.000000 30.000000 8.000000 2.000000 3.000000 0.000000 0.000000 1.000000 9.000000 6.000000 
31.377386 137.590790 0.000000 12.000000 0.000000 2.000000 25.000000 6.000000 5.000000 6.000000 2.000000 4.000000 4.000000 7.000000 8.000000 
31.000000 145.869421 0.000000 22.000000 10.000000 1.000000 8.000000 3.000000 4.000000 4.000000 3.000000 1.000000 10.000000 6.000000 9.000000 
28.324652 151.583138 0.000000 16.000000 8.000000 4.000000 21.000000 4.000000 5.000000 9.000000 0.000000 0.000000 2.000000 4.000000 8.000000 
28.322413 162.425457 0.000000 10.000000 1.000000 3.000000 6.000000 9.000000 7.000000 5.000000 7.000000 8.000000 19.000000 3.000000 3.000000 
27.586825 173.911477 0.000000 26.000000 12.000000 7.000000 4.000000 6.000000 4.000000 0.000000 1.000000 1.000000 3.000000 9.000000 8.000000 
26.851606 183.882005 0.000000 24.000000 15.000000 5.000000 9.000000 2.000000 2.000000 3.000000 1.000000 2.000000 3.000000 4.000000 11.000000 
25.108110 191.217116 0.000000 9.000000 6.000000 4.000000 11.000000 4.000000 2.000000 3.000000 4.000000 5.000000 27.000000 2.000000 4.000000 
27.396983 195.416313 0.000000 9.000000 15.000000 6.000000 7.000000 2.000000 4.000000 4.000000 3.000000 6.000000 19.000000 3.000000 3.000000 
30.579950 200.990597 0.000000 6.000000 21.000000 11.000000 5.000000 0.000000 1.000000 2.000000 5.000000 11.000000 11.000000 5.000000 3.000000 
28.288933 210.441872 0.000000 8.000000 6.000000 10.000000 10.000000 3.000000 3.000000 1.000000 6.000000 5.000000 12.000000 8.000000 9.000000 
28.366271 221.405162 0.000000 4.000000 6.000000 13.000000 11.000000 6.000000 5.000000 4.000000 3.000000 6.000000 10.000000 6.000000 7.000000 
28.039739 230.318310 0.000000 8.000000 7.000000 6.000000 10.000000 3.000000 5.000000 4.000000 7.000000 4.000000 16.000000 6.000000 5.000000 
28.000000 237.365028 27.000000 6.000000 3.000000 3.000000 0.000000 2.000000 0.000000 3.000000 2.000000 2.000000 15.000000 4.000000 5.000000 
36.000000 4.948166 27.000000 10.000000 6.000000 9.000000 1.000000 1.000000 0.000000 0.000000 4.000000 2.000000 3.000000 4.000000 14.000000 
36.637309 11.575945 0.000000 13.000000 6.000000 3.000000 6.000000 7.000000 5.000000 7.000000 4.000000 3.000000 9.000000 5.000000 13.000000 
35.665970 21.917168 0.000000 18.000000 10.000000 3.000000 5.000000 6.000000 5.000000 5.000000 6.000000 5.000000 0.000000 6.000000 12.000000 
35.170951 29.943351 0.000000 9.000000 5.000000 4.000000 7.000000 7.000000 14.000000 6.000000 5.000000 7.000000 8.000000 3.000000 6.000000 
35.984585 36.852103 0.000000 25.000000 6.000000 7.000000 3.000000 5.000000 4.000000 3.000000 3.000000 5.000000 9.000000 1.000000 10.000000 
35.638241 45.579869 0.000000 7.000000 2.000000 5.000000 20.000000 5.000000 4.000000 5.000000 4.000000 5.000000 13.000000 6.000000 5.000000 
39.165743 51.815160 0.000000 17.000000 7.000000 5.000000 12.000000 3.000000 2.000000 4.000000 3.000000 5.000000 12.000000 2.000000 9.000000 
37.677587 61.687440 0.000000 12.000000 7.000000 8.000000 17.000000 6.000000 1.000000 1.000000 2.000000 1.000000 5.000000 14.000000 7.000000 
34.621644 69.782620 0.000000 15.000000 6.000000 4.000000 3.000000 0.000000 0.000000 1.000000 4.000000 5.000000 26.000000 15.000000 2.000000 
36.636874 77.324652 0.000000 10.000000 6.000000 9.000000 23.000000 2.000000 2.000000 2.000000 4.000000 1.000000 8.000000 3.000000 11.000000 
35.959661 86.328669 0.000000 13.000000 13.000000 3.000000 1.000000 4.000000 2.000000 4.000000 2.000000 4.000000 20.000000 8.000000 7.000000 
36.907764 94.187070 0.000000 18.000000 8.000000 2.000000 5.000000 5.000000 4.000000 13.000000 5.000000 4.000000 5.000000 5.000000 7.000000 
39.000000 99.689680 0.000000 14.000000 13.000000 6.000000 6.000000 5.000000 3.000000 4.000000 6.000000 3.000000 5.000000 6.000000 10.000000 
36.534904 108.980668 0.000000 20.000000 6.000000 7.000000 1.000000 0.000000 1.000000 3.000000 8.000000 5.000000 21.000000 2.000000 7.000000 
38.286320 115.906523 0.000000 11.000000 8.000000 6.000000 4.000000 2.000000 6.000000 16.000000 4.000000 10.000000 12.000000 1.000000 1.000000 
37.251384 126.658746 0.000000 11.000000 5.000000 7.000000 16.000000 5.000000 5.000000 10.000000 7.000000 3.000000 4.000000 3.000000 5.000000 
32.413175 133.951852 0.000000 9.000000 3.000000 4.000000 29.000000 8.000000 4.000000 3.000000 2.000000 0.000000 2.000000 11.000000 6.000000 
33.527494 137.977051 0.000000 16.000000 4.000000 2.000000 25.000000 6.000000 7.000000 4.000000 1.000000 2.000000 0.000000 9.000000 5.000000 
35.914348 147.475200 0.000000 25.000000 4.000000 4.000000 11.000000 7.000000 2.000000 2.000000 2.000000 2.000000 4.000000 11.000000 7.000000 
37.275961 154.673580 0.000000 23.000000 3.000000 9.000000 9.000000 4.000000 5.000000 1.000000 3.000000 6.000000 4.000000 2.000000 12.000000 
36.909237 163.228451 0.000000 11.000000 4.000000 7.000000 11.000000 10.000000 6.000000 3.000000 6.000000 4.000000 6.000000 2.000000 11.000000 
35.600696 171.358152 0.000000 9.000000 9.000000 7.000000 10.000000 8.000000 6.000000 8.000000 5.000000 2.000000 2.000000 6.000000 9.000000 
35.163095 180.739548 0.000000 14.000000 5.000000 6.000000 3.000000 4.000000 5.000000 9.000000 5.000000 7.000000 5.000000 7.000000 11.000000 
32.805429 186.905551 0.000000 15.000000 9.000000 2.000000 2.000000 4.000000 5.000000 3.000000 8.000000 8.000000 15.000000 5.000000 5.000000 
35.203689 192.960603 0.000000 8.000000 16.000000 11.000000 3.000000 2.000000 6.000000 3.000000 5.000000 9.000000 4.000000 10.000000 4.000000 
39.288632 202.157608 0.000000 6.000000 8.000000 15.000000 6.000000 4.000000 5.000000 3.000000 7.000000 6.000000 8.000000 6.000000 7.000000 
39.351363 212.065153 0.000000 6.000000 13.000000 18.000000 3.000000 3.000000 2.000000 1.000000 2.000000 6.000000 19.000000 3.000000 5.000000 
38.947698 221.521555 0.000000 6.000000 7.000000 4.000000 0.000000 3.000000 9.000000 9.000000 2.000000 3.000000 28.000000 4.000000 6.000000 
37.619471 232.324652 0.000000 28.000000 8.000000 2.000000 4.000000 3.000000 0.000000 8.000000 4.000000 7.000000 11.000000 2.000000 4.000000 
36.408408 238.685421 27.000000 18.000000 5.000000 4.000000 2.000000 0.000000 0.000000 3.000000 2.000000 1.000000 2.000000 2.000000 6.000000 
44.795020 5.365028 27.000000 15.000000 9.000000 5.000000 1.000000 2.000000 3.000000 2.000000 1.000000 1.000000 1.000000 7.000000 7.000000 
45.616188 12.000000 0.000000 18.000000 8.000000 3.000000 6.000000 2.000000 6.000000 4.000000 4.000000 7.000000 13.000000 6.000000 4.000000 
42.263412 20.917375 0.000000 14.000000 6.000000 6.000000 15.000000 8.000000 5.000000 0.000000 4.000000 5.000000 5.000000 9.000000 4.000000 
41.586825 30.221797 0.000000 21.000000 9.000000 2.000000 1.000000 3.000000 3.000000 2.000000 6.000000 7.000000 13.000000 4.000000 10.000000 
41.198397 35.273180 0.000000 22.000000 8.000000 6.000000 4.000000 6.000000 3.000000 4.000000 8.000000 4.000000 3.000000 2.000000 11.000000 
43.251103 41.998088 0.000000 19.000000 5.000000 4.000000 9.000000 8.000000 4.000000 6.000000 7.000000 5.000000 7.000000 5.000000 2.000000 
44.526425 51.015840 0.000000 9.000000 3.000000 4.000000 9.000000 6.000000 4.000000 9.000000 6.000000 1.000000 18.000000 6.000000 6.000000 
45.018891 61.017778 0.000000 18.000000 6.000000 2.000000 6.000000 6.000000 4.000000 5.000000 2.000000 3.000000 5.000000 9.000000 15.000000 
43.684192 70.748756 0.000000 10.000000 3.000000 3.000000 17.000000 5.000000 5.000000 7.000000 6.000000 4.000000 10.000000 9.000000 2.000000 
45.879351 76.620865 0.000000 5.000000 15.000000 6.000000 5.000000 6.000000 3.000000 8.000000 4.000000 8.000000 10.000000 6.000000 5.000000 
46.239005 85.994513 0.000000 15.000000 6.000000 8.000000 6.000000 1.000000 1.000000 4.000000 3.000000 2.000000 20.000000 8.000000 7.000000 
45.417331 95.702351 0.000000 12.000000 6.000000 9.000000 19.000000 5.000000 6.000000 6.000000 1.000000 1.000000 1.000000 5.000000 10.000000 
44.078747 102.034344 0.000000 14.000000 7.000000 5.000000 1.000000 1.000000 0.000000 5.000000 4.000000 5.000000 9.000000 11.000000 19.000000 
43.322413 109.957385 0.000000 23.000000 11.000000 4.000000 15.000000 2.000000 4.000000 3.000000 4.000000 2.000000 5.000000 3.000000 5.000000 
45.348043 117.714486 0.000000 18.000000 3.000000 3.000000 3.000000 1.000000 3.000000 9.000000 5.000000 5.000000 19.000000 8.000000 4.000000 
46.324652 124.324652 0.000000 15.000000 6.000000 8.000000 13.000000 4.000000 1.000000 3.000000 7.000000 4.000000 7.000000 6.000000 7.000000 
43.226917 133.054468 0.000000 15.000000 3.000000 3.000000 6.000000 2.000000 2.000000 8.000000 7.000000 10.000000 6.000000 8.000000 11.000000 
40.845091 139.181952 0.000000 12.000000 2.000000 6.000000 27.000000 10.000000 6.000000 1.000000 3.000000 2.000000 1.000000 4.000000 7.000000 
41.836624 147.879584 0.000000 22.000000 2.000000 2.000000 9.000000 1.000000 1.000000 4.000000 5.000000 5.000000 4.000000 11.000000 15.000000 
43.195956 155.790543 0.000000 20.000000 7.000000 13.000000 8.000000 3.000000 2.000000 2.000000 4.000000 6.000000 6.000000 3.000000 7.000000 
46.540965 165.264412 0.000000 7.000000 6.000000 4.000000 4.000000 2.000000 1.000000 8.000000 6.000000 13.000000 16.000000 9.000000 5.000000 
45.401207 170.401207 0.000000 11.000000 5.000000 7.000000 5.000000 4.000000 6.000000 9.000000 9.000000 8.000000 4.000000 5.000000 8.000000 
46.250048 181.979788 0.000000 10.000000 7.000000 9.000000 5.000000 2.000000 8.000000 4.000000 2.000000 5.000000 7.000000 14.000000 8.000000 
45.323120 187.821267 0.000000 4.000000 6.000000 7.000000 19.000000 5.000000 1.000000 0.000000 1.000000 8.000000 13.000000 9.000000 8.000000 
41.957644 195.566774 0.000000 10.000000 9.000000 5.000000 10.000000 6.000000 5.000000 1.000000 5.000000 3.000000 6.000000 15.000000 6.000000 
44.425152 206.997862 0.000000 8.000000 9.000000 14.000000 7.000000 2.000000 0.000000 2.000000 4.000000 10.000000 16.000000 3.000000 6.000000 
45.043853 213.956147 0.000000 4.000000 11.000000 13.000000 6.000000 4.000000 3.000000 3.000000 3.000000 5.000000 19.000000 6.000000 4.000000 
45.730088 217.057445 0.000000 7.000000 2.000000 7.000000 11.000000 6.000000 5.000000 4.000000 4.000000 5.000000 22.000000 6.000000 2.000000 
46.000000 228.595566 0.000000 16.000000 5.000000 3.000000 15.000000 4.000000 0.000000 5.000000 3.000000 3.000000 6.000000 7.000000 14.000000 
44.300604 237.365028 27.000000 15.000000 5.000000 4.000000 4.000000 1.000000 0.000000 1.000000 1.000000 0.000000 2.000000 4.000000 8.000000 
52.073920 5.365028 27.000000 15.000000 8.000000 9.000000 3.000000 2.000000 3.000000 1.000000 0.000000 0.000000 0.000000 7.000000 6.000000 
52.060917 11.951852 0.000000 17.000000 4.000000 5.000000 6.000000 3.000000 3.000000 2.000000 2.000000 5.000000 13.000000 13.000000 8.000000 
51.415775 18.948166 0.000000 15.000000 8.000000 5.000000 3.000000 3.000000 4.000000 3.000000 6.000000 3.000000 4.000000 18.000000 9.000000 
50.576294 27.521969 0.000000 9.000000 9.000000 10.000000 10.000000 2.000000 3.000000 1.000000 5.000000 2.000000 5.000000 10.000000 15.000000 
47.760318 34.538677 0.000000 17.000000 10.000000 8.000000 5.000000 3.000000 5.000000 3.000000 8.000000 1.000000 6.000000 5.000000 10.000000 
47.851017 41.854161 0.000000 25.000000 6.000000 7.000000 6.000000 2.000000 2.000000 1.000000 8.000000 4.000000 11.000000 5.000000 4.000000 
49.431127 50.586731 0.000000 15.000000 6.000000 6.000000 1.000000 2.000000 1.000000 5.000000 4.000000 3.000000 27.000000 3.000000 8.000000 
53.634177 59.253995 0.000000 12.000000 7.000000 5.000000 12.000000 2.000000 3.000000 6.000000 5.000000 2.000000 7.000000 5.000000 15.000000 
51.634972 70.365028 0.000000 14.000000 4.000000 5.000000 15.000000 4.000000 3.000000 1.000000 6.000000 7.000000 6.000000 7.000000 9.000000 
52.797787 76.043293 0.000000 17.000000 16.000000 8.000000 5.000000 4.000000 2.000000 2.000000 1.000000 6.000000 4.000000 7.000000 9.000000 
53.809814 83.130284 0.000000 10.000000 9.000000 5.000000 4.000000 3.000000 2.000000 3.000000 5.000000 8.000000 13.000000 6.000000 13.000000 
50.283625 95.687440 0.000000 18.000000 6.000000 9.000000 11.000000 9.000000 3.000000 3.000000 4.000000 2.000000 1.000000 3.000000 12.000000 
49.482396 101.465769 0.000000 16.000000 5.000000 7.000000 3.000000 6.000000 3.000000 3.000000 6.000000 6.000000 5.000000 5.000000 16.000000 
51.211047 108.041080 0.000000 5.000000 10.000000 8.000000 6.000000 3.000000 10.000000 7.000000 5.000000 2.000000 7.000000 9.000000 9.000000 
53.365028 117.365028 0.000000 11.000000 2.000000 3.000000 14.000000 9.000000 9.000000 10.000000 4.000000 1.000000 5.000000 7.000000 6.000000 
55.166777 124.686873 0.000000 13.000000 2.000000 9.000000 9.000000 3.000000 5.000000 2.000000 1.000000 4.000000 9.000000 10.000000 14.000000 
57.357757 133.718716 0.000000 15.000000 4.000000 7.000000 23.000000 6.000000 6.000000 1.000000 4.000000 5.000000 2.000000 3.000000 5.000000 
55.238982 141.497973 0.000000 13.000000 5.000000 4.000000 11.000000 9.000000 4.000000 4.000000 3.000000 2.000000 5.000000 7.000000 14.000000 
56.997636 148.486152 0.000000 23.000000 0.000000 6.000000 8.000000 7.000000 5.000000 5.000000 3.000000 4.000000 6.000000 1.000000 13.000000 
53.069324 154.415457 0.000000 21.000000 5.000000 9.000000 15.000000 6.000000 2.000000 0.000000 2.000000 3.000000 5.000000 4.000000 9.000000 
53.221703 162.586731 0.000000 6.000000 5.000000 3.000000 4.000000 6.000000 3.000000 5.000000 5.000000 14.000000 19.000000 5.000000 6.000000 
50.572029 170.937057 0.000000 13.000000 5.000000 6.000000 2.000000 7.000000 6.000000 6.000000 5.000000 7.000000 5.000000 9.000000 10.000000 
55.845493 181.893019 0.000000 19.000000 9.000000 5.000000 3.000000 9.000000 3.000000 7.000000 3.000000 2.000000 7.000000 7.000000 7.000000 
55.634972 187.365028 0.000000 11.000000 7.000000 5.000000 3.000000 3.000000 4.000000 5.000000 4.000000 8.000000 14.000000 7.000000 10.000000 
52.543970 196.386433 0.000000 6.000000 6.000000 5.000000 13.000000 6.000000 2.000000 4.000000 1.000000 5.000000 7.000000 14.000000 12.000000 
53.345691 206.019337 0.000000 7.000000 15.000000 8.000000 13.000000 5.000000 6.000000 6.000000 2.000000 1.000000 5.000000 9.000000 4.000000 
49.053611 213.418638 0.000000 2.000000 8.000000 9.000000 3.000000 2.000000 4.000000 1.000000 1.000000 7.000000 31.000000 11.000000 2.000000 
50.000000 217.948166 0.000000 11.000000 6.000000 6.000000 11.000000 3.000000 2.000000 2.000000 0.000000 3.000000 21.000000 9.000000 7.000000 
52.183516 227.401188 0.000000 14.000000 8.000000 3.000000 14.000000 3.000000 4.000000 3.000000 5.000000 1.000000 6.000000 11.000000 9.000000 
52.000000 237.002427 27.000000 8.000000 5.000000 4.000000 5.000000 2.000000 4.000000 2.000000 1.000000 2.000000 4.000000 3.000000 5.000000 
60.000000 5.324652 39.000000 8.000000 4.000000 3.000000 0.000000 2.000000 5.000000 6.000000 3.000000 2.000000 2.000000 3.000000 4.000000 
60.344537 13.324652 18.000000 13.000000 6.000000 6.000000 5.000000 5.000000 10.000000 10.000000 3.000000 0.000000 0.000000 4.000000 1.000000 
60.000000 21.324652 18.000000 5.000000 4.000000 2.000000 3.000000 4.000000 7.000000 11.000000 8.000000 5.000000 2.000000 6.000000 6.000000 
60.000000 29.324652 18.000000 9.000000 3.000000 3.000000 1.000000 4.000000 4.000000 14.000000 9.000000 4.000000 0.000000 5.000000 7.000000 
59.510741 37.324652 18.000000 3.000000 1.000000 1.000000 1.000000 4.000000 8.000000 25.000000 12.000000 3.000000 2.000000 1.000000 2.000000 
59.525168 45.070093 18.000000 5.000000 4.000000 3.000000 2.000000 8.000000 12.000000 15.000000 7.000000 4.000000 1.000000 0.000000 2.000000 
59.452716 53.310471 18.000000 13.000000 4.000000 6.000000 3.000000 1.000000 5.000000 7.000000 8.000000 4.000000 4.000000 4.000000 4.000000 
60.424731 60.899921 18.000000 12.000000 2.000000 5.000000 5.000000 2.000000 5.000000 8.000000 6.000000 4.000000 7.000000 2.000000 5.000000 
60.348651 69.673303 18.000000 6.000000 1.000000 3.000000 8.000000 7.000000 5.000000 10.000000 7.000000 4.000000 4.000000 2.000000 6.000000 
60.000000 77.324652 18.000000 10.000000 4.000000 2.000000 2.000000 6.000000 6.000000 8.000000 8.000000 5.000000 3.000000 4.000000 5.000000 
60.440812 84.883841 18.000000 5.000000 3.000000 2.000000 0.000000 2.000000 5.000000 11.000000 10.000000 5.000000 8.000000 5.000000 7.000000 
59.710723 93.962415 18.000000 3.000000 5.000000 4.000000 4.000000 6.000000 12.000000 15.000000 5.000000 1.000000 2.000000 2.000000 4.000000 
59.713749 101.324652 18.000000 6.000000 2.000000 1.000000 1.000000 5.000000 8.000000 15.000000 12.000000 5.000000 2.000000 2.000000 4.000000 
60.000000 109.324652 18.000000 12.000000 5.000000 5.000000 3.000000 3.000000 9.000000 7.000000 5.000000 5.000000 0.000000 4.000000 5.000000 
60.000000 117.324652 18.000000 9.000000 2.000000 6.000000 11.000000 6.000000 2.000000 11.000000 11.000000 1.000000 0.000000 2.000000 2.000000 
60.000000 125.324652 18.000000 8.000000 0.000000 4.000000 4.000000 1.000000 5.000000 9.000000 3.000000 5.000000 4.000000 7.000000 13.000000 
61.988936 133.840775 18.000000 6.000000 3.000000 9.000000 23.000000 3.000000 5.000000 4.000000 2.000000 4.000000 1.000000 0.000000 3.000000 
60.986406 141.791353 18.000000 15.000000 3.000000 4.000000 6.000000 3.000000 1.000000 6.000000 1.000000 4.000000 3.000000 5.000000 12.000000 
61.955965 149.802158 18.000000 20.000000 2.000000 4.000000 5.000000 5.000000 5.000000 4.000000 1.000000 5.000000 5.000000 1.000000 6.000000 
60.000000 157.009022 18.000000 8.000000 2.000000 0.000000 2.000000 3.000000 6.000000 10.000000 4.000000 12.000000 12.000000 3.000000 1.000000 
60.425387 165.324652 18.000000 8.000000 4.000000 2.000000 1.000000 5.000000 3.000000 4.000000 6.000000 5.000000 11.000000 4.000000 10.000000 
59.714585 173.039237 18.000000 11.000000 8.000000 9.000000 6.000000 6.000000 6.000000 0.000000 2.000000 3.000000 4.000000 2.000000 6.000000 
60.488568 181.813221 18.000000 13.000000 4.000000 6.000000 5.000000 7.000000 4.000000 6.000000 3.000000 1.000000 5.000000 3.000000 6.000000 
61.411061 188.889684 18.000000 11.000000 3.000000 3.000000 2.000000 2.000000 6.000000 5.000000 5.000000 7.000000 4.000000 7.000000 8.000000 
60.000000 197.324652 18.000000 10.000000 3.000000 1.000000 10.000000 8.000000 5.000000 2.000000 7.000000 4.000000 1.000000 5.000000 7.000000 
60.453119 205.324652 18.000000 8.000000 14.000000 6.000000 3.000000 1.000000 2.000000 5.000000 2.000000 5.000000 2.000000 10.000000 5.000000 
59.728558 213.596095 18.000000 7.000000 2.000000 3.000000 3.000000 5.000000 7.000000 13.000000 5.000000 5.000000 6.000000 4.000000 3.000000 
59.732686 221.057339 18.000000 8.000000 4.000000 3.000000 4.000000 4.000000 9.000000 5.000000 6.000000 7.000000 4.000000 4.000000 5.000000 
60.000000 228.890526 18.000000 4.000000 9.000000 4.000000 5.000000 6.000000 4.000000 9.000000 6.000000 4.000000 3.000000 5.000000 4.000000 
60.000000 236.000000 35.000000 2.000000 1.000000 3.000000 9.000000 5.000000 5.000000 1.000000 1.000000 0.000000 0.000000 1.000000 0.000000 
