240
5.000000 5.689680 39.000000 0.000000 5.000000 0.000000 8.000000 4.000000 0.000000 0.000000 0.000000 0.000000 1.000000 3.000000 3.000000 
4.898632 13.673957 27.000000 2.000000 2.000000 4.000000 3.000000 2.000000 2.000000 1.000000 0.000000 0.000000 5.000000 9.000000 6.000000 
3.586825 20.911477 27.000000 9.000000 4.000000 1.000000 2.000000 3.000000 2.000000 0.000000 2.000000 2.000000 3.000000 5.000000 3.000000 
3.583138 29.324652 27.000000 6.000000 6.000000 0.000000 4.000000 0.000000 3.000000 3.000000 4.000000 4.000000 3.000000 1.000000 2.000000 
4.324652 37.324652 27.000000 5.000000 2.000000 1.000000 1.000000 2.000000 2.000000 3.000000 4.000000 3.000000 4.000000 3.000000 6.000000 
4.322413 45.002240 27.000000 5.000000 2.000000 2.000000 13.000000 2.000000 0.000000 1.000000 0.000000 2.000000 1.000000 1.000000 7.000000 
4.000000 54.386876 27.000000 9.000000 4.000000 1.000000 2.000000 4.000000 2.000000 2.000000 0.000000 2.000000 3.000000 4.000000 3.000000 
4.324652 61.324652 27.000000 5.000000 1.000000 5.000000 8.000000 0.000000 0.000000 0.000000 0.000000 0.000000 6.000000 2.000000 9.000000 
4.646740 70.321301 27.000000 7.000000 4.000000 2.000000 4.000000 2.000000 0.000000 1.000000 2.000000 0.000000 6.000000 3.000000 5.000000 
3.139096 77.737828 27.000000 12.000000 5.000000 2.000000 4.000000 0.000000 1.000000 0.000000 1.000000 1.000000 5.000000 2.000000 3.000000 
2.557625 85.404310 27.000000 9.000000 7.000000 4.000000 3.000000 0.000000 0.000000 1.000000 1.000000 3.000000 1.000000 4.000000 3.000000 
3.185251 92.135432 27.000000 8.000000 1.000000 3.000000 6.000000 1.000000 2.000000 2.000000 3.000000 3.000000 2.000000 1.000000 4.000000 
2.246759 99.571412 27.000000 10.000000 4.000000 5.000000 1.000000 1.000000 1.000000 2.000000 2.000000 1.000000 2.000000 2.000000 5.000000 
3.565542 110.548567 27.000000 14.000000 2.000000 0.000000 4.000000 3.000000 2.000000 0.000000 0.000000 2.000000 8.000000 1.000000 0.000000 
2.197126 117.767332 27.000000 16.000000 3.000000 2.000000 4.000000 0.000000 0.000000 1.000000 1.000000 0.000000 7.000000 2.000000 0.000000 
4.587504 125.002240 27.000000 7.000000 0.000000 1.000000 8.000000 2.000000 1.000000 1.000000 1.000000 1.000000 5.000000 2.000000 7.000000 
4.606300 132.718353 27.000000 11.000000 1.000000 5.000000 3.000000 3.000000 0.000000 1.000000 1.000000 2.000000 4.000000 0.000000 5.000000 
3.383842 142.071269 27.000000 7.000000 3.000000 1.000000 2.000000 0.000000 0.000000 0.000000 2.000000 2.000000 8.000000 2.000000 9.000000 
2.196322 148.911477 27.000000 14.000000 4.000000 1.000000 6.000000 0.000000 3.000000 2.000000 2.000000 1.000000 1.000000 2.000000 0.000000 
4.604209 156.445015 27.000000 7.000000 2.000000 5.000000 9.000000 1.000000 2.000000 1.000000 1.000000 0.000000 0.000000 3.000000 5.000000 
4.614681 165.294508 27.000000 7.000000 4.000000 7.000000 2.000000 1.000000 2.000000 1.000000 0.000000 0.000000 1.000000 5.000000 6.000000 
4.000000 172.959625 27.000000 7.000000 4.000000 4.000000 0.000000 2.000000 0.000000 0.000000 1.000000 0.000000 4.000000 3.000000 11.000000 
4.322413 181.002240 27.000000 5.000000 6.000000 1.000000 8.000000 1.000000 1.000000 0.000000 0.000000 2.000000 6.000000 3.000000 3.000000 
4.322413 189.647065 27.000000 7.000000 4.000000 5.000000 10.000000 0.000000 0.000000 1.000000 0.000000 0.000000 2.000000 2.000000 5.000000 
4.000000 197.689680 27.000000 7.000000 4.000000 3.000000 1.000000 1.000000 3.000000 0.000000 1.000000 2.000000 2.000000 9.000000 3.000000 
3.943456 205.324652 27.000000 6.000000 7.000000 6.000000 1.000000 1.000000 1.000000 0.000000 3.000000 1.000000 7.000000 3.000000 0.000000 
3.586825 212.911477 27.000000 5.000000 6.000000 4.000000 2.000000 3.000000 2.000000 5.000000 3.000000 3.000000 1.000000 0.000000 2.000000 
3.615722 222.073958 27.000000 8.000000 3.000000 4.000000 4.000000 2.000000 5.000000 2.000000 2.000000 1.000000 1.000000 3.000000 1.000000 
5.015804 229.322413 27.000000 9.000000 1.000000 1.000000 2.000000 3.000000 1.000000 0.000000 2.000000 3.000000 5.000000 1.000000 8.000000 
5.000000 236.365028 36.000000 4.000000 4.000000 0.000000 2.000000 4.000000 1.000000 0.000000 0.000000 2.000000 1.000000 0.000000 2.000000 
13.078796 5.633252 27.000000 1.000000 2.000000 2.000000 11.000000 5.000000 4.000000 3.000000 6.000000 1.000000 9.000000 8.000000 2.000000 
14.909237 12.909237 0.000000 17.000000 6.000000 9.000000 6.000000 3.000000 2.000000 0.000000 8.000000 11.000000 14.000000 1.000000 4.000000 
10.293439 18.284465 0.000000 14.000000 13.000000 9.000000 12.000000 6.000000 3.000000 0.000000 3.000000 6.000000 5.000000 7.000000 3.000000 
11.662852 28.553722 0.000000 15.000000 5.000000 7.000000 11.000000 1.000000 3.000000 3.000000 6.000000 9.000000 4.000000 9.000000 8.000000 
13.413175 35.221797 0.000000 7.000000 7.000000 10.000000 7.000000 6.000000 2.000000 5.000000 4.000000 5.000000 7.000000 9.000000 12.000000 
14.704754 44.439665 0.000000 15.000000 9.000000 4.000000 13.000000 7.000000 5.000000 3.000000 2.000000 1.000000 5.000000 9.000000 8.000000 
12.365028 55.365028 0.000000 26.000000 13.000000 4.000000 2.000000 2.000000 2.000000 3.000000 3.000000 6.000000 9.000000 4.000000 7.000000 
13.607192 62.158106 0.000000 12.000000 11.000000 5.000000 9.000000 2.000000 2.000000 8.000000 6.000000 3.000000 13.000000 4.000000 6.000000 
12.860073 71.735588 0.000000 27.000000 7.000000 2.000000 5.000000 1.000000 4.000000 3.000000 7.000000 4.000000 2.000000 0.000000 19.000000 
9.098793 77.433080 0.000000 29.000000 8.000000 5.000000 11.000000 6.000000 5.000000 0.000000 2.000000 1.000000 3.000000 3.000000 8.000000 
7.716959 82.970079 0.000000 19.000000 9.000000 9.000000 3.000000 2.000000 1.000000 4.000000 5.000000 6.000000 2.000000 10.000000 11.000000 
8.955484 87.310659 0.000000 19.000000 8.000000 15.000000 2.000000 2.000000 0.000000 3.000000 6.000000 8.000000 2.000000 8.000000 8.000000 
8.061220 97.403921 0.000000 14.000000 11.000000 9.000000 6.000000 2.000000 3.000000 7.000000 3.000000 2.000000 6.000000 5.000000 13.000000 
8.971377 111.617967 0.000000 30.000000 9.000000 2.000000 4.000000 4.000000 4.000000 8.000000 5.000000 3.000000 5.000000 3.000000 4.000000 
7.980961 115.812900 0.000000 33.000000 4.000000 3.000000 4.000000 3.000000 3.000000 6.000000 5.000000 5.000000 8.000000 3.000000 4.000000 
14.507399 122.492488 0.000000 4.000000 1.000000 11.000000 6.000000 6.000000 4.000000 8.000000 4.000000 2.000000 7.000000 13.000000 15.000000 
12.915731 130.209014 0.000000 11.000000 4.000000 5.000000 8.000000 6.000000 5.000000 5.000000 7.000000 4.000000 7.000000 9.000000 10.000000 
7.689794 141.554822 0.000000 28.000000 8.000000 2.000000 5.000000 3.000000 4.000000 4.000000 4.000000 4.000000 8.000000 3.000000 8.000000 
6.642472 146.916217 0.000000 30.000000 8.000000 2.000000 9.000000 4.000000 3.000000 6.000000 5.000000 3.000000 5.000000 5.000000 1.000000 
14.051865 153.355283 0.000000 9.000000 13.000000 3.000000 5.000000 5.000000 6.000000 7.000000 3.000000 4.000000 15.000000 6.000000 5.000000 
14.402979 162.508619 0.000000 7.000000 6.000000 4.000000 9.000000 2.000000 0.000000 5.000000 12.000000 10.000000 12.000000 8.000000 6.000000 
12.366283 171.366283 0.000000 11.000000 17.000000 9.000000 7.000000 6.000000 5.000000 6.000000 1.000000 2.000000 2.000000 3.000000 12.000000 
14.170710 180.535737 0.000000 9.000000 5.000000 6.000000 6.000000 4.000000 8.000000 7.000000 4.000000 4.000000 12.000000 5.000000 11.000000 
13.905282 189.647065 0.000000 1.000000 2.000000 8.000000 20.000000 5.000000 4.000000 8.000000 6.000000 5.000000 10.000000 6.000000 6.000000 
12.720824 197.194052 0.000000 19.000000 10.000000 8.000000 7.000000 9.000000 3.000000 1.000000 2.000000 2.000000 4.000000 9.000000 7.000000 
12.930602 203.987171 0.000000 7.000000 11.000000 5.000000 8.000000 6.000000 4.000000 3.000000 7.000000 6.000000 6.000000 12.000000 6.000000 
11.086116 212.337785 0.000000 2.000000 12.000000 12.000000 5.000000 6.000000 3.000000 3.000000 9.000000 7.000000 10.000000 9.000000 3.000000 
12.553155 222.216878 0.000000 18.000000 13.000000 7.000000 10.000000 3.000000 5.000000 2.000000 1.000000 1.000000 7.000000 4.000000 10.000000 
12.483272 229.737828 0.000000 3.000000 8.000000 6.000000 15.000000 8.000000 5.000000 4.000000 3.000000 4.000000 12.000000 7.000000 6.000000 
12.377640 237.365028 27.000000 8.000000 7.000000 1.000000 1.000000 5.000000 1.000000 3.000000 2.000000 1.000000 7.000000 3.000000 6.000000 
20.322413 5.687440 27.000000 9.000000 6.000000 2.000000 6.000000 2.000000 2.000000 2.000000 2.000000 3.000000 2.000000 9.000000 9.000000 
20.567854 12.396004 0.000000 18.000000 4.000000 9.000000 15.000000 4.000000 3.000000 2.000000 8.000000 3.000000 4.000000 7.000000 4.000000 
17.007472 18.481381 0.000000 21.000000 12.000000 10.000000 1.000000 3.000000 0.000000 0.000000 3.000000 9.000000 6.000000 10.000000 6.000000 
22.002312 30.233573 0.000000 8.000000 1.000000 7.000000 21.000000 13.000000 6.000000 3.000000 0.000000 1.000000 2.000000 6.000000 13.000000 
21.594660 36.838990 0.000000 7.000000 7.000000 6.000000 6.000000 5.000000 5.000000 5.000000 5.000000 6.000000 8.000000 8.000000 13.000000 
26.000000 46.689680 0.000000 21.000000 6.000000 4.000000 1.000000 5.000000 4.000000 2.000000 4.000000 5.000000 7.000000 16.000000 6.000000 
22.512815 54.115329 0.000000 10.000000 5.000000 5.000000 14.000000 5.000000 5.000000 10.000000 7.000000 4.000000 5.000000 4.000000 7.000000 
19.677587 61.687440 0.000000 16.000000 4.000000 3.000000 9.000000 3.000000 2.000000 7.000000 6.000000 4.000000 8.000000 7.000000 12.000000 
20.402588 69.476441 0.000000 21.000000 4.000000 7.000000 8.000000 5.000000 1.000000 4.000000 6.000000 2.000000 3.000000 10.000000 10.000000 
19.493420 75.909237 0.000000 17.000000 8.000000 3.000000 13.000000 2.000000 2.000000 4.000000 7.000000 2.000000 8.000000 6.000000 9.000000 
18.455340 84.466385 0.000000 18.000000 7.000000 8.000000 7.000000 5.000000 5.000000 4.000000 2.000000 4.000000 7.000000 7.000000 7.000000 
21.070665 90.685394 0.000000 13.000000 10.000000 11.000000 6.000000 5.000000 7.000000 1.000000 5.000000 3.000000 6.000000 7.000000 7.000000 
20.604742 101.564367 0.000000 10.000000 4.000000 3.000000 5.000000 6.000000 5.000000 2.000000 3.000000 5.000000 23.000000 12.000000 3.000000 
19.589745 109.915620 0.000000 22.000000 8.000000 3.000000 7.000000 5.000000 3.000000 7.000000 3.000000 4.000000 4.000000 9.000000 6.000000 
18.077744 114.620440 0.000000 14.000000 13.000000 6.000000 0.000000 0.000000 1.000000 5.000000 6.000000 7.000000 10.000000 10.000000 9.000000 
19.941673 123.782225 0.000000 15.000000 3.000000 13.000000 9.000000 4.000000 2.000000 4.000000 2.000000 1.000000 6.000000 7.000000 15.000000 
16.513083 131.410877 0.000000 7.000000 2.000000 6.000000 10.000000 4.000000 2.000000 8.000000 4.000000 3.000000 10.000000 4.000000 21.000000 
15.453576 141.842066 0.000000 11.000000 19.000000 2.000000 8.000000 4.000000 5.000000 5.000000 4.000000 4.000000 8.000000 7.000000 4.000000 
14.000000 151.903060 0.000000 7.000000 26.000000 5.000000 6.000000 3.000000 4.000000 3.000000 2.000000 4.000000 12.000000 5.000000 4.000000 
18.073075 156.810632 0.000000 7.000000 10.000000 7.000000 20.000000 4.000000 2.000000 2.000000 4.000000 1.000000 10.000000 5.000000 9.000000 
20.584716 161.224232 0.000000 15.000000 1.000000 5.000000 16.000000 6.000000 2.000000 4.000000 3.000000 6.000000 9.000000 8.000000 6.000000 
21.073411 173.960484 0.000000 11.000000 9.000000 7.000000 12.000000 5.000000 1.000000 4.000000 3.000000 5.000000 5.000000 2.000000 17.000000 
25.460363 184.998681 0.000000 16.000000 9.000000 5.000000 7.000000 1.000000 4.000000 2.000000 3.000000 1.000000 12.000000 4.000000 17.000000 
26.409296 190.634884 0.000000 13.000000 5.000000 1.000000 6.000000 2.000000 7.000000 5.000000 7.000000 1.000000 13.000000 4.000000 17.000000 
26.678695 197.616408 0.000000 16.000000 7.000000 5.000000 5.000000 5.000000 4.000000 5.000000 5.000000 4.000000 9.000000 8.000000 8.000000 
29.474634 206.739561 0.000000 7.000000 22.000000 5.000000 1.000000 2.000000 5.000000 6.000000 7.000000 5.000000 9.000000 5.000000 7.000000 
26.129924 216.163558 0.000000 2.000000 1.000000 12.000000 2.000000 2.000000 5.000000 5.000000 2.000000 6.000000 33.000000 6.000000 5.000000 
22.371168 218.377960 0.000000 1.000000 9.000000 8.000000 7.000000 1.000000 4.000000 5.000000 3.000000 5.000000 25.000000 10.000000 3.000000 
17.212586 230.103682 0.000000 2.000000 5.000000 8.000000 26.000000 8.000000 8.000000 2.000000 3.000000 3.000000 5.000000 5.000000 6.000000 
19.244769 237.365028 27.000000 11.000000 3.000000 3.000000 8.000000 2.000000 4.000000 0.000000 1.000000 1.000000 0.000000 3.000000 9.000000 
28.000000 5.689680 27.000000 7.000000 6.000000 2.000000 5.000000 3.000000 2.000000 3.000000 3.000000 2.000000 6.000000 3.000000 12.000000 
28.243215 12.391757 0.000000 8.000000 5.000000 8.000000 19.000000 12.000000 6.000000 5.000000 4.000000 1.000000 3.000000 3.000000 7.000000 
27.354755 20.691188 0.000000 22.000000 9.000000 8.000000 3.000000 2.000000 1.000000 1.000000 8.000000 7.000000 5.000000 7.000000 8.000000 
30.548394 29.104382 0.000000 14.000000 4.000000 5.000000 7.000000 4.000000 2.000000 2.000000 7.000000 7.000000 11.000000 11.000000 7.000000 
28.683756 38.410452 0.000000 18.000000 6.000000 3.000000 3.000000 1.000000 4.000000 6.000000 5.000000 2.000000 11.000000 12.000000 10.000000 
31.288056 45.392620 0.000000 19.000000 4.000000 5.000000 2.000000 3.000000 4.000000 8.000000 4.000000 6.000000 6.000000 14.000000 6.000000 
30.000000 50.959625 0.000000 22.000000 4.000000 5.000000 11.000000 4.000000 6.000000 2.000000 7.000000 4.000000 2.000000 4.000000 10.000000 
30.093905 61.515743 0.000000 17.000000 16.000000 3.000000 8.000000 6.000000 3.000000 2.000000 1.000000 2.000000 9.000000 3.000000 11.000000 
29.212666 66.951852 0.000000 11.000000 14.000000 4.000000 13.000000 5.000000 2.000000 1.000000 2.000000 2.000000 11.000000 6.000000 10.000000 
25.586825 74.221797 0.000000 11.000000 6.000000 8.000000 26.000000 4.000000 4.000000 4.000000 1.000000 5.000000 4.000000 1.000000 7.000000 
27.217129 82.909237 0.000000 8.000000 10.000000 9.000000 2.000000 2.000000 5.000000 3.000000 4.000000 8.000000 17.000000 7.000000 6.000000 
28.000000 90.218110 0.000000 8.000000 17.000000 13.000000 6.000000 6.000000 5.000000 2.000000 4.000000 4.000000 5.000000 7.000000 4.000000 
29.755495 99.490712 0.000000 11.000000 5.000000 4.000000 1.000000 4.000000 6.000000 5.000000 2.000000 7.000000 16.000000 14.000000 6.000000 
30.951852 111.413175 0.000000 10.000000 10.000000 7.000000 9.000000 3.000000 2.000000 5.000000 2.000000 6.000000 12.000000 6.000000 9.000000 
28.977128 115.977128 0.000000 12.000000 9.000000 9.000000 10.000000 2.000000 8.000000 3.000000 3.000000 4.000000 7.000000 9.000000 5.000000 
26.998276 123.892432 0.000000 19.000000 4.000000 9.000000 8.000000 2.000000 8.000000 2.000000 4.000000 5.000000 6.000000 9.000000 5.000000 
26.955089 134.243397 0.000000 13.000000 11.000000 8.000000 7.000000 8.000000 5.000000 4.000000 2.000000 4.000000 8.000000 7.000000 4.000000 
28.363561 142.421183 0.000000 2.000000 3.000000 5.000000 1.000000 2.000000 5.000000 9.000000 4.000000 6.000000 23.000000 12.000000 9.000000 
29.761901 151.399389 0.000000 14.000000 13.000000 11.000000 9.000000 6.000000 3.000000 5.000000 0.000000 2.000000 1.000000 7.000000 10.000000 
27.091350 156.731389 0.000000 9.000000 8.000000 5.000000 4.000000 2.000000 4.000000 5.000000 6.000000 5.000000 22.000000 6.000000 5.000000 
29.033469 160.677326 0.000000 4.000000 1.000000 6.000000 6.000000 9.000000 5.000000 3.000000 6.000000 4.000000 25.000000 4.000000 8.000000 
33.105163 173.040852 0.000000 17.000000 16.000000 3.000000 4.000000 2.000000 4.000000 4.000000 4.000000 1.000000 8.000000 8.000000 10.000000 
34.622674 183.648995 0.000000 17.000000 4.000000 4.000000 5.000000 1.000000 1.000000 13.000000 7.000000 5.000000 4.000000 13.000000 7.000000 
36.245305 191.209916 0.000000 24.000000 4.000000 6.000000 5.000000 3.000000 2.000000 2.000000 5.000000 4.000000 7.000000 12.000000 7.000000 
34.196710 198.764714 0.000000 13.000000 8.000000 11.000000 9.000000 7.000000 4.000000 3.000000 5.000000 7.000000 5.000000 7.000000 2.000000 
33.957849 205.793094 0.000000 7.000000 22.000000 5.000000 0.000000 3.000000 6.000000 7.000000 7.000000 6.000000 8.000000 4.000000 6.000000 
27.332885 211.273273 0.000000 4.000000 10.000000 4.000000 1.000000 0.000000 2.000000 2.000000 5.000000 7.000000 33.000000 6.000000 7.000000 
26.783769 216.872340 0.000000 3.000000 11.000000 7.000000 5.000000 1.000000 4.000000 3.000000 2.000000 6.000000 30.000000 5.000000 4.000000 
28.064055 228.452479 0.000000 14.000000 2.000000 4.000000 6.000000 2.000000 6.000000 3.000000 9.000000 9.000000 6.000000 10.000000 10.000000 
28.000000 237.365028 27.000000 15.000000 4.000000 5.000000 5.000000 7.000000 6.000000 0.000000 0.000000 0.000000 0.000000 2.000000 1.000000 
36.942012 4.423015 27.000000 8.000000 10.000000 5.000000 4.000000 4.000000 1.000000 3.000000 3.000000 4.000000 2.000000 3.000000 7.000000 
36.475102 9.911477 0.000000 16.000000 9.000000 3.000000 5.000000 7.000000 2.000000 8.000000 3.000000 5.000000 11.000000 7.000000 5.000000 
35.378012 18.931714 0.000000 15.000000 7.000000 5.000000 7.000000 4.000000 4.000000 2.000000 4.000000 4.000000 11.000000 4.000000 14.000000 
34.586825 25.150876 0.000000 13.000000 8.000000 3.000000 2.000000 2.000000 6.000000 7.000000 7.000000 6.000000 14.000000 4.000000 9.000000 
36.891713 37.847093 0.000000 12.000000 18.000000 8.000000 4.000000 3.000000 6.000000 4.000000 4.000000 3.000000 2.000000 9.000000 8.000000 
36.322413 45.344833 0.000000 8.000000 6.000000 4.000000 6.000000 2.000000 6.000000 6.000000 3.000000 8.000000 19.000000 6.000000 7.000000 
37.540798 52.106926 0.000000 13.000000 10.000000 2.000000 8.000000 0.000000 5.000000 3.000000 8.000000 5.000000 9.000000 6.000000 12.000000 
39.000000 63.611862 0.000000 18.000000 9.000000 4.000000 10.000000 3.000000 6.000000 2.000000 4.000000 8.000000 1.000000 6.000000 10.000000 
36.490046 69.894752 0.000000 25.000000 8.000000 1.000000 11.000000 3.000000 6.000000 3.000000 4.000000 7.000000 1.000000 4.000000 8.000000 
35.507111 75.735588 0.000000 11.000000 5.000000 4.000000 1.000000 7.000000 4.000000 5.000000 4.000000 7.000000 15.000000 8.000000 10.000000 
38.000000 84.948166 0.000000 12.000000 12.000000 9.000000 9.000000 6.000000 5.000000 4.000000 4.000000 1.000000 6.000000 6.000000 7.000000 
37.919439 90.226002 0.000000 14.000000 8.000000 6.000000 6.000000 7.000000 0.000000 7.000000 4.000000 3.000000 11.000000 7.000000 8.000000 
37.677587 98.687440 0.000000 15.000000 10.000000 7.000000 8.000000 3.000000 6.000000 7.000000 4.000000 5.000000 7.000000 6.000000 3.000000 
36.213144 109.335092 0.000000 5.000000 3.000000 4.000000 8.000000 2.000000 6.000000 8.000000 5.000000 9.000000 13.000000 9.000000 9.000000 
35.584942 116.603059 0.000000 4.000000 4.000000 5.000000 21.000000 6.000000 4.000000 4.000000 4.000000 3.000000 1.000000 8.000000 17.000000 
38.702147 125.957385 0.000000 18.000000 9.000000 5.000000 4.000000 2.000000 4.000000 3.000000 5.000000 8.000000 12.000000 8.000000 3.000000 
37.707043 132.677587 0.000000 13.000000 10.000000 7.000000 7.000000 4.000000 4.000000 5.000000 7.000000 5.000000 8.000000 4.000000 7.000000 
34.411957 139.732043 0.000000 12.000000 4.000000 4.000000 10.000000 5.000000 3.000000 2.000000 5.000000 4.000000 19.000000 8.000000 5.000000 
36.784856 150.788709 0.000000 9.000000 6.000000 5.000000 6.000000 1.000000 2.000000 4.000000 4.000000 4.000000 18.000000 14.000000 8.000000 
32.000000 156.218110 0.000000 7.000000 4.000000 6.000000 2.000000 0.000000 2.000000 1.000000 2.000000 4.000000 30.000000 11.000000 12.000000 
36.348200 163.620339 0.000000 14.000000 6.000000 11.000000 6.000000 7.000000 10.000000 3.000000 3.000000 2.000000 8.000000 5.000000 6.000000 
37.291881 172.853037 0.000000 25.000000 7.000000 6.000000 0.000000 2.000000 3.000000 3.000000 6.000000 1.000000 8.000000 7.000000 13.000000 
37.119121 180.041206 0.000000 22.000000 8.000000 10.000000 7.000000 4.000000 0.000000 6.000000 2.000000 3.000000 2.000000 11.000000 6.000000 
39.543383 189.400709 0.000000 34.000000 2.000000 11.000000 6.000000 2.000000 3.000000 4.000000 2.000000 1.000000 3.000000 8.000000 5.000000 
39.506454 198.063467 0.000000 22.000000 7.000000 7.000000 4.000000 4.000000 2.000000 1.000000 5.000000 8.000000 11.000000 7.000000 3.000000 
35.735080 202.571638 0.000000 14.000000 19.000000 5.000000 13.000000 6.000000 5.000000 2.000000 3.000000 5.000000 2.000000 4.000000 3.000000 
31.562694 211.119897 0.000000 3.000000 12.000000 5.000000 6.000000 1.000000 2.000000 5.000000 7.000000 5.000000 17.000000 7.000000 11.000000 
33.517061 219.118656 0.000000 16.000000 5.000000 3.000000 7.000000 5.000000 5.000000 5.000000 3.000000 7.000000 10.000000 9.000000 6.000000 
37.084855 228.235858 0.000000 8.000000 6.000000 6.000000 11.000000 4.000000 6.000000 6.000000 3.000000 5.000000 7.000000 11.000000 8.000000 
36.334041 237.030986 27.000000 10.000000 6.000000 3.000000 2.000000 0.000000 1.000000 2.000000 5.000000 3.000000 1.000000 9.000000 3.000000 
42.580435 4.951852 27.000000 13.000000 4.000000 2.000000 3.000000 3.000000 4.000000 1.000000 2.000000 2.000000 6.000000 8.000000 6.000000 
41.158970 10.014679 0.000000 17.000000 8.000000 3.000000 4.000000 5.000000 1.000000 5.000000 2.000000 3.000000 11.000000 12.000000 10.000000 
41.925841 18.951852 0.000000 7.000000 5.000000 8.000000 10.000000 9.000000 5.000000 6.000000 7.000000 6.000000 9.000000 4.000000 5.000000 
44.588081 26.596150 0.000000 11.000000 7.000000 8.000000 4.000000 3.000000 3.000000 11.000000 6.000000 3.000000 9.000000 7.000000 9.000000 
48.322413 35.687440 0.000000 12.000000 6.000000 10.000000 3.000000 5.000000 0.000000 5.000000 8.000000 4.000000 9.000000 10.000000 9.000000 
46.517211 45.357618 0.000000 3.000000 3.000000 9.000000 12.000000 5.000000 8.000000 7.000000 7.000000 7.000000 6.000000 8.000000 6.000000 
45.322413 52.957328 0.000000 9.000000 7.000000 8.000000 5.000000 1.000000 7.000000 6.000000 7.000000 4.000000 14.000000 5.000000 8.000000 
42.882050 61.735588 0.000000 26.000000 6.000000 2.000000 11.000000 3.000000 3.000000 3.000000 5.000000 2.000000 6.000000 5.000000 9.000000 
42.051985 68.762445 0.000000 18.000000 6.000000 5.000000 12.000000 4.000000 5.000000 4.000000 5.000000 2.000000 4.000000 7.000000 9.000000 
42.576217 77.576217 0.000000 13.000000 9.000000 4.000000 3.000000 7.000000 3.000000 4.000000 5.000000 5.000000 18.000000 4.000000 6.000000 
44.756583 85.000000 0.000000 16.000000 12.000000 6.000000 11.000000 6.000000 8.000000 3.000000 2.000000 4.000000 4.000000 2.000000 7.000000 
45.944472 92.324652 0.000000 12.000000 10.000000 5.000000 4.000000 4.000000 8.000000 8.000000 5.000000 4.000000 9.000000 6.000000 6.000000 
45.087026 100.602654 0.000000 22.000000 9.000000 5.000000 10.000000 4.000000 3.000000 3.000000 3.000000 4.000000 4.000000 11.000000 3.000000 
44.586825 108.445351 0.000000 13.000000 4.000000 9.000000 10.000000 9.000000 8.000000 4.000000 8.000000 4.000000 4.000000 6.000000 2.000000 
44.000000 119.293661 0.000000 22.000000 3.000000 13.000000 5.000000 5.000000 0.000000 0.000000 4.000000 3.000000 4.000000 10.000000 12.000000 
45.147235 124.410593 0.000000 13.000000 6.000000 6.000000 4.000000 5.000000 7.000000 4.000000 1.000000 6.000000 14.000000 7.000000 8.000000 
44.367499 129.620548 0.000000 13.000000 7.000000 8.000000 10.000000 2.000000 9.000000 1.000000 2.000000 6.000000 8.000000 7.000000 8.000000 
39.677587 137.972136 0.000000 14.000000 4.000000 6.000000 2.000000 2.000000 2.000000 4.000000 5.000000 7.000000 12.000000 8.000000 15.000000 
43.729870 148.505810 0.000000 3.000000 5.000000 5.000000 10.000000 5.000000 7.000000 3.000000 5.000000 6.000000 20.000000 7.000000 5.000000 
44.141150 156.119779 0.000000 3.000000 8.000000 14.000000 15.000000 7.000000 3.000000 1.000000 2.000000 7.000000 13.000000 7.000000 1.000000 
46.586825 166.182495 0.000000 18.000000 6.000000 10.000000 13.000000 8.000000 4.000000 0.000000 2.000000 1.000000 0.000000 7.000000 12.000000 
44.665111 172.365447 0.000000 25.000000 4.000000 12.000000 9.000000 5.000000 4.000000 4.000000 3.000000 1.000000 1.000000 9.000000 4.000000 
44.704701 176.930272 0.000000 18.000000 5.000000 9.000000 6.000000 1.000000 2.000000 7.000000 4.000000 2.000000 3.000000 10.000000 14.000000 
47.151127 186.801427 0.000000 21.000000 7.000000 13.000000 2.000000 1.000000 5.000000 4.000000 1.000000 1.000000 2.000000 17.000000 7.000000 
50.677599 194.290342 0.000000 27.000000 7.000000 7.000000 2.000000 3.000000 2.000000 4.000000 1.000000 7.000000 6.000000 9.000000 6.000000 
48.108199 200.783704 0.000000 24.000000 9.000000 9.000000 11.000000 5.000000 1.000000 1.000000 4.000000 4.000000 3.000000 5.000000 5.000000 
40.985519 213.503572 0.000000 12.000000 17.000000 13.000000 5.000000 6.000000 7.000000 3.000000 3.000000 1.000000 5.000000 3.000000 6.000000 
40.679379 218.324204 0.000000 13.000000 16.000000 7.000000 10.000000 1.000000 3.000000 1.000000 3.000000 3.000000 9.000000 7.000000 8.000000 
41.729141 228.689680 0.000000 9.000000 12.000000 8.000000 14.000000 7.000000 7.000000 3.000000 5.000000 2.000000 2.000000 7.000000 5.000000 
43.671383 237.036411 27.000000 3.000000 2.000000 3.000000 7.000000 4.000000 5.000000 0.000000 3.000000 3.000000 5.000000 7.000000 3.000000 
52.888313 4.476715 27.000000 10.000000 9.000000 6.000000 2.000000 1.000000 2.000000 0.000000 3.000000 0.000000 4.000000 1.000000 16.000000 
53.799581 10.689680 0.000000 9.000000 8.000000 3.000000 6.000000 5.000000 3.000000 6.000000 7.000000 11.000000 11.000000 6.000000 6.000000 
52.889668 21.756854 0.000000 4.000000 10.000000 7.000000 15.000000 6.000000 1.000000 3.000000 5.000000 8.000000 13.000000 4.000000 5.000000 
54.000000 30.689680 0.000000 14.000000 6.000000 7.000000 7.000000 4.000000 6.000000 2.000000 5.000000 2.000000 8.000000 9.000000 11.000000 
54.137078 37.640625 0.000000 15.000000 4.000000 7.000000 4.000000 4.000000 5.000000 6.000000 5.000000 4.000000 8.000000 9.000000 10.000000 
53.413175 44.951852 0.000000 12.000000 6.000000 9.000000 12.000000 2.000000 1.000000 3.000000 6.000000 4.000000 10.000000 12.000000 4.000000 
52.677587 51.687440 0.000000 12.000000 9.000000 8.000000 5.000000 4.000000 5.000000 11.000000 4.000000 4.000000 9.000000 4.000000 6.000000 
52.160318 60.983794 0.000000 20.000000 7.000000 17.000000 8.000000 4.000000 1.000000 0.000000 0.000000 1.000000 4.000000 9.000000 10.000000 
55.687440 67.687440 0.000000 13.000000 3.000000 5.000000 7.000000 5.000000 5.000000 7.000000 7.000000 4.000000 6.000000 10.000000 9.000000 
54.659980 77.070075 0.000000 12.000000 7.000000 9.000000 3.000000 6.000000 5.000000 3.000000 2.000000 5.000000 9.000000 8.000000 12.000000 
54.525904 84.778203 0.000000 16.000000 7.000000 4.000000 3.000000 6.000000 3.000000 10.000000 7.000000 5.000000 8.000000 4.000000 8.000000 
55.365028 92.365028 0.000000 13.000000 12.000000 9.000000 5.000000 2.000000 2.000000 6.000000 2.000000 2.000000 12.000000 7.000000 9.000000 
53.334210 99.951852 0.000000 16.000000 14.000000 6.000000 13.000000 6.000000 2.000000 7.000000 3.000000 3.000000 3.000000 4.000000 4.000000 
51.000000 107.940098 0.000000 13.000000 6.000000 8.000000 7.000000 6.000000 5.000000 3.000000 3.000000 8.000000 9.000000 6.000000 7.000000 
52.322413 119.039816 0.000000 18.000000 7.000000 7.000000 2.000000 4.000000 6.000000 5.000000 6.000000 4.000000 6.000000 8.000000 8.000000 
53.413175 125.403509 0.000000 5.000000 4.000000 3.000000 5.000000 6.000000 6.000000 11.000000 8.000000 8.000000 13.000000 7.000000 5.000000 
53.000000 131.952371 0.000000 7.000000 9.000000 8.000000 5.000000 7.000000 7.000000 6.000000 3.000000 2.000000 5.000000 12.000000 10.000000 
52.371845 142.164460 0.000000 16.000000 8.000000 3.000000 4.000000 2.000000 5.000000 0.000000 6.000000 3.000000 19.000000 6.000000 9.000000 
54.000000 148.689680 0.000000 7.000000 11.000000 12.000000 6.000000 2.000000 3.000000 2.000000 3.000000 10.000000 8.000000 9.000000 8.000000 
51.990578 158.010970 0.000000 2.000000 5.000000 6.000000 13.000000 8.000000 6.000000 1.000000 6.000000 7.000000 14.000000 10.000000 3.000000 
51.573913 166.689680 0.000000 25.000000 2.000000 7.000000 14.000000 4.000000 3.000000 1.000000 0.000000 1.000000 1.000000 10.000000 13.000000 
52.000000 173.400998 0.000000 20.000000 3.000000 3.000000 10.000000 7.000000 0.000000 4.000000 3.000000 2.000000 5.000000 10.000000 14.000000 
51.294285 179.580682 0.000000 15.000000 1.000000 10.000000 13.000000 3.000000 4.000000 4.000000 7.000000 4.000000 5.000000 8.000000 7.000000 
51.535937 188.883552 0.000000 36.000000 3.000000 10.000000 1.000000 0.000000 1.000000 4.000000 0.000000 1.000000 2.000000 17.000000 6.000000 
53.678067 192.106382 0.000000 26.000000 9.000000 5.000000 3.000000 4.000000 2.000000 4.000000 3.000000 8.000000 4.000000 10.000000 3.000000 
54.149721 200.985221 0.000000 18.000000 3.000000 11.000000 10.000000 5.000000 2.000000 3.000000 5.000000 5.000000 5.000000 7.000000 7.000000 
52.040675 213.518542 0.000000 16.000000 11.000000 7.000000 6.000000 5.000000 3.000000 2.000000 2.000000 5.000000 5.000000 13.000000 6.000000 
52.549719 221.449581 0.000000 6.000000 7.000000 7.000000 9.000000 7.000000 6.000000 6.000000 8.000000 6.000000 13.000000 2.000000 4.000000 
51.715276 229.404956 0.000000 17.000000 5.000000 6.000000 4.000000 4.000000 2.000000 3.000000 7.000000 5.000000 9.000000 10.000000 9.000000 
52.000000 237.002427 27.000000 3.000000 2.000000 3.000000 3.000000 4.000000 7.000000 3.000000 6.000000 5.000000 6.000000 1.000000 2.000000 
60.000000 5.324652 39.000000 9.000000 4.000000 2.000000 3.000000 1.000000 2.000000 3.000000 1.000000 3.000000 1.000000 4.000000 9.000000 
60.440812 12.883841 18.000000 11.000000 2.000000 2.000000 10.000000 6.000000 1.000000 8.000000 4.000000 5.000000 2.000000 5.000000 7.000000 
60.000000 21.324652 18.000000 10.000000 6.000000 3.000000 3.000000 3.000000 4.000000 11.000000 6.000000 5.000000 0.000000 5.000000 7.000000 
60.463400 29.788053 18.000000 15.000000 2.000000 3.000000 3.000000 3.000000 3.000000 6.000000 5.000000 3.000000 5.000000 5.000000 10.000000 
60.000000 37.324652 18.000000 10.000000 1.000000 5.000000 4.000000 2.000000 0.000000 1.000000 5.000000 4.000000 10.000000 9.000000 12.000000 
60.000000 45.324652 18.000000 12.000000 5.000000 6.000000 9.000000 3.000000 1.000000 2.000000 2.000000 4.000000 11.000000 5.000000 3.000000 
60.000000 53.324652 18.000000 13.000000 2.000000 2.000000 8.000000 2.000000 6.000000 6.000000 2.000000 2.000000 8.000000 5.000000 7.000000 
60.000000 61.324652 18.000000 10.000000 4.000000 7.000000 13.000000 2.000000 5.000000 1.000000 4.000000 1.000000 1.000000 11.000000 4.000000 
61.019802 68.794281 18.000000 16.000000 5.000000 3.000000 14.000000 0.000000 2.000000 1.000000 2.000000 2.000000 4.000000 9.000000 5.000000 
60.494410 77.819063 18.000000 6.000000 7.000000 10.000000 6.000000 1.000000 2.000000 5.000000 7.000000 5.000000 3.000000 4.000000 7.000000 
60.000000 85.324652 18.000000 10.000000 4.000000 3.000000 2.000000 3.000000 4.000000 4.000000 11.000000 4.000000 8.000000 5.000000 5.000000 
61.010597 93.324652 18.000000 11.000000 1.000000 7.000000 5.000000 4.000000 6.000000 4.000000 1.000000 0.000000 5.000000 7.000000 12.000000 
60.000000 101.324652 18.000000 8.000000 8.000000 1.000000 4.000000 7.000000 4.000000 4.000000 6.000000 7.000000 4.000000 4.000000 6.000000 
60.000000 109.324652 18.000000 7.000000 4.000000 2.000000 3.000000 5.000000 5.000000 3.000000 6.000000 10.000000 8.000000 5.000000 5.000000 
60.000000 117.701958 18.000000 7.000000 5.000000 7.000000 3.000000 6.000000 4.000000 2.000000 4.000000 5.000000 6.000000 4.000000 10.000000 
60.000000 125.324652 18.000000 7.000000 3.000000 3.000000 8.000000 6.000000 5.000000 9.000000 6.000000 8.000000 4.000000 1.000000 3.000000 
60.000000 133.324652 18.000000 12.000000 6.000000 4.000000 2.000000 2.000000 2.000000 4.000000 3.000000 4.000000 5.000000 5.000000 14.000000 
60.000000 141.706325 18.000000 11.000000 9.000000 5.000000 2.000000 3.000000 0.000000 2.000000 3.000000 6.000000 17.000000 2.000000 3.000000 
60.470392 149.324652 18.000000 14.000000 9.000000 5.000000 5.000000 3.000000 2.000000 4.000000 0.000000 4.000000 4.000000 7.000000 6.000000 
60.000000 157.324652 18.000000 4.000000 6.000000 5.000000 5.000000 3.000000 5.000000 4.000000 5.000000 5.000000 8.000000 8.000000 5.000000 
60.000000 165.645155 18.000000 5.000000 7.000000 10.000000 7.000000 4.000000 2.000000 3.000000 2.000000 2.000000 1.000000 11.000000 9.000000 
60.000000 173.324652 18.000000 13.000000 9.000000 7.000000 11.000000 2.000000 1.000000 1.000000 1.000000 2.000000 5.000000 3.000000 8.000000 
60.000000 181.324652 18.000000 8.000000 3.000000 3.000000 3.000000 2.000000 2.000000 2.000000 0.000000 5.000000 15.000000 11.000000 9.000000 
60.000000 189.648431 18.000000 13.000000 7.000000 3.000000 14.000000 1.000000 0.000000 1.000000 0.000000 0.000000 6.000000 14.000000 4.000000 
60.000000 196.986892 18.000000 18.000000 6.000000 10.000000 8.000000 2.000000 0.000000 1.000000 3.000000 4.000000 1.000000 5.000000 5.000000 
60.038019 204.657611 18.000000 9.000000 10.000000 7.000000 4.000000 0.000000 3.000000 2.000000 3.000000 8.000000 8.000000 7.000000 2.000000 
60.000000 213.324652 18.000000 11.000000 6.000000 9.000000 5.000000 0.000000 3.000000 2.000000 5.000000 5.000000 6.000000 8.000000 3.000000 
60.000000 221.324652 18.000000 10.000000 5.000000 3.000000 10.000000 3.000000 4.000000 3.000000 3.000000 4.000000 11.000000 4.000000 3.000000 
60.000000 228.890526 18.000000 11.000000 1.000000 10.000000 10.000000 4.000000 7.000000 2.000000 2.000000 1.000000 5.000000 5.000000 5.000000 
60.000000 236.000000 35.000000 1.000000 3.000000 2.000000 6.000000 2.000000 2.000000 1.000000 1.000000 4.000000 4.000000 1.000000 1.000000 
