240
5.000000 5.689680 39.000000 9.000000 4.000000 0.000000 2.000000 0.000000 0.000000 0.000000 1.000000 2.000000 1.000000 2.000000 3.000000 
4.000000 13.689680 27.000000 0.000000 2.000000 6.000000 5.000000 1.000000 1.000000 0.000000 1.000000 4.000000 11.000000 1.000000 4.000000 
3.583138 21.324652 27.000000 6.000000 9.000000 6.000000 4.000000 0.000000 1.000000 1.000000 1.000000 1.000000 3.000000 2.000000 2.000000 
2.682143 28.986977 27.000000 6.000000 5.000000 8.000000 3.000000 1.000000 2.000000 1.000000 3.000000 2.000000 3.000000 0.000000 2.000000 
2.179926 36.484166 27.000000 3.000000 4.000000 2.000000 4.000000 1.000000 1.000000 0.000000 0.000000 2.000000 14.000000 1.000000 4.000000 
2.636838 46.191306 27.000000 10.000000 4.000000 4.000000 4.000000 2.000000 1.000000 0.000000 0.000000 0.000000 9.000000 0.000000 2.000000 
2.700120 52.911477 27.000000 11.000000 3.000000 1.000000 0.000000 0.000000 1.000000 7.000000 3.000000 0.000000 5.000000 1.000000 4.000000 
3.586825 60.504989 27.000000 4.000000 0.000000 2.000000 0.000000 0.000000 6.000000 15.000000 4.000000 3.000000 1.000000 1.000000 0.000000 
3.586825 68.549129 27.000000 1.000000 5.000000 2.000000 0.000000 0.000000 4.000000 8.000000 7.000000 5.000000 1.000000 2.000000 1.000000 
4.322413 76.313772 27.000000 2.000000 2.000000 1.000000 6.000000 1.000000 3.000000 6.000000 6.000000 3.000000 3.000000 1.000000 2.000000 
3.586825 84.911477 27.000000 5.000000 4.000000 1.000000 1.000000 1.000000 4.000000 14.000000 4.000000 0.000000 1.000000 0.000000 1.000000 
3.159514 92.484166 27.000000 8.000000 3.000000 0.000000 1.000000 2.000000 3.000000 8.000000 5.000000 1.000000 2.000000 3.000000 0.000000 
3.969742 102.521814 27.000000 3.000000 1.000000 1.000000 2.000000 1.000000 6.000000 11.000000 2.000000 3.000000 5.000000 1.000000 0.000000 
3.586825 109.737828 27.000000 7.000000 4.000000 2.000000 8.000000 0.000000 2.000000 2.000000 0.000000 3.000000 5.000000 2.000000 1.000000 
4.635615 117.647065 27.000000 5.000000 1.000000 1.000000 12.000000 0.000000 2.000000 2.000000 1.000000 4.000000 2.000000 4.000000 2.000000 
4.579508 124.663905 27.000000 4.000000 4.000000 2.000000 7.000000 2.000000 0.000000 2.000000 1.000000 5.000000 2.000000 2.000000 5.000000 
4.000000 132.658858 27.000000 2.000000 6.000000 1.000000 6.000000 2.000000 3.000000 6.000000 3.000000 2.000000 2.000000 1.000000 2.000000 
3.977611 142.639041 27.000000 10.000000 5.000000 2.000000 2.000000 0.000000 2.000000 1.000000 2.000000 3.000000 4.000000 4.000000 1.000000 
4.322413 149.002240 27.000000 5.000000 0.000000 1.000000 8.000000 4.000000 0.000000 1.000000 1.000000 2.000000 8.000000 4.000000 2.000000 
2.449126 155.784522 27.000000 8.000000 4.000000 1.000000 0.000000 0.000000 3.000000 0.000000 0.000000 0.000000 12.000000 6.000000 2.000000 
3.586825 164.542643 27.000000 4.000000 2.000000 0.000000 0.000000 2.000000 4.000000 5.000000 1.000000 1.000000 6.000000 7.000000 4.000000 
4.000000 174.076902 27.000000 3.000000 4.000000 0.000000 5.000000 3.000000 4.000000 10.000000 4.000000 1.000000 2.000000 0.000000 0.000000 
4.000000 182.097826 27.000000 2.000000 9.000000 5.000000 10.000000 3.000000 1.000000 0.000000 0.000000 2.000000 2.000000 2.000000 0.000000 
3.133238 188.911477 27.000000 2.000000 4.000000 1.000000 11.000000 0.000000 1.000000 0.000000 3.000000 7.000000 5.000000 2.000000 0.000000 
4.327588 198.890603 27.000000 3.000000 6.000000 3.000000 5.000000 1.000000 0.000000 3.000000 1.000000 3.000000 5.000000 4.000000 2.000000 
5.390980 205.523569 27.000000 5.000000 1.000000 3.000000 8.000000 2.000000 1.000000 1.000000 0.000000 3.000000 5.000000 0.000000 7.000000 
4.299606 213.390075 27.000000 1.000000 1.000000 2.000000 11.000000 4.000000 4.000000 2.000000 1.000000 1.000000 6.000000 1.000000 2.000000 
3.201768 220.180737 27.000000 3.000000 3.000000 3.000000 6.000000 1.000000 0.000000 0.000000 0.000000 1.000000 12.000000 4.000000 3.000000 
4.687440 229.692180 27.000000 4.000000 2.000000 1.000000 9.000000 2.000000 1.000000 3.000000 1.000000 1.000000 2.000000 5.000000 5.000000 
5.000000 236.365028 36.000000 4.000000 2.000000 2.000000 1.000000 1.000000 0.000000 1.000000 0.000000 1.000000 1.000000 3.000000 4.000000 
12.000000 5.689680 27.000000 12.000000 4.000000 4.000000 1.000000 3.000000 2.000000 3.000000 0.000000 4.000000 6.000000 4.000000 11.000000 
11.634972 12.634972 0.000000 6.000000 2.000000 5.000000 11.000000 8.000000 5.000000 3.000000 4.000000 6.000000 17.000000 7.000000 7.000000 
9.978567 19.831056 0.000000 15.000000 7.000000 8.000000 5.000000 4.000000 7.000000 8.000000 3.000000 3.000000 7.000000 10.000000 4.000000 
7.641894 25.628137 0.000000 21.000000 14.000000 11.000000 9.000000 3.000000 1.000000 3.000000 4.000000 2.000000 4.000000 4.000000 5.000000 
8.013862 35.061663 0.000000 4.000000 6.000000 6.000000 11.000000 2.000000 3.000000 0.000000 2.000000 2.000000 31.000000 9.000000 5.000000 
8.219998 45.586825 0.000000 20.000000 12.000000 4.000000 11.000000 6.000000 2.000000 4.000000 0.000000 1.000000 9.000000 5.000000 7.000000 
9.156098 50.745895 0.000000 27.000000 7.000000 6.000000 7.000000 4.000000 1.000000 6.000000 2.000000 2.000000 5.000000 6.000000 8.000000 
8.699424 58.264857 0.000000 16.000000 2.000000 5.000000 7.000000 1.000000 5.000000 8.000000 8.000000 6.000000 12.000000 7.000000 4.000000 
10.586930 64.825985 0.000000 11.000000 13.000000 6.000000 5.000000 2.000000 5.000000 5.000000 2.000000 6.000000 12.000000 8.000000 6.000000 
11.690701 72.517051 0.000000 16.000000 6.000000 5.000000 6.000000 1.000000 6.000000 6.000000 7.000000 3.000000 15.000000 3.000000 7.000000 
10.205619 81.943045 0.000000 12.000000 4.000000 6.000000 5.000000 2.000000 3.000000 11.000000 1.000000 8.000000 15.000000 6.000000 8.000000 
10.277072 91.153625 0.000000 17.000000 4.000000 6.000000 14.000000 4.000000 5.000000 6.000000 3.000000 3.000000 12.000000 3.000000 4.000000 
11.264412 102.577706 0.000000 12.000000 2.000000 4.000000 19.000000 3.000000 4.000000 3.000000 2.000000 5.000000 15.000000 2.000000 10.000000 
11.670409 109.405013 0.000000 21.000000 5.000000 5.000000 11.000000 4.000000 3.000000 1.000000 2.000000 7.000000 13.000000 0.000000 9.000000 
14.779134 116.837231 0.000000 7.000000 6.000000 8.000000 17.000000 6.000000 4.000000 8.000000 5.000000 10.000000 10.000000 0.000000 0.000000 
13.181005 120.094477 0.000000 13.000000 9.000000 0.000000 12.000000 3.000000 3.000000 7.000000 7.000000 7.000000 6.000000 7.000000 7.000000 
13.008921 130.742811 0.000000 14.000000 3.000000 2.000000 10.000000 6.000000 9.000000 6.000000 3.000000 9.000000 9.000000 8.000000 2.000000 
12.783668 143.951852 0.000000 7.000000 7.000000 6.000000 3.000000 2.000000 3.000000 6.000000 8.000000 7.000000 25.000000 3.000000 4.000000 
11.115142 146.880420 0.000000 11.000000 4.000000 1.000000 2.000000 6.000000 7.000000 2.000000 2.000000 5.000000 33.000000 4.000000 4.000000 
7.884878 149.864768 9.000000 15.000000 9.000000 1.000000 2.000000 2.000000 3.000000 1.000000 1.000000 2.000000 22.000000 9.000000 5.000000 
10.174804 160.146039 0.000000 5.000000 8.000000 5.000000 5.000000 9.000000 16.000000 10.000000 2.000000 0.000000 6.000000 9.000000 6.000000 
11.934291 174.288560 0.000000 2.000000 4.000000 4.000000 13.000000 6.000000 9.000000 6.000000 4.000000 6.000000 23.000000 3.000000 1.000000 
10.831240 181.041387 0.000000 6.000000 8.000000 4.000000 14.000000 1.000000 1.000000 14.000000 21.000000 2.000000 4.000000 3.000000 3.000000 
9.820104 187.844408 0.000000 2.000000 8.000000 2.000000 29.000000 1.000000 2.000000 12.000000 17.000000 2.000000 2.000000 1.000000 3.000000 
14.646687 201.339129 0.000000 2.000000 5.000000 9.000000 31.000000 3.000000 2.000000 2.000000 2.000000 6.000000 12.000000 4.000000 3.000000 
17.077900 205.809302 0.000000 10.000000 2.000000 6.000000 32.000000 6.000000 0.000000 3.000000 5.000000 5.000000 5.000000 3.000000 4.000000 
13.705476 210.552126 0.000000 10.000000 2.000000 6.000000 15.000000 5.000000 5.000000 3.000000 5.000000 5.000000 15.000000 4.000000 6.000000 
11.140477 216.967820 0.000000 4.000000 5.000000 8.000000 9.000000 4.000000 3.000000 7.000000 5.000000 3.000000 21.000000 7.000000 5.000000 
12.583138 230.138747 0.000000 15.000000 9.000000 7.000000 4.000000 5.000000 8.000000 6.000000 1.000000 1.000000 4.000000 11.000000 10.000000 
12.000000 237.778543 27.000000 7.000000 1.000000 7.000000 0.000000 0.000000 4.000000 4.000000 1.000000 0.000000 4.000000 8.000000 9.000000 
20.000000 4.948166 27.000000 6.000000 3.000000 7.000000 2.000000 5.000000 3.000000 8.000000 1.000000 3.000000 8.000000 3.000000 5.000000 
20.644825 11.000000 0.000000 9.000000 6.000000 8.000000 3.000000 4.000000 2.000000 5.000000 3.000000 10.000000 20.000000 6.000000 5.000000 
21.000000 20.446836 0.000000 9.000000 19.000000 9.000000 1.000000 1.000000 3.000000 7.000000 4.000000 6.000000 10.000000 9.000000 3.000000 
20.838052 26.639924 0.000000 3.000000 12.000000 14.000000 5.000000 2.000000 2.000000 4.000000 6.000000 9.000000 15.000000 5.000000 4.000000 
25.228727 38.413175 0.000000 19.000000 8.000000 5.000000 10.000000 6.000000 3.000000 2.000000 5.000000 6.000000 8.000000 6.000000 3.000000 
24.608692 44.243664 0.000000 10.000000 7.000000 6.000000 7.000000 7.000000 9.000000 5.000000 3.000000 8.000000 8.000000 6.000000 5.000000 
21.176410 54.173383 0.000000 10.000000 5.000000 5.000000 8.000000 6.000000 8.000000 9.000000 6.000000 8.000000 0.000000 6.000000 10.000000 
15.546160 63.000000 0.000000 15.000000 10.000000 5.000000 1.000000 1.000000 6.000000 11.000000 2.000000 3.000000 8.000000 9.000000 10.000000 
16.633158 68.183977 0.000000 10.000000 9.000000 4.000000 5.000000 4.000000 8.000000 20.000000 6.000000 7.000000 3.000000 1.000000 4.000000 
17.351890 76.662765 0.000000 14.000000 8.000000 4.000000 9.000000 5.000000 4.000000 4.000000 3.000000 8.000000 8.000000 10.000000 4.000000 
20.017467 85.382495 0.000000 3.000000 3.000000 4.000000 25.000000 9.000000 5.000000 8.000000 4.000000 5.000000 7.000000 2.000000 6.000000 
19.902569 92.206866 0.000000 5.000000 4.000000 8.000000 11.000000 6.000000 2.000000 6.000000 1.000000 2.000000 13.000000 17.000000 6.000000 
18.586825 97.862225 0.000000 9.000000 6.000000 9.000000 10.000000 7.000000 4.000000 7.000000 1.000000 4.000000 9.000000 8.000000 7.000000 
17.917705 105.824165 0.000000 12.000000 5.000000 3.000000 10.000000 5.000000 4.000000 5.000000 2.000000 9.000000 12.000000 6.000000 8.000000 
18.245434 116.234276 0.000000 13.000000 2.000000 6.000000 23.000000 5.000000 5.000000 2.000000 3.000000 8.000000 5.000000 5.000000 4.000000 
19.280917 120.699766 0.000000 12.000000 3.000000 7.000000 18.000000 5.000000 9.000000 2.000000 4.000000 3.000000 4.000000 8.000000 6.000000 
21.208989 131.248602 0.000000 3.000000 4.000000 6.000000 12.000000 1.000000 3.000000 7.000000 5.000000 8.000000 13.000000 10.000000 9.000000 
21.383793 142.736067 0.000000 5.000000 4.000000 7.000000 20.000000 7.000000 3.000000 2.000000 6.000000 7.000000 11.000000 6.000000 3.000000 
20.991812 147.539301 0.000000 1.000000 4.000000 3.000000 16.000000 9.000000 5.000000 3.000000 2.000000 1.000000 23.000000 6.000000 8.000000 
21.450586 151.577782 0.000000 6.000000 3.000000 2.000000 15.000000 7.000000 1.000000 0.000000 5.000000 2.000000 23.000000 6.000000 11.000000 
22.635922 160.259395 0.000000 4.000000 2.000000 8.000000 15.000000 7.000000 2.000000 4.000000 8.000000 0.000000 11.000000 15.000000 5.000000 
18.999739 168.354400 0.000000 15.000000 10.000000 4.000000 11.000000 5.000000 6.000000 7.000000 4.000000 6.000000 6.000000 5.000000 2.000000 
19.244396 176.486472 0.000000 17.000000 11.000000 6.000000 6.000000 4.000000 10.000000 3.000000 2.000000 4.000000 13.000000 4.000000 1.000000 
17.861411 184.895589 0.000000 3.000000 10.000000 7.000000 19.000000 0.000000 2.000000 9.000000 17.000000 8.000000 3.000000 0.000000 3.000000 
19.706219 198.478044 0.000000 1.000000 5.000000 4.000000 11.000000 6.000000 2.000000 3.000000 7.000000 17.000000 13.000000 8.000000 4.000000 
21.342243 203.286790 0.000000 6.000000 2.000000 6.000000 34.000000 7.000000 3.000000 1.000000 0.000000 2.000000 8.000000 6.000000 6.000000 
22.527770 209.191110 0.000000 4.000000 4.000000 3.000000 31.000000 1.000000 1.000000 1.000000 1.000000 1.000000 15.000000 13.000000 6.000000 
23.343591 217.251738 0.000000 11.000000 5.000000 5.000000 21.000000 4.000000 3.000000 3.000000 6.000000 1.000000 4.000000 10.000000 8.000000 
19.522377 228.112100 0.000000 16.000000 9.000000 4.000000 9.000000 5.000000 8.000000 6.000000 4.000000 2.000000 3.000000 6.000000 9.000000 
20.000000 237.365028 27.000000 10.000000 3.000000 4.000000 2.000000 2.000000 5.000000 2.000000 2.000000 2.000000 4.000000 6.000000 3.000000 
28.413175 4.951852 27.000000 9.000000 8.000000 3.000000 11.000000 2.000000 3.000000 5.000000 0.000000 1.000000 0.000000 3.000000 9.000000 
29.631251 11.631251 0.000000 9.000000 11.000000 5.000000 14.000000 1.000000 0.000000 8.000000 2.000000 6.000000 10.000000 5.000000 10.000000 
28.614681 21.294508 0.000000 10.000000 11.000000 9.000000 0.000000 2.000000 2.000000 5.000000 7.000000 4.000000 9.000000 15.000000 7.000000 
27.677587 28.577287 0.000000 1.000000 4.000000 9.000000 20.000000 7.000000 4.000000 6.000000 6.000000 6.000000 9.000000 5.000000 4.000000 
29.003655 37.187151 0.000000 25.000000 6.000000 7.000000 5.000000 3.000000 0.000000 2.000000 2.000000 5.000000 14.000000 7.000000 5.000000 
28.770327 42.166973 0.000000 13.000000 6.000000 8.000000 12.000000 7.000000 6.000000 5.000000 4.000000 5.000000 5.000000 4.000000 6.000000 
27.951852 49.586825 0.000000 13.000000 7.000000 8.000000 3.000000 3.000000 4.000000 10.000000 8.000000 6.000000 6.000000 2.000000 11.000000 
28.786107 61.053121 0.000000 11.000000 9.000000 8.000000 8.000000 4.000000 5.000000 5.000000 2.000000 5.000000 8.000000 7.000000 9.000000 
28.835274 67.571856 0.000000 10.000000 8.000000 12.000000 6.000000 1.000000 1.000000 4.000000 6.000000 4.000000 10.000000 7.000000 12.000000 
27.709042 77.779350 0.000000 14.000000 6.000000 11.000000 9.000000 2.000000 3.000000 3.000000 6.000000 2.000000 5.000000 4.000000 16.000000 
27.601045 86.339779 0.000000 5.000000 6.000000 1.000000 4.000000 2.000000 3.000000 4.000000 3.000000 10.000000 25.000000 7.000000 11.000000 
27.572373 92.752280 0.000000 11.000000 8.000000 15.000000 11.000000 1.000000 4.000000 5.000000 5.000000 9.000000 5.000000 3.000000 4.000000 
27.222495 99.924659 0.000000 9.000000 9.000000 6.000000 5.000000 2.000000 4.000000 6.000000 8.000000 6.000000 4.000000 5.000000 17.000000 
27.540344 105.320610 0.000000 10.000000 6.000000 4.000000 9.000000 5.000000 7.000000 3.000000 5.000000 6.000000 8.000000 7.000000 11.000000 
30.435653 114.599869 0.000000 19.000000 7.000000 9.000000 1.000000 4.000000 8.000000 5.000000 1.000000 5.000000 13.000000 5.000000 4.000000 
29.905874 121.990516 0.000000 4.000000 4.000000 4.000000 7.000000 11.000000 10.000000 7.000000 1.000000 9.000000 16.000000 1.000000 7.000000 
26.901836 131.944513 0.000000 1.000000 4.000000 5.000000 1.000000 1.000000 6.000000 15.000000 5.000000 8.000000 20.000000 8.000000 7.000000 
27.320597 139.876512 0.000000 7.000000 10.000000 7.000000 9.000000 3.000000 3.000000 7.000000 4.000000 6.000000 9.000000 9.000000 7.000000 
25.322413 148.401032 0.000000 2.000000 3.000000 5.000000 12.000000 5.000000 1.000000 8.000000 5.000000 2.000000 26.000000 6.000000 6.000000 
27.650707 159.944495 0.000000 3.000000 3.000000 9.000000 17.000000 9.000000 6.000000 6.000000 6.000000 2.000000 9.000000 5.000000 6.000000 
28.615652 165.349790 0.000000 8.000000 6.000000 7.000000 12.000000 6.000000 4.000000 5.000000 0.000000 2.000000 8.000000 8.000000 15.000000 
26.003987 170.106745 0.000000 20.000000 6.000000 3.000000 7.000000 6.000000 5.000000 8.000000 1.000000 4.000000 5.000000 5.000000 11.000000 
28.119233 180.429636 0.000000 12.000000 13.000000 8.000000 8.000000 6.000000 1.000000 7.000000 7.000000 3.000000 10.000000 5.000000 1.000000 
28.191101 186.691984 0.000000 9.000000 13.000000 7.000000 3.000000 7.000000 2.000000 8.000000 6.000000 5.000000 8.000000 9.000000 4.000000 
28.948507 195.613852 0.000000 3.000000 9.000000 11.000000 13.000000 4.000000 3.000000 0.000000 3.000000 2.000000 22.000000 9.000000 2.000000 
27.423483 200.586825 0.000000 5.000000 0.000000 6.000000 17.000000 4.000000 3.000000 2.000000 0.000000 0.000000 19.000000 16.000000 9.000000 
29.346335 210.947292 0.000000 4.000000 6.000000 2.000000 24.000000 3.000000 6.000000 8.000000 5.000000 3.000000 5.000000 11.000000 4.000000 
29.570204 216.788314 0.000000 12.000000 6.000000 3.000000 18.000000 6.000000 5.000000 4.000000 3.000000 2.000000 4.000000 8.000000 10.000000 
28.587370 227.075339 0.000000 13.000000 8.000000 5.000000 3.000000 3.000000 5.000000 8.000000 5.000000 3.000000 8.000000 15.000000 5.000000 
28.000000 237.365028 27.000000 9.000000 5.000000 4.000000 4.000000 2.000000 3.000000 0.000000 1.000000 2.000000 0.000000 9.000000 6.000000 
36.766784 5.766784 27.000000 16.000000 7.000000 0.000000 2.000000 2.000000 3.000000 2.000000 2.000000 4.000000 7.000000 5.000000 4.000000 
39.480157 13.008981 0.000000 17.000000 9.000000 4.000000 3.000000 7.000000 5.000000 3.000000 3.000000 5.000000 10.000000 4.000000 11.000000 
38.000000 19.218110 0.000000 9.000000 13.000000 5.000000 9.000000 5.000000 5.000000 2.000000 3.000000 6.000000 3.000000 7.000000 14.000000 
37.349744 27.680765 0.000000 7.000000 7.000000 8.000000 7.000000 4.000000 7.000000 3.000000 6.000000 5.000000 15.000000 7.000000 5.000000 
35.380718 36.413175 0.000000 14.000000 1.000000 7.000000 15.000000 5.000000 3.000000 9.000000 8.000000 5.000000 5.000000 2.000000 7.000000 
32.798534 44.000000 0.000000 11.000000 8.000000 4.000000 16.000000 7.000000 3.000000 3.000000 1.000000 4.000000 9.000000 9.000000 6.000000 
35.542711 52.063559 0.000000 19.000000 10.000000 4.000000 6.000000 8.000000 6.000000 4.000000 3.000000 1.000000 8.000000 3.000000 9.000000 
37.627022 63.025459 0.000000 25.000000 9.000000 8.000000 11.000000 5.000000 3.000000 2.000000 0.000000 2.000000 3.000000 9.000000 4.000000 
38.088600 69.761392 0.000000 16.000000 6.000000 10.000000 0.000000 4.000000 3.000000 8.000000 2.000000 7.000000 12.000000 7.000000 6.000000 
40.982825 75.620906 0.000000 13.000000 6.000000 7.000000 8.000000 2.000000 6.000000 2.000000 3.000000 6.000000 11.000000 9.000000 8.000000 
39.489442 85.715845 0.000000 29.000000 4.000000 6.000000 9.000000 3.000000 1.000000 2.000000 4.000000 1.000000 5.000000 11.000000 6.000000 
38.970273 89.660887 0.000000 10.000000 5.000000 6.000000 4.000000 3.000000 2.000000 5.000000 9.000000 6.000000 11.000000 13.000000 7.000000 
41.565648 98.555254 0.000000 14.000000 9.000000 9.000000 6.000000 4.000000 4.000000 10.000000 3.000000 3.000000 4.000000 4.000000 11.000000 
46.133549 105.418482 0.000000 19.000000 6.000000 9.000000 5.000000 5.000000 5.000000 3.000000 6.000000 6.000000 9.000000 2.000000 6.000000 
39.306334 112.732642 0.000000 22.000000 6.000000 4.000000 4.000000 8.000000 6.000000 5.000000 3.000000 5.000000 3.000000 3.000000 12.000000 
39.067156 123.432184 0.000000 14.000000 3.000000 9.000000 9.000000 7.000000 2.000000 2.000000 5.000000 4.000000 13.000000 7.000000 6.000000 
40.735588 136.317532 0.000000 4.000000 12.000000 8.000000 8.000000 2.000000 4.000000 3.000000 1.000000 5.000000 24.000000 7.000000 3.000000 
38.402630 141.228980 0.000000 6.000000 8.000000 4.000000 2.000000 2.000000 4.000000 3.000000 4.000000 7.000000 23.000000 8.000000 10.000000 
35.618331 148.991941 0.000000 5.000000 5.000000 10.000000 7.000000 9.000000 3.000000 7.000000 3.000000 3.000000 15.000000 9.000000 5.000000 
34.909237 156.260651 0.000000 6.000000 6.000000 6.000000 10.000000 5.000000 7.000000 7.000000 3.000000 4.000000 16.000000 7.000000 4.000000 
37.322413 165.646754 0.000000 3.000000 3.000000 12.000000 16.000000 3.000000 4.000000 2.000000 4.000000 3.000000 12.000000 11.000000 8.000000 
38.036620 170.127854 0.000000 7.000000 4.000000 11.000000 13.000000 3.000000 2.000000 1.000000 4.000000 3.000000 22.000000 9.000000 2.000000 
38.270648 182.355711 0.000000 6.000000 9.000000 11.000000 22.000000 10.000000 7.000000 6.000000 1.000000 0.000000 0.000000 4.000000 5.000000 
37.805758 185.523258 0.000000 11.000000 10.000000 8.000000 10.000000 5.000000 3.000000 5.000000 3.000000 2.000000 9.000000 5.000000 10.000000 
33.938642 194.285882 0.000000 6.000000 8.000000 4.000000 4.000000 2.000000 1.000000 6.000000 8.000000 9.000000 23.000000 5.000000 5.000000 
33.597255 203.183630 0.000000 6.000000 5.000000 6.000000 21.000000 7.000000 2.000000 3.000000 0.000000 6.000000 10.000000 12.000000 3.000000 
35.057234 213.911203 0.000000 9.000000 3.000000 1.000000 26.000000 9.000000 4.000000 4.000000 2.000000 2.000000 3.000000 5.000000 13.000000 
36.105858 217.538967 0.000000 6.000000 4.000000 4.000000 24.000000 7.000000 2.000000 4.000000 2.000000 4.000000 8.000000 4.000000 12.000000 
37.085600 229.085600 0.000000 10.000000 6.000000 4.000000 8.000000 7.000000 5.000000 9.000000 5.000000 3.000000 8.000000 4.000000 12.000000 
36.000000 237.365028 27.000000 2.000000 2.000000 7.000000 10.000000 5.000000 4.000000 4.000000 4.000000 3.000000 1.000000 2.000000 1.000000 
44.866572 5.405249 27.000000 13.000000 5.000000 0.000000 4.000000 2.000000 0.000000 3.000000 4.000000 2.000000 4.000000 9.000000 8.000000 
45.108546 11.169963 0.000000 23.000000 5.000000 2.000000 7.000000 4.000000 7.000000 5.000000 3.000000 2.000000 4.000000 1.000000 18.000000 
45.724443 20.116540 0.000000 4.000000 9.000000 4.000000 8.000000 4.000000 8.000000 7.000000 5.000000 5.000000 12.000000 8.000000 7.000000 
45.977087 29.322413 0.000000 11.000000 7.000000 6.000000 5.000000 4.000000 2.000000 3.000000 4.000000 6.000000 7.000000 10.000000 16.000000 
41.637785 37.322413 0.000000 7.000000 7.000000 7.000000 22.000000 4.000000 3.000000 4.000000 6.000000 4.000000 5.000000 10.000000 2.000000 
42.585203 45.321686 0.000000 11.000000 6.000000 4.000000 9.000000 6.000000 7.000000 8.000000 3.000000 4.000000 9.000000 8.000000 6.000000 
48.889008 51.196837 0.000000 20.000000 8.000000 6.000000 13.000000 7.000000 2.000000 5.000000 3.000000 6.000000 3.000000 5.000000 3.000000 
47.586825 56.621390 0.000000 15.000000 8.000000 2.000000 11.000000 7.000000 1.000000 5.000000 6.000000 7.000000 5.000000 5.000000 9.000000 
44.676169 68.250629 0.000000 17.000000 6.000000 4.000000 6.000000 5.000000 4.000000 7.000000 3.000000 7.000000 9.000000 4.000000 9.000000 
47.865676 77.040185 0.000000 20.000000 0.000000 3.000000 5.000000 2.000000 4.000000 4.000000 9.000000 4.000000 9.000000 9.000000 12.000000 
47.413175 85.951852 0.000000 11.000000 4.000000 11.000000 3.000000 5.000000 4.000000 2.000000 8.000000 2.000000 8.000000 7.000000 16.000000 
48.667702 89.290736 0.000000 14.000000 5.000000 7.000000 7.000000 4.000000 4.000000 4.000000 5.000000 3.000000 11.000000 9.000000 8.000000 
50.879560 98.652087 0.000000 21.000000 6.000000 8.000000 3.000000 3.000000 5.000000 4.000000 2.000000 2.000000 6.000000 10.000000 11.000000 
50.717443 105.581256 0.000000 26.000000 3.000000 5.000000 2.000000 4.000000 5.000000 3.000000 10.000000 3.000000 10.000000 5.000000 5.000000 
42.347927 114.485086 0.000000 22.000000 6.000000 5.000000 6.000000 3.000000 4.000000 4.000000 6.000000 12.000000 8.000000 0.000000 5.000000 
43.868062 123.691191 0.000000 20.000000 5.000000 11.000000 4.000000 2.000000 2.000000 7.000000 7.000000 5.000000 8.000000 7.000000 3.000000 
46.113241 136.520087 0.000000 5.000000 4.000000 8.000000 6.000000 1.000000 2.000000 5.000000 7.000000 9.000000 25.000000 6.000000 3.000000 
42.677587 142.399701 0.000000 9.000000 6.000000 9.000000 21.000000 9.000000 6.000000 9.000000 1.000000 1.000000 3.000000 1.000000 6.000000 
42.586825 149.242357 0.000000 6.000000 1.000000 3.000000 8.000000 5.000000 9.000000 17.000000 3.000000 2.000000 10.000000 9.000000 8.000000 
43.322413 155.921284 0.000000 9.000000 5.000000 6.000000 7.000000 7.000000 7.000000 11.000000 5.000000 7.000000 6.000000 6.000000 5.000000 
46.044388 162.803104 0.000000 4.000000 6.000000 4.000000 6.000000 9.000000 15.000000 0.000000 1.000000 4.000000 18.000000 9.000000 5.000000 
46.310806 167.895197 0.000000 11.000000 5.000000 6.000000 2.000000 4.000000 17.000000 8.000000 1.000000 5.000000 11.000000 6.000000 5.000000 
45.251046 184.322413 0.000000 6.000000 3.000000 1.000000 10.000000 10.000000 9.000000 9.000000 1.000000 8.000000 14.000000 5.000000 5.000000 
47.317196 191.170095 0.000000 10.000000 8.000000 6.000000 9.000000 5.000000 14.000000 7.000000 0.000000 1.000000 10.000000 5.000000 6.000000 
47.689680 199.000000 0.000000 5.000000 8.000000 10.000000 15.000000 3.000000 4.000000 6.000000 5.000000 4.000000 10.000000 8.000000 3.000000 
45.260947 207.406864 0.000000 9.000000 6.000000 7.000000 9.000000 3.000000 8.000000 3.000000 5.000000 1.000000 13.000000 11.000000 6.000000 
45.507229 213.201468 0.000000 4.000000 3.000000 4.000000 12.000000 6.000000 9.000000 3.000000 1.000000 2.000000 3.000000 14.000000 20.000000 
45.888774 219.699956 0.000000 8.000000 3.000000 1.000000 20.000000 7.000000 5.000000 5.000000 2.000000 1.000000 8.000000 11.000000 10.000000 
43.538573 227.911477 0.000000 18.000000 6.000000 4.000000 12.000000 3.000000 4.000000 5.000000 2.000000 1.000000 6.000000 11.000000 9.000000 
44.000000 237.365028 27.000000 9.000000 4.000000 1.000000 3.000000 1.000000 2.000000 0.000000 1.000000 1.000000 3.000000 14.000000 6.000000 
51.144657 4.951852 27.000000 12.000000 5.000000 4.000000 6.000000 6.000000 4.000000 3.000000 4.000000 2.000000 3.000000 0.000000 5.000000 
50.365028 11.365028 0.000000 17.000000 10.000000 7.000000 2.000000 6.000000 6.000000 3.000000 4.000000 4.000000 4.000000 6.000000 12.000000 
53.419291 20.365028 0.000000 3.000000 4.000000 9.000000 8.000000 5.000000 6.000000 12.000000 3.000000 4.000000 9.000000 6.000000 12.000000 
54.760333 28.365028 0.000000 7.000000 10.000000 10.000000 18.000000 6.000000 3.000000 5.000000 4.000000 2.000000 3.000000 5.000000 8.000000 
52.723850 36.365028 0.000000 8.000000 9.000000 4.000000 4.000000 4.000000 6.000000 9.000000 6.000000 6.000000 9.000000 10.000000 6.000000 
50.683272 43.948166 0.000000 11.000000 6.000000 5.000000 8.000000 4.000000 8.000000 6.000000 4.000000 4.000000 10.000000 10.000000 5.000000 
52.664209 50.404248 0.000000 20.000000 7.000000 10.000000 9.000000 4.000000 2.000000 2.000000 2.000000 2.000000 9.000000 5.000000 9.000000 
52.284346 56.630535 0.000000 22.000000 5.000000 5.000000 4.000000 5.000000 0.000000 3.000000 5.000000 5.000000 14.000000 4.000000 9.000000 
51.000000 65.395986 0.000000 15.000000 5.000000 8.000000 10.000000 4.000000 4.000000 6.000000 3.000000 6.000000 6.000000 7.000000 7.000000 
52.473022 76.722250 0.000000 22.000000 3.000000 5.000000 3.000000 4.000000 3.000000 2.000000 7.000000 1.000000 14.000000 5.000000 12.000000 
54.360342 83.828189 0.000000 8.000000 9.000000 5.000000 5.000000 7.000000 3.000000 7.000000 5.000000 6.000000 2.000000 7.000000 17.000000 
55.000000 88.689680 0.000000 3.000000 7.000000 5.000000 6.000000 8.000000 7.000000 8.000000 2.000000 7.000000 2.000000 10.000000 16.000000 
53.198070 100.217543 0.000000 26.000000 5.000000 6.000000 2.000000 5.000000 6.000000 1.000000 1.000000 1.000000 8.000000 11.000000 9.000000 
54.207153 108.232413 0.000000 20.000000 0.000000 3.000000 11.000000 4.000000 7.000000 8.000000 11.000000 4.000000 7.000000 3.000000 3.000000 
52.586825 118.951852 0.000000 17.000000 2.000000 3.000000 8.000000 1.000000 2.000000 3.000000 1.000000 4.000000 27.000000 7.000000 6.000000 
51.229659 125.136909 0.000000 15.000000 14.000000 6.000000 9.000000 2.000000 1.000000 3.000000 1.000000 3.000000 16.000000 9.000000 2.000000 
53.000000 136.014333 0.000000 1.000000 5.000000 6.000000 19.000000 4.000000 4.000000 9.000000 12.000000 8.000000 8.000000 2.000000 3.000000 
52.413183 143.427372 0.000000 4.000000 6.000000 3.000000 3.000000 7.000000 6.000000 7.000000 7.000000 9.000000 16.000000 5.000000 8.000000 
52.322413 151.040185 0.000000 8.000000 10.000000 6.000000 6.000000 9.000000 10.000000 5.000000 4.000000 13.000000 4.000000 3.000000 3.000000 
53.948235 157.416793 0.000000 6.000000 6.000000 10.000000 7.000000 6.000000 7.000000 2.000000 4.000000 6.000000 13.000000 7.000000 7.000000 
53.170394 161.535422 0.000000 13.000000 11.000000 6.000000 6.000000 3.000000 5.000000 2.000000 3.000000 1.000000 18.000000 8.000000 5.000000 
51.016731 168.471869 0.000000 11.000000 9.000000 4.000000 8.000000 6.000000 6.000000 5.000000 2.000000 2.000000 13.000000 7.000000 8.000000 
51.138281 181.821129 0.000000 5.000000 6.000000 10.000000 10.000000 5.000000 2.000000 5.000000 4.000000 13.000000 11.000000 6.000000 4.000000 
53.796413 189.365028 0.000000 10.000000 4.000000 5.000000 15.000000 7.000000 7.000000 6.000000 2.000000 2.000000 6.000000 9.000000 8.000000 
53.357367 198.252659 0.000000 5.000000 2.000000 7.000000 15.000000 7.000000 8.000000 9.000000 6.000000 3.000000 8.000000 7.000000 4.000000 
49.078795 205.846827 0.000000 10.000000 8.000000 7.000000 4.000000 0.000000 3.000000 1.000000 4.000000 2.000000 22.000000 8.000000 12.000000 
50.365028 209.365028 0.000000 3.000000 3.000000 4.000000 16.000000 2.000000 3.000000 2.000000 3.000000 6.000000 22.000000 7.000000 10.000000 
51.590447 219.387518 0.000000 7.000000 1.000000 2.000000 11.000000 7.000000 5.000000 10.000000 8.000000 7.000000 3.000000 9.000000 11.000000 
49.000000 227.689680 0.000000 20.000000 1.000000 14.000000 21.000000 4.000000 5.000000 2.000000 3.000000 1.000000 2.000000 7.000000 1.000000 
51.411664 237.002427 27.000000 4.000000 3.000000 3.000000 4.000000 3.000000 4.000000 5.000000 5.000000 3.000000 0.000000 4.000000 7.000000 
60.000000 5.324652 39.000000 8.000000 4.000000 2.000000 1.000000 6.000000 6.000000 3.000000 1.000000 1.000000 3.000000 2.000000 5.000000 
59.707424 13.324652 18.000000 6.000000 5.000000 3.000000 0.000000 4.000000 7.000000 13.000000 9.000000 2.000000 6.000000 4.000000 4.000000 
60.000000 21.324652 18.000000 9.000000 8.000000 1.000000 0.000000 5.000000 4.000000 13.000000 3.000000 4.000000 8.000000 3.000000 5.000000 
60.513835 29.324652 18.000000 3.000000 4.000000 6.000000 11.000000 4.000000 3.000000 3.000000 4.000000 11.000000 6.000000 7.000000 1.000000 
60.000000 37.324652 18.000000 6.000000 6.000000 8.000000 3.000000 3.000000 5.000000 4.000000 2.000000 2.000000 5.000000 6.000000 13.000000 
60.000000 45.324652 18.000000 5.000000 5.000000 5.000000 5.000000 8.000000 10.000000 8.000000 4.000000 6.000000 3.000000 1.000000 3.000000 
60.000000 53.324652 18.000000 7.000000 4.000000 4.000000 2.000000 1.000000 1.000000 4.000000 7.000000 7.000000 16.000000 5.000000 5.000000 
60.000000 61.026913 18.000000 7.000000 4.000000 6.000000 2.000000 6.000000 10.000000 7.000000 7.000000 5.000000 6.000000 3.000000 0.000000 
60.031984 68.743592 18.000000 4.000000 2.000000 4.000000 7.000000 5.000000 7.000000 5.000000 5.000000 1.000000 11.000000 7.000000 5.000000 
60.000000 77.324652 18.000000 11.000000 9.000000 4.000000 2.000000 3.000000 6.000000 4.000000 2.000000 3.000000 5.000000 6.000000 8.000000 
60.000000 85.324652 18.000000 9.000000 6.000000 5.000000 5.000000 5.000000 4.000000 4.000000 2.000000 3.000000 1.000000 6.000000 13.000000 
60.895274 92.011545 18.000000 5.000000 3.000000 3.000000 8.000000 7.000000 5.000000 5.000000 3.000000 2.000000 3.000000 8.000000 11.000000 
60.000000 101.324652 18.000000 14.000000 5.000000 5.000000 2.000000 3.000000 1.000000 1.000000 2.000000 5.000000 8.000000 7.000000 10.000000 
60.000000 109.324652 18.000000 2.000000 3.000000 5.000000 12.000000 10.000000 2.000000 3.000000 6.000000 8.000000 5.000000 5.000000 2.000000 
60.000000 118.110097 18.000000 8.000000 1.000000 2.000000 3.000000 2.000000 3.000000 5.000000 4.000000 9.000000 14.000000 9.000000 3.000000 
60.000000 125.324652 18.000000 9.000000 12.000000 3.000000 5.000000 9.000000 6.000000 8.000000 3.000000 3.000000 1.000000 3.000000 1.000000 
60.397689 134.084943 18.000000 7.000000 2.000000 1.000000 2.000000 6.000000 6.000000 11.000000 13.000000 1.000000 8.000000 3.000000 3.000000 
60.000000 141.687253 18.000000 2.000000 2.000000 3.000000 10.000000 5.000000 9.000000 9.000000 7.000000 6.000000 4.000000 1.000000 5.000000 
60.000000 149.701958 18.000000 6.000000 5.000000 8.000000 2.000000 6.000000 2.000000 1.000000 6.000000 7.000000 10.000000 6.000000 4.000000 
60.000000 157.761978 18.000000 13.000000 10.000000 5.000000 3.000000 3.000000 1.000000 1.000000 3.000000 5.000000 7.000000 8.000000 4.000000 
60.404238 164.920414 18.000000 7.000000 7.000000 2.000000 5.000000 7.000000 8.000000 8.000000 5.000000 3.000000 2.000000 6.000000 3.000000 
59.720926 173.045578 18.000000 8.000000 5.000000 4.000000 9.000000 3.000000 8.000000 8.000000 2.000000 3.000000 3.000000 3.000000 7.000000 
60.000000 181.324652 18.000000 3.000000 10.000000 9.000000 10.000000 7.000000 5.000000 5.000000 6.000000 2.000000 3.000000 1.000000 2.000000 
60.000000 189.324652 18.000000 9.000000 5.000000 1.000000 7.000000 6.000000 4.000000 2.000000 7.000000 2.000000 8.000000 3.000000 9.000000 
60.000000 197.324652 18.000000 11.000000 6.000000 2.000000 3.000000 3.000000 3.000000 2.000000 4.000000 5.000000 6.000000 8.000000 10.000000 
59.728558 205.859139 18.000000 6.000000 6.000000 2.000000 10.000000 6.000000 5.000000 7.000000 1.000000 3.000000 5.000000 10.000000 2.000000 
59.716321 212.756177 18.000000 7.000000 5.000000 4.000000 9.000000 6.000000 5.000000 4.000000 1.000000 2.000000 7.000000 6.000000 7.000000 
60.000000 221.324652 18.000000 6.000000 2.000000 4.000000 12.000000 2.000000 3.000000 1.000000 2.000000 7.000000 7.000000 2.000000 15.000000 
59.458493 228.890526 18.000000 3.000000 3.000000 3.000000 9.000000 5.000000 7.000000 6.000000 8.000000 5.000000 7.000000 7.000000 0.000000 
60.000000 236.000000 35.000000 2.000000 1.000000 4.000000 7.000000 4.000000 4.000000 3.000000 1.000000 1.000000 0.000000 0.000000 1.000000 
