240
5.000000 5.689680 39.000000 2.000000 2.000000 1.000000 4.000000 2.000000 0.000000 3.000000 1.000000 2.000000 2.000000 3.000000 2.000000 
4.000000 13.689680 27.000000 3.000000 4.000000 6.000000 4.000000 1.000000 0.000000 2.000000 1.000000 2.000000 4.000000 4.000000 5.000000 
4.618944 21.350534 27.000000 7.000000 5.000000 1.000000 4.000000 2.000000 1.000000 3.000000 3.000000 2.000000 7.000000 0.000000 1.000000 
4.000000 29.689680 27.000000 11.000000 8.000000 4.000000 4.000000 0.000000 1.000000 1.000000 3.000000 1.000000 2.000000 1.000000 0.000000 
4.000000 36.959625 27.000000 10.000000 3.000000 4.000000 5.000000 3.000000 3.000000 2.000000 1.000000 0.000000 1.000000 1.000000 3.000000 
5.255081 45.931643 27.000000 3.000000 4.000000 4.000000 6.000000 0.000000 0.000000 0.000000 0.000000 1.000000 13.000000 4.000000 1.000000 
4.274859 53.647065 27.000000 5.000000 3.000000 5.000000 3.000000 4.000000 4.000000 1.000000 1.000000 2.000000 1.000000 3.000000 4.000000 
4.322413 61.647065 27.000000 5.000000 8.000000 6.000000 0.000000 3.000000 0.000000 4.000000 0.000000 0.000000 4.000000 2.000000 4.000000 
5.549675 69.104668 27.000000 1.000000 8.000000 2.000000 2.000000 0.000000 1.000000 1.000000 1.000000 3.000000 14.000000 3.000000 0.000000 
4.362218 77.324652 27.000000 9.000000 5.000000 3.000000 4.000000 3.000000 5.000000 2.000000 0.000000 0.000000 1.000000 3.000000 1.000000 
4.322413 85.955235 27.000000 9.000000 3.000000 1.000000 3.000000 2.000000 0.000000 1.000000 1.000000 2.000000 7.000000 5.000000 2.000000 
4.322413 92.693112 27.000000 11.000000 4.000000 2.000000 6.000000 3.000000 2.000000 1.000000 1.000000 1.000000 3.000000 2.000000 0.000000 
4.000000 101.689680 27.000000 7.000000 3.000000 0.000000 0.000000 1.000000 4.000000 0.000000 5.000000 4.000000 7.000000 2.000000 3.000000 
3.092531 110.232122 27.000000 10.000000 1.000000 3.000000 3.000000 3.000000 1.000000 5.000000 1.000000 0.000000 1.000000 4.000000 4.000000 
3.120046 117.324652 27.000000 14.000000 1.000000 2.000000 3.000000 0.000000 1.000000 1.000000 0.000000 4.000000 6.000000 1.000000 3.000000 
2.754290 124.078943 27.000000 8.000000 2.000000 2.000000 2.000000 2.000000 3.000000 3.000000 2.000000 1.000000 6.000000 5.000000 0.000000 
4.591405 133.647065 27.000000 4.000000 1.000000 3.000000 2.000000 1.000000 3.000000 3.000000 3.000000 4.000000 3.000000 4.000000 5.000000 
4.322413 141.002240 27.000000 1.000000 7.000000 6.000000 5.000000 1.000000 1.000000 0.000000 1.000000 3.000000 7.000000 4.000000 0.000000 
3.088741 149.819049 27.000000 5.000000 5.000000 4.000000 7.000000 0.000000 1.000000 1.000000 0.000000 3.000000 5.000000 4.000000 1.000000 
3.586825 156.911477 27.000000 6.000000 8.000000 0.000000 8.000000 1.000000 1.000000 1.000000 0.000000 2.000000 6.000000 2.000000 1.000000 
4.619741 165.944393 27.000000 3.000000 5.000000 3.000000 3.000000 6.000000 2.000000 1.000000 0.000000 0.000000 2.000000 4.000000 7.000000 
3.586825 173.737828 27.000000 5.000000 4.000000 2.000000 1.000000 2.000000 3.000000 9.000000 3.000000 2.000000 1.000000 2.000000 2.000000 
4.322413 181.002240 27.000000 8.000000 8.000000 5.000000 2.000000 1.000000 0.000000 0.000000 0.000000 2.000000 9.000000 1.000000 0.000000 
2.188824 188.376725 27.000000 11.000000 1.000000 1.000000 11.000000 0.000000 0.000000 3.000000 2.000000 1.000000 3.000000 1.000000 2.000000 
3.142863 197.324652 27.000000 14.000000 4.000000 6.000000 1.000000 0.000000 0.000000 1.000000 0.000000 0.000000 4.000000 5.000000 1.000000 
4.000000 204.959625 27.000000 1.000000 6.000000 5.000000 8.000000 0.000000 1.000000 2.000000 0.000000 2.000000 4.000000 2.000000 5.000000 
3.586825 214.570897 27.000000 3.000000 6.000000 0.000000 3.000000 2.000000 1.000000 2.000000 1.000000 1.000000 4.000000 5.000000 8.000000 
4.549585 221.258256 27.000000 2.000000 4.000000 5.000000 3.000000 0.000000 0.000000 1.000000 0.000000 3.000000 10.000000 6.000000 2.000000 
4.365028 229.365028 27.000000 9.000000 2.000000 2.000000 10.000000 5.000000 2.000000 2.000000 2.000000 0.000000 0.000000 0.000000 2.000000 
5.000000 236.365028 36.000000 6.000000 0.000000 0.000000 0.000000 2.000000 0.000000 1.000000 3.000000 1.000000 1.000000 3.000000 3.000000 
12.000000 5.689680 27.000000 2.000000 2.000000 6.000000 5.000000 8.000000 3.000000 5.000000 4.000000 2.000000 4.000000 7.000000 6.000000 
13.629325 13.236933 0.000000 16.000000 5.000000 5.000000 1.000000 1.000000 1.000000 5.000000 6.000000 6.000000 11.000000 5.000000 19.000000 
14.000000 20.689680 0.000000 17.000000 11.000000 10.000000 3.000000 2.000000 2.000000 4.000000 4.000000 9.000000 14.000000 4.000000 1.000000 
12.345711 28.602454 0.000000 23.000000 18.000000 4.000000 4.000000 6.000000 5.000000 3.000000 3.000000 5.000000 8.000000 0.000000 2.000000 
13.940828 36.243252 0.000000 13.000000 17.000000 0.000000 2.000000 1.000000 5.000000 2.000000 3.000000 7.000000 18.000000 8.000000 5.000000 
18.064735 47.071345 0.000000 17.000000 3.000000 4.000000 7.000000 3.000000 2.000000 6.000000 8.000000 8.000000 14.000000 8.000000 1.000000 
14.422456 53.644825 0.000000 26.000000 13.000000 3.000000 3.000000 4.000000 5.000000 7.000000 3.000000 4.000000 9.000000 1.000000 3.000000 
14.161916 61.426963 0.000000 25.000000 11.000000 4.000000 1.000000 1.000000 1.000000 0.000000 5.000000 5.000000 18.000000 7.000000 3.000000 
18.857789 66.677587 0.000000 31.000000 11.000000 2.000000 1.000000 7.000000 3.000000 7.000000 4.000000 6.000000 6.000000 1.000000 2.000000 
15.615850 76.281978 0.000000 19.000000 4.000000 8.000000 2.000000 5.000000 4.000000 0.000000 9.000000 7.000000 6.000000 8.000000 9.000000 
15.287381 86.073549 0.000000 11.000000 3.000000 10.000000 18.000000 13.000000 2.000000 2.000000 6.000000 2.000000 7.000000 6.000000 1.000000 
13.324652 90.324652 0.000000 13.000000 10.000000 3.000000 4.000000 4.000000 2.000000 6.000000 7.000000 3.000000 7.000000 14.000000 8.000000 
10.901674 101.863622 0.000000 20.000000 10.000000 3.000000 1.000000 4.000000 4.000000 3.000000 5.000000 7.000000 12.000000 7.000000 5.000000 
8.824886 109.586825 0.000000 21.000000 6.000000 12.000000 7.000000 6.000000 3.000000 7.000000 5.000000 3.000000 2.000000 5.000000 4.000000 
8.052730 114.774887 0.000000 29.000000 3.000000 3.000000 1.000000 0.000000 1.000000 1.000000 1.000000 7.000000 20.000000 8.000000 7.000000 
9.637819 122.265116 0.000000 24.000000 3.000000 5.000000 11.000000 6.000000 4.000000 3.000000 1.000000 1.000000 10.000000 3.000000 10.000000 
14.496962 132.025786 0.000000 9.000000 6.000000 12.000000 8.000000 5.000000 4.000000 10.000000 10.000000 4.000000 2.000000 7.000000 4.000000 
13.102613 139.275661 0.000000 5.000000 6.000000 7.000000 4.000000 4.000000 8.000000 8.000000 5.000000 8.000000 10.000000 9.000000 7.000000 
9.169963 148.586825 0.000000 8.000000 10.000000 6.000000 9.000000 2.000000 4.000000 2.000000 5.000000 9.000000 16.000000 6.000000 4.000000 
11.135039 155.337158 0.000000 8.000000 6.000000 4.000000 11.000000 9.000000 3.000000 11.000000 4.000000 5.000000 11.000000 7.000000 2.000000 
14.002240 166.322413 0.000000 10.000000 2.000000 6.000000 9.000000 4.000000 6.000000 3.000000 5.000000 8.000000 11.000000 5.000000 12.000000 
11.415880 173.006391 0.000000 21.000000 6.000000 4.000000 14.000000 5.000000 10.000000 5.000000 1.000000 4.000000 3.000000 3.000000 5.000000 
12.014121 178.348478 0.000000 17.000000 13.000000 5.000000 8.000000 4.000000 4.000000 2.000000 9.000000 6.000000 10.000000 0.000000 3.000000 
8.164648 186.322413 0.000000 18.000000 7.000000 1.000000 17.000000 3.000000 3.000000 5.000000 7.000000 4.000000 11.000000 2.000000 3.000000 
10.084781 195.086477 0.000000 32.000000 8.000000 6.000000 3.000000 1.000000 2.000000 4.000000 5.000000 2.000000 11.000000 1.000000 6.000000 
11.629919 204.809944 0.000000 7.000000 11.000000 8.000000 7.000000 4.000000 4.000000 6.000000 9.000000 5.000000 10.000000 6.000000 4.000000 
11.769072 214.889991 0.000000 22.000000 6.000000 3.000000 8.000000 5.000000 6.000000 4.000000 3.000000 4.000000 2.000000 5.000000 13.000000 
14.000000 221.912730 0.000000 21.000000 6.000000 5.000000 11.000000 6.000000 6.000000 10.000000 1.000000 3.000000 5.000000 2.000000 5.000000 
13.195670 229.374050 0.000000 26.000000 5.000000 0.000000 11.000000 3.000000 5.000000 5.000000 4.000000 4.000000 10.000000 2.000000 6.000000 
12.000000 237.365028 27.000000 16.000000 3.000000 2.000000 1.000000 3.000000 2.000000 3.000000 1.000000 1.000000 4.000000 5.000000 4.000000 
21.078428 5.687440 27.000000 4.000000 4.000000 6.000000 3.000000 2.000000 0.000000 4.000000 5.000000 3.000000 18.000000 0.000000 5.000000 
23.657946 13.002240 0.000000 18.000000 10.000000 14.000000 6.000000 3.000000 5.000000 7.000000 3.000000 1.000000 4.000000 4.000000 6.000000 
21.217405 20.487617 0.000000 24.000000 10.000000 8.000000 3.000000 1.000000 2.000000 3.000000 1.000000 9.000000 11.000000 5.000000 4.000000 
19.738410 29.164876 0.000000 23.000000 7.000000 4.000000 3.000000 2.000000 4.000000 5.000000 8.000000 7.000000 10.000000 5.000000 3.000000 
21.243159 38.632832 0.000000 26.000000 21.000000 1.000000 2.000000 2.000000 4.000000 3.000000 3.000000 4.000000 8.000000 4.000000 3.000000 
23.032474 47.182462 0.000000 20.000000 3.000000 2.000000 6.000000 5.000000 4.000000 6.000000 6.000000 11.000000 12.000000 5.000000 1.000000 
20.497015 54.095791 0.000000 35.000000 10.000000 0.000000 5.000000 3.000000 4.000000 7.000000 2.000000 3.000000 4.000000 7.000000 1.000000 
17.735588 61.909237 0.000000 24.000000 4.000000 3.000000 6.000000 6.000000 5.000000 6.000000 8.000000 6.000000 8.000000 1.000000 4.000000 
22.910169 66.203305 0.000000 23.000000 9.000000 1.000000 2.000000 10.000000 6.000000 4.000000 4.000000 6.000000 6.000000 6.000000 4.000000 
22.973404 76.169880 0.000000 23.000000 2.000000 7.000000 3.000000 4.000000 2.000000 2.000000 6.000000 8.000000 16.000000 5.000000 3.000000 
22.951852 87.933443 0.000000 23.000000 4.000000 7.000000 16.000000 10.000000 6.000000 4.000000 2.000000 2.000000 2.000000 2.000000 3.000000 
20.837704 92.071790 0.000000 21.000000 1.000000 5.000000 13.000000 7.000000 7.000000 2.000000 3.000000 6.000000 9.000000 2.000000 5.000000 
18.909237 100.909237 0.000000 23.000000 6.000000 3.000000 14.000000 6.000000 3.000000 3.000000 3.000000 5.000000 4.000000 1.000000 10.000000 
17.405084 106.572572 0.000000 15.000000 7.000000 2.000000 8.000000 5.000000 3.000000 6.000000 4.000000 9.000000 4.000000 6.000000 12.000000 
16.811675 117.761613 0.000000 20.000000 5.000000 6.000000 7.000000 5.000000 5.000000 5.000000 3.000000 4.000000 10.000000 4.000000 7.000000 
20.413175 126.655877 0.000000 1.000000 10.000000 13.000000 8.000000 4.000000 4.000000 3.000000 3.000000 4.000000 22.000000 6.000000 3.000000 
22.103501 132.348866 0.000000 3.000000 7.000000 13.000000 6.000000 1.000000 3.000000 5.000000 7.000000 3.000000 18.000000 12.000000 3.000000 
20.634972 140.365028 0.000000 3.000000 7.000000 3.000000 18.000000 6.000000 2.000000 4.000000 3.000000 4.000000 11.000000 15.000000 5.000000 
19.866122 148.191013 0.000000 8.000000 2.000000 1.000000 22.000000 7.000000 2.000000 2.000000 1.000000 5.000000 7.000000 16.000000 8.000000 
21.028791 154.663763 0.000000 12.000000 11.000000 7.000000 11.000000 3.000000 2.000000 1.000000 2.000000 4.000000 11.000000 7.000000 10.000000 
19.383734 163.672774 0.000000 6.000000 2.000000 3.000000 19.000000 5.000000 9.000000 1.000000 2.000000 8.000000 8.000000 2.000000 16.000000 
19.365028 172.365028 0.000000 12.000000 7.000000 3.000000 12.000000 10.000000 5.000000 5.000000 2.000000 2.000000 1.000000 6.000000 16.000000 
22.281910 180.687440 0.000000 23.000000 3.000000 9.000000 7.000000 4.000000 2.000000 2.000000 6.000000 3.000000 17.000000 1.000000 4.000000 
25.465601 189.310981 0.000000 18.000000 12.000000 13.000000 19.000000 7.000000 3.000000 3.000000 3.000000 1.000000 1.000000 1.000000 0.000000 
24.747428 197.356128 0.000000 10.000000 6.000000 3.000000 12.000000 7.000000 4.000000 2.000000 5.000000 4.000000 6.000000 12.000000 10.000000 
23.140083 207.326283 0.000000 7.000000 5.000000 9.000000 18.000000 8.000000 3.000000 0.000000 4.000000 2.000000 8.000000 9.000000 8.000000 
20.544517 215.085955 0.000000 20.000000 5.000000 7.000000 6.000000 2.000000 1.000000 4.000000 1.000000 4.000000 10.000000 6.000000 15.000000 
21.741758 222.336080 0.000000 30.000000 7.000000 2.000000 6.000000 2.000000 1.000000 4.000000 2.000000 5.000000 13.000000 5.000000 4.000000 
20.000000 227.469655 0.000000 20.000000 8.000000 2.000000 16.000000 2.000000 2.000000 1.000000 1.000000 3.000000 7.000000 10.000000 9.000000 
20.000000 237.365028 27.000000 18.000000 3.000000 5.000000 10.000000 0.000000 1.000000 0.000000 0.000000 0.000000 0.000000 3.000000 5.000000 
28.925622 4.951852 27.000000 16.000000 6.000000 3.000000 0.000000 0.000000 0.000000 0.000000 2.000000 4.000000 15.000000 3.000000 5.000000 
29.913916 9.660366 0.000000 24.000000 9.000000 10.000000 7.000000 4.000000 6.000000 5.000000 2.000000 5.000000 2.000000 1.000000 6.000000 
27.231979 18.674886 0.000000 15.000000 7.000000 6.000000 2.000000 3.000000 3.000000 7.000000 6.000000 4.000000 10.000000 5.000000 13.000000 
24.542567 27.691462 0.000000 15.000000 9.000000 15.000000 1.000000 2.000000 4.000000 4.000000 3.000000 6.000000 12.000000 7.000000 3.000000 
25.453229 36.321773 0.000000 15.000000 20.000000 9.000000 0.000000 2.000000 3.000000 4.000000 4.000000 8.000000 9.000000 2.000000 5.000000 
27.346158 47.033794 0.000000 28.000000 1.000000 8.000000 9.000000 5.000000 1.000000 2.000000 3.000000 6.000000 10.000000 0.000000 8.000000 
27.942077 52.560723 0.000000 23.000000 3.000000 6.000000 13.000000 4.000000 4.000000 1.000000 1.000000 3.000000 3.000000 7.000000 13.000000 
27.547240 59.980078 0.000000 19.000000 1.000000 11.000000 5.000000 1.000000 1.000000 0.000000 0.000000 3.000000 21.000000 5.000000 14.000000 
28.000000 67.689680 0.000000 13.000000 7.000000 5.000000 9.000000 6.000000 3.000000 2.000000 0.000000 2.000000 14.000000 11.000000 9.000000 
27.677587 78.072455 0.000000 22.000000 6.000000 2.000000 4.000000 4.000000 3.000000 5.000000 5.000000 2.000000 15.000000 3.000000 10.000000 
26.322227 85.322227 0.000000 29.000000 5.000000 2.000000 4.000000 6.000000 4.000000 7.000000 2.000000 1.000000 8.000000 4.000000 9.000000 
25.168251 91.476574 0.000000 17.000000 4.000000 6.000000 13.000000 4.000000 2.000000 2.000000 0.000000 5.000000 16.000000 7.000000 5.000000 
27.730537 100.147399 0.000000 25.000000 11.000000 7.000000 12.000000 2.000000 2.000000 5.000000 1.000000 4.000000 3.000000 3.000000 6.000000 
25.560958 107.571970 0.000000 19.000000 10.000000 2.000000 7.000000 8.000000 4.000000 2.000000 3.000000 5.000000 6.000000 8.000000 7.000000 
25.000000 118.311700 0.000000 20.000000 4.000000 8.000000 6.000000 5.000000 4.000000 5.000000 6.000000 3.000000 4.000000 9.000000 7.000000 
26.732773 126.109156 0.000000 8.000000 4.000000 5.000000 8.000000 12.000000 5.000000 5.000000 7.000000 5.000000 8.000000 7.000000 7.000000 
29.671069 133.002240 0.000000 14.000000 4.000000 9.000000 11.000000 2.000000 12.000000 13.000000 3.000000 2.000000 3.000000 3.000000 5.000000 
29.446810 142.306925 0.000000 10.000000 5.000000 3.000000 4.000000 8.000000 1.000000 4.000000 7.000000 7.000000 17.000000 5.000000 10.000000 
35.350783 154.177133 0.000000 3.000000 8.000000 13.000000 8.000000 8.000000 4.000000 2.000000 2.000000 0.000000 7.000000 2.000000 24.000000 
30.271272 157.952615 0.000000 6.000000 5.000000 2.000000 10.000000 11.000000 5.000000 3.000000 2.000000 3.000000 10.000000 5.000000 19.000000 
25.322413 163.647065 0.000000 5.000000 5.000000 4.000000 33.000000 8.000000 9.000000 4.000000 1.000000 2.000000 3.000000 1.000000 6.000000 
28.040429 173.086892 0.000000 18.000000 13.000000 4.000000 8.000000 4.000000 4.000000 3.000000 5.000000 3.000000 4.000000 4.000000 11.000000 
25.314065 179.630092 0.000000 28.000000 1.000000 5.000000 3.000000 1.000000 2.000000 5.000000 5.000000 5.000000 8.000000 16.000000 2.000000 
29.513745 189.689680 0.000000 27.000000 15.000000 9.000000 4.000000 2.000000 1.000000 2.000000 2.000000 2.000000 4.000000 9.000000 4.000000 
31.064474 197.270198 0.000000 12.000000 10.000000 3.000000 19.000000 9.000000 3.000000 0.000000 6.000000 1.000000 6.000000 7.000000 5.000000 
31.645894 206.558483 0.000000 4.000000 6.000000 1.000000 8.000000 5.000000 3.000000 5.000000 6.000000 5.000000 19.000000 12.000000 7.000000 
30.788890 216.465782 0.000000 4.000000 1.000000 11.000000 7.000000 9.000000 11.000000 5.000000 5.000000 8.000000 14.000000 2.000000 4.000000 
29.695141 220.486355 0.000000 4.000000 7.000000 2.000000 4.000000 4.000000 13.000000 8.000000 8.000000 4.000000 15.000000 5.000000 7.000000 
27.869780 225.502227 0.000000 15.000000 5.000000 1.000000 11.000000 7.000000 4.000000 5.000000 6.000000 5.000000 3.000000 9.000000 10.000000 
28.000000 237.365028 27.000000 21.000000 5.000000 1.000000 10.000000 4.000000 2.000000 0.000000 0.000000 1.000000 0.000000 0.000000 1.000000 
35.051481 4.416508 27.000000 20.000000 6.000000 7.000000 1.000000 0.000000 3.000000 1.000000 1.000000 0.000000 3.000000 5.000000 7.000000 
33.957385 9.677587 0.000000 27.000000 6.000000 4.000000 12.000000 6.000000 6.000000 3.000000 1.000000 2.000000 4.000000 6.000000 4.000000 
34.774494 20.692711 0.000000 6.000000 13.000000 8.000000 3.000000 5.000000 4.000000 2.000000 7.000000 3.000000 16.000000 8.000000 6.000000 
36.309610 29.629195 0.000000 19.000000 10.000000 5.000000 6.000000 4.000000 2.000000 2.000000 4.000000 6.000000 10.000000 4.000000 9.000000 
39.176521 35.176521 0.000000 23.000000 13.000000 5.000000 6.000000 2.000000 2.000000 2.000000 3.000000 5.000000 13.000000 5.000000 2.000000 
38.209148 46.664310 0.000000 11.000000 20.000000 3.000000 3.000000 1.000000 2.000000 4.000000 4.000000 7.000000 3.000000 15.000000 8.000000 
35.206385 48.763434 0.000000 10.000000 13.000000 4.000000 6.000000 4.000000 6.000000 4.000000 4.000000 6.000000 9.000000 12.000000 3.000000 
35.103178 58.647065 0.000000 23.000000 6.000000 0.000000 3.000000 3.000000 8.000000 8.000000 3.000000 5.000000 12.000000 7.000000 3.000000 
36.054828 68.734655 0.000000 21.000000 5.000000 0.000000 16.000000 10.000000 1.000000 3.000000 3.000000 6.000000 1.000000 3.000000 12.000000 
36.197242 76.586825 0.000000 19.000000 7.000000 1.000000 15.000000 7.000000 6.000000 4.000000 3.000000 2.000000 2.000000 5.000000 10.000000 
34.446112 84.525083 0.000000 15.000000 4.000000 2.000000 10.000000 8.000000 4.000000 4.000000 6.000000 5.000000 8.000000 6.000000 9.000000 
33.886448 94.772407 0.000000 29.000000 7.000000 3.000000 10.000000 9.000000 1.000000 4.000000 1.000000 3.000000 4.000000 5.000000 5.000000 
36.246102 103.574297 0.000000 9.000000 8.000000 4.000000 6.000000 6.000000 5.000000 2.000000 5.000000 7.000000 3.000000 19.000000 7.000000 
36.100544 113.272080 0.000000 12.000000 9.000000 1.000000 4.000000 5.000000 3.000000 2.000000 2.000000 6.000000 21.000000 4.000000 12.000000 
34.937326 117.386279 0.000000 18.000000 5.000000 6.000000 9.000000 5.000000 2.000000 1.000000 0.000000 7.000000 11.000000 6.000000 11.000000 
36.833060 121.810245 0.000000 8.000000 2.000000 9.000000 16.000000 6.000000 4.000000 0.000000 1.000000 6.000000 11.000000 10.000000 8.000000 
37.069814 131.324652 0.000000 13.000000 2.000000 6.000000 11.000000 2.000000 7.000000 8.000000 11.000000 3.000000 5.000000 3.000000 10.000000 
35.946238 140.545641 0.000000 5.000000 15.000000 8.000000 8.000000 3.000000 7.000000 5.000000 6.000000 6.000000 7.000000 7.000000 4.000000 
40.109540 154.211020 0.000000 7.000000 8.000000 11.000000 5.000000 4.000000 3.000000 2.000000 3.000000 5.000000 1.000000 4.000000 28.000000 
36.064619 155.717955 0.000000 5.000000 7.000000 16.000000 6.000000 5.000000 5.000000 2.000000 1.000000 2.000000 5.000000 2.000000 25.000000 
37.462873 164.330411 0.000000 14.000000 6.000000 5.000000 13.000000 5.000000 3.000000 4.000000 4.000000 3.000000 9.000000 3.000000 12.000000 
36.329382 169.686714 0.000000 9.000000 3.000000 10.000000 10.000000 5.000000 5.000000 5.000000 2.000000 4.000000 12.000000 10.000000 6.000000 
30.322413 176.647065 0.000000 28.000000 5.000000 6.000000 9.000000 4.000000 3.000000 3.000000 1.000000 3.000000 1.000000 15.000000 3.000000 
35.567622 188.287218 0.000000 25.000000 7.000000 19.000000 2.000000 1.000000 1.000000 0.000000 3.000000 3.000000 4.000000 14.000000 2.000000 
36.586825 195.996313 0.000000 5.000000 10.000000 6.000000 10.000000 4.000000 4.000000 2.000000 9.000000 7.000000 12.000000 8.000000 4.000000 
36.299587 203.615070 0.000000 5.000000 8.000000 5.000000 9.000000 9.000000 3.000000 4.000000 3.000000 5.000000 20.000000 5.000000 5.000000 
35.203716 215.292483 0.000000 7.000000 4.000000 9.000000 4.000000 10.000000 4.000000 5.000000 1.000000 7.000000 18.000000 2.000000 10.000000 
33.022347 217.207813 0.000000 2.000000 0.000000 3.000000 9.000000 9.000000 3.000000 5.000000 1.000000 7.000000 26.000000 8.000000 8.000000 
33.551786 225.238136 0.000000 17.000000 8.000000 4.000000 15.000000 1.000000 6.000000 1.000000 2.000000 2.000000 3.000000 11.000000 11.000000 
35.737166 236.632707 27.000000 8.000000 7.000000 3.000000 3.000000 3.000000 6.000000 0.000000 2.000000 3.000000 1.000000 3.000000 6.000000 
44.413175 4.951852 27.000000 15.000000 1.000000 7.000000 9.000000 3.000000 2.000000 1.000000 2.000000 2.000000 0.000000 3.000000 9.000000 
45.766608 10.418482 0.000000 16.000000 4.000000 11.000000 2.000000 2.000000 5.000000 3.000000 8.000000 7.000000 8.000000 5.000000 10.000000 
45.000000 21.689680 0.000000 22.000000 10.000000 6.000000 9.000000 3.000000 4.000000 3.000000 2.000000 3.000000 3.000000 10.000000 6.000000 
43.576310 28.597340 0.000000 14.000000 10.000000 4.000000 8.000000 5.000000 1.000000 5.000000 3.000000 4.000000 11.000000 7.000000 9.000000 
44.054129 36.096878 0.000000 19.000000 8.000000 4.000000 4.000000 4.000000 7.000000 5.000000 6.000000 5.000000 15.000000 3.000000 1.000000 
40.557268 44.515945 0.000000 11.000000 20.000000 2.000000 2.000000 2.000000 5.000000 10.000000 5.000000 3.000000 4.000000 7.000000 10.000000 
40.755324 49.322413 0.000000 6.000000 25.000000 4.000000 6.000000 1.000000 3.000000 3.000000 4.000000 4.000000 5.000000 16.000000 4.000000 
49.413175 60.951852 0.000000 17.000000 2.000000 13.000000 13.000000 4.000000 1.000000 2.000000 4.000000 2.000000 4.000000 9.000000 10.000000 
47.453345 67.365028 0.000000 15.000000 1.000000 1.000000 18.000000 6.000000 4.000000 2.000000 5.000000 3.000000 6.000000 7.000000 13.000000 
45.372075 75.372075 0.000000 13.000000 7.000000 4.000000 25.000000 4.000000 5.000000 3.000000 2.000000 2.000000 4.000000 1.000000 11.000000 
46.755959 84.005847 0.000000 7.000000 4.000000 6.000000 13.000000 4.000000 5.000000 1.000000 2.000000 5.000000 13.000000 9.000000 12.000000 
47.909237 90.255016 0.000000 12.000000 8.000000 6.000000 13.000000 6.000000 5.000000 0.000000 2.000000 2.000000 7.000000 3.000000 17.000000 
43.919512 104.846572 0.000000 33.000000 1.000000 3.000000 6.000000 3.000000 4.000000 2.000000 5.000000 8.000000 5.000000 7.000000 4.000000 
43.206471 112.287522 0.000000 27.000000 7.000000 5.000000 4.000000 5.000000 4.000000 3.000000 1.000000 3.000000 6.000000 4.000000 12.000000 
48.496607 117.288313 0.000000 22.000000 10.000000 3.000000 16.000000 5.000000 2.000000 0.000000 2.000000 1.000000 0.000000 4.000000 16.000000 
47.956723 122.677587 0.000000 18.000000 9.000000 4.000000 4.000000 0.000000 3.000000 2.000000 8.000000 8.000000 8.000000 2.000000 15.000000 
42.032616 130.149674 0.000000 9.000000 4.000000 6.000000 20.000000 3.000000 4.000000 2.000000 6.000000 5.000000 6.000000 8.000000 8.000000 
41.959625 136.000000 0.000000 5.000000 11.000000 6.000000 17.000000 5.000000 4.000000 2.000000 5.000000 6.000000 11.000000 6.000000 3.000000 
42.806744 148.086391 0.000000 6.000000 5.000000 7.000000 8.000000 5.000000 5.000000 4.000000 9.000000 1.000000 7.000000 7.000000 17.000000 
38.031267 153.512033 0.000000 6.000000 9.000000 12.000000 5.000000 4.000000 4.000000 2.000000 3.000000 3.000000 1.000000 4.000000 28.000000 
45.388330 161.840511 0.000000 12.000000 5.000000 7.000000 8.000000 8.000000 2.000000 7.000000 5.000000 3.000000 8.000000 10.000000 6.000000 
45.745535 169.426217 0.000000 7.000000 8.000000 4.000000 9.000000 6.000000 9.000000 9.000000 7.000000 3.000000 3.000000 7.000000 9.000000 
44.667183 180.940915 0.000000 12.000000 13.000000 4.000000 5.000000 3.000000 2.000000 4.000000 6.000000 8.000000 14.000000 3.000000 7.000000 
44.264412 187.909237 0.000000 18.000000 9.000000 9.000000 4.000000 2.000000 3.000000 1.000000 3.000000 6.000000 13.000000 10.000000 3.000000 
43.146118 196.027532 0.000000 8.000000 9.000000 4.000000 5.000000 1.000000 1.000000 1.000000 7.000000 7.000000 26.000000 5.000000 7.000000 
44.167900 204.430842 0.000000 4.000000 11.000000 10.000000 8.000000 4.000000 5.000000 1.000000 4.000000 6.000000 16.000000 8.000000 4.000000 
46.737828 213.586825 0.000000 4.000000 6.000000 4.000000 11.000000 4.000000 5.000000 4.000000 1.000000 1.000000 10.000000 17.000000 14.000000 
43.176853 220.298256 0.000000 6.000000 8.000000 8.000000 18.000000 6.000000 7.000000 8.000000 3.000000 3.000000 3.000000 7.000000 4.000000 
41.453479 229.921548 0.000000 26.000000 7.000000 3.000000 7.000000 3.000000 4.000000 5.000000 6.000000 3.000000 7.000000 4.000000 6.000000 
43.234892 238.130136 27.000000 8.000000 5.000000 1.000000 1.000000 1.000000 2.000000 0.000000 1.000000 1.000000 11.000000 9.000000 5.000000 
52.888313 4.476715 27.000000 15.000000 4.000000 5.000000 0.000000 1.000000 0.000000 1.000000 0.000000 4.000000 7.000000 15.000000 2.000000 
54.000000 10.689680 0.000000 11.000000 9.000000 7.000000 5.000000 2.000000 4.000000 4.000000 6.000000 4.000000 12.000000 9.000000 8.000000 
52.686248 20.678779 0.000000 19.000000 5.000000 3.000000 9.000000 1.000000 2.000000 3.000000 5.000000 4.000000 6.000000 13.000000 11.000000 
53.583984 28.403795 0.000000 13.000000 4.000000 6.000000 6.000000 7.000000 5.000000 5.000000 4.000000 7.000000 10.000000 7.000000 7.000000 
54.781619 40.365028 0.000000 25.000000 4.000000 2.000000 12.000000 7.000000 5.000000 2.000000 0.000000 1.000000 4.000000 10.000000 9.000000 
53.634972 45.449504 0.000000 14.000000 8.000000 11.000000 9.000000 9.000000 4.000000 4.000000 1.000000 2.000000 5.000000 6.000000 8.000000 
50.488883 52.105069 0.000000 10.000000 7.000000 4.000000 2.000000 6.000000 4.000000 1.000000 3.000000 8.000000 22.000000 7.000000 7.000000 
54.168104 61.689680 0.000000 22.000000 2.000000 8.000000 11.000000 6.000000 1.000000 1.000000 4.000000 2.000000 1.000000 9.000000 14.000000 
51.099727 68.464754 0.000000 10.000000 3.000000 4.000000 9.000000 7.000000 4.000000 4.000000 3.000000 1.000000 6.000000 10.000000 20.000000 
49.634972 74.365028 0.000000 14.000000 6.000000 4.000000 21.000000 7.000000 8.000000 2.000000 2.000000 4.000000 2.000000 7.000000 4.000000 
50.286907 83.651934 0.000000 15.000000 5.000000 3.000000 4.000000 3.000000 5.000000 2.000000 6.000000 5.000000 14.000000 8.000000 11.000000 
52.136445 91.431535 0.000000 13.000000 10.000000 8.000000 12.000000 7.000000 7.000000 6.000000 2.000000 5.000000 2.000000 0.000000 9.000000 
50.365028 103.235472 0.000000 24.000000 3.000000 2.000000 4.000000 5.000000 4.000000 1.000000 5.000000 3.000000 7.000000 14.000000 9.000000 
52.966989 109.572198 0.000000 19.000000 1.000000 8.000000 14.000000 6.000000 1.000000 4.000000 5.000000 3.000000 7.000000 1.000000 12.000000 
54.857843 116.951852 0.000000 28.000000 6.000000 5.000000 3.000000 1.000000 3.000000 5.000000 1.000000 3.000000 14.000000 3.000000 9.000000 
55.186612 122.917497 0.000000 20.000000 9.000000 6.000000 3.000000 1.000000 0.000000 7.000000 2.000000 6.000000 8.000000 2.000000 17.000000 
53.449324 132.365028 0.000000 11.000000 6.000000 7.000000 12.000000 6.000000 3.000000 6.000000 4.000000 4.000000 7.000000 6.000000 9.000000 
53.131861 139.669526 0.000000 12.000000 12.000000 5.000000 3.000000 4.000000 7.000000 6.000000 2.000000 8.000000 7.000000 7.000000 8.000000 
51.370359 147.407887 0.000000 10.000000 15.000000 4.000000 12.000000 5.000000 7.000000 5.000000 4.000000 3.000000 1.000000 4.000000 11.000000 
48.365904 152.868493 0.000000 16.000000 8.000000 2.000000 16.000000 7.000000 6.000000 2.000000 8.000000 2.000000 4.000000 2.000000 8.000000 
53.019688 160.336703 0.000000 8.000000 7.000000 10.000000 8.000000 11.000000 12.000000 6.000000 5.000000 3.000000 4.000000 3.000000 4.000000 
50.000000 171.783784 0.000000 8.000000 4.000000 2.000000 13.000000 8.000000 7.000000 4.000000 5.000000 3.000000 11.000000 6.000000 10.000000 
51.586825 181.951852 0.000000 14.000000 3.000000 8.000000 11.000000 4.000000 9.000000 6.000000 2.000000 3.000000 3.000000 12.000000 6.000000 
51.769088 187.131000 0.000000 13.000000 0.000000 7.000000 9.000000 4.000000 4.000000 5.000000 6.000000 7.000000 8.000000 12.000000 6.000000 
54.583984 195.160784 0.000000 4.000000 7.000000 4.000000 17.000000 10.000000 5.000000 3.000000 8.000000 6.000000 3.000000 9.000000 5.000000 
54.365028 207.365028 0.000000 12.000000 3.000000 4.000000 9.000000 8.000000 2.000000 0.000000 2.000000 3.000000 21.000000 11.000000 6.000000 
53.191918 213.763993 0.000000 5.000000 3.000000 5.000000 10.000000 8.000000 7.000000 4.000000 1.000000 5.000000 10.000000 11.000000 12.000000 
51.213846 219.151182 0.000000 3.000000 10.000000 9.000000 15.000000 10.000000 10.000000 3.000000 2.000000 4.000000 2.000000 9.000000 4.000000 
54.832369 225.857311 0.000000 13.000000 6.000000 4.000000 5.000000 2.000000 3.000000 6.000000 5.000000 4.000000 14.000000 8.000000 11.000000 
52.498059 236.504368 27.000000 5.000000 2.000000 2.000000 5.000000 1.000000 4.000000 3.000000 0.000000 2.000000 16.000000 3.000000 2.000000 
60.000000 5.324652 39.000000 14.000000 5.000000 1.000000 3.000000 2.000000 3.000000 5.000000 2.000000 2.000000 4.000000 1.000000 0.000000 
60.440812 12.883841 18.000000 12.000000 7.000000 8.000000 5.000000 4.000000 4.000000 2.000000 1.000000 3.000000 7.000000 5.000000 5.000000 
60.000000 21.324652 18.000000 11.000000 9.000000 2.000000 4.000000 3.000000 3.000000 1.000000 1.000000 4.000000 6.000000 11.000000 8.000000 
60.000000 29.324652 18.000000 7.000000 8.000000 6.000000 7.000000 0.000000 1.000000 4.000000 4.000000 4.000000 9.000000 5.000000 8.000000 
60.488568 38.758802 18.000000 17.000000 7.000000 2.000000 5.000000 0.000000 1.000000 2.000000 3.000000 4.000000 4.000000 9.000000 9.000000 
60.447258 45.324652 18.000000 15.000000 2.000000 4.000000 8.000000 6.000000 5.000000 5.000000 1.000000 2.000000 6.000000 1.000000 8.000000 
60.000000 53.324652 18.000000 7.000000 9.000000 7.000000 7.000000 4.000000 6.000000 2.000000 2.000000 3.000000 8.000000 1.000000 7.000000 
60.000000 61.324652 18.000000 9.000000 4.000000 8.000000 5.000000 5.000000 2.000000 2.000000 2.000000 5.000000 8.000000 5.000000 8.000000 
60.000000 69.324652 18.000000 8.000000 7.000000 9.000000 2.000000 0.000000 0.000000 2.000000 0.000000 3.000000 16.000000 6.000000 10.000000 
59.740088 77.064740 18.000000 10.000000 5.000000 5.000000 5.000000 2.000000 3.000000 4.000000 3.000000 1.000000 8.000000 8.000000 9.000000 
60.000000 85.324652 18.000000 11.000000 10.000000 4.000000 3.000000 5.000000 2.000000 1.000000 2.000000 5.000000 5.000000 9.000000 6.000000 
60.000000 93.324652 18.000000 6.000000 3.000000 9.000000 7.000000 2.000000 3.000000 4.000000 2.000000 5.000000 5.000000 8.000000 9.000000 
59.702212 101.622441 18.000000 10.000000 5.000000 3.000000 13.000000 5.000000 1.000000 3.000000 2.000000 5.000000 3.000000 6.000000 7.000000 
60.000000 109.324652 18.000000 17.000000 3.000000 7.000000 3.000000 6.000000 5.000000 2.000000 3.000000 4.000000 4.000000 1.000000 8.000000 
60.495226 117.329696 18.000000 19.000000 3.000000 8.000000 4.000000 3.000000 2.000000 3.000000 1.000000 1.000000 8.000000 3.000000 8.000000 
60.474379 125.324652 18.000000 10.000000 5.000000 6.000000 10.000000 1.000000 3.000000 2.000000 3.000000 1.000000 8.000000 3.000000 11.000000 
60.000000 133.324652 18.000000 9.000000 6.000000 13.000000 6.000000 0.000000 1.000000 1.000000 3.000000 2.000000 12.000000 2.000000 8.000000 
60.000000 141.324652 18.000000 6.000000 13.000000 3.000000 10.000000 3.000000 1.000000 3.000000 1.000000 2.000000 7.000000 7.000000 7.000000 
60.000000 149.324652 18.000000 8.000000 5.000000 5.000000 14.000000 4.000000 1.000000 5.000000 4.000000 3.000000 4.000000 4.000000 6.000000 
59.282568 156.713812 18.000000 10.000000 11.000000 7.000000 3.000000 5.000000 3.000000 4.000000 4.000000 1.000000 3.000000 7.000000 5.000000 
60.415849 164.559740 18.000000 11.000000 3.000000 6.000000 4.000000 3.000000 6.000000 4.000000 3.000000 4.000000 11.000000 6.000000 2.000000 
59.718211 173.042864 18.000000 5.000000 3.000000 7.000000 10.000000 4.000000 1.000000 4.000000 4.000000 5.000000 11.000000 6.000000 3.000000 
60.000000 181.672996 18.000000 10.000000 3.000000 7.000000 10.000000 1.000000 2.000000 0.000000 0.000000 2.000000 6.000000 13.000000 9.000000 
60.000000 189.324652 18.000000 2.000000 5.000000 2.000000 15.000000 3.000000 1.000000 4.000000 1.000000 4.000000 17.000000 6.000000 3.000000 
60.457251 196.867401 18.000000 9.000000 2.000000 1.000000 19.000000 2.000000 1.000000 1.000000 0.000000 1.000000 4.000000 10.000000 13.000000 
60.488568 206.267230 18.000000 7.000000 3.000000 5.000000 5.000000 1.000000 2.000000 2.000000 1.000000 2.000000 13.000000 10.000000 12.000000 
60.000000 213.324652 18.000000 8.000000 4.000000 6.000000 6.000000 2.000000 5.000000 1.000000 4.000000 0.000000 0.000000 8.000000 19.000000 
59.701975 221.324652 18.000000 6.000000 3.000000 8.000000 5.000000 7.000000 3.000000 3.000000 2.000000 1.000000 16.000000 3.000000 6.000000 
60.907262 227.983264 18.000000 14.000000 9.000000 7.000000 3.000000 2.000000 0.000000 0.000000 0.000000 1.000000 8.000000 11.000000 8.000000 
60.000000 236.000000 35.000000 3.000000 1.000000 6.000000 7.000000 1.000000 0.000000 1.000000 2.000000 4.000000 2.000000 0.000000 1.000000 
