240
5.000000 5.689680 39.000000 4.000000 3.000000 3.000000 2.000000 2.000000 0.000000 2.000000 1.000000 2.000000 0.000000 3.000000 2.000000 
5.164932 13.324652 27.000000 7.000000 5.000000 2.000000 6.000000 1.000000 1.000000 0.000000 0.000000 2.000000 2.000000 5.000000 5.000000 
3.125169 21.324652 27.000000 10.000000 4.000000 2.000000 4.000000 2.000000 1.000000 2.000000 3.000000 1.000000 3.000000 1.000000 3.000000 
4.000000 28.959625 27.000000 3.000000 5.000000 4.000000 11.000000 2.000000 0.000000 1.000000 1.000000 0.000000 3.000000 4.000000 2.000000 
4.332589 37.945113 27.000000 7.000000 5.000000 4.000000 6.000000 1.000000 1.000000 0.000000 1.000000 1.000000 2.000000 5.000000 3.000000 
5.655226 44.518185 27.000000 6.000000 2.000000 2.000000 4.000000 1.000000 0.000000 0.000000 0.000000 1.000000 11.000000 4.000000 5.000000 
4.322413 53.647065 27.000000 11.000000 0.000000 1.000000 6.000000 0.000000 0.000000 0.000000 0.000000 0.000000 7.000000 1.000000 10.000000 
3.583138 61.324652 27.000000 9.000000 3.000000 4.000000 5.000000 1.000000 1.000000 0.000000 2.000000 1.000000 4.000000 4.000000 2.000000 
3.586825 68.911477 27.000000 9.000000 1.000000 2.000000 4.000000 2.000000 0.000000 0.000000 2.000000 2.000000 9.000000 3.000000 2.000000 
4.324652 77.023673 27.000000 5.000000 3.000000 7.000000 5.000000 3.000000 2.000000 1.000000 1.000000 2.000000 0.000000 2.000000 5.000000 
4.322413 85.986872 27.000000 1.000000 2.000000 0.000000 5.000000 4.000000 5.000000 4.000000 4.000000 4.000000 2.000000 5.000000 0.000000 
2.706695 93.324652 27.000000 9.000000 3.000000 2.000000 7.000000 2.000000 1.000000 0.000000 0.000000 1.000000 3.000000 2.000000 6.000000 
4.000000 100.959625 27.000000 5.000000 1.000000 2.000000 6.000000 3.000000 2.000000 0.000000 2.000000 2.000000 7.000000 2.000000 4.000000 
4.846904 109.846904 27.000000 6.000000 1.000000 4.000000 5.000000 2.000000 2.000000 1.000000 1.000000 3.000000 9.000000 0.000000 2.000000 
4.597019 117.324652 27.000000 5.000000 0.000000 4.000000 2.000000 0.000000 1.000000 0.000000 0.000000 1.000000 10.000000 5.000000 8.000000 
4.322413 125.647065 27.000000 7.000000 2.000000 4.000000 11.000000 0.000000 2.000000 0.000000 2.000000 1.000000 5.000000 1.000000 1.000000 
4.608917 133.647065 27.000000 1.000000 3.000000 3.000000 8.000000 3.000000 1.000000 0.000000 2.000000 1.000000 6.000000 5.000000 3.000000 
4.000000 141.689680 27.000000 5.000000 4.000000 2.000000 8.000000 1.000000 0.000000 0.000000 1.000000 3.000000 6.000000 3.000000 3.000000 
4.553964 148.668506 27.000000 1.000000 2.000000 7.000000 13.000000 4.000000 1.000000 1.000000 1.000000 0.000000 2.000000 3.000000 1.000000 
4.988865 157.043087 27.000000 3.000000 0.000000 0.000000 1.000000 0.000000 0.000000 1.000000 7.000000 2.000000 10.000000 8.000000 4.000000 
5.327789 165.226591 27.000000 6.000000 1.000000 1.000000 4.000000 4.000000 3.000000 6.000000 1.000000 1.000000 2.000000 3.000000 4.000000 
5.028092 173.154877 27.000000 5.000000 2.000000 2.000000 3.000000 2.000000 13.000000 2.000000 4.000000 3.000000 0.000000 0.000000 0.000000 
4.000000 180.632310 27.000000 6.000000 2.000000 1.000000 3.000000 2.000000 2.000000 2.000000 1.000000 2.000000 9.000000 2.000000 4.000000 
4.910673 189.002240 27.000000 6.000000 0.000000 4.000000 14.000000 0.000000 0.000000 0.000000 0.000000 0.000000 6.000000 4.000000 2.000000 
3.583138 197.324652 27.000000 6.000000 8.000000 1.000000 7.000000 0.000000 0.000000 0.000000 0.000000 0.000000 8.000000 3.000000 3.000000 
3.586825 204.911477 27.000000 5.000000 6.000000 1.000000 5.000000 0.000000 1.000000 0.000000 0.000000 3.000000 11.000000 1.000000 3.000000 
5.105779 213.132164 27.000000 1.000000 1.000000 1.000000 6.000000 3.000000 3.000000 0.000000 0.000000 0.000000 16.000000 3.000000 2.000000 
4.856632 221.293389 27.000000 2.000000 4.000000 0.000000 11.000000 2.000000 1.000000 1.000000 0.000000 0.000000 8.000000 4.000000 3.000000 
4.365028 229.365028 27.000000 0.000000 2.000000 1.000000 10.000000 0.000000 0.000000 0.000000 0.000000 0.000000 14.000000 6.000000 3.000000 
5.000000 236.365028 36.000000 4.000000 1.000000 6.000000 1.000000 0.000000 0.000000 0.000000 0.000000 0.000000 1.000000 4.000000 3.000000 
13.628538 5.365028 27.000000 6.000000 10.000000 5.000000 2.000000 2.000000 6.000000 5.000000 4.000000 3.000000 0.000000 6.000000 5.000000 
15.605324 12.000000 0.000000 15.000000 8.000000 6.000000 6.000000 6.000000 4.000000 5.000000 5.000000 6.000000 8.000000 3.000000 9.000000 
10.209407 19.583138 0.000000 25.000000 2.000000 5.000000 3.000000 1.000000 3.000000 3.000000 9.000000 7.000000 11.000000 5.000000 7.000000 
11.937161 27.958338 0.000000 7.000000 12.000000 4.000000 6.000000 4.000000 9.000000 10.000000 9.000000 5.000000 10.000000 3.000000 2.000000 
15.489133 36.967875 0.000000 32.000000 10.000000 4.000000 7.000000 1.000000 5.000000 6.000000 5.000000 5.000000 3.000000 1.000000 2.000000 
19.322413 41.687440 0.000000 19.000000 6.000000 4.000000 4.000000 2.000000 4.000000 4.000000 8.000000 7.000000 19.000000 3.000000 1.000000 
13.770293 52.065208 0.000000 28.000000 7.000000 3.000000 9.000000 2.000000 2.000000 6.000000 3.000000 2.000000 6.000000 4.000000 9.000000 
10.909237 59.909237 0.000000 21.000000 5.000000 5.000000 1.000000 2.000000 5.000000 9.000000 3.000000 4.000000 14.000000 6.000000 6.000000 
11.030014 67.330691 0.000000 10.000000 12.000000 2.000000 9.000000 9.000000 5.000000 8.000000 8.000000 3.000000 9.000000 1.000000 5.000000 
13.996442 75.648996 0.000000 12.000000 14.000000 5.000000 3.000000 2.000000 4.000000 6.000000 8.000000 6.000000 8.000000 7.000000 6.000000 
12.490825 85.367613 0.000000 6.000000 6.000000 9.000000 21.000000 3.000000 2.000000 4.000000 2.000000 6.000000 8.000000 9.000000 5.000000 
9.322413 91.905551 0.000000 21.000000 5.000000 8.000000 8.000000 4.000000 4.000000 5.000000 5.000000 6.000000 4.000000 5.000000 6.000000 
12.036472 99.110431 0.000000 16.000000 1.000000 2.000000 11.000000 3.000000 3.000000 5.000000 10.000000 5.000000 12.000000 7.000000 6.000000 
16.095989 110.365028 0.000000 17.000000 7.000000 7.000000 12.000000 3.000000 3.000000 5.000000 1.000000 1.000000 14.000000 3.000000 8.000000 
14.691357 116.046532 0.000000 11.000000 1.000000 6.000000 12.000000 5.000000 2.000000 9.000000 2.000000 5.000000 12.000000 8.000000 8.000000 
13.983866 125.687440 0.000000 17.000000 7.000000 3.000000 10.000000 3.000000 5.000000 8.000000 3.000000 2.000000 1.000000 6.000000 16.000000 
14.939963 133.645132 0.000000 8.000000 5.000000 6.000000 20.000000 3.000000 5.000000 3.000000 3.000000 3.000000 3.000000 7.000000 15.000000 
14.348493 139.741374 0.000000 8.000000 5.000000 5.000000 21.000000 6.000000 9.000000 3.000000 3.000000 4.000000 7.000000 2.000000 8.000000 
16.263806 144.557936 0.000000 7.000000 3.000000 1.000000 16.000000 4.000000 7.000000 5.000000 2.000000 5.000000 10.000000 10.000000 11.000000 
18.877365 154.296072 0.000000 6.000000 7.000000 6.000000 15.000000 3.000000 3.000000 2.000000 3.000000 2.000000 11.000000 9.000000 14.000000 
18.181006 163.521366 0.000000 5.000000 5.000000 11.000000 7.000000 10.000000 6.000000 3.000000 2.000000 2.000000 5.000000 3.000000 22.000000 
16.610519 169.010691 0.000000 10.000000 9.000000 8.000000 4.000000 9.000000 6.000000 4.000000 1.000000 2.000000 5.000000 7.000000 16.000000 
14.117396 177.596596 0.000000 9.000000 1.000000 2.000000 2.000000 2.000000 8.000000 14.000000 8.000000 6.000000 13.000000 6.000000 10.000000 
14.634972 187.365028 0.000000 13.000000 6.000000 7.000000 16.000000 5.000000 3.000000 6.000000 9.000000 4.000000 5.000000 5.000000 2.000000 
12.091800 195.256707 0.000000 10.000000 7.000000 5.000000 8.000000 6.000000 5.000000 3.000000 5.000000 6.000000 17.000000 3.000000 6.000000 
13.454583 202.917678 0.000000 6.000000 3.000000 10.000000 12.000000 7.000000 5.000000 7.000000 2.000000 10.000000 13.000000 4.000000 2.000000 
16.602610 210.517827 0.000000 4.000000 9.000000 16.000000 11.000000 4.000000 5.000000 6.000000 5.000000 6.000000 5.000000 7.000000 3.000000 
16.361359 220.425309 0.000000 8.000000 13.000000 7.000000 8.000000 11.000000 8.000000 5.000000 4.000000 4.000000 4.000000 5.000000 4.000000 
12.170850 229.780523 0.000000 7.000000 1.000000 5.000000 12.000000 12.000000 7.000000 13.000000 4.000000 5.000000 7.000000 3.000000 5.000000 
12.000000 237.365028 27.000000 10.000000 4.000000 3.000000 2.000000 1.000000 2.000000 3.000000 4.000000 2.000000 6.000000 4.000000 4.000000 
20.365028 5.365028 27.000000 10.000000 4.000000 6.000000 9.000000 5.000000 3.000000 1.000000 5.000000 2.000000 3.000000 4.000000 2.000000 
22.266142 12.000000 0.000000 17.000000 5.000000 7.000000 4.000000 5.000000 4.000000 6.000000 8.000000 5.000000 5.000000 5.000000 10.000000 
19.533802 20.089895 0.000000 21.000000 4.000000 7.000000 6.000000 3.000000 5.000000 5.000000 5.000000 5.000000 6.000000 3.000000 11.000000 
18.903260 28.909237 0.000000 8.000000 6.000000 13.000000 3.000000 3.000000 3.000000 4.000000 2.000000 5.000000 21.000000 7.000000 6.000000 
17.966700 36.754552 0.000000 33.000000 9.000000 3.000000 9.000000 1.000000 4.000000 1.000000 3.000000 4.000000 8.000000 2.000000 4.000000 
23.091097 44.314933 0.000000 17.000000 3.000000 10.000000 2.000000 1.000000 3.000000 3.000000 5.000000 4.000000 22.000000 3.000000 8.000000 
20.087298 52.087298 0.000000 22.000000 6.000000 5.000000 6.000000 5.000000 4.000000 3.000000 6.000000 2.000000 6.000000 9.000000 7.000000 
20.973051 61.996427 0.000000 12.000000 5.000000 11.000000 11.000000 3.000000 1.000000 0.000000 3.000000 3.000000 11.000000 13.000000 8.000000 
20.477757 70.651406 0.000000 6.000000 5.000000 4.000000 11.000000 5.000000 6.000000 1.000000 6.000000 8.000000 16.000000 8.000000 5.000000 
21.831529 74.626903 0.000000 17.000000 7.000000 4.000000 4.000000 4.000000 5.000000 3.000000 7.000000 3.000000 12.000000 6.000000 9.000000 
21.380560 81.380560 0.000000 12.000000 6.000000 2.000000 16.000000 4.000000 3.000000 4.000000 5.000000 8.000000 9.000000 7.000000 5.000000 
21.101011 92.653089 0.000000 16.000000 5.000000 4.000000 15.000000 2.000000 7.000000 6.000000 3.000000 3.000000 9.000000 3.000000 8.000000 
19.548210 100.051822 0.000000 14.000000 11.000000 3.000000 7.000000 5.000000 8.000000 7.000000 7.000000 3.000000 11.000000 2.000000 3.000000 
21.726988 108.575985 0.000000 23.000000 6.000000 5.000000 3.000000 6.000000 7.000000 6.000000 5.000000 4.000000 8.000000 2.000000 6.000000 
19.073457 114.424845 0.000000 6.000000 5.000000 9.000000 5.000000 7.000000 9.000000 7.000000 8.000000 9.000000 11.000000 3.000000 2.000000 
20.308581 124.591440 0.000000 13.000000 5.000000 6.000000 8.000000 0.000000 6.000000 21.000000 5.000000 1.000000 5.000000 3.000000 8.000000 
24.764553 133.555658 0.000000 5.000000 3.000000 8.000000 15.000000 5.000000 6.000000 5.000000 7.000000 11.000000 4.000000 9.000000 3.000000 
24.786369 141.223483 0.000000 8.000000 6.000000 1.000000 12.000000 7.000000 3.000000 4.000000 6.000000 8.000000 16.000000 6.000000 4.000000 
24.957622 147.129485 0.000000 5.000000 10.000000 7.000000 17.000000 5.000000 4.000000 1.000000 2.000000 2.000000 6.000000 13.000000 9.000000 
23.183309 155.816691 0.000000 3.000000 7.000000 5.000000 19.000000 8.000000 4.000000 1.000000 2.000000 2.000000 10.000000 11.000000 9.000000 
22.314491 164.015539 0.000000 7.000000 3.000000 8.000000 5.000000 8.000000 4.000000 6.000000 5.000000 2.000000 2.000000 4.000000 27.000000 
21.533375 170.045144 0.000000 14.000000 3.000000 12.000000 8.000000 10.000000 4.000000 2.000000 3.000000 1.000000 7.000000 7.000000 10.000000 
20.000000 182.899770 0.000000 22.000000 10.000000 13.000000 3.000000 4.000000 4.000000 5.000000 2.000000 3.000000 0.000000 9.000000 6.000000 
21.275461 188.975900 0.000000 23.000000 11.000000 6.000000 11.000000 1.000000 2.000000 2.000000 3.000000 3.000000 6.000000 5.000000 8.000000 
23.782825 194.441732 0.000000 11.000000 16.000000 8.000000 13.000000 5.000000 1.000000 2.000000 8.000000 3.000000 6.000000 5.000000 3.000000 
24.719842 204.534117 0.000000 5.000000 13.000000 9.000000 0.000000 3.000000 3.000000 4.000000 6.000000 9.000000 7.000000 15.000000 7.000000 
21.235597 211.436060 0.000000 4.000000 4.000000 18.000000 14.000000 2.000000 4.000000 2.000000 7.000000 6.000000 7.000000 10.000000 3.000000 
22.260725 222.322413 0.000000 18.000000 15.000000 8.000000 7.000000 4.000000 1.000000 4.000000 4.000000 1.000000 6.000000 5.000000 8.000000 
20.103871 229.727934 0.000000 15.000000 6.000000 5.000000 2.000000 4.000000 2.000000 0.000000 3.000000 5.000000 23.000000 6.000000 10.000000 
20.000000 237.365028 27.000000 12.000000 2.000000 0.000000 4.000000 3.000000 3.000000 4.000000 0.000000 2.000000 4.000000 0.000000 11.000000 
28.365028 5.365028 27.000000 13.000000 2.000000 9.000000 3.000000 3.000000 5.000000 0.000000 4.000000 5.000000 5.000000 0.000000 5.000000 
30.461815 11.598617 0.000000 10.000000 7.000000 10.000000 4.000000 2.000000 6.000000 2.000000 11.000000 8.000000 8.000000 1.000000 12.000000 
31.186879 19.603741 0.000000 15.000000 5.000000 5.000000 2.000000 3.000000 4.000000 5.000000 5.000000 6.000000 15.000000 5.000000 11.000000 
28.971184 26.106457 0.000000 19.000000 11.000000 10.000000 2.000000 4.000000 4.000000 8.000000 4.000000 3.000000 11.000000 1.000000 4.000000 
30.145054 34.113633 0.000000 12.000000 11.000000 13.000000 8.000000 2.000000 3.000000 1.000000 5.000000 7.000000 7.000000 7.000000 5.000000 
32.506753 49.373534 0.000000 9.000000 15.000000 11.000000 0.000000 11.000000 8.000000 5.000000 1.000000 1.000000 3.000000 11.000000 6.000000 
33.836333 57.002865 0.000000 10.000000 9.000000 3.000000 4.000000 2.000000 8.000000 11.000000 6.000000 5.000000 14.000000 4.000000 5.000000 
27.366386 62.137537 0.000000 17.000000 7.000000 4.000000 7.000000 4.000000 6.000000 6.000000 4.000000 2.000000 6.000000 8.000000 10.000000 
29.546847 69.267049 0.000000 13.000000 8.000000 2.000000 13.000000 9.000000 12.000000 3.000000 7.000000 4.000000 1.000000 6.000000 3.000000 
25.114210 74.479238 0.000000 24.000000 2.000000 1.000000 5.000000 7.000000 4.000000 5.000000 7.000000 2.000000 11.000000 6.000000 7.000000 
25.909237 81.544011 0.000000 10.000000 14.000000 1.000000 11.000000 5.000000 6.000000 8.000000 3.000000 7.000000 9.000000 3.000000 4.000000 
28.788593 93.417951 0.000000 12.000000 5.000000 3.000000 7.000000 7.000000 2.000000 1.000000 12.000000 8.000000 10.000000 9.000000 5.000000 
26.687440 102.322413 0.000000 17.000000 16.000000 6.000000 10.000000 5.000000 3.000000 2.000000 2.000000 3.000000 8.000000 5.000000 4.000000 
27.706871 108.820007 0.000000 13.000000 15.000000 10.000000 5.000000 3.000000 7.000000 2.000000 1.000000 4.000000 7.000000 8.000000 6.000000 
25.909237 115.003296 0.000000 20.000000 1.000000 7.000000 11.000000 2.000000 4.000000 6.000000 3.000000 4.000000 13.000000 6.000000 4.000000 
26.910039 124.379612 0.000000 14.000000 8.000000 9.000000 5.000000 0.000000 1.000000 6.000000 3.000000 9.000000 12.000000 7.000000 7.000000 
28.584381 132.795561 0.000000 12.000000 3.000000 5.000000 27.000000 2.000000 5.000000 1.000000 2.000000 5.000000 5.000000 6.000000 8.000000 
30.346250 140.983108 0.000000 14.000000 9.000000 3.000000 6.000000 3.000000 3.000000 0.000000 6.000000 5.000000 18.000000 7.000000 7.000000 
30.324652 147.324652 0.000000 5.000000 3.000000 5.000000 12.000000 9.000000 2.000000 2.000000 6.000000 5.000000 12.000000 10.000000 10.000000 
29.860776 156.981604 0.000000 11.000000 8.000000 5.000000 20.000000 11.000000 4.000000 1.000000 2.000000 3.000000 7.000000 3.000000 6.000000 
26.399046 164.497135 0.000000 21.000000 10.000000 8.000000 6.000000 3.000000 2.000000 6.000000 4.000000 2.000000 3.000000 4.000000 12.000000 
26.558057 173.154252 0.000000 10.000000 2.000000 8.000000 3.000000 3.000000 2.000000 3.000000 2.000000 7.000000 23.000000 13.000000 5.000000 
24.891827 182.413175 0.000000 28.000000 8.000000 11.000000 3.000000 3.000000 4.000000 4.000000 6.000000 4.000000 6.000000 2.000000 2.000000 
24.483157 187.477480 0.000000 25.000000 13.000000 1.000000 5.000000 5.000000 5.000000 6.000000 5.000000 4.000000 2.000000 8.000000 2.000000 
28.014872 193.675662 0.000000 9.000000 15.000000 3.000000 13.000000 5.000000 3.000000 4.000000 8.000000 7.000000 9.000000 4.000000 1.000000 
30.934339 204.461792 0.000000 12.000000 14.000000 10.000000 7.000000 5.000000 4.000000 1.000000 3.000000 5.000000 5.000000 9.000000 6.000000 
24.677716 212.806481 0.000000 2.000000 7.000000 10.000000 19.000000 7.000000 5.000000 4.000000 7.000000 4.000000 9.000000 5.000000 2.000000 
28.327846 220.106518 0.000000 20.000000 6.000000 3.000000 8.000000 6.000000 4.000000 2.000000 4.000000 4.000000 12.000000 5.000000 7.000000 
29.951760 228.647065 0.000000 3.000000 7.000000 4.000000 10.000000 10.000000 13.000000 3.000000 4.000000 4.000000 5.000000 8.000000 10.000000 
28.000000 237.365028 27.000000 10.000000 7.000000 2.000000 5.000000 5.000000 4.000000 4.000000 0.000000 0.000000 1.000000 3.000000 4.000000 
36.365028 5.365028 27.000000 11.000000 4.000000 3.000000 5.000000 2.000000 1.000000 2.000000 4.000000 4.000000 9.000000 3.000000 6.000000 
37.755531 12.795907 0.000000 14.000000 7.000000 3.000000 7.000000 3.000000 4.000000 4.000000 12.000000 2.000000 16.000000 5.000000 4.000000 
36.969719 24.044170 0.000000 21.000000 12.000000 6.000000 7.000000 2.000000 3.000000 4.000000 3.000000 2.000000 5.000000 8.000000 8.000000 
38.220884 30.553612 0.000000 14.000000 6.000000 8.000000 6.000000 3.000000 1.000000 4.000000 6.000000 8.000000 10.000000 7.000000 8.000000 
36.646065 35.996260 0.000000 15.000000 6.000000 4.000000 7.000000 4.000000 5.000000 4.000000 9.000000 8.000000 8.000000 5.000000 6.000000 
44.808718 52.057671 0.000000 6.000000 3.000000 8.000000 2.000000 6.000000 8.000000 2.000000 3.000000 7.000000 24.000000 4.000000 8.000000 
41.572522 55.112010 0.000000 8.000000 7.000000 5.000000 2.000000 5.000000 7.000000 9.000000 3.000000 4.000000 17.000000 5.000000 9.000000 
30.893583 59.187300 0.000000 21.000000 7.000000 4.000000 4.000000 1.000000 7.000000 8.000000 6.000000 4.000000 7.000000 4.000000 8.000000 
35.483822 67.739895 0.000000 17.000000 7.000000 2.000000 13.000000 3.000000 7.000000 5.000000 3.000000 2.000000 7.000000 13.000000 2.000000 
31.399438 74.417162 0.000000 7.000000 2.000000 6.000000 27.000000 6.000000 2.000000 4.000000 4.000000 1.000000 4.000000 6.000000 12.000000 
35.524238 83.028744 0.000000 12.000000 4.000000 4.000000 9.000000 8.000000 3.000000 7.000000 3.000000 5.000000 4.000000 9.000000 13.000000 
37.849787 93.160066 0.000000 11.000000 4.000000 6.000000 10.000000 9.000000 9.000000 3.000000 5.000000 6.000000 6.000000 5.000000 7.000000 
36.734254 102.001056 0.000000 14.000000 11.000000 12.000000 4.000000 3.000000 5.000000 3.000000 5.000000 3.000000 8.000000 8.000000 5.000000 
36.413175 107.780266 0.000000 9.000000 7.000000 8.000000 7.000000 5.000000 2.000000 7.000000 6.000000 5.000000 16.000000 5.000000 4.000000 
37.430455 114.859195 0.000000 13.000000 6.000000 5.000000 6.000000 8.000000 1.000000 7.000000 11.000000 6.000000 5.000000 11.000000 2.000000 
33.425272 126.850541 0.000000 9.000000 0.000000 5.000000 10.000000 2.000000 4.000000 7.000000 4.000000 4.000000 18.000000 10.000000 8.000000 
33.000000 130.959625 0.000000 8.000000 3.000000 2.000000 20.000000 3.000000 5.000000 9.000000 3.000000 5.000000 9.000000 8.000000 6.000000 
36.457700 140.765018 0.000000 6.000000 13.000000 10.000000 6.000000 2.000000 6.000000 4.000000 4.000000 5.000000 12.000000 8.000000 5.000000 
38.655058 146.737062 0.000000 6.000000 9.000000 7.000000 17.000000 5.000000 2.000000 7.000000 2.000000 1.000000 4.000000 9.000000 12.000000 
36.696171 153.451148 0.000000 8.000000 10.000000 4.000000 8.000000 4.000000 0.000000 8.000000 4.000000 7.000000 10.000000 7.000000 11.000000 
32.954680 162.385597 0.000000 13.000000 6.000000 14.000000 19.000000 10.000000 2.000000 1.000000 2.000000 6.000000 1.000000 3.000000 4.000000 
33.260634 171.730938 0.000000 7.000000 5.000000 4.000000 3.000000 5.000000 7.000000 11.000000 3.000000 10.000000 11.000000 8.000000 7.000000 
29.764861 182.106601 0.000000 25.000000 5.000000 8.000000 4.000000 7.000000 5.000000 4.000000 4.000000 3.000000 6.000000 7.000000 3.000000 
31.702698 188.909237 0.000000 18.000000 7.000000 6.000000 10.000000 6.000000 6.000000 6.000000 3.000000 4.000000 4.000000 5.000000 6.000000 
33.964668 194.980511 0.000000 8.000000 7.000000 8.000000 6.000000 0.000000 3.000000 0.000000 4.000000 5.000000 21.000000 11.000000 8.000000 
36.744688 204.406184 0.000000 3.000000 16.000000 8.000000 19.000000 4.000000 6.000000 4.000000 2.000000 4.000000 4.000000 3.000000 8.000000 
37.047758 210.521936 0.000000 4.000000 4.000000 5.000000 8.000000 4.000000 4.000000 4.000000 5.000000 4.000000 16.000000 12.000000 11.000000 
38.904904 218.909237 0.000000 8.000000 5.000000 8.000000 26.000000 3.000000 2.000000 6.000000 6.000000 5.000000 9.000000 3.000000 0.000000 
39.352183 230.290267 0.000000 12.000000 7.000000 6.000000 4.000000 8.000000 4.000000 3.000000 4.000000 3.000000 12.000000 7.000000 11.000000 
36.743231 237.365028 27.000000 10.000000 10.000000 8.000000 4.000000 1.000000 1.000000 0.000000 1.000000 1.000000 3.000000 2.000000 4.000000 
44.365028 5.365028 27.000000 14.000000 6.000000 3.000000 3.000000 0.000000 1.000000 3.000000 5.000000 5.000000 5.000000 7.000000 2.000000 
44.545392 12.591973 0.000000 10.000000 7.000000 6.000000 7.000000 4.000000 4.000000 6.000000 10.000000 6.000000 7.000000 5.000000 9.000000 
41.322413 23.036631 0.000000 25.000000 8.000000 8.000000 5.000000 3.000000 6.000000 7.000000 1.000000 3.000000 6.000000 2.000000 7.000000 
45.221680 29.661621 0.000000 10.000000 6.000000 5.000000 17.000000 8.000000 3.000000 7.000000 2.000000 2.000000 7.000000 6.000000 8.000000 
45.689574 38.436816 0.000000 18.000000 2.000000 0.000000 9.000000 1.000000 3.000000 5.000000 6.000000 6.000000 10.000000 10.000000 11.000000 
48.179345 47.449289 0.000000 16.000000 13.000000 11.000000 6.000000 3.000000 2.000000 0.000000 2.000000 2.000000 11.000000 4.000000 11.000000 
47.865540 53.502202 0.000000 3.000000 3.000000 10.000000 2.000000 5.000000 7.000000 2.000000 2.000000 6.000000 26.000000 7.000000 8.000000 
43.241916 60.677587 0.000000 25.000000 6.000000 6.000000 9.000000 6.000000 4.000000 3.000000 2.000000 1.000000 4.000000 5.000000 10.000000 
41.063094 66.109598 0.000000 22.000000 5.000000 8.000000 1.000000 0.000000 1.000000 2.000000 4.000000 1.000000 14.000000 12.000000 11.000000 
36.220074 74.138714 0.000000 8.000000 2.000000 6.000000 28.000000 4.000000 3.000000 2.000000 4.000000 5.000000 7.000000 1.000000 11.000000 
43.264861 86.960216 0.000000 9.000000 3.000000 2.000000 9.000000 1.000000 3.000000 8.000000 4.000000 7.000000 12.000000 8.000000 15.000000 
43.928273 94.813873 0.000000 10.000000 3.000000 9.000000 20.000000 3.000000 5.000000 3.000000 0.000000 5.000000 3.000000 10.000000 10.000000 
43.075561 100.681226 0.000000 11.000000 6.000000 9.000000 6.000000 2.000000 3.000000 4.000000 5.000000 7.000000 5.000000 12.000000 11.000000 
44.650919 107.687440 0.000000 12.000000 3.000000 8.000000 9.000000 11.000000 2.000000 7.000000 4.000000 3.000000 6.000000 5.000000 11.000000 
44.410816 118.349954 0.000000 16.000000 5.000000 6.000000 5.000000 8.000000 2.000000 5.000000 8.000000 10.000000 7.000000 3.000000 6.000000 
42.122897 126.990703 0.000000 4.000000 2.000000 9.000000 29.000000 5.000000 3.000000 5.000000 2.000000 0.000000 5.000000 10.000000 7.000000 
42.780883 132.597717 0.000000 5.000000 11.000000 11.000000 16.000000 1.000000 4.000000 1.000000 3.000000 3.000000 4.000000 11.000000 11.000000 
46.090443 140.075833 0.000000 11.000000 8.000000 10.000000 14.000000 6.000000 4.000000 0.000000 3.000000 5.000000 14.000000 5.000000 1.000000 
44.565498 145.275852 0.000000 14.000000 7.000000 8.000000 9.000000 4.000000 3.000000 3.000000 2.000000 4.000000 16.000000 6.000000 5.000000 
44.704743 152.661684 0.000000 13.000000 8.000000 7.000000 11.000000 6.000000 2.000000 4.000000 5.000000 7.000000 11.000000 3.000000 4.000000 
44.421850 165.498079 0.000000 5.000000 2.000000 10.000000 2.000000 3.000000 3.000000 13.000000 11.000000 4.000000 12.000000 6.000000 10.000000 
45.104174 173.186271 0.000000 10.000000 6.000000 7.000000 10.000000 1.000000 5.000000 15.000000 11.000000 4.000000 6.000000 3.000000 3.000000 
45.714186 183.606937 0.000000 5.000000 2.000000 4.000000 26.000000 4.000000 1.000000 0.000000 4.000000 8.000000 16.000000 4.000000 7.000000 
44.116606 189.332564 0.000000 7.000000 2.000000 1.000000 16.000000 7.000000 7.000000 5.000000 2.000000 3.000000 5.000000 9.000000 17.000000 
44.651630 196.745756 0.000000 4.000000 8.000000 3.000000 13.000000 5.000000 7.000000 11.000000 6.000000 1.000000 6.000000 7.000000 10.000000 
43.365028 205.365028 0.000000 6.000000 9.000000 3.000000 5.000000 5.000000 2.000000 7.000000 5.000000 6.000000 25.000000 4.000000 4.000000 
44.250482 209.957089 0.000000 9.000000 10.000000 8.000000 7.000000 5.000000 4.000000 3.000000 5.000000 4.000000 5.000000 8.000000 13.000000 
43.159699 219.571483 0.000000 8.000000 8.000000 8.000000 26.000000 4.000000 2.000000 5.000000 4.000000 1.000000 8.000000 2.000000 5.000000 
45.798251 230.324652 0.000000 9.000000 6.000000 8.000000 19.000000 6.000000 3.000000 5.000000 2.000000 4.000000 5.000000 4.000000 10.000000 
44.408408 237.773436 27.000000 11.000000 2.000000 3.000000 2.000000 0.000000 0.000000 2.000000 2.000000 3.000000 6.000000 9.000000 5.000000 
52.365028 5.365028 27.000000 26.000000 1.000000 4.000000 2.000000 3.000000 1.000000 3.000000 2.000000 3.000000 4.000000 4.000000 1.000000 
53.000000 12.689680 0.000000 13.000000 5.000000 3.000000 6.000000 6.000000 6.000000 6.000000 7.000000 9.000000 12.000000 1.000000 7.000000 
52.058201 20.791184 0.000000 7.000000 13.000000 8.000000 7.000000 6.000000 8.000000 7.000000 6.000000 2.000000 4.000000 7.000000 6.000000 
54.000000 26.689680 0.000000 15.000000 5.000000 2.000000 14.000000 5.000000 6.000000 8.000000 3.000000 2.000000 5.000000 9.000000 7.000000 
52.270779 36.677387 0.000000 16.000000 4.000000 4.000000 10.000000 4.000000 1.000000 7.000000 2.000000 4.000000 6.000000 5.000000 18.000000 
52.779238 44.144265 0.000000 17.000000 3.000000 9.000000 17.000000 4.000000 1.000000 0.000000 0.000000 6.000000 11.000000 5.000000 8.000000 
54.356726 52.951852 0.000000 13.000000 5.000000 13.000000 7.000000 2.000000 6.000000 5.000000 3.000000 6.000000 9.000000 3.000000 9.000000 
56.200876 58.164152 0.000000 21.000000 5.000000 7.000000 10.000000 3.000000 2.000000 3.000000 3.000000 1.000000 11.000000 4.000000 11.000000 
55.322413 65.687440 0.000000 5.000000 8.000000 5.000000 17.000000 6.000000 3.000000 2.000000 3.000000 3.000000 17.000000 4.000000 8.000000 
53.343957 75.518909 0.000000 14.000000 2.000000 6.000000 8.000000 4.000000 8.000000 8.000000 6.000000 4.000000 6.000000 4.000000 11.000000 
54.266412 82.214578 0.000000 8.000000 7.000000 8.000000 10.000000 2.000000 3.000000 6.000000 10.000000 9.000000 6.000000 5.000000 7.000000 
51.573922 90.964755 0.000000 15.000000 3.000000 6.000000 6.000000 5.000000 4.000000 7.000000 2.000000 3.000000 7.000000 11.000000 12.000000 
51.279499 99.689680 0.000000 12.000000 5.000000 5.000000 4.000000 4.000000 8.000000 7.000000 9.000000 4.000000 5.000000 10.000000 8.000000 
53.764511 109.641655 0.000000 19.000000 5.000000 5.000000 4.000000 2.000000 4.000000 11.000000 6.000000 7.000000 6.000000 4.000000 8.000000 
56.622818 116.471945 0.000000 11.000000 13.000000 12.000000 9.000000 5.000000 3.000000 4.000000 6.000000 1.000000 5.000000 3.000000 9.000000 
57.621687 122.771749 0.000000 12.000000 11.000000 9.000000 6.000000 5.000000 4.000000 2.000000 4.000000 4.000000 13.000000 5.000000 6.000000 
51.607375 133.115411 0.000000 9.000000 9.000000 9.000000 6.000000 5.000000 8.000000 4.000000 5.000000 2.000000 1.000000 11.000000 12.000000 
51.166464 140.365028 0.000000 6.000000 6.000000 1.000000 19.000000 9.000000 7.000000 3.000000 6.000000 5.000000 6.000000 7.000000 6.000000 
51.021725 147.087241 0.000000 23.000000 7.000000 5.000000 2.000000 6.000000 5.000000 2.000000 2.000000 3.000000 9.000000 11.000000 6.000000 
51.427791 154.261889 0.000000 12.000000 9.000000 10.000000 4.000000 4.000000 2.000000 3.000000 3.000000 3.000000 15.000000 8.000000 8.000000 
52.000000 166.214341 0.000000 18.000000 19.000000 8.000000 7.000000 2.000000 1.000000 4.000000 5.000000 5.000000 4.000000 5.000000 3.000000 
52.413175 173.443822 0.000000 3.000000 3.000000 8.000000 22.000000 4.000000 4.000000 6.000000 10.000000 9.000000 6.000000 3.000000 3.000000 
52.017541 178.808755 0.000000 2.000000 5.000000 9.000000 22.000000 4.000000 2.000000 6.000000 3.000000 4.000000 15.000000 7.000000 2.000000 
48.634972 187.676491 0.000000 4.000000 5.000000 4.000000 21.000000 6.000000 3.000000 1.000000 1.000000 2.000000 13.000000 12.000000 9.000000 
50.723650 197.413330 0.000000 19.000000 9.000000 7.000000 5.000000 6.000000 1.000000 3.000000 1.000000 0.000000 14.000000 11.000000 5.000000 
51.586825 204.278006 0.000000 24.000000 5.000000 7.000000 20.000000 2.000000 3.000000 0.000000 1.000000 2.000000 2.000000 12.000000 3.000000 
51.365028 209.365028 0.000000 12.000000 5.000000 6.000000 13.000000 5.000000 3.000000 1.000000 1.000000 3.000000 11.000000 9.000000 12.000000 
53.114994 219.828302 0.000000 10.000000 4.000000 4.000000 5.000000 10.000000 10.000000 5.000000 3.000000 5.000000 9.000000 5.000000 11.000000 
53.374957 229.064637 0.000000 8.000000 2.000000 2.000000 11.000000 5.000000 5.000000 9.000000 11.000000 9.000000 11.000000 5.000000 3.000000 
52.000000 237.002427 27.000000 11.000000 1.000000 2.000000 6.000000 2.000000 3.000000 4.000000 1.000000 3.000000 5.000000 4.000000 3.000000 
60.000000 5.324652 39.000000 9.000000 0.000000 7.000000 3.000000 0.000000 3.000000 7.000000 2.000000 1.000000 3.000000 2.000000 5.000000 
60.000000 13.324652 18.000000 6.000000 4.000000 5.000000 8.000000 3.000000 5.000000 5.000000 2.000000 4.000000 7.000000 8.000000 6.000000 
60.000000 21.324652 18.000000 6.000000 7.000000 5.000000 4.000000 5.000000 1.000000 8.000000 3.000000 3.000000 12.000000 3.000000 6.000000 
60.440812 28.883841 18.000000 12.000000 4.000000 1.000000 7.000000 3.000000 5.000000 5.000000 4.000000 3.000000 9.000000 4.000000 6.000000 
60.000000 37.324652 18.000000 16.000000 8.000000 6.000000 19.000000 1.000000 3.000000 3.000000 0.000000 2.000000 0.000000 3.000000 2.000000 
60.000000 45.324652 18.000000 10.000000 6.000000 2.000000 3.000000 3.000000 5.000000 2.000000 2.000000 4.000000 15.000000 3.000000 8.000000 
60.000000 53.324652 18.000000 5.000000 13.000000 4.000000 2.000000 5.000000 6.000000 1.000000 2.000000 3.000000 7.000000 7.000000 8.000000 
60.975756 61.324652 18.000000 18.000000 3.000000 0.000000 5.000000 1.000000 4.000000 4.000000 4.000000 2.000000 16.000000 2.000000 4.000000 
60.927276 68.397377 18.000000 8.000000 6.000000 8.000000 15.000000 2.000000 4.000000 2.000000 0.000000 2.000000 5.000000 3.000000 8.000000 
60.000000 77.324652 18.000000 11.000000 6.000000 8.000000 4.000000 2.000000 4.000000 4.000000 2.000000 4.000000 2.000000 8.000000 8.000000 
60.422908 84.901745 18.000000 9.000000 6.000000 10.000000 5.000000 4.000000 2.000000 1.000000 2.000000 4.000000 7.000000 5.000000 8.000000 
60.000000 93.324652 18.000000 4.000000 4.000000 5.000000 7.000000 6.000000 4.000000 6.000000 4.000000 2.000000 3.000000 9.000000 9.000000 
60.000000 101.324652 18.000000 6.000000 4.000000 6.000000 12.000000 5.000000 3.000000 4.000000 3.000000 5.000000 3.000000 8.000000 4.000000 
60.416367 109.324652 18.000000 18.000000 7.000000 3.000000 3.000000 3.000000 6.000000 2.000000 2.000000 3.000000 4.000000 1.000000 11.000000 
61.169491 117.311998 18.000000 18.000000 6.000000 8.000000 5.000000 3.000000 1.000000 4.000000 2.000000 2.000000 7.000000 1.000000 6.000000 
61.902891 124.899921 18.000000 13.000000 4.000000 7.000000 5.000000 4.000000 5.000000 4.000000 4.000000 2.000000 6.000000 6.000000 3.000000 
60.000000 133.324652 18.000000 13.000000 8.000000 5.000000 9.000000 3.000000 4.000000 3.000000 2.000000 3.000000 0.000000 6.000000 7.000000 
60.000000 141.324652 18.000000 10.000000 7.000000 7.000000 5.000000 2.000000 1.000000 4.000000 4.000000 5.000000 8.000000 6.000000 4.000000 
60.000000 149.324652 18.000000 8.000000 6.000000 2.000000 2.000000 2.000000 4.000000 6.000000 6.000000 6.000000 9.000000 9.000000 3.000000 
60.000000 157.004150 18.000000 11.000000 9.000000 4.000000 3.000000 2.000000 4.000000 8.000000 5.000000 3.000000 4.000000 4.000000 6.000000 
60.000000 165.324652 18.000000 11.000000 7.000000 2.000000 6.000000 3.000000 3.000000 7.000000 5.000000 3.000000 7.000000 5.000000 4.000000 
60.000000 173.710780 18.000000 4.000000 9.000000 5.000000 10.000000 3.000000 5.000000 5.000000 5.000000 7.000000 3.000000 6.000000 1.000000 
60.000000 180.953885 18.000000 8.000000 3.000000 6.000000 11.000000 3.000000 4.000000 8.000000 5.000000 3.000000 4.000000 6.000000 2.000000 
59.481639 189.078505 18.000000 9.000000 1.000000 5.000000 9.000000 3.000000 3.000000 2.000000 0.000000 2.000000 13.000000 10.000000 6.000000 
60.000000 197.649005 18.000000 7.000000 3.000000 8.000000 14.000000 3.000000 4.000000 2.000000 1.000000 2.000000 3.000000 4.000000 12.000000 
60.000000 205.324652 18.000000 9.000000 2.000000 3.000000 7.000000 5.000000 1.000000 5.000000 4.000000 1.000000 7.000000 12.000000 7.000000 
60.000000 212.695212 18.000000 6.000000 4.000000 6.000000 12.000000 4.000000 7.000000 4.000000 5.000000 4.000000 8.000000 2.000000 1.000000 
60.000000 221.324652 18.000000 17.000000 3.000000 4.000000 3.000000 1.000000 2.000000 2.000000 1.000000 4.000000 10.000000 7.000000 9.000000 
60.000000 228.890526 18.000000 13.000000 1.000000 7.000000 11.000000 2.000000 0.000000 4.000000 1.000000 4.000000 9.000000 6.000000 5.000000 
60.000000 236.000000 35.000000 6.000000 3.000000 2.000000 5.000000 1.000000 0.000000 1.000000 0.000000 1.000000 3.000000 4.000000 2.000000 
