240
5.000000 5.689680 39.000000 12.000000 0.000000 1.000000 4.000000 2.000000 1.000000 0.000000 1.000000 1.000000 0.000000 2.000000 0.000000 
3.998302 14.565997 27.000000 12.000000 1.000000 2.000000 2.000000 1.000000 2.000000 0.000000 1.000000 2.000000 8.000000 2.000000 3.000000 
2.255191 20.494564 27.000000 7.000000 3.000000 3.000000 2.000000 1.000000 1.000000 3.000000 1.000000 5.000000 8.000000 1.000000 1.000000 
3.177657 28.911477 27.000000 8.000000 2.000000 3.000000 8.000000 2.000000 1.000000 0.000000 0.000000 2.000000 6.000000 4.000000 0.000000 
4.606507 37.042798 27.000000 10.000000 0.000000 2.000000 4.000000 2.000000 0.000000 1.000000 2.000000 4.000000 5.000000 2.000000 4.000000 
4.322413 45.647065 27.000000 10.000000 0.000000 2.000000 4.000000 4.000000 2.000000 2.000000 2.000000 3.000000 4.000000 2.000000 1.000000 
3.930375 53.394278 27.000000 2.000000 8.000000 0.000000 1.000000 1.000000 1.000000 0.000000 1.000000 1.000000 10.000000 6.000000 5.000000 
4.322413 61.002240 27.000000 6.000000 4.000000 7.000000 1.000000 0.000000 0.000000 0.000000 1.000000 1.000000 9.000000 5.000000 2.000000 
3.583138 69.760743 27.000000 2.000000 3.000000 6.000000 2.000000 2.000000 2.000000 1.000000 1.000000 2.000000 9.000000 5.000000 1.000000 
3.142731 77.324652 27.000000 1.000000 3.000000 4.000000 4.000000 0.000000 0.000000 1.000000 1.000000 2.000000 5.000000 9.000000 6.000000 
4.000000 85.689680 27.000000 1.000000 2.000000 2.000000 1.000000 1.000000 5.000000 5.000000 8.000000 4.000000 3.000000 1.000000 3.000000 
4.322413 93.002240 27.000000 12.000000 0.000000 2.000000 4.000000 2.000000 2.000000 1.000000 3.000000 3.000000 5.000000 0.000000 2.000000 
3.586825 101.737828 27.000000 5.000000 2.000000 1.000000 4.000000 2.000000 2.000000 0.000000 2.000000 4.000000 3.000000 1.000000 10.000000 
3.583138 109.324652 27.000000 9.000000 3.000000 3.000000 2.000000 1.000000 2.000000 0.000000 2.000000 5.000000 2.000000 2.000000 5.000000 
2.672797 115.997449 27.000000 6.000000 6.000000 3.000000 8.000000 0.000000 0.000000 2.000000 1.000000 2.000000 4.000000 3.000000 1.000000 
3.095497 126.130981 27.000000 9.000000 5.000000 0.000000 4.000000 0.000000 1.000000 3.000000 1.000000 1.000000 3.000000 8.000000 1.000000 
2.185065 133.737828 27.000000 12.000000 7.000000 3.000000 4.000000 0.000000 4.000000 1.000000 0.000000 0.000000 5.000000 0.000000 0.000000 
4.803824 140.520828 27.000000 10.000000 6.000000 2.000000 1.000000 1.000000 1.000000 1.000000 1.000000 2.000000 6.000000 3.000000 2.000000 
4.324652 149.324652 27.000000 1.000000 2.000000 1.000000 3.000000 4.000000 5.000000 12.000000 5.000000 1.000000 1.000000 0.000000 1.000000 
3.586825 156.911477 27.000000 3.000000 1.000000 2.000000 1.000000 0.000000 2.000000 5.000000 9.000000 6.000000 1.000000 1.000000 5.000000 
4.622103 164.702550 27.000000 1.000000 3.000000 4.000000 8.000000 4.000000 1.000000 0.000000 1.000000 1.000000 3.000000 5.000000 5.000000 
4.000000 173.689680 27.000000 3.000000 1.000000 3.000000 4.000000 1.000000 7.000000 3.000000 2.000000 3.000000 3.000000 3.000000 3.000000 
4.880691 180.734704 27.000000 4.000000 0.000000 2.000000 0.000000 3.000000 2.000000 5.000000 2.000000 3.000000 3.000000 4.000000 8.000000 
4.899078 188.730657 27.000000 8.000000 1.000000 5.000000 1.000000 3.000000 0.000000 4.000000 4.000000 2.000000 3.000000 3.000000 2.000000 
4.000000 197.689680 27.000000 13.000000 4.000000 2.000000 5.000000 3.000000 1.000000 1.000000 0.000000 1.000000 1.000000 2.000000 3.000000 
3.114672 206.121732 27.000000 8.000000 1.000000 0.000000 4.000000 1.000000 0.000000 1.000000 2.000000 3.000000 12.000000 3.000000 1.000000 
4.590158 212.734494 27.000000 6.000000 5.000000 5.000000 3.000000 2.000000 1.000000 1.000000 3.000000 2.000000 2.000000 2.000000 4.000000 
4.902996 220.421656 27.000000 8.000000 3.000000 4.000000 3.000000 0.000000 1.000000 1.000000 2.000000 2.000000 7.000000 4.000000 1.000000 
3.951852 229.413175 27.000000 4.000000 0.000000 3.000000 10.000000 1.000000 0.000000 0.000000 0.000000 0.000000 11.000000 7.000000 0.000000 
5.000000 236.365028 36.000000 2.000000 3.000000 3.000000 6.000000 2.000000 0.000000 0.000000 0.000000 0.000000 2.000000 2.000000 0.000000 
12.012839 6.375437 27.000000 13.000000 5.000000 2.000000 3.000000 0.000000 2.000000 3.000000 2.000000 2.000000 7.000000 12.000000 3.000000 
10.667913 14.724676 0.000000 13.000000 4.000000 10.000000 20.000000 4.000000 2.000000 3.000000 3.000000 5.000000 8.000000 5.000000 4.000000 
8.415300 18.495897 0.000000 23.000000 6.000000 9.000000 4.000000 1.000000 1.000000 7.000000 3.000000 6.000000 10.000000 6.000000 5.000000 
10.380759 26.686339 0.000000 15.000000 4.000000 6.000000 3.000000 5.000000 2.000000 4.000000 6.000000 10.000000 17.000000 7.000000 2.000000 
13.467754 35.152372 0.000000 5.000000 15.000000 5.000000 9.000000 2.000000 4.000000 4.000000 4.000000 7.000000 20.000000 4.000000 2.000000 
12.123780 45.413719 0.000000 13.000000 5.000000 13.000000 14.000000 5.000000 2.000000 4.000000 6.000000 8.000000 6.000000 3.000000 2.000000 
11.347628 50.156249 0.000000 7.000000 13.000000 7.000000 3.000000 3.000000 2.000000 5.000000 6.000000 4.000000 10.000000 14.000000 7.000000 
14.150139 58.953023 0.000000 7.000000 10.000000 9.000000 9.000000 3.000000 3.000000 7.000000 8.000000 5.000000 10.000000 6.000000 4.000000 
9.832617 69.413175 0.000000 3.000000 8.000000 5.000000 3.000000 1.000000 0.000000 5.000000 9.000000 7.000000 33.000000 6.000000 1.000000 
10.000000 75.959625 0.000000 14.000000 10.000000 7.000000 21.000000 4.000000 2.000000 3.000000 1.000000 2.000000 6.000000 5.000000 6.000000 
12.425157 84.909237 0.000000 7.000000 4.000000 5.000000 11.000000 0.000000 4.000000 4.000000 5.000000 4.000000 24.000000 8.000000 5.000000 
12.264412 90.909237 0.000000 13.000000 6.000000 5.000000 16.000000 3.000000 4.000000 4.000000 3.000000 2.000000 7.000000 13.000000 5.000000 
11.442700 101.555490 0.000000 5.000000 5.000000 6.000000 26.000000 7.000000 3.000000 2.000000 3.000000 3.000000 3.000000 8.000000 10.000000 
10.486264 106.699994 0.000000 23.000000 7.000000 4.000000 6.000000 7.000000 1.000000 2.000000 2.000000 4.000000 9.000000 7.000000 9.000000 
8.054948 113.139203 0.000000 24.000000 8.000000 5.000000 9.000000 2.000000 1.000000 4.000000 5.000000 5.000000 6.000000 8.000000 4.000000 
8.326057 126.644825 0.000000 23.000000 9.000000 4.000000 7.000000 4.000000 1.000000 5.000000 4.000000 4.000000 12.000000 5.000000 3.000000 
8.859047 132.140953 0.000000 18.000000 14.000000 6.000000 7.000000 6.000000 9.000000 4.000000 2.000000 3.000000 7.000000 0.000000 5.000000 
15.612200 135.945611 0.000000 3.000000 10.000000 13.000000 9.000000 5.000000 4.000000 8.000000 3.000000 2.000000 10.000000 9.000000 5.000000 
13.077060 147.461617 0.000000 5.000000 5.000000 5.000000 15.000000 6.000000 1.000000 4.000000 7.000000 12.000000 6.000000 3.000000 12.000000 
12.091291 153.908709 0.000000 6.000000 8.000000 6.000000 26.000000 5.000000 1.000000 1.000000 5.000000 6.000000 5.000000 5.000000 7.000000 
13.055011 161.216826 0.000000 3.000000 4.000000 11.000000 17.000000 6.000000 2.000000 6.000000 5.000000 6.000000 10.000000 8.000000 3.000000 
12.120218 172.287566 0.000000 13.000000 3.000000 9.000000 13.000000 4.000000 4.000000 7.000000 6.000000 2.000000 3.000000 8.000000 9.000000 
14.724681 178.646283 0.000000 7.000000 13.000000 5.000000 15.000000 5.000000 3.000000 4.000000 5.000000 6.000000 2.000000 5.000000 11.000000 
14.586825 185.911477 0.000000 18.000000 11.000000 7.000000 9.000000 9.000000 6.000000 2.000000 4.000000 2.000000 3.000000 7.000000 3.000000 
10.933043 196.190012 0.000000 34.000000 6.000000 6.000000 2.000000 4.000000 3.000000 5.000000 4.000000 6.000000 5.000000 4.000000 2.000000 
8.893423 203.152764 0.000000 10.000000 7.000000 0.000000 4.000000 6.000000 4.000000 4.000000 5.000000 8.000000 27.000000 5.000000 1.000000 
14.459653 209.537593 0.000000 10.000000 17.000000 6.000000 5.000000 4.000000 6.000000 8.000000 3.000000 3.000000 9.000000 8.000000 2.000000 
12.647829 214.738146 0.000000 6.000000 9.000000 7.000000 7.000000 3.000000 2.000000 5.000000 2.000000 10.000000 24.000000 5.000000 1.000000 
11.750239 229.219239 0.000000 11.000000 4.000000 2.000000 5.000000 3.000000 5.000000 0.000000 6.000000 10.000000 21.000000 9.000000 5.000000 
12.000000 237.365028 27.000000 14.000000 8.000000 5.000000 4.000000 1.000000 0.000000 1.000000 1.000000 1.000000 3.000000 0.000000 7.000000 
21.311636 6.007871 27.000000 1.000000 3.000000 4.000000 8.000000 3.000000 4.000000 8.000000 4.000000 0.000000 12.000000 1.000000 6.000000 
25.143404 14.166814 0.000000 14.000000 5.000000 6.000000 14.000000 6.000000 5.000000 4.000000 9.000000 5.000000 3.000000 2.000000 8.000000 
22.571793 21.819828 0.000000 11.000000 8.000000 6.000000 8.000000 4.000000 3.000000 10.000000 7.000000 5.000000 8.000000 6.000000 5.000000 
20.393363 29.414008 0.000000 12.000000 12.000000 7.000000 7.000000 6.000000 9.000000 7.000000 4.000000 2.000000 3.000000 6.000000 6.000000 
17.569142 36.224058 0.000000 7.000000 15.000000 4.000000 8.000000 2.000000 8.000000 1.000000 5.000000 3.000000 19.000000 7.000000 2.000000 
15.773618 44.032104 0.000000 7.000000 9.000000 11.000000 25.000000 7.000000 3.000000 0.000000 2.000000 2.000000 5.000000 5.000000 5.000000 
18.922128 48.239373 0.000000 7.000000 5.000000 17.000000 16.000000 5.000000 3.000000 1.000000 3.000000 3.000000 9.000000 5.000000 7.000000 
24.002240 60.322413 0.000000 20.000000 14.000000 2.000000 7.000000 5.000000 3.000000 3.000000 4.000000 6.000000 3.000000 8.000000 6.000000 
20.569764 68.839849 0.000000 4.000000 4.000000 6.000000 27.000000 7.000000 4.000000 5.000000 4.000000 6.000000 3.000000 5.000000 6.000000 
20.381930 75.000000 0.000000 8.000000 4.000000 4.000000 9.000000 0.000000 4.000000 6.000000 5.000000 7.000000 13.000000 7.000000 14.000000 
20.158106 84.951852 0.000000 13.000000 5.000000 5.000000 13.000000 5.000000 8.000000 7.000000 3.000000 6.000000 7.000000 8.000000 1.000000 
20.531874 92.216612 0.000000 13.000000 4.000000 4.000000 12.000000 10.000000 3.000000 5.000000 3.000000 1.000000 5.000000 12.000000 9.000000 
23.229526 101.096196 0.000000 10.000000 8.000000 2.000000 5.000000 8.000000 4.000000 5.000000 4.000000 7.000000 15.000000 7.000000 6.000000 
23.227862 107.909237 0.000000 11.000000 14.000000 1.000000 6.000000 2.000000 6.000000 5.000000 7.000000 4.000000 6.000000 7.000000 12.000000 
19.291836 114.422493 0.000000 7.000000 12.000000 5.000000 15.000000 5.000000 3.000000 10.000000 5.000000 2.000000 8.000000 6.000000 3.000000 
18.979938 125.735588 0.000000 17.000000 3.000000 11.000000 3.000000 1.000000 9.000000 10.000000 4.000000 2.000000 6.000000 3.000000 12.000000 
18.601828 132.344381 0.000000 4.000000 1.000000 7.000000 5.000000 1.000000 5.000000 15.000000 4.000000 7.000000 19.000000 6.000000 7.000000 
22.390970 137.298710 0.000000 6.000000 8.000000 9.000000 15.000000 2.000000 5.000000 12.000000 8.000000 3.000000 5.000000 3.000000 5.000000 
21.034612 146.977146 0.000000 4.000000 7.000000 7.000000 9.000000 3.000000 8.000000 8.000000 10.000000 9.000000 5.000000 5.000000 6.000000 
18.511984 155.149438 0.000000 4.000000 8.000000 9.000000 7.000000 8.000000 4.000000 4.000000 10.000000 9.000000 12.000000 4.000000 2.000000 
15.332388 163.374458 0.000000 1.000000 6.000000 7.000000 21.000000 6.000000 5.000000 9.000000 1.000000 2.000000 7.000000 11.000000 5.000000 
16.517044 173.877954 0.000000 12.000000 4.000000 6.000000 7.000000 4.000000 3.000000 4.000000 3.000000 2.000000 11.000000 10.000000 15.000000 
17.159462 182.264412 0.000000 9.000000 6.000000 3.000000 22.000000 8.000000 5.000000 2.000000 5.000000 5.000000 3.000000 7.000000 6.000000 
18.801331 186.873549 0.000000 17.000000 0.000000 15.000000 10.000000 6.000000 2.000000 1.000000 3.000000 4.000000 7.000000 13.000000 3.000000 
16.818862 191.913225 0.000000 30.000000 5.000000 9.000000 11.000000 7.000000 3.000000 3.000000 4.000000 2.000000 2.000000 4.000000 1.000000 
14.272905 201.204574 0.000000 9.000000 6.000000 8.000000 2.000000 4.000000 2.000000 4.000000 5.000000 7.000000 24.000000 6.000000 4.000000 
17.831482 209.714900 0.000000 3.000000 13.000000 1.000000 6.000000 0.000000 3.000000 2.000000 6.000000 7.000000 23.000000 11.000000 6.000000 
17.361251 215.486123 0.000000 5.000000 12.000000 4.000000 1.000000 1.000000 4.000000 4.000000 4.000000 6.000000 25.000000 8.000000 7.000000 
21.017151 228.054937 0.000000 11.000000 1.000000 6.000000 16.000000 3.000000 5.000000 14.000000 8.000000 3.000000 7.000000 2.000000 5.000000 
20.000000 237.365028 27.000000 9.000000 5.000000 2.000000 1.000000 0.000000 1.000000 7.000000 3.000000 2.000000 7.000000 4.000000 4.000000 
28.413175 4.951852 27.000000 6.000000 1.000000 1.000000 10.000000 3.000000 3.000000 6.000000 5.000000 4.000000 5.000000 4.000000 6.000000 
30.243673 11.989561 0.000000 17.000000 5.000000 6.000000 6.000000 9.000000 8.000000 8.000000 8.000000 3.000000 4.000000 2.000000 5.000000 
25.784351 21.175274 0.000000 18.000000 7.000000 4.000000 10.000000 3.000000 2.000000 5.000000 3.000000 4.000000 9.000000 5.000000 11.000000 
26.144437 27.823464 0.000000 23.000000 9.000000 7.000000 8.000000 4.000000 9.000000 8.000000 1.000000 1.000000 1.000000 3.000000 7.000000 
26.947354 34.807951 0.000000 10.000000 6.000000 3.000000 11.000000 2.000000 1.000000 6.000000 5.000000 8.000000 14.000000 4.000000 11.000000 
28.416048 44.407126 0.000000 7.000000 9.000000 8.000000 13.000000 4.000000 4.000000 3.000000 9.000000 7.000000 10.000000 5.000000 2.000000 
28.904871 53.904871 0.000000 27.000000 10.000000 1.000000 13.000000 2.000000 5.000000 4.000000 2.000000 3.000000 2.000000 3.000000 9.000000 
31.298193 59.768215 0.000000 21.000000 7.000000 3.000000 10.000000 6.000000 2.000000 7.000000 0.000000 2.000000 8.000000 4.000000 11.000000 
30.000000 67.173650 0.000000 15.000000 13.000000 11.000000 13.000000 3.000000 2.000000 6.000000 1.000000 1.000000 1.000000 6.000000 9.000000 
30.003890 76.309449 0.000000 14.000000 7.000000 3.000000 7.000000 6.000000 2.000000 8.000000 5.000000 8.000000 12.000000 3.000000 6.000000 
28.217091 86.038538 0.000000 18.000000 3.000000 8.000000 12.000000 3.000000 3.000000 2.000000 2.000000 4.000000 15.000000 7.000000 4.000000 
30.005508 93.456006 0.000000 16.000000 16.000000 9.000000 1.000000 2.000000 3.000000 5.000000 3.000000 6.000000 6.000000 3.000000 11.000000 
27.464290 99.867890 0.000000 12.000000 10.000000 2.000000 2.000000 6.000000 2.000000 5.000000 6.000000 7.000000 19.000000 7.000000 3.000000 
30.424679 108.948166 0.000000 12.000000 7.000000 2.000000 14.000000 5.000000 14.000000 1.000000 6.000000 3.000000 4.000000 7.000000 6.000000 
27.246655 115.322413 0.000000 11.000000 6.000000 3.000000 11.000000 8.000000 5.000000 7.000000 8.000000 3.000000 5.000000 9.000000 5.000000 
27.428739 126.252257 0.000000 11.000000 5.000000 5.000000 14.000000 4.000000 4.000000 7.000000 5.000000 5.000000 8.000000 6.000000 7.000000 
28.000000 133.959625 0.000000 5.000000 5.000000 7.000000 18.000000 5.000000 2.000000 13.000000 7.000000 6.000000 6.000000 4.000000 3.000000 
29.147690 139.419444 0.000000 11.000000 8.000000 9.000000 17.000000 3.000000 5.000000 4.000000 5.000000 6.000000 4.000000 5.000000 4.000000 
28.369976 145.164861 0.000000 14.000000 10.000000 5.000000 18.000000 4.000000 5.000000 6.000000 2.000000 5.000000 5.000000 5.000000 2.000000 
22.025669 159.436051 0.000000 5.000000 8.000000 6.000000 0.000000 10.000000 4.000000 5.000000 6.000000 8.000000 20.000000 5.000000 4.000000 
22.350858 167.214432 0.000000 5.000000 3.000000 8.000000 25.000000 10.000000 2.000000 2.000000 4.000000 3.000000 7.000000 4.000000 8.000000 
28.553249 171.699838 0.000000 14.000000 5.000000 3.000000 15.000000 11.000000 4.000000 4.000000 1.000000 3.000000 6.000000 5.000000 10.000000 
28.695492 179.513556 0.000000 12.000000 13.000000 6.000000 3.000000 3.000000 3.000000 11.000000 5.000000 2.000000 5.000000 12.000000 6.000000 
30.659087 191.002240 0.000000 19.000000 4.000000 8.000000 12.000000 1.000000 2.000000 4.000000 7.000000 7.000000 2.000000 9.000000 6.000000 
28.736669 197.876553 0.000000 12.000000 9.000000 8.000000 7.000000 2.000000 9.000000 5.000000 8.000000 7.000000 7.000000 6.000000 1.000000 
25.080009 205.231012 0.000000 7.000000 26.000000 6.000000 10.000000 2.000000 9.000000 1.000000 0.000000 2.000000 4.000000 10.000000 4.000000 
27.802430 213.735490 0.000000 8.000000 18.000000 8.000000 4.000000 1.000000 4.000000 1.000000 4.000000 6.000000 14.000000 9.000000 4.000000 
30.103396 222.378724 0.000000 6.000000 2.000000 5.000000 4.000000 2.000000 4.000000 4.000000 3.000000 8.000000 33.000000 3.000000 7.000000 
27.587260 225.428897 0.000000 8.000000 4.000000 2.000000 3.000000 1.000000 4.000000 8.000000 9.000000 6.000000 25.000000 1.000000 10.000000 
28.469655 237.357772 27.000000 3.000000 2.000000 7.000000 8.000000 4.000000 1.000000 4.000000 3.000000 4.000000 4.000000 2.000000 3.000000 
36.000000 5.689680 27.000000 8.000000 3.000000 2.000000 11.000000 6.000000 5.000000 2.000000 8.000000 2.000000 1.000000 1.000000 5.000000 
36.835641 13.281104 0.000000 10.000000 6.000000 3.000000 8.000000 4.000000 2.000000 1.000000 8.000000 10.000000 15.000000 4.000000 10.000000 
39.203226 18.001059 0.000000 7.000000 7.000000 12.000000 16.000000 2.000000 8.000000 1.000000 3.000000 5.000000 12.000000 7.000000 1.000000 
38.413175 24.951852 0.000000 12.000000 10.000000 6.000000 4.000000 0.000000 5.000000 0.000000 5.000000 5.000000 21.000000 9.000000 4.000000 
33.995941 32.741709 0.000000 9.000000 1.000000 6.000000 14.000000 3.000000 1.000000 3.000000 5.000000 8.000000 10.000000 10.000000 11.000000 
35.322413 43.002240 0.000000 9.000000 12.000000 6.000000 8.000000 5.000000 4.000000 3.000000 4.000000 5.000000 11.000000 9.000000 5.000000 
36.413175 52.084918 0.000000 23.000000 7.000000 2.000000 16.000000 2.000000 3.000000 1.000000 2.000000 2.000000 2.000000 4.000000 17.000000 
36.586825 57.221797 0.000000 17.000000 4.000000 4.000000 16.000000 4.000000 8.000000 4.000000 3.000000 4.000000 10.000000 2.000000 5.000000 
36.330642 68.854575 0.000000 14.000000 4.000000 11.000000 10.000000 6.000000 8.000000 8.000000 2.000000 2.000000 3.000000 4.000000 9.000000 
39.961958 79.588665 0.000000 11.000000 9.000000 5.000000 3.000000 6.000000 3.000000 7.000000 6.000000 6.000000 6.000000 9.000000 10.000000 
39.003954 85.349583 0.000000 2.000000 8.000000 3.000000 7.000000 9.000000 7.000000 9.000000 4.000000 3.000000 7.000000 11.000000 11.000000 
40.684494 95.047672 0.000000 13.000000 4.000000 3.000000 12.000000 5.000000 2.000000 4.000000 8.000000 4.000000 7.000000 10.000000 9.000000 
36.898298 103.324652 0.000000 16.000000 12.000000 4.000000 5.000000 3.000000 3.000000 4.000000 6.000000 2.000000 10.000000 2.000000 14.000000 
36.154205 109.567872 0.000000 20.000000 6.000000 1.000000 8.000000 3.000000 3.000000 6.000000 3.000000 2.000000 9.000000 6.000000 14.000000 
34.469484 116.197362 0.000000 10.000000 11.000000 4.000000 20.000000 6.000000 7.000000 1.000000 5.000000 3.000000 2.000000 5.000000 7.000000 
39.322413 125.260725 0.000000 13.000000 5.000000 9.000000 3.000000 4.000000 4.000000 6.000000 4.000000 6.000000 13.000000 5.000000 9.000000 
37.475035 132.409728 0.000000 9.000000 7.000000 8.000000 8.000000 1.000000 0.000000 9.000000 11.000000 1.000000 12.000000 8.000000 7.000000 
37.000000 140.173650 0.000000 6.000000 9.000000 9.000000 7.000000 6.000000 4.000000 9.000000 8.000000 11.000000 9.000000 3.000000 0.000000 
37.322413 146.971028 0.000000 4.000000 5.000000 5.000000 10.000000 6.000000 11.000000 13.000000 0.000000 5.000000 16.000000 2.000000 4.000000 
33.353214 158.019141 0.000000 5.000000 3.000000 7.000000 22.000000 6.000000 3.000000 2.000000 5.000000 7.000000 8.000000 8.000000 5.000000 
34.773839 164.386655 0.000000 7.000000 5.000000 4.000000 8.000000 7.000000 5.000000 2.000000 1.000000 2.000000 10.000000 9.000000 21.000000 
34.135527 169.352643 0.000000 12.000000 9.000000 5.000000 15.000000 4.000000 4.000000 4.000000 2.000000 0.000000 6.000000 7.000000 13.000000 
32.413175 176.578436 0.000000 29.000000 12.000000 6.000000 3.000000 0.000000 2.000000 1.000000 1.000000 2.000000 3.000000 14.000000 8.000000 
36.589681 187.010255 0.000000 10.000000 4.000000 7.000000 9.000000 4.000000 4.000000 4.000000 10.000000 6.000000 9.000000 9.000000 5.000000 
34.431645 195.640020 0.000000 23.000000 3.000000 10.000000 5.000000 4.000000 2.000000 1.000000 5.000000 6.000000 7.000000 11.000000 4.000000 
34.273191 205.707083 0.000000 14.000000 9.000000 3.000000 6.000000 2.000000 4.000000 4.000000 4.000000 5.000000 15.000000 12.000000 3.000000 
34.673670 212.490507 0.000000 13.000000 20.000000 3.000000 11.000000 5.000000 6.000000 3.000000 7.000000 5.000000 6.000000 1.000000 1.000000 
31.592116 220.858997 0.000000 4.000000 1.000000 1.000000 3.000000 0.000000 1.000000 2.000000 5.000000 6.000000 49.000000 7.000000 2.000000 
33.122890 225.583359 0.000000 6.000000 7.000000 5.000000 6.000000 2.000000 0.000000 0.000000 5.000000 3.000000 28.000000 14.000000 5.000000 
33.992910 234.918751 27.000000 0.000000 1.000000 2.000000 6.000000 1.000000 5.000000 7.000000 1.000000 5.000000 13.000000 1.000000 3.000000 
44.000000 6.029562 27.000000 5.000000 6.000000 8.000000 15.000000 2.000000 4.000000 1.000000 1.000000 1.000000 2.000000 4.000000 5.000000 
43.905551 14.322413 0.000000 19.000000 8.000000 3.000000 12.000000 5.000000 5.000000 6.000000 3.000000 3.000000 4.000000 8.000000 5.000000 
45.438705 20.952262 0.000000 13.000000 4.000000 5.000000 9.000000 6.000000 13.000000 2.000000 3.000000 7.000000 11.000000 3.000000 5.000000 
41.719917 26.541363 0.000000 19.000000 13.000000 5.000000 1.000000 2.000000 4.000000 2.000000 5.000000 5.000000 4.000000 10.000000 11.000000 
38.735588 34.734056 0.000000 5.000000 6.000000 11.000000 23.000000 2.000000 6.000000 7.000000 7.000000 4.000000 2.000000 4.000000 4.000000 
42.787237 41.093729 0.000000 10.000000 3.000000 5.000000 14.000000 4.000000 3.000000 3.000000 9.000000 2.000000 9.000000 8.000000 11.000000 
44.000000 50.948166 0.000000 13.000000 1.000000 3.000000 19.000000 5.000000 5.000000 4.000000 5.000000 5.000000 2.000000 10.000000 9.000000 
44.000000 60.119122 0.000000 7.000000 8.000000 4.000000 9.000000 1.000000 8.000000 11.000000 8.000000 5.000000 12.000000 1.000000 7.000000 
43.586825 72.869613 0.000000 18.000000 8.000000 3.000000 6.000000 1.000000 2.000000 10.000000 7.000000 7.000000 16.000000 1.000000 2.000000 
43.909237 79.378765 0.000000 27.000000 10.000000 3.000000 4.000000 5.000000 1.000000 1.000000 4.000000 7.000000 6.000000 4.000000 9.000000 
45.304301 83.781059 0.000000 12.000000 4.000000 3.000000 4.000000 4.000000 5.000000 6.000000 3.000000 2.000000 11.000000 12.000000 15.000000 
46.866824 94.322413 0.000000 19.000000 7.000000 4.000000 9.000000 3.000000 5.000000 7.000000 3.000000 2.000000 3.000000 9.000000 10.000000 
43.503957 100.406080 0.000000 17.000000 3.000000 6.000000 15.000000 2.000000 6.000000 4.000000 7.000000 4.000000 1.000000 7.000000 9.000000 
43.173650 106.173650 0.000000 15.000000 4.000000 5.000000 7.000000 7.000000 5.000000 7.000000 4.000000 3.000000 8.000000 4.000000 12.000000 
43.012530 114.988804 0.000000 14.000000 8.000000 2.000000 11.000000 6.000000 3.000000 4.000000 5.000000 3.000000 14.000000 3.000000 8.000000 
46.462593 124.036500 0.000000 9.000000 7.000000 6.000000 2.000000 5.000000 2.000000 9.000000 6.000000 4.000000 16.000000 3.000000 12.000000 
44.173650 133.444667 0.000000 10.000000 7.000000 6.000000 6.000000 12.000000 13.000000 3.000000 3.000000 4.000000 4.000000 10.000000 3.000000 
42.909237 138.566129 0.000000 3.000000 6.000000 4.000000 18.000000 6.000000 5.000000 13.000000 8.000000 3.000000 8.000000 2.000000 5.000000 
43.908454 149.000000 0.000000 2.000000 5.000000 13.000000 6.000000 7.000000 5.000000 7.000000 8.000000 10.000000 5.000000 7.000000 6.000000 
40.000000 156.218110 0.000000 3.000000 2.000000 10.000000 26.000000 3.000000 1.000000 0.000000 2.000000 4.000000 19.000000 8.000000 3.000000 
43.413356 162.746504 0.000000 8.000000 5.000000 6.000000 10.000000 7.000000 3.000000 1.000000 4.000000 3.000000 10.000000 11.000000 13.000000 
43.139413 167.311805 0.000000 9.000000 7.000000 3.000000 8.000000 6.000000 1.000000 2.000000 9.000000 7.000000 12.000000 10.000000 7.000000 
43.765127 176.835272 0.000000 10.000000 6.000000 2.000000 10.000000 9.000000 6.000000 9.000000 8.000000 6.000000 4.000000 4.000000 7.000000 
43.129837 184.188747 0.000000 6.000000 6.000000 7.000000 7.000000 4.000000 7.000000 7.000000 7.000000 6.000000 12.000000 5.000000 7.000000 
40.324652 192.587979 0.000000 21.000000 4.000000 12.000000 8.000000 0.000000 0.000000 4.000000 3.000000 8.000000 8.000000 9.000000 4.000000 
43.196335 205.605824 0.000000 16.000000 12.000000 9.000000 8.000000 5.000000 8.000000 2.000000 1.000000 0.000000 7.000000 10.000000 3.000000 
43.447059 211.091135 0.000000 7.000000 9.000000 6.000000 5.000000 1.000000 5.000000 4.000000 3.000000 7.000000 17.000000 11.000000 6.000000 
44.614515 222.234369 0.000000 12.000000 7.000000 19.000000 10.000000 4.000000 6.000000 4.000000 4.000000 4.000000 4.000000 2.000000 5.000000 
53.479615 227.345129 0.000000 3.000000 6.000000 4.000000 8.000000 0.000000 1.000000 1.000000 3.000000 7.000000 33.000000 8.000000 7.000000 
44.471015 232.910932 18.000000 1.000000 1.000000 0.000000 1.000000 4.000000 1.000000 5.000000 4.000000 9.000000 29.000000 4.000000 4.000000 
51.634972 5.365028 27.000000 2.000000 1.000000 3.000000 5.000000 2.000000 10.000000 15.000000 5.000000 1.000000 4.000000 4.000000 2.000000 
51.000000 12.340693 0.000000 11.000000 4.000000 7.000000 7.000000 4.000000 8.000000 15.000000 6.000000 3.000000 2.000000 7.000000 7.000000 
51.211431 18.576459 0.000000 12.000000 8.000000 5.000000 7.000000 3.000000 6.000000 3.000000 1.000000 2.000000 25.000000 5.000000 4.000000 
50.322413 27.371114 0.000000 18.000000 11.000000 8.000000 9.000000 5.000000 1.000000 4.000000 2.000000 1.000000 6.000000 6.000000 10.000000 
52.670358 39.618524 0.000000 2.000000 2.000000 7.000000 9.000000 1.000000 0.000000 2.000000 8.000000 6.000000 34.000000 4.000000 6.000000 
52.000000 45.232533 0.000000 9.000000 3.000000 7.000000 7.000000 1.000000 3.000000 3.000000 5.000000 5.000000 21.000000 13.000000 4.000000 
52.000000 54.014189 0.000000 23.000000 3.000000 9.000000 10.000000 2.000000 4.000000 6.000000 1.000000 2.000000 7.000000 5.000000 9.000000 
51.677587 63.011809 0.000000 17.000000 7.000000 8.000000 8.000000 3.000000 5.000000 16.000000 4.000000 1.000000 5.000000 3.000000 4.000000 
51.322413 71.053600 0.000000 4.000000 4.000000 10.000000 27.000000 0.000000 1.000000 1.000000 5.000000 8.000000 13.000000 1.000000 7.000000 
54.516947 76.869886 0.000000 9.000000 8.000000 7.000000 31.000000 1.000000 9.000000 3.000000 2.000000 3.000000 3.000000 0.000000 5.000000 
53.786549 81.322413 0.000000 7.000000 9.000000 3.000000 26.000000 2.000000 7.000000 7.000000 6.000000 3.000000 4.000000 1.000000 6.000000 
53.505419 92.891339 0.000000 15.000000 4.000000 6.000000 2.000000 2.000000 5.000000 5.000000 5.000000 7.000000 5.000000 8.000000 17.000000 
50.586825 98.951852 0.000000 12.000000 5.000000 3.000000 8.000000 6.000000 4.000000 7.000000 7.000000 4.000000 4.000000 11.000000 10.000000 
51.061674 107.555598 0.000000 9.000000 9.000000 7.000000 19.000000 8.000000 3.000000 1.000000 5.000000 2.000000 2.000000 6.000000 10.000000 
51.322413 118.687440 0.000000 2.000000 2.000000 5.000000 3.000000 5.000000 3.000000 2.000000 8.000000 6.000000 24.000000 8.000000 13.000000 
52.677587 126.442107 0.000000 9.000000 5.000000 7.000000 9.000000 8.000000 8.000000 4.000000 6.000000 5.000000 6.000000 8.000000 6.000000 
50.586825 133.421110 0.000000 5.000000 1.000000 3.000000 5.000000 4.000000 13.000000 16.000000 11.000000 7.000000 6.000000 5.000000 5.000000 
51.413175 137.951852 0.000000 7.000000 6.000000 4.000000 4.000000 4.000000 4.000000 14.000000 16.000000 5.000000 10.000000 3.000000 4.000000 
53.000000 146.628953 0.000000 12.000000 8.000000 6.000000 13.000000 6.000000 4.000000 3.000000 6.000000 6.000000 9.000000 5.000000 3.000000 
51.858587 155.961955 0.000000 12.000000 8.000000 6.000000 14.000000 4.000000 3.000000 3.000000 6.000000 3.000000 9.000000 5.000000 8.000000 
53.131502 165.496530 0.000000 14.000000 4.000000 8.000000 11.000000 6.000000 3.000000 2.000000 4.000000 4.000000 9.000000 9.000000 7.000000 
50.000000 170.950146 0.000000 6.000000 3.000000 4.000000 13.000000 11.000000 9.000000 6.000000 4.000000 7.000000 4.000000 7.000000 7.000000 
52.767546 182.091325 0.000000 15.000000 5.000000 4.000000 13.000000 6.000000 4.000000 3.000000 4.000000 5.000000 5.000000 12.000000 5.000000 
54.365028 188.365028 0.000000 6.000000 5.000000 10.000000 8.000000 7.000000 4.000000 4.000000 3.000000 4.000000 5.000000 15.000000 10.000000 
52.325226 195.989132 0.000000 8.000000 11.000000 6.000000 9.000000 6.000000 4.000000 5.000000 8.000000 5.000000 5.000000 7.000000 7.000000 
51.860754 204.876979 0.000000 12.000000 18.000000 8.000000 8.000000 5.000000 2.000000 2.000000 4.000000 4.000000 5.000000 8.000000 5.000000 
54.597608 211.572253 0.000000 6.000000 9.000000 12.000000 4.000000 7.000000 6.000000 4.000000 3.000000 7.000000 7.000000 9.000000 7.000000 
54.173927 224.951852 0.000000 3.000000 7.000000 2.000000 5.000000 4.000000 0.000000 2.000000 7.000000 4.000000 36.000000 6.000000 5.000000 
57.825838 229.287610 0.000000 3.000000 6.000000 4.000000 8.000000 0.000000 1.000000 1.000000 3.000000 7.000000 33.000000 8.000000 7.000000 
51.728838 236.455124 27.000000 4.000000 5.000000 2.000000 5.000000 8.000000 1.000000 5.000000 3.000000 2.000000 6.000000 1.000000 3.000000 
60.000000 5.324652 39.000000 4.000000 2.000000 2.000000 1.000000 0.000000 3.000000 7.000000 6.000000 6.000000 7.000000 3.000000 1.000000 
60.000000 13.324652 18.000000 3.000000 1.000000 0.000000 0.000000 1.000000 2.000000 6.000000 15.000000 17.000000 11.000000 2.000000 5.000000 
60.000000 21.324652 18.000000 6.000000 4.000000 0.000000 4.000000 9.000000 10.000000 11.000000 6.000000 1.000000 3.000000 2.000000 7.000000 
59.714585 29.039237 18.000000 3.000000 3.000000 2.000000 4.000000 6.000000 2.000000 7.000000 10.000000 9.000000 7.000000 4.000000 6.000000 
60.000000 38.556783 18.000000 4.000000 4.000000 3.000000 4.000000 7.000000 3.000000 5.000000 8.000000 9.000000 12.000000 1.000000 3.000000 
60.000000 45.324652 18.000000 0.000000 2.000000 1.000000 5.000000 14.000000 13.000000 9.000000 7.000000 5.000000 7.000000 0.000000 0.000000 
60.000000 53.324652 18.000000 12.000000 3.000000 5.000000 4.000000 2.000000 4.000000 1.000000 3.000000 1.000000 10.000000 9.000000 9.000000 
60.000000 61.673139 18.000000 8.000000 8.000000 1.000000 13.000000 3.000000 5.000000 6.000000 1.000000 1.000000 5.000000 9.000000 3.000000 
60.000000 69.658192 18.000000 6.000000 4.000000 2.000000 16.000000 5.000000 3.000000 5.000000 9.000000 6.000000 2.000000 4.000000 1.000000 
58.859783 77.000000 18.000000 1.000000 2.000000 2.000000 7.000000 8.000000 3.000000 6.000000 6.000000 15.000000 9.000000 2.000000 2.000000 
57.000000 84.324652 0.000000 5.000000 4.000000 4.000000 34.000000 6.000000 3.000000 6.000000 4.000000 2.000000 5.000000 3.000000 5.000000 
59.374997 93.324652 18.000000 5.000000 6.000000 3.000000 8.000000 5.000000 1.000000 0.000000 0.000000 2.000000 7.000000 11.000000 15.000000 
60.000000 101.324652 18.000000 9.000000 6.000000 7.000000 10.000000 4.000000 1.000000 3.000000 5.000000 1.000000 3.000000 9.000000 5.000000 
60.000000 109.324652 18.000000 22.000000 3.000000 2.000000 4.000000 3.000000 1.000000 7.000000 4.000000 2.000000 4.000000 5.000000 6.000000 
60.000000 117.658192 18.000000 7.000000 5.000000 11.000000 4.000000 4.000000 5.000000 5.000000 6.000000 4.000000 7.000000 3.000000 2.000000 
60.000000 125.324652 18.000000 3.000000 3.000000 8.000000 9.000000 6.000000 2.000000 1.000000 5.000000 5.000000 8.000000 6.000000 7.000000 
60.000000 133.632160 18.000000 2.000000 4.000000 5.000000 2.000000 2.000000 4.000000 6.000000 0.000000 1.000000 22.000000 10.000000 5.000000 
60.000000 141.009022 18.000000 4.000000 10.000000 7.000000 8.000000 1.000000 1.000000 5.000000 6.000000 1.000000 14.000000 5.000000 1.000000 
60.000000 149.324652 18.000000 7.000000 3.000000 7.000000 6.000000 7.000000 1.000000 2.000000 5.000000 3.000000 7.000000 9.000000 6.000000 
60.000000 157.324652 18.000000 10.000000 1.000000 2.000000 5.000000 5.000000 4.000000 7.000000 3.000000 4.000000 12.000000 6.000000 4.000000 
60.446877 165.771530 18.000000 14.000000 1.000000 4.000000 3.000000 6.000000 3.000000 3.000000 6.000000 4.000000 7.000000 8.000000 4.000000 
59.725462 173.050115 18.000000 6.000000 2.000000 7.000000 3.000000 8.000000 6.000000 9.000000 7.000000 3.000000 9.000000 3.000000 0.000000 
60.000000 181.706325 18.000000 4.000000 4.000000 4.000000 6.000000 3.000000 3.000000 9.000000 10.000000 7.000000 4.000000 5.000000 4.000000 
60.489431 189.324652 18.000000 1.000000 5.000000 12.000000 8.000000 4.000000 3.000000 6.000000 2.000000 2.000000 7.000000 9.000000 4.000000 
60.000000 197.324652 18.000000 10.000000 10.000000 6.000000 6.000000 4.000000 2.000000 2.000000 3.000000 1.000000 4.000000 8.000000 7.000000 
60.000000 205.324652 18.000000 10.000000 9.000000 4.000000 6.000000 5.000000 5.000000 3.000000 4.000000 3.000000 3.000000 2.000000 9.000000 
60.457251 212.867401 18.000000 10.000000 8.000000 4.000000 8.000000 8.000000 3.000000 3.000000 7.000000 2.000000 1.000000 5.000000 4.000000 
60.495226 223.181167 18.000000 5.000000 6.000000 1.000000 3.000000 4.000000 3.000000 3.000000 3.000000 4.000000 20.000000 2.000000 9.000000 
60.000000 228.890526 18.000000 1.000000 4.000000 4.000000 11.000000 10.000000 4.000000 6.000000 4.000000 3.000000 7.000000 5.000000 4.000000 
60.000000 236.000000 35.000000 3.000000 5.000000 2.000000 3.000000 0.000000 1.000000 5.000000 1.000000 1.000000 0.000000 4.000000 3.000000 
