240
5.000000 5.689680 39.000000 9.000000 1.000000 1.000000 6.000000 2.000000 1.000000 0.000000 0.000000 0.000000 2.000000 0.000000 2.000000 
2.734272 14.148245 27.000000 9.000000 2.000000 2.000000 7.000000 1.000000 0.000000 0.000000 2.000000 5.000000 6.000000 0.000000 2.000000 
4.324652 21.324652 27.000000 5.000000 3.000000 4.000000 2.000000 2.000000 3.000000 1.000000 4.000000 3.000000 7.000000 1.000000 1.000000 
3.907312 30.058315 27.000000 6.000000 2.000000 3.000000 8.000000 1.000000 0.000000 0.000000 2.000000 1.000000 6.000000 4.000000 3.000000 
4.322413 37.647065 27.000000 8.000000 0.000000 2.000000 8.000000 1.000000 1.000000 0.000000 0.000000 1.000000 8.000000 2.000000 5.000000 
3.154230 44.911477 27.000000 7.000000 0.000000 4.000000 7.000000 4.000000 2.000000 4.000000 0.000000 1.000000 4.000000 1.000000 2.000000 
4.000000 53.689680 27.000000 4.000000 6.000000 1.000000 4.000000 1.000000 0.000000 1.000000 0.000000 0.000000 10.000000 8.000000 1.000000 
4.329282 60.630342 27.000000 5.000000 4.000000 8.000000 0.000000 0.000000 0.000000 0.000000 2.000000 0.000000 9.000000 3.000000 5.000000 
3.583138 69.764713 27.000000 3.000000 3.000000 3.000000 4.000000 0.000000 1.000000 0.000000 3.000000 4.000000 9.000000 3.000000 3.000000 
3.136173 77.737828 27.000000 2.000000 2.000000 3.000000 9.000000 2.000000 0.000000 0.000000 0.000000 2.000000 5.000000 2.000000 9.000000 
2.785064 84.109716 27.000000 5.000000 1.000000 3.000000 2.000000 1.000000 0.000000 0.000000 2.000000 4.000000 9.000000 3.000000 6.000000 
4.740941 93.987430 27.000000 10.000000 1.000000 0.000000 3.000000 3.000000 1.000000 0.000000 2.000000 5.000000 5.000000 1.000000 5.000000 
4.607137 101.362341 27.000000 8.000000 2.000000 0.000000 3.000000 4.000000 3.000000 0.000000 5.000000 1.000000 4.000000 3.000000 3.000000 
4.000000 109.689680 27.000000 10.000000 3.000000 2.000000 5.000000 2.000000 2.000000 1.000000 2.000000 2.000000 0.000000 3.000000 4.000000 
4.324652 117.324652 27.000000 4.000000 7.000000 3.000000 6.000000 4.000000 1.000000 2.000000 0.000000 2.000000 0.000000 2.000000 5.000000 
2.651265 125.814536 27.000000 9.000000 3.000000 0.000000 1.000000 1.000000 1.000000 0.000000 1.000000 1.000000 9.000000 4.000000 6.000000 
2.084195 133.737828 27.000000 13.000000 8.000000 1.000000 4.000000 4.000000 1.000000 3.000000 0.000000 0.000000 1.000000 0.000000 1.000000 
4.000000 141.689680 27.000000 9.000000 5.000000 3.000000 3.000000 0.000000 0.000000 2.000000 2.000000 2.000000 6.000000 3.000000 1.000000 
4.324652 149.324652 27.000000 5.000000 2.000000 2.000000 14.000000 2.000000 1.000000 0.000000 3.000000 2.000000 2.000000 1.000000 2.000000 
4.322413 157.984766 27.000000 6.000000 2.000000 3.000000 5.000000 2.000000 0.000000 1.000000 1.000000 9.000000 2.000000 0.000000 5.000000 
4.604209 164.720444 27.000000 4.000000 3.000000 4.000000 13.000000 1.000000 0.000000 1.000000 1.000000 0.000000 0.000000 7.000000 2.000000 
2.646026 174.680022 27.000000 9.000000 0.000000 3.000000 2.000000 4.000000 4.000000 1.000000 1.000000 0.000000 0.000000 4.000000 8.000000 
2.169325 180.860646 27.000000 3.000000 0.000000 2.000000 14.000000 2.000000 2.000000 2.000000 3.000000 0.000000 4.000000 3.000000 1.000000 
2.747945 189.737828 27.000000 2.000000 5.000000 6.000000 1.000000 0.000000 2.000000 3.000000 3.000000 3.000000 4.000000 3.000000 4.000000 
4.841480 197.400958 27.000000 12.000000 8.000000 3.000000 1.000000 0.000000 1.000000 2.000000 0.000000 3.000000 3.000000 0.000000 3.000000 
4.324652 205.324652 27.000000 11.000000 6.000000 0.000000 6.000000 0.000000 0.000000 1.000000 3.000000 0.000000 7.000000 2.000000 0.000000 
3.586825 212.911477 27.000000 10.000000 3.000000 1.000000 2.000000 1.000000 0.000000 1.000000 0.000000 2.000000 13.000000 2.000000 1.000000 
4.900416 222.586819 27.000000 8.000000 3.000000 6.000000 6.000000 0.000000 2.000000 4.000000 0.000000 1.000000 1.000000 3.000000 2.000000 
4.365028 228.634972 27.000000 3.000000 3.000000 6.000000 4.000000 2.000000 3.000000 2.000000 2.000000 2.000000 5.000000 4.000000 0.000000 
5.000000 236.365028 36.000000 1.000000 7.000000 2.000000 3.000000 2.000000 0.000000 4.000000 1.000000 0.000000 0.000000 0.000000 0.000000 
11.005890 6.024854 27.000000 8.000000 5.000000 3.000000 2.000000 2.000000 1.000000 4.000000 2.000000 5.000000 11.000000 6.000000 5.000000 
9.687440 14.909298 0.000000 13.000000 10.000000 8.000000 17.000000 5.000000 7.000000 4.000000 4.000000 5.000000 5.000000 2.000000 1.000000 
12.132061 21.409950 0.000000 9.000000 10.000000 5.000000 10.000000 8.000000 3.000000 3.000000 3.000000 5.000000 10.000000 6.000000 9.000000 
12.644825 30.644825 0.000000 15.000000 7.000000 4.000000 10.000000 5.000000 3.000000 6.000000 1.000000 3.000000 4.000000 9.000000 14.000000 
11.754948 37.061503 0.000000 8.000000 5.000000 6.000000 10.000000 4.000000 2.000000 1.000000 2.000000 2.000000 22.000000 7.000000 12.000000 
10.000000 42.959625 0.000000 8.000000 6.000000 10.000000 7.000000 2.000000 4.000000 4.000000 2.000000 5.000000 20.000000 6.000000 7.000000 
12.668934 52.777749 0.000000 16.000000 11.000000 6.000000 4.000000 3.000000 4.000000 6.000000 6.000000 5.000000 4.000000 11.000000 5.000000 
12.221797 57.807593 0.000000 11.000000 9.000000 11.000000 5.000000 10.000000 6.000000 6.000000 3.000000 3.000000 10.000000 6.000000 1.000000 
10.147726 69.492641 0.000000 8.000000 4.000000 4.000000 3.000000 1.000000 5.000000 2.000000 13.000000 7.000000 23.000000 7.000000 4.000000 
9.045650 76.239354 0.000000 10.000000 10.000000 7.000000 25.000000 3.000000 3.000000 2.000000 1.000000 3.000000 5.000000 0.000000 12.000000 
9.873939 80.955447 0.000000 8.000000 2.000000 3.000000 14.000000 2.000000 3.000000 6.000000 2.000000 4.000000 18.000000 9.000000 10.000000 
17.699338 94.552225 0.000000 8.000000 13.000000 7.000000 12.000000 5.000000 5.000000 4.000000 4.000000 5.000000 8.000000 7.000000 3.000000 
15.213835 100.647065 0.000000 13.000000 7.000000 8.000000 11.000000 7.000000 2.000000 1.000000 6.000000 5.000000 6.000000 4.000000 11.000000 
12.692329 109.037727 0.000000 17.000000 11.000000 7.000000 8.000000 6.000000 5.000000 0.000000 1.000000 3.000000 7.000000 4.000000 12.000000 
11.922363 116.675997 0.000000 13.000000 15.000000 7.000000 5.000000 8.000000 3.000000 2.000000 3.000000 6.000000 2.000000 10.000000 7.000000 
8.023793 125.000000 9.000000 16.000000 9.000000 0.000000 1.000000 1.000000 1.000000 1.000000 2.000000 2.000000 23.000000 8.000000 8.000000 
7.586825 132.911477 0.000000 18.000000 18.000000 4.000000 5.000000 4.000000 3.000000 15.000000 2.000000 1.000000 6.000000 2.000000 3.000000 
10.486264 140.964770 0.000000 7.000000 7.000000 5.000000 3.000000 2.000000 7.000000 15.000000 4.000000 10.000000 10.000000 8.000000 3.000000 
13.322413 150.274268 0.000000 3.000000 2.000000 3.000000 11.000000 10.000000 5.000000 12.000000 9.000000 10.000000 8.000000 3.000000 5.000000 
13.528677 157.471323 0.000000 6.000000 8.000000 7.000000 3.000000 7.000000 6.000000 1.000000 8.000000 14.000000 17.000000 3.000000 1.000000 
13.539331 162.445933 0.000000 6.000000 11.000000 5.000000 11.000000 4.000000 4.000000 4.000000 5.000000 7.000000 16.000000 8.000000 0.000000 
7.857953 174.187929 9.000000 24.000000 0.000000 7.000000 3.000000 4.000000 4.000000 1.000000 3.000000 0.000000 5.000000 4.000000 17.000000 
7.843093 179.124975 0.000000 14.000000 1.000000 4.000000 27.000000 5.000000 4.000000 3.000000 2.000000 1.000000 8.000000 4.000000 8.000000 
10.136704 189.545265 0.000000 17.000000 7.000000 6.000000 8.000000 3.000000 5.000000 4.000000 1.000000 3.000000 7.000000 4.000000 16.000000 
15.689680 196.000000 0.000000 22.000000 7.000000 5.000000 9.000000 6.000000 2.000000 5.000000 3.000000 5.000000 9.000000 3.000000 5.000000 
12.538577 202.329701 0.000000 22.000000 5.000000 3.000000 9.000000 3.000000 6.000000 3.000000 6.000000 9.000000 12.000000 3.000000 0.000000 
12.396700 212.652314 0.000000 9.000000 6.000000 14.000000 9.000000 3.000000 3.000000 5.000000 6.000000 6.000000 13.000000 6.000000 1.000000 
13.938415 224.961127 0.000000 2.000000 2.000000 4.000000 6.000000 4.000000 2.000000 2.000000 3.000000 11.000000 38.000000 5.000000 2.000000 
13.397567 228.996319 0.000000 12.000000 3.000000 4.000000 5.000000 2.000000 1.000000 3.000000 4.000000 5.000000 37.000000 2.000000 3.000000 
12.000000 237.365028 27.000000 11.000000 11.000000 2.000000 6.000000 1.000000 1.000000 2.000000 4.000000 1.000000 0.000000 2.000000 4.000000 
20.322413 6.384848 27.000000 6.000000 2.000000 5.000000 9.000000 7.000000 4.000000 1.000000 1.000000 3.000000 6.000000 4.000000 6.000000 
21.000000 14.573646 0.000000 24.000000 7.000000 2.000000 6.000000 10.000000 7.000000 6.000000 2.000000 2.000000 9.000000 3.000000 3.000000 
20.322413 22.841051 0.000000 16.000000 3.000000 6.000000 8.000000 9.000000 6.000000 2.000000 3.000000 6.000000 10.000000 7.000000 5.000000 
19.728729 29.425350 0.000000 13.000000 12.000000 12.000000 6.000000 5.000000 2.000000 3.000000 1.000000 1.000000 7.000000 11.000000 8.000000 
18.564223 35.624453 0.000000 7.000000 9.000000 6.000000 4.000000 2.000000 4.000000 1.000000 9.000000 3.000000 21.000000 6.000000 9.000000 
20.230265 43.267386 0.000000 8.000000 14.000000 7.000000 11.000000 10.000000 7.000000 0.000000 3.000000 4.000000 9.000000 6.000000 2.000000 
18.684862 53.619389 0.000000 9.000000 12.000000 11.000000 9.000000 2.000000 1.000000 1.000000 6.000000 2.000000 14.000000 5.000000 9.000000 
18.826288 58.976121 0.000000 16.000000 13.000000 2.000000 5.000000 2.000000 2.000000 3.000000 1.000000 3.000000 16.000000 11.000000 7.000000 
20.307284 70.499730 0.000000 6.000000 2.000000 4.000000 31.000000 4.000000 6.000000 6.000000 6.000000 5.000000 6.000000 2.000000 3.000000 
22.737828 76.078557 0.000000 7.000000 5.000000 4.000000 6.000000 3.000000 7.000000 4.000000 5.000000 6.000000 17.000000 4.000000 13.000000 
22.496154 81.196776 0.000000 14.000000 5.000000 4.000000 11.000000 6.000000 8.000000 3.000000 6.000000 5.000000 12.000000 1.000000 6.000000 
26.266466 93.909237 0.000000 16.000000 13.000000 7.000000 7.000000 5.000000 4.000000 3.000000 2.000000 3.000000 7.000000 8.000000 6.000000 
23.273267 101.635663 0.000000 15.000000 4.000000 5.000000 12.000000 6.000000 4.000000 4.000000 3.000000 2.000000 10.000000 6.000000 10.000000 
20.322413 109.002240 0.000000 14.000000 10.000000 7.000000 9.000000 3.000000 2.000000 4.000000 3.000000 4.000000 6.000000 10.000000 9.000000 
19.996313 116.586825 0.000000 14.000000 5.000000 5.000000 18.000000 3.000000 2.000000 3.000000 3.000000 4.000000 5.000000 10.000000 9.000000 
20.096241 122.442994 0.000000 8.000000 10.000000 8.000000 5.000000 5.000000 9.000000 8.000000 4.000000 3.000000 8.000000 8.000000 5.000000 
17.042556 130.613194 0.000000 5.000000 4.000000 4.000000 16.000000 3.000000 4.000000 8.000000 7.000000 6.000000 11.000000 6.000000 7.000000 
18.572269 141.826794 0.000000 8.000000 12.000000 10.000000 21.000000 5.000000 1.000000 1.000000 2.000000 8.000000 3.000000 7.000000 3.000000 
20.000000 151.718575 0.000000 7.000000 7.000000 6.000000 4.000000 6.000000 1.000000 6.000000 10.000000 17.000000 11.000000 1.000000 5.000000 
20.008223 158.068511 0.000000 8.000000 6.000000 6.000000 10.000000 7.000000 3.000000 8.000000 4.000000 6.000000 17.000000 4.000000 2.000000 
22.468839 161.884385 0.000000 2.000000 4.000000 2.000000 8.000000 15.000000 16.000000 5.000000 4.000000 3.000000 6.000000 9.000000 7.000000 
21.823208 170.439003 0.000000 9.000000 2.000000 3.000000 10.000000 7.000000 10.000000 4.000000 2.000000 2.000000 10.000000 8.000000 14.000000 
22.753535 179.607826 0.000000 12.000000 8.000000 14.000000 10.000000 3.000000 1.000000 1.000000 0.000000 7.000000 11.000000 7.000000 7.000000 
21.714963 190.062641 0.000000 17.000000 5.000000 10.000000 9.000000 2.000000 3.000000 1.000000 4.000000 4.000000 18.000000 6.000000 2.000000 
21.456797 195.159448 0.000000 20.000000 6.000000 7.000000 7.000000 1.000000 2.000000 0.000000 3.000000 10.000000 11.000000 7.000000 7.000000 
18.557279 202.192252 0.000000 17.000000 6.000000 4.000000 13.000000 4.000000 4.000000 3.000000 5.000000 5.000000 8.000000 8.000000 4.000000 
19.748555 216.688772 0.000000 11.000000 20.000000 9.000000 5.000000 4.000000 5.000000 5.000000 1.000000 4.000000 3.000000 10.000000 4.000000 
17.196458 222.831390 0.000000 3.000000 4.000000 9.000000 4.000000 0.000000 5.000000 2.000000 2.000000 8.000000 32.000000 9.000000 3.000000 
21.998613 228.690997 0.000000 9.000000 6.000000 14.000000 13.000000 4.000000 5.000000 4.000000 4.000000 8.000000 3.000000 5.000000 6.000000 
20.000000 237.365028 27.000000 6.000000 3.000000 1.000000 4.000000 2.000000 2.000000 6.000000 5.000000 3.000000 11.000000 2.000000 0.000000 
27.109370 4.826846 27.000000 4.000000 3.000000 3.000000 8.000000 3.000000 2.000000 4.000000 3.000000 4.000000 3.000000 9.000000 8.000000 
27.865852 9.517951 0.000000 13.000000 10.000000 5.000000 9.000000 8.000000 4.000000 3.000000 4.000000 5.000000 4.000000 9.000000 7.000000 
27.195864 22.342813 0.000000 11.000000 5.000000 5.000000 6.000000 2.000000 5.000000 6.000000 6.000000 7.000000 7.000000 5.000000 16.000000 
27.179081 28.832163 0.000000 16.000000 15.000000 8.000000 5.000000 3.000000 5.000000 5.000000 3.000000 2.000000 2.000000 8.000000 9.000000 
31.508235 35.620309 0.000000 17.000000 3.000000 4.000000 8.000000 4.000000 4.000000 4.000000 7.000000 5.000000 13.000000 3.000000 9.000000 
28.303665 41.711572 0.000000 18.000000 11.000000 4.000000 10.000000 5.000000 4.000000 2.000000 4.000000 4.000000 4.000000 5.000000 10.000000 
23.245137 51.975192 0.000000 11.000000 11.000000 3.000000 5.000000 5.000000 2.000000 6.000000 5.000000 5.000000 21.000000 1.000000 6.000000 
26.491808 59.668936 0.000000 17.000000 8.000000 2.000000 13.000000 4.000000 4.000000 6.000000 5.000000 1.000000 8.000000 6.000000 7.000000 
29.712933 70.347906 0.000000 23.000000 11.000000 5.000000 0.000000 1.000000 1.000000 1.000000 4.000000 6.000000 12.000000 10.000000 7.000000 
30.604362 76.233133 0.000000 14.000000 10.000000 6.000000 1.000000 2.000000 5.000000 3.000000 9.000000 8.000000 15.000000 5.000000 3.000000 
28.586825 80.951852 0.000000 19.000000 5.000000 5.000000 8.000000 1.000000 6.000000 2.000000 5.000000 8.000000 17.000000 5.000000 0.000000 
30.856601 91.827041 0.000000 24.000000 11.000000 9.000000 4.000000 1.000000 1.000000 1.000000 4.000000 3.000000 11.000000 8.000000 4.000000 
27.958618 100.951852 0.000000 18.000000 7.000000 2.000000 9.000000 6.000000 3.000000 5.000000 2.000000 5.000000 11.000000 7.000000 6.000000 
28.221797 107.413175 0.000000 14.000000 10.000000 3.000000 8.000000 2.000000 5.000000 5.000000 6.000000 6.000000 6.000000 4.000000 12.000000 
27.322413 115.905551 0.000000 11.000000 9.000000 8.000000 11.000000 4.000000 5.000000 8.000000 5.000000 4.000000 3.000000 6.000000 7.000000 
27.586825 122.221797 0.000000 11.000000 7.000000 7.000000 11.000000 4.000000 8.000000 9.000000 4.000000 4.000000 5.000000 4.000000 7.000000 
27.584270 131.949297 0.000000 4.000000 4.000000 8.000000 11.000000 5.000000 2.000000 7.000000 10.000000 7.000000 12.000000 8.000000 3.000000 
30.413175 141.365447 0.000000 9.000000 5.000000 7.000000 7.000000 6.000000 3.000000 9.000000 8.000000 10.000000 11.000000 4.000000 2.000000 
29.763755 145.703025 0.000000 7.000000 6.000000 6.000000 7.000000 7.000000 5.000000 7.000000 6.000000 8.000000 16.000000 4.000000 2.000000 
29.996313 154.586825 0.000000 3.000000 5.000000 14.000000 15.000000 4.000000 4.000000 4.000000 4.000000 8.000000 9.000000 8.000000 3.000000 
27.765726 161.692292 0.000000 9.000000 2.000000 3.000000 9.000000 4.000000 7.000000 2.000000 3.000000 4.000000 10.000000 13.000000 15.000000 
25.289261 171.365028 0.000000 14.000000 3.000000 2.000000 15.000000 8.000000 4.000000 1.000000 3.000000 2.000000 5.000000 4.000000 20.000000 
27.694375 179.318326 0.000000 22.000000 6.000000 5.000000 4.000000 6.000000 1.000000 5.000000 4.000000 6.000000 3.000000 8.000000 11.000000 
28.423222 189.285007 0.000000 16.000000 6.000000 5.000000 5.000000 5.000000 3.000000 6.000000 5.000000 4.000000 11.000000 8.000000 7.000000 
29.000000 195.948166 0.000000 15.000000 4.000000 5.000000 15.000000 6.000000 2.000000 2.000000 2.000000 6.000000 8.000000 13.000000 3.000000 
27.043676 203.941026 0.000000 13.000000 4.000000 10.000000 5.000000 5.000000 5.000000 5.000000 4.000000 7.000000 9.000000 7.000000 7.000000 
24.546350 212.981095 0.000000 6.000000 25.000000 9.000000 6.000000 6.000000 7.000000 4.000000 1.000000 2.000000 4.000000 6.000000 5.000000 
26.850138 218.099538 0.000000 6.000000 8.000000 13.000000 0.000000 3.000000 5.000000 3.000000 3.000000 5.000000 19.000000 8.000000 8.000000 
35.346296 225.613329 0.000000 4.000000 5.000000 11.000000 0.000000 2.000000 5.000000 2.000000 2.000000 2.000000 28.000000 9.000000 11.000000 
29.416566 236.936585 27.000000 2.000000 2.000000 0.000000 3.000000 3.000000 5.000000 9.000000 3.000000 7.000000 9.000000 0.000000 2.000000 
34.056152 4.233853 18.000000 7.000000 6.000000 4.000000 29.000000 4.000000 2.000000 1.000000 1.000000 2.000000 0.000000 3.000000 4.000000 
36.269685 7.727265 0.000000 8.000000 5.000000 5.000000 20.000000 3.000000 1.000000 0.000000 2.000000 4.000000 11.000000 10.000000 12.000000 
36.945858 22.087301 0.000000 9.000000 10.000000 8.000000 16.000000 7.000000 6.000000 4.000000 4.000000 3.000000 3.000000 1.000000 10.000000 
38.102710 30.875977 0.000000 10.000000 5.000000 4.000000 16.000000 3.000000 4.000000 3.000000 4.000000 4.000000 10.000000 6.000000 12.000000 
38.381077 35.480984 0.000000 15.000000 6.000000 4.000000 19.000000 3.000000 3.000000 7.000000 6.000000 4.000000 8.000000 2.000000 4.000000 
35.322413 42.002240 0.000000 19.000000 6.000000 3.000000 6.000000 3.000000 4.000000 7.000000 7.000000 6.000000 5.000000 3.000000 12.000000 
34.687376 51.679138 0.000000 25.000000 6.000000 9.000000 11.000000 2.000000 5.000000 6.000000 0.000000 0.000000 5.000000 5.000000 7.000000 
37.677139 57.352487 0.000000 15.000000 2.000000 3.000000 13.000000 4.000000 2.000000 8.000000 1.000000 2.000000 12.000000 11.000000 8.000000 
36.644347 68.776674 0.000000 13.000000 2.000000 13.000000 9.000000 1.000000 6.000000 3.000000 4.000000 4.000000 10.000000 8.000000 8.000000 
37.322413 78.002240 0.000000 17.000000 9.000000 12.000000 6.000000 2.000000 3.000000 3.000000 6.000000 6.000000 2.000000 6.000000 9.000000 
37.823246 84.736719 0.000000 8.000000 7.000000 3.000000 11.000000 3.000000 4.000000 14.000000 8.000000 6.000000 6.000000 4.000000 7.000000 
40.990603 94.324652 0.000000 13.000000 11.000000 6.000000 8.000000 3.000000 3.000000 3.000000 6.000000 5.000000 13.000000 7.000000 3.000000 
35.664915 101.687440 0.000000 14.000000 6.000000 9.000000 4.000000 6.000000 3.000000 5.000000 6.000000 2.000000 7.000000 4.000000 15.000000 
34.503962 109.306753 0.000000 9.000000 5.000000 2.000000 15.000000 2.000000 4.000000 6.000000 4.000000 4.000000 7.000000 6.000000 17.000000 
35.636958 114.361563 0.000000 17.000000 5.000000 3.000000 9.000000 6.000000 5.000000 3.000000 3.000000 5.000000 6.000000 10.000000 9.000000 
36.618793 123.350684 0.000000 11.000000 7.000000 5.000000 5.000000 4.000000 2.000000 6.000000 6.000000 6.000000 12.000000 12.000000 5.000000 
35.586825 133.737828 0.000000 5.000000 5.000000 9.000000 3.000000 13.000000 19.000000 4.000000 0.000000 5.000000 6.000000 6.000000 6.000000 
35.701058 139.557188 0.000000 1.000000 4.000000 7.000000 7.000000 6.000000 6.000000 8.000000 13.000000 6.000000 13.000000 7.000000 3.000000 
36.469378 146.842911 0.000000 6.000000 9.000000 7.000000 9.000000 8.000000 4.000000 9.000000 10.000000 3.000000 9.000000 5.000000 2.000000 
34.755077 154.829746 0.000000 7.000000 8.000000 7.000000 16.000000 2.000000 1.000000 1.000000 0.000000 4.000000 25.000000 7.000000 3.000000 
33.713106 162.689680 0.000000 10.000000 4.000000 6.000000 16.000000 8.000000 8.000000 1.000000 4.000000 2.000000 5.000000 6.000000 11.000000 
34.030012 172.678779 0.000000 14.000000 10.000000 9.000000 4.000000 2.000000 5.000000 2.000000 3.000000 7.000000 7.000000 8.000000 10.000000 
33.909458 178.662002 0.000000 18.000000 7.000000 9.000000 3.000000 2.000000 6.000000 5.000000 3.000000 2.000000 6.000000 8.000000 12.000000 
34.000000 189.015157 0.000000 12.000000 4.000000 6.000000 9.000000 6.000000 3.000000 6.000000 6.000000 3.000000 10.000000 9.000000 7.000000 
35.574362 196.991224 0.000000 10.000000 7.000000 6.000000 5.000000 4.000000 6.000000 6.000000 5.000000 6.000000 8.000000 13.000000 5.000000 
39.423224 203.360065 0.000000 9.000000 12.000000 8.000000 10.000000 4.000000 3.000000 4.000000 2.000000 5.000000 12.000000 8.000000 4.000000 
40.581319 210.074927 0.000000 8.000000 15.000000 6.000000 9.000000 6.000000 4.000000 4.000000 7.000000 3.000000 7.000000 8.000000 4.000000 
34.606435 223.759515 0.000000 2.000000 3.000000 5.000000 6.000000 3.000000 4.000000 6.000000 2.000000 2.000000 38.000000 7.000000 3.000000 
38.863881 225.870136 0.000000 2.000000 5.000000 11.000000 0.000000 0.000000 2.000000 1.000000 1.000000 3.000000 36.000000 11.000000 9.000000 
36.249089 237.115939 27.000000 4.000000 1.000000 2.000000 1.000000 2.000000 2.000000 2.000000 5.000000 1.000000 12.000000 5.000000 8.000000 
44.761115 4.792504 27.000000 6.000000 3.000000 0.000000 1.000000 4.000000 6.000000 6.000000 8.000000 8.000000 5.000000 3.000000 4.000000 
47.908564 10.177241 0.000000 6.000000 7.000000 7.000000 1.000000 6.000000 7.000000 8.000000 10.000000 5.000000 12.000000 6.000000 6.000000 
45.482480 20.303595 0.000000 12.000000 10.000000 5.000000 10.000000 4.000000 8.000000 9.000000 4.000000 3.000000 7.000000 7.000000 2.000000 
42.766139 27.121474 0.000000 20.000000 9.000000 1.000000 5.000000 4.000000 3.000000 7.000000 8.000000 5.000000 13.000000 0.000000 6.000000 
44.795163 35.073105 0.000000 9.000000 6.000000 7.000000 14.000000 4.000000 9.000000 6.000000 9.000000 2.000000 6.000000 5.000000 4.000000 
43.128692 41.798953 0.000000 10.000000 2.000000 7.000000 8.000000 1.000000 6.000000 3.000000 4.000000 4.000000 18.000000 7.000000 11.000000 
42.666305 51.365028 0.000000 26.000000 2.000000 8.000000 13.000000 2.000000 2.000000 2.000000 4.000000 3.000000 7.000000 6.000000 6.000000 
45.306566 60.663601 0.000000 12.000000 5.000000 3.000000 12.000000 5.000000 7.000000 10.000000 5.000000 2.000000 7.000000 7.000000 6.000000 
46.413175 70.810702 0.000000 7.000000 15.000000 4.000000 2.000000 1.000000 1.000000 12.000000 9.000000 3.000000 15.000000 1.000000 11.000000 
46.675002 75.141874 0.000000 21.000000 6.000000 5.000000 2.000000 3.000000 4.000000 4.000000 7.000000 3.000000 14.000000 4.000000 8.000000 
44.948166 82.000000 0.000000 8.000000 11.000000 7.000000 12.000000 2.000000 4.000000 1.000000 3.000000 5.000000 9.000000 11.000000 8.000000 
46.076653 92.489629 0.000000 22.000000 9.000000 7.000000 1.000000 1.000000 3.000000 7.000000 4.000000 2.000000 10.000000 8.000000 7.000000 
43.598120 100.654740 0.000000 8.000000 13.000000 8.000000 16.000000 4.000000 4.000000 5.000000 8.000000 5.000000 1.000000 3.000000 6.000000 
40.973871 106.029337 0.000000 4.000000 8.000000 4.000000 2.000000 0.000000 1.000000 9.000000 5.000000 7.000000 21.000000 10.000000 10.000000 
41.633206 111.376647 0.000000 15.000000 3.000000 1.000000 2.000000 2.000000 3.000000 8.000000 5.000000 8.000000 18.000000 10.000000 6.000000 
46.112675 124.766048 0.000000 9.000000 6.000000 2.000000 2.000000 14.000000 17.000000 10.000000 3.000000 7.000000 3.000000 6.000000 2.000000 
42.358398 130.912839 0.000000 9.000000 3.000000 1.000000 2.000000 5.000000 12.000000 26.000000 3.000000 4.000000 4.000000 8.000000 4.000000 
42.880216 135.631580 0.000000 2.000000 4.000000 2.000000 4.000000 6.000000 7.000000 20.000000 5.000000 8.000000 7.000000 11.000000 5.000000 
47.643559 147.747471 0.000000 10.000000 2.000000 2.000000 8.000000 9.000000 2.000000 6.000000 7.000000 5.000000 15.000000 9.000000 6.000000 
45.077841 155.724120 0.000000 6.000000 8.000000 8.000000 16.000000 3.000000 0.000000 5.000000 3.000000 7.000000 6.000000 7.000000 12.000000 
44.055887 164.735714 0.000000 6.000000 4.000000 6.000000 9.000000 5.000000 7.000000 9.000000 4.000000 5.000000 13.000000 8.000000 5.000000 
43.284512 172.169963 0.000000 10.000000 5.000000 1.000000 13.000000 8.000000 9.000000 7.000000 2.000000 2.000000 4.000000 10.000000 10.000000 
43.583138 179.577362 0.000000 12.000000 3.000000 5.000000 11.000000 7.000000 2.000000 10.000000 8.000000 5.000000 7.000000 5.000000 6.000000 
44.230447 190.049351 0.000000 15.000000 6.000000 6.000000 4.000000 3.000000 6.000000 5.000000 7.000000 7.000000 4.000000 8.000000 10.000000 
44.116369 196.721740 0.000000 3.000000 7.000000 7.000000 11.000000 9.000000 5.000000 4.000000 3.000000 2.000000 13.000000 11.000000 6.000000 
45.905551 203.322413 0.000000 8.000000 6.000000 9.000000 12.000000 9.000000 2.000000 6.000000 6.000000 4.000000 4.000000 11.000000 4.000000 
45.299707 213.142208 0.000000 8.000000 16.000000 6.000000 6.000000 5.000000 4.000000 5.000000 4.000000 2.000000 6.000000 10.000000 9.000000 
39.419786 224.413175 0.000000 2.000000 2.000000 7.000000 3.000000 1.000000 3.000000 5.000000 2.000000 2.000000 42.000000 7.000000 5.000000 
44.771120 229.928140 0.000000 5.000000 5.000000 9.000000 13.000000 6.000000 7.000000 9.000000 6.000000 6.000000 8.000000 4.000000 3.000000 
44.322413 236.352141 27.000000 1.000000 3.000000 2.000000 2.000000 3.000000 5.000000 5.000000 8.000000 5.000000 7.000000 1.000000 3.000000 
52.322413 5.687440 27.000000 8.000000 1.000000 2.000000 13.000000 5.000000 1.000000 2.000000 6.000000 2.000000 10.000000 3.000000 1.000000 
54.210186 12.960985 0.000000 5.000000 10.000000 12.000000 7.000000 3.000000 7.000000 4.000000 6.000000 1.000000 7.000000 9.000000 10.000000 
52.206744 19.951852 0.000000 14.000000 3.000000 6.000000 4.000000 4.000000 5.000000 4.000000 6.000000 5.000000 13.000000 11.000000 6.000000 
51.002770 27.365028 0.000000 23.000000 13.000000 6.000000 5.000000 3.000000 6.000000 0.000000 5.000000 3.000000 8.000000 1.000000 8.000000 
54.586825 35.951852 0.000000 13.000000 7.000000 6.000000 9.000000 2.000000 2.000000 4.000000 6.000000 4.000000 14.000000 7.000000 7.000000 
51.997536 43.689680 0.000000 18.000000 0.000000 7.000000 10.000000 5.000000 4.000000 2.000000 2.000000 1.000000 13.000000 11.000000 8.000000 
52.677587 53.687440 0.000000 16.000000 3.000000 2.000000 10.000000 4.000000 8.000000 10.000000 0.000000 2.000000 17.000000 4.000000 5.000000 
51.359866 62.348684 0.000000 15.000000 7.000000 5.000000 7.000000 3.000000 5.000000 7.000000 5.000000 3.000000 11.000000 7.000000 6.000000 
52.804136 71.342813 0.000000 11.000000 5.000000 8.000000 25.000000 4.000000 0.000000 1.000000 3.000000 5.000000 14.000000 2.000000 3.000000 
52.102328 76.703481 0.000000 17.000000 5.000000 4.000000 18.000000 3.000000 2.000000 5.000000 5.000000 5.000000 10.000000 1.000000 6.000000 
50.591446 84.245651 0.000000 18.000000 5.000000 9.000000 5.000000 3.000000 4.000000 6.000000 7.000000 4.000000 7.000000 6.000000 7.000000 
50.413175 91.951852 0.000000 19.000000 6.000000 9.000000 5.000000 7.000000 4.000000 8.000000 1.000000 4.000000 4.000000 6.000000 8.000000 
51.990929 99.628990 0.000000 16.000000 6.000000 7.000000 4.000000 6.000000 5.000000 4.000000 8.000000 8.000000 8.000000 3.000000 6.000000 
50.000000 109.689680 0.000000 5.000000 8.000000 5.000000 17.000000 7.000000 4.000000 7.000000 6.000000 6.000000 9.000000 6.000000 1.000000 
51.776043 117.686859 0.000000 7.000000 6.000000 13.000000 9.000000 5.000000 7.000000 8.000000 6.000000 4.000000 3.000000 8.000000 5.000000 
54.000000 127.689680 0.000000 4.000000 5.000000 0.000000 2.000000 6.000000 3.000000 5.000000 2.000000 6.000000 28.000000 11.000000 9.000000 
52.323880 133.369323 0.000000 1.000000 3.000000 0.000000 4.000000 5.000000 2.000000 5.000000 6.000000 3.000000 36.000000 9.000000 7.000000 
52.806054 136.995480 0.000000 4.000000 10.000000 11.000000 9.000000 2.000000 4.000000 2.000000 5.000000 7.000000 10.000000 10.000000 7.000000 
54.786952 146.365028 0.000000 10.000000 2.000000 5.000000 10.000000 12.000000 4.000000 4.000000 7.000000 1.000000 16.000000 6.000000 4.000000 
53.713093 155.651934 0.000000 6.000000 3.000000 10.000000 12.000000 3.000000 6.000000 6.000000 7.000000 4.000000 6.000000 9.000000 9.000000 
52.586825 162.951852 0.000000 8.000000 5.000000 12.000000 3.000000 2.000000 4.000000 4.000000 6.000000 9.000000 13.000000 11.000000 4.000000 
50.634972 171.365028 0.000000 13.000000 8.000000 7.000000 3.000000 3.000000 4.000000 8.000000 3.000000 6.000000 10.000000 8.000000 8.000000 
51.666108 180.343745 0.000000 11.000000 15.000000 8.000000 13.000000 6.000000 5.000000 1.000000 2.000000 5.000000 6.000000 5.000000 4.000000 
54.322413 189.024297 0.000000 12.000000 8.000000 3.000000 9.000000 2.000000 5.000000 5.000000 5.000000 6.000000 5.000000 13.000000 8.000000 
52.634972 198.365028 0.000000 7.000000 6.000000 6.000000 3.000000 9.000000 6.000000 6.000000 2.000000 2.000000 14.000000 10.000000 10.000000 
51.180843 204.818614 0.000000 11.000000 9.000000 12.000000 11.000000 3.000000 4.000000 4.000000 4.000000 5.000000 4.000000 8.000000 6.000000 
50.677587 212.687440 0.000000 15.000000 8.000000 7.000000 6.000000 6.000000 2.000000 5.000000 4.000000 5.000000 9.000000 8.000000 6.000000 
50.856520 222.893924 0.000000 4.000000 5.000000 20.000000 5.000000 7.000000 6.000000 6.000000 3.000000 3.000000 2.000000 9.000000 11.000000 
53.476156 230.012457 0.000000 3.000000 2.000000 5.000000 7.000000 3.000000 6.000000 8.000000 3.000000 5.000000 28.000000 7.000000 4.000000 
53.000000 233.949661 27.000000 7.000000 1.000000 0.000000 1.000000 2.000000 1.000000 3.000000 1.000000 0.000000 23.000000 8.000000 7.000000 
60.000000 5.324652 39.000000 2.000000 1.000000 3.000000 4.000000 5.000000 5.000000 9.000000 3.000000 1.000000 5.000000 1.000000 3.000000 
60.000000 13.324652 18.000000 2.000000 6.000000 7.000000 8.000000 3.000000 5.000000 10.000000 9.000000 8.000000 1.000000 3.000000 1.000000 
60.000000 21.324652 18.000000 10.000000 4.000000 3.000000 7.000000 1.000000 3.000000 12.000000 8.000000 7.000000 4.000000 2.000000 2.000000 
59.707424 29.324652 18.000000 6.000000 5.000000 5.000000 2.000000 4.000000 7.000000 5.000000 9.000000 3.000000 4.000000 5.000000 8.000000 
60.912145 37.324652 18.000000 4.000000 3.000000 4.000000 3.000000 0.000000 4.000000 5.000000 10.000000 5.000000 10.000000 4.000000 11.000000 
60.000000 45.324652 18.000000 1.000000 0.000000 1.000000 3.000000 9.000000 9.000000 7.000000 11.000000 4.000000 9.000000 3.000000 6.000000 
60.399947 53.324652 18.000000 6.000000 5.000000 3.000000 1.000000 5.000000 9.000000 16.000000 8.000000 1.000000 5.000000 2.000000 2.000000 
60.000000 61.324652 18.000000 8.000000 3.000000 7.000000 2.000000 3.000000 6.000000 19.000000 8.000000 2.000000 3.000000 0.000000 2.000000 
58.926642 70.046606 18.000000 1.000000 1.000000 1.000000 6.000000 2.000000 1.000000 9.000000 25.000000 13.000000 1.000000 2.000000 1.000000 
57.000000 77.324652 0.000000 15.000000 4.000000 10.000000 29.000000 3.000000 1.000000 2.000000 2.000000 5.000000 3.000000 2.000000 5.000000 
58.861936 85.400595 18.000000 9.000000 2.000000 5.000000 12.000000 5.000000 2.000000 1.000000 2.000000 2.000000 5.000000 7.000000 11.000000 
59.701975 93.324652 18.000000 7.000000 8.000000 3.000000 4.000000 2.000000 4.000000 6.000000 7.000000 3.000000 4.000000 5.000000 10.000000 
60.000000 101.324652 18.000000 11.000000 12.000000 8.000000 4.000000 2.000000 3.000000 6.000000 6.000000 4.000000 2.000000 3.000000 2.000000 
59.713734 109.610919 18.000000 10.000000 9.000000 7.000000 4.000000 3.000000 3.000000 4.000000 2.000000 5.000000 5.000000 5.000000 6.000000 
60.000000 117.324652 18.000000 9.000000 9.000000 6.000000 0.000000 0.000000 5.000000 1.000000 5.000000 2.000000 14.000000 5.000000 7.000000 
60.463400 126.218828 18.000000 5.000000 3.000000 1.000000 3.000000 4.000000 2.000000 3.000000 3.000000 4.000000 20.000000 8.000000 7.000000 
60.000000 133.324652 18.000000 3.000000 7.000000 1.000000 7.000000 9.000000 10.000000 5.000000 4.000000 9.000000 2.000000 3.000000 3.000000 
59.645782 140.970435 18.000000 2.000000 6.000000 4.000000 8.000000 3.000000 2.000000 7.000000 7.000000 7.000000 7.000000 6.000000 4.000000 
60.451303 148.873349 18.000000 5.000000 2.000000 7.000000 7.000000 6.000000 6.000000 4.000000 6.000000 5.000000 3.000000 6.000000 6.000000 
60.000000 157.324652 18.000000 9.000000 3.000000 9.000000 3.000000 2.000000 3.000000 7.000000 3.000000 6.000000 6.000000 8.000000 4.000000 
60.000000 165.324652 18.000000 2.000000 6.000000 5.000000 8.000000 8.000000 7.000000 5.000000 7.000000 6.000000 4.000000 2.000000 3.000000 
60.000000 173.324652 18.000000 9.000000 5.000000 3.000000 3.000000 3.000000 11.000000 6.000000 5.000000 6.000000 3.000000 3.000000 6.000000 
60.000000 181.324652 18.000000 5.000000 3.000000 5.000000 5.000000 1.000000 2.000000 6.000000 6.000000 12.000000 3.000000 9.000000 6.000000 
60.489606 188.835046 18.000000 5.000000 3.000000 1.000000 12.000000 3.000000 4.000000 2.000000 4.000000 5.000000 12.000000 8.000000 4.000000 
60.000000 197.719298 18.000000 11.000000 4.000000 8.000000 1.000000 2.000000 1.000000 4.000000 0.000000 0.000000 9.000000 8.000000 15.000000 
60.000000 205.324652 18.000000 7.000000 1.000000 5.000000 9.000000 5.000000 8.000000 1.000000 0.000000 2.000000 1.000000 8.000000 16.000000 
60.000000 213.324652 18.000000 5.000000 8.000000 9.000000 13.000000 6.000000 6.000000 4.000000 4.000000 4.000000 1.000000 3.000000 0.000000 
59.359253 221.640747 18.000000 7.000000 6.000000 6.000000 2.000000 2.000000 3.000000 2.000000 3.000000 5.000000 5.000000 11.000000 11.000000 
58.000000 229.894549 9.000000 1.000000 0.000000 0.000000 1.000000 1.000000 6.000000 4.000000 6.000000 7.000000 39.000000 7.000000 0.000000 
60.000000 236.000000 35.000000 1.000000 3.000000 1.000000 0.000000 5.000000 5.000000 2.000000 1.000000 0.000000 5.000000 3.000000 2.000000 
