240
5.000000 5.689680 39.000000 6.000000 4.000000 2.000000 2.000000 1.000000 1.000000 0.000000 0.000000 2.000000 1.000000 3.000000 2.000000 
3.586825 13.737828 27.000000 4.000000 3.000000 4.000000 5.000000 3.000000 0.000000 2.000000 4.000000 5.000000 1.000000 0.000000 5.000000 
3.586825 21.737828 27.000000 8.000000 0.000000 1.000000 6.000000 4.000000 0.000000 2.000000 0.000000 6.000000 7.000000 1.000000 1.000000 
4.322413 29.002240 27.000000 7.000000 4.000000 4.000000 3.000000 1.000000 0.000000 1.000000 0.000000 1.000000 5.000000 5.000000 5.000000 
3.583138 37.324652 27.000000 7.000000 9.000000 3.000000 2.000000 0.000000 1.000000 0.000000 1.000000 1.000000 4.000000 5.000000 3.000000 
3.586825 44.911477 27.000000 4.000000 12.000000 1.000000 5.000000 0.000000 0.000000 0.000000 1.000000 0.000000 9.000000 1.000000 3.000000 
4.322413 52.682009 27.000000 3.000000 0.000000 3.000000 6.000000 6.000000 1.000000 1.000000 0.000000 0.000000 8.000000 3.000000 5.000000 
4.000000 60.959625 27.000000 7.000000 0.000000 1.000000 4.000000 2.000000 1.000000 5.000000 1.000000 2.000000 8.000000 1.000000 4.000000 
3.477222 70.394641 27.000000 4.000000 4.000000 2.000000 11.000000 2.000000 1.000000 2.000000 0.000000 2.000000 2.000000 0.000000 6.000000 
3.150333 76.911477 27.000000 8.000000 4.000000 6.000000 4.000000 0.000000 0.000000 4.000000 0.000000 2.000000 2.000000 4.000000 2.000000 
2.721084 84.045737 27.000000 11.000000 5.000000 1.000000 8.000000 2.000000 0.000000 0.000000 1.000000 1.000000 5.000000 2.000000 0.000000 
4.855105 94.284645 27.000000 6.000000 1.000000 1.000000 2.000000 1.000000 0.000000 2.000000 3.000000 4.000000 11.000000 1.000000 4.000000 
4.322413 101.983868 27.000000 8.000000 6.000000 1.000000 5.000000 1.000000 0.000000 2.000000 2.000000 1.000000 2.000000 4.000000 4.000000 
3.586825 109.737828 27.000000 8.000000 5.000000 4.000000 3.000000 3.000000 0.000000 2.000000 1.000000 0.000000 3.000000 2.000000 5.000000 
4.000000 117.689680 27.000000 3.000000 4.000000 1.000000 0.000000 1.000000 0.000000 2.000000 4.000000 2.000000 11.000000 4.000000 4.000000 
3.192287 124.516940 27.000000 8.000000 1.000000 6.000000 9.000000 0.000000 0.000000 1.000000 1.000000 3.000000 6.000000 1.000000 0.000000 
4.614770 132.709882 27.000000 6.000000 4.000000 5.000000 1.000000 0.000000 1.000000 0.000000 0.000000 0.000000 11.000000 5.000000 3.000000 
3.970447 142.121450 27.000000 4.000000 5.000000 4.000000 2.000000 0.000000 1.000000 2.000000 2.000000 2.000000 3.000000 9.000000 2.000000 
3.583138 149.324652 27.000000 3.000000 3.000000 6.000000 2.000000 2.000000 2.000000 5.000000 2.000000 0.000000 3.000000 2.000000 6.000000 
4.322413 157.002240 27.000000 6.000000 1.000000 1.000000 0.000000 0.000000 2.000000 5.000000 3.000000 5.000000 4.000000 1.000000 8.000000 
4.000000 165.689680 27.000000 3.000000 2.000000 3.000000 1.000000 4.000000 3.000000 4.000000 1.000000 2.000000 3.000000 7.000000 3.000000 
4.322413 172.391683 27.000000 1.000000 6.000000 3.000000 3.000000 4.000000 3.000000 5.000000 4.000000 1.000000 5.000000 0.000000 1.000000 
2.593361 182.186535 27.000000 10.000000 3.000000 4.000000 2.000000 2.000000 0.000000 0.000000 2.000000 1.000000 7.000000 4.000000 1.000000 
4.000000 189.689680 27.000000 11.000000 2.000000 3.000000 3.000000 1.000000 3.000000 1.000000 1.000000 0.000000 0.000000 7.000000 4.000000 
4.673899 197.998551 27.000000 9.000000 7.000000 4.000000 10.000000 0.000000 0.000000 0.000000 0.000000 1.000000 2.000000 1.000000 2.000000 
3.586825 204.911477 27.000000 6.000000 4.000000 2.000000 2.000000 1.000000 1.000000 3.000000 0.000000 1.000000 9.000000 3.000000 4.000000 
5.145903 213.301224 27.000000 7.000000 6.000000 3.000000 6.000000 2.000000 1.000000 1.000000 0.000000 0.000000 2.000000 5.000000 3.000000 
3.583138 222.081759 27.000000 7.000000 4.000000 4.000000 0.000000 0.000000 0.000000 0.000000 2.000000 0.000000 10.000000 4.000000 5.000000 
4.365028 229.365028 27.000000 4.000000 3.000000 3.000000 6.000000 3.000000 1.000000 2.000000 0.000000 1.000000 3.000000 5.000000 5.000000 
5.000000 236.365028 36.000000 4.000000 3.000000 1.000000 0.000000 0.000000 0.000000 2.000000 1.000000 1.000000 2.000000 4.000000 2.000000 
11.677587 5.687440 27.000000 10.000000 8.000000 3.000000 4.000000 3.000000 3.000000 0.000000 6.000000 5.000000 4.000000 1.000000 7.000000 
10.677587 13.687440 0.000000 10.000000 4.000000 3.000000 8.000000 5.000000 4.000000 4.000000 5.000000 8.000000 5.000000 10.000000 15.000000 
11.735588 20.264412 0.000000 6.000000 5.000000 8.000000 20.000000 9.000000 6.000000 5.000000 3.000000 6.000000 3.000000 4.000000 6.000000 
12.955814 27.365028 0.000000 8.000000 12.000000 10.000000 3.000000 3.000000 2.000000 2.000000 5.000000 6.000000 11.000000 9.000000 10.000000 
11.378975 36.154407 0.000000 16.000000 10.000000 10.000000 8.000000 4.000000 7.000000 5.000000 4.000000 0.000000 1.000000 7.000000 9.000000 
10.996313 42.157941 0.000000 16.000000 7.000000 3.000000 5.000000 4.000000 4.000000 5.000000 9.000000 4.000000 10.000000 8.000000 6.000000 
12.586825 49.169963 0.000000 22.000000 4.000000 4.000000 4.000000 2.000000 8.000000 5.000000 8.000000 8.000000 7.000000 3.000000 6.000000 
12.783347 59.539220 0.000000 12.000000 6.000000 6.000000 15.000000 5.000000 4.000000 7.000000 5.000000 4.000000 3.000000 5.000000 9.000000 
10.476890 70.909237 0.000000 5.000000 6.000000 6.000000 18.000000 3.000000 4.000000 11.000000 2.000000 4.000000 5.000000 4.000000 13.000000 
7.955472 74.736585 0.000000 5.000000 7.000000 11.000000 19.000000 5.000000 2.000000 9.000000 3.000000 4.000000 5.000000 5.000000 6.000000 
9.632299 82.155836 0.000000 9.000000 11.000000 11.000000 5.000000 2.000000 3.000000 2.000000 3.000000 8.000000 13.000000 6.000000 8.000000 
15.322413 95.266603 0.000000 9.000000 4.000000 5.000000 14.000000 8.000000 5.000000 2.000000 3.000000 3.000000 9.000000 6.000000 13.000000 
14.067228 103.015734 0.000000 6.000000 3.000000 6.000000 10.000000 4.000000 6.000000 6.000000 4.000000 2.000000 15.000000 6.000000 13.000000 
11.585283 109.731202 0.000000 15.000000 13.000000 7.000000 12.000000 3.000000 3.000000 6.000000 4.000000 1.000000 7.000000 3.000000 7.000000 
9.831441 116.868295 0.000000 11.000000 2.000000 5.000000 15.000000 3.000000 5.000000 6.000000 6.000000 10.000000 7.000000 8.000000 3.000000 
10.811574 121.553453 0.000000 18.000000 3.000000 9.000000 7.000000 5.000000 1.000000 4.000000 2.000000 6.000000 6.000000 8.000000 12.000000 
14.303826 129.027087 0.000000 9.000000 7.000000 9.000000 7.000000 9.000000 6.000000 8.000000 2.000000 9.000000 8.000000 2.000000 5.000000 
10.828270 142.413175 0.000000 14.000000 14.000000 9.000000 1.000000 1.000000 3.000000 5.000000 9.000000 7.000000 7.000000 8.000000 3.000000 
11.497130 148.497130 0.000000 18.000000 5.000000 5.000000 5.000000 3.000000 1.000000 2.000000 5.000000 4.000000 17.000000 8.000000 8.000000 
13.322413 155.002240 0.000000 11.000000 7.000000 8.000000 10.000000 4.000000 5.000000 6.000000 5.000000 5.000000 9.000000 4.000000 7.000000 
11.052539 162.774258 0.000000 4.000000 7.000000 5.000000 8.000000 4.000000 5.000000 5.000000 4.000000 8.000000 10.000000 7.000000 14.000000 
12.689932 169.167878 0.000000 4.000000 7.000000 5.000000 9.000000 1.000000 5.000000 11.000000 6.000000 2.000000 10.000000 3.000000 18.000000 
8.586825 182.737828 0.000000 28.000000 8.000000 3.000000 7.000000 5.000000 3.000000 2.000000 4.000000 2.000000 7.000000 9.000000 3.000000 
10.583472 190.154113 0.000000 15.000000 12.000000 11.000000 1.000000 3.000000 5.000000 6.000000 6.000000 3.000000 8.000000 4.000000 7.000000 
11.562828 197.660216 0.000000 10.000000 12.000000 2.000000 4.000000 3.000000 4.000000 8.000000 5.000000 4.000000 17.000000 5.000000 7.000000 
13.400220 204.224439 0.000000 10.000000 4.000000 8.000000 8.000000 7.000000 8.000000 8.000000 3.000000 3.000000 6.000000 7.000000 9.000000 
15.957385 212.865888 0.000000 13.000000 9.000000 5.000000 11.000000 6.000000 1.000000 3.000000 7.000000 8.000000 4.000000 4.000000 10.000000 
11.580883 222.647065 0.000000 22.000000 8.000000 13.000000 1.000000 2.000000 4.000000 5.000000 5.000000 3.000000 10.000000 5.000000 3.000000 
10.784468 228.968919 0.000000 26.000000 7.000000 8.000000 5.000000 5.000000 5.000000 3.000000 0.000000 1.000000 8.000000 7.000000 6.000000 
12.000000 237.365028 27.000000 9.000000 1.000000 6.000000 3.000000 3.000000 3.000000 4.000000 2.000000 3.000000 1.000000 6.000000 4.000000 
20.000000 5.689680 27.000000 4.000000 4.000000 6.000000 5.000000 3.000000 2.000000 0.000000 1.000000 6.000000 15.000000 7.000000 1.000000 
19.996313 12.586825 0.000000 18.000000 12.000000 10.000000 14.000000 2.000000 1.000000 4.000000 2.000000 1.000000 9.000000 6.000000 2.000000 
21.291730 20.122756 0.000000 12.000000 6.000000 2.000000 6.000000 4.000000 2.000000 0.000000 6.000000 8.000000 19.000000 9.000000 7.000000 
21.537989 29.221194 0.000000 6.000000 6.000000 7.000000 14.000000 7.000000 5.000000 4.000000 4.000000 4.000000 11.000000 6.000000 7.000000 
23.288642 38.000000 0.000000 7.000000 10.000000 8.000000 5.000000 4.000000 4.000000 7.000000 6.000000 5.000000 8.000000 6.000000 11.000000 
19.403655 44.377078 0.000000 12.000000 7.000000 8.000000 11.000000 4.000000 3.000000 4.000000 4.000000 3.000000 10.000000 9.000000 6.000000 
20.847056 50.600225 0.000000 15.000000 4.000000 6.000000 7.000000 5.000000 8.000000 5.000000 6.000000 3.000000 10.000000 5.000000 7.000000 
22.909237 59.909237 0.000000 15.000000 3.000000 13.000000 8.000000 4.000000 6.000000 5.000000 1.000000 6.000000 6.000000 6.000000 8.000000 
21.367163 70.316913 0.000000 16.000000 7.000000 2.000000 2.000000 1.000000 1.000000 3.000000 4.000000 10.000000 16.000000 12.000000 7.000000 
20.755817 76.959625 0.000000 9.000000 10.000000 6.000000 9.000000 5.000000 6.000000 3.000000 2.000000 7.000000 17.000000 6.000000 1.000000 
19.797582 83.735895 0.000000 14.000000 7.000000 4.000000 8.000000 3.000000 4.000000 4.000000 3.000000 6.000000 7.000000 9.000000 12.000000 
22.137805 92.357488 0.000000 14.000000 2.000000 3.000000 5.000000 6.000000 8.000000 11.000000 9.000000 3.000000 8.000000 9.000000 3.000000 
23.070144 101.322413 0.000000 6.000000 2.000000 6.000000 11.000000 7.000000 3.000000 7.000000 4.000000 2.000000 9.000000 11.000000 13.000000 
22.125937 107.949808 0.000000 14.000000 6.000000 4.000000 2.000000 6.000000 6.000000 8.000000 7.000000 5.000000 9.000000 11.000000 3.000000 
17.324652 118.324652 0.000000 5.000000 4.000000 5.000000 25.000000 8.000000 9.000000 9.000000 2.000000 4.000000 4.000000 3.000000 3.000000 
18.806423 122.898973 0.000000 6.000000 11.000000 5.000000 7.000000 3.000000 2.000000 3.000000 2.000000 9.000000 20.000000 7.000000 6.000000 
21.911557 127.921586 0.000000 8.000000 10.000000 7.000000 3.000000 3.000000 3.000000 3.000000 3.000000 9.000000 21.000000 7.000000 4.000000 
18.104247 142.046235 0.000000 12.000000 8.000000 4.000000 21.000000 5.000000 1.000000 0.000000 3.000000 3.000000 7.000000 7.000000 10.000000 
19.560069 148.017374 0.000000 6.000000 7.000000 6.000000 14.000000 8.000000 4.000000 5.000000 3.000000 1.000000 9.000000 9.000000 9.000000 
20.519638 154.854434 0.000000 9.000000 6.000000 1.000000 17.000000 11.000000 7.000000 6.000000 6.000000 0.000000 4.000000 8.000000 6.000000 
17.000000 162.000000 0.000000 14.000000 3.000000 2.000000 24.000000 7.000000 2.000000 4.000000 7.000000 3.000000 0.000000 4.000000 11.000000 
21.760376 169.948003 0.000000 10.000000 1.000000 6.000000 9.000000 4.000000 10.000000 8.000000 7.000000 4.000000 9.000000 4.000000 9.000000 
16.631482 181.364640 0.000000 30.000000 4.000000 6.000000 8.000000 5.000000 3.000000 2.000000 1.000000 3.000000 6.000000 13.000000 0.000000 
16.311571 187.440610 0.000000 22.000000 8.000000 6.000000 15.000000 5.000000 6.000000 3.000000 3.000000 2.000000 5.000000 3.000000 3.000000 
16.176566 197.267966 0.000000 3.000000 17.000000 4.000000 7.000000 3.000000 5.000000 3.000000 3.000000 6.000000 19.000000 7.000000 4.000000 
22.012801 206.616006 0.000000 12.000000 6.000000 10.000000 3.000000 1.000000 2.000000 1.000000 5.000000 9.000000 20.000000 6.000000 6.000000 
23.237568 214.494260 0.000000 7.000000 6.000000 7.000000 21.000000 8.000000 5.000000 2.000000 3.000000 4.000000 10.000000 3.000000 5.000000 
19.205946 219.865257 0.000000 15.000000 8.000000 7.000000 4.000000 5.000000 4.000000 2.000000 3.000000 5.000000 15.000000 5.000000 8.000000 
17.322413 225.002240 0.000000 13.000000 10.000000 8.000000 5.000000 2.000000 3.000000 2.000000 2.000000 7.000000 19.000000 8.000000 2.000000 
19.548959 236.913987 27.000000 9.000000 2.000000 2.000000 5.000000 2.000000 3.000000 4.000000 1.000000 3.000000 7.000000 4.000000 3.000000 
27.634972 5.365028 27.000000 1.000000 7.000000 2.000000 4.000000 4.000000 4.000000 1.000000 4.000000 7.000000 18.000000 2.000000 0.000000 
27.288270 12.288270 0.000000 13.000000 14.000000 5.000000 4.000000 6.000000 4.000000 3.000000 6.000000 6.000000 7.000000 2.000000 11.000000 
28.154174 22.663902 0.000000 9.000000 13.000000 6.000000 4.000000 6.000000 6.000000 1.000000 4.000000 2.000000 6.000000 11.000000 13.000000 
28.895603 27.228220 0.000000 6.000000 10.000000 4.000000 15.000000 7.000000 5.000000 5.000000 2.000000 3.000000 9.000000 8.000000 7.000000 
30.137067 36.713664 0.000000 13.000000 16.000000 7.000000 2.000000 2.000000 1.000000 4.000000 4.000000 5.000000 7.000000 12.000000 8.000000 
28.748875 44.586825 0.000000 6.000000 6.000000 7.000000 5.000000 7.000000 4.000000 13.000000 7.000000 5.000000 6.000000 7.000000 8.000000 
30.515186 51.983116 0.000000 13.000000 8.000000 5.000000 3.000000 6.000000 4.000000 5.000000 6.000000 6.000000 4.000000 11.000000 10.000000 
28.380268 60.346091 0.000000 17.000000 3.000000 13.000000 4.000000 4.000000 3.000000 10.000000 6.000000 7.000000 7.000000 6.000000 1.000000 
28.000000 68.218110 0.000000 19.000000 9.000000 2.000000 1.000000 0.000000 3.000000 5.000000 8.000000 9.000000 10.000000 9.000000 6.000000 
27.988233 75.376795 0.000000 11.000000 4.000000 6.000000 5.000000 3.000000 9.000000 11.000000 7.000000 5.000000 7.000000 9.000000 4.000000 
29.322413 83.687440 0.000000 10.000000 4.000000 9.000000 16.000000 5.000000 3.000000 9.000000 3.000000 0.000000 6.000000 6.000000 10.000000 
29.644825 93.644825 0.000000 6.000000 7.000000 6.000000 4.000000 4.000000 4.000000 4.000000 7.000000 1.000000 17.000000 7.000000 14.000000 
31.253209 100.766046 0.000000 7.000000 4.000000 4.000000 16.000000 5.000000 5.000000 7.000000 0.000000 2.000000 7.000000 9.000000 15.000000 
30.951852 105.586825 0.000000 1.000000 5.000000 7.000000 16.000000 6.000000 5.000000 8.000000 4.000000 10.000000 5.000000 5.000000 9.000000 
29.023376 115.220474 0.000000 14.000000 7.000000 4.000000 6.000000 5.000000 7.000000 5.000000 5.000000 3.000000 10.000000 6.000000 9.000000 
28.466356 123.308158 0.000000 6.000000 4.000000 3.000000 7.000000 10.000000 8.000000 5.000000 7.000000 8.000000 10.000000 6.000000 7.000000 
32.726747 133.730923 0.000000 15.000000 8.000000 11.000000 5.000000 6.000000 2.000000 3.000000 4.000000 4.000000 15.000000 2.000000 6.000000 
30.279486 143.870557 0.000000 3.000000 2.000000 7.000000 30.000000 3.000000 5.000000 8.000000 9.000000 3.000000 7.000000 2.000000 2.000000 
30.932786 148.217271 0.000000 5.000000 4.000000 4.000000 30.000000 4.000000 4.000000 3.000000 8.000000 5.000000 4.000000 6.000000 4.000000 
29.264412 158.735588 0.000000 13.000000 3.000000 9.000000 13.000000 4.000000 3.000000 2.000000 1.000000 7.000000 19.000000 1.000000 6.000000 
30.402513 165.114381 0.000000 13.000000 5.000000 4.000000 2.000000 2.000000 2.000000 4.000000 3.000000 4.000000 26.000000 5.000000 11.000000 
33.634972 170.634972 0.000000 22.000000 6.000000 7.000000 5.000000 5.000000 6.000000 2.000000 1.000000 0.000000 11.000000 11.000000 5.000000 
28.554536 179.833827 0.000000 20.000000 4.000000 7.000000 6.000000 6.000000 8.000000 4.000000 3.000000 4.000000 9.000000 9.000000 1.000000 
27.179684 187.292736 0.000000 5.000000 3.000000 5.000000 4.000000 6.000000 4.000000 12.000000 10.000000 7.000000 14.000000 6.000000 5.000000 
26.410680 195.834438 0.000000 7.000000 9.000000 9.000000 19.000000 6.000000 3.000000 5.000000 4.000000 3.000000 2.000000 5.000000 9.000000 
29.384502 202.359277 0.000000 5.000000 5.000000 4.000000 15.000000 3.000000 2.000000 8.000000 5.000000 6.000000 11.000000 8.000000 9.000000 
28.298610 211.663637 0.000000 14.000000 5.000000 4.000000 11.000000 7.000000 11.000000 4.000000 5.000000 3.000000 4.000000 8.000000 5.000000 
28.229572 219.403221 0.000000 10.000000 7.000000 7.000000 5.000000 4.000000 2.000000 3.000000 7.000000 4.000000 15.000000 7.000000 10.000000 
28.404582 226.837077 0.000000 11.000000 6.000000 9.000000 12.000000 6.000000 7.000000 7.000000 7.000000 3.000000 4.000000 3.000000 6.000000 
28.000000 237.365028 27.000000 9.000000 1.000000 1.000000 4.000000 2.000000 4.000000 4.000000 2.000000 2.000000 4.000000 4.000000 8.000000 
36.413175 4.951852 27.000000 7.000000 6.000000 3.000000 11.000000 3.000000 0.000000 3.000000 2.000000 8.000000 5.000000 1.000000 5.000000 
37.179339 12.556850 0.000000 9.000000 11.000000 7.000000 4.000000 3.000000 5.000000 4.000000 4.000000 5.000000 14.000000 6.000000 9.000000 
38.765882 22.867442 0.000000 11.000000 4.000000 4.000000 3.000000 2.000000 4.000000 5.000000 5.000000 6.000000 17.000000 8.000000 12.000000 
39.241300 28.136709 0.000000 10.000000 5.000000 7.000000 6.000000 3.000000 6.000000 3.000000 4.000000 6.000000 15.000000 8.000000 8.000000 
36.496696 35.586825 0.000000 12.000000 11.000000 9.000000 5.000000 8.000000 3.000000 6.000000 4.000000 4.000000 7.000000 8.000000 4.000000 
35.623409 43.875795 0.000000 7.000000 1.000000 6.000000 5.000000 10.000000 6.000000 12.000000 5.000000 1.000000 12.000000 9.000000 7.000000 
36.763149 53.891870 0.000000 16.000000 9.000000 3.000000 1.000000 4.000000 3.000000 2.000000 6.000000 8.000000 14.000000 9.000000 6.000000 
35.636506 62.905551 0.000000 6.000000 6.000000 16.000000 14.000000 6.000000 3.000000 7.000000 2.000000 4.000000 3.000000 7.000000 7.000000 
34.336161 68.239717 0.000000 11.000000 11.000000 12.000000 14.000000 5.000000 3.000000 5.000000 4.000000 3.000000 1.000000 6.000000 6.000000 
34.586825 77.911477 0.000000 7.000000 3.000000 5.000000 5.000000 4.000000 6.000000 5.000000 9.000000 4.000000 19.000000 6.000000 8.000000 
36.277061 86.012590 0.000000 10.000000 8.000000 4.000000 5.000000 6.000000 4.000000 7.000000 9.000000 2.000000 9.000000 12.000000 5.000000 
37.322413 93.687440 0.000000 7.000000 3.000000 6.000000 7.000000 6.000000 3.000000 11.000000 5.000000 5.000000 10.000000 6.000000 12.000000 
36.911477 100.586825 0.000000 10.000000 4.000000 5.000000 8.000000 9.000000 5.000000 7.000000 3.000000 4.000000 6.000000 13.000000 7.000000 
36.735986 105.781496 0.000000 9.000000 4.000000 8.000000 14.000000 6.000000 4.000000 6.000000 1.000000 6.000000 4.000000 9.000000 10.000000 
37.322413 114.957385 0.000000 16.000000 10.000000 2.000000 4.000000 3.000000 4.000000 7.000000 9.000000 5.000000 9.000000 7.000000 5.000000 
36.805763 125.170790 0.000000 0.000000 5.000000 9.000000 18.000000 8.000000 7.000000 13.000000 9.000000 2.000000 3.000000 5.000000 2.000000 
37.987306 131.211814 0.000000 21.000000 7.000000 7.000000 7.000000 5.000000 4.000000 1.000000 5.000000 4.000000 12.000000 1.000000 7.000000 
36.745530 139.440415 0.000000 9.000000 6.000000 4.000000 3.000000 5.000000 6.000000 3.000000 4.000000 5.000000 13.000000 8.000000 15.000000 
36.433315 148.384261 0.000000 3.000000 2.000000 3.000000 21.000000 8.000000 3.000000 2.000000 4.000000 7.000000 22.000000 3.000000 3.000000 
37.193739 157.216013 0.000000 19.000000 2.000000 3.000000 7.000000 7.000000 5.000000 4.000000 2.000000 5.000000 8.000000 6.000000 13.000000 
39.000000 163.948166 0.000000 12.000000 10.000000 7.000000 9.000000 10.000000 8.000000 1.000000 0.000000 1.000000 2.000000 10.000000 11.000000 
38.545324 169.695367 0.000000 20.000000 2.000000 11.000000 1.000000 1.000000 5.000000 5.000000 2.000000 3.000000 12.000000 14.000000 5.000000 
39.839280 181.909237 0.000000 13.000000 10.000000 11.000000 8.000000 1.000000 0.000000 1.000000 2.000000 6.000000 24.000000 0.000000 5.000000 
39.000000 185.829015 0.000000 12.000000 13.000000 7.000000 7.000000 0.000000 2.000000 1.000000 2.000000 6.000000 25.000000 2.000000 4.000000 
38.329548 194.689451 0.000000 3.000000 6.000000 8.000000 13.000000 7.000000 5.000000 3.000000 5.000000 8.000000 14.000000 5.000000 4.000000 
38.958853 203.701481 0.000000 4.000000 4.000000 4.000000 8.000000 8.000000 8.000000 11.000000 2.000000 7.000000 13.000000 10.000000 2.000000 
37.630718 213.654537 0.000000 6.000000 4.000000 5.000000 6.000000 5.000000 5.000000 17.000000 3.000000 8.000000 11.000000 5.000000 6.000000 
38.559373 221.836568 0.000000 7.000000 8.000000 8.000000 13.000000 5.000000 4.000000 5.000000 8.000000 7.000000 2.000000 7.000000 7.000000 
36.447202 228.406827 0.000000 6.000000 4.000000 3.000000 7.000000 5.000000 6.000000 6.000000 9.000000 7.000000 6.000000 5.000000 17.000000 
35.691390 237.365028 27.000000 1.000000 2.000000 2.000000 8.000000 2.000000 4.000000 8.000000 4.000000 4.000000 7.000000 0.000000 3.000000 
43.677587 5.687440 27.000000 10.000000 3.000000 4.000000 9.000000 3.000000 5.000000 2.000000 4.000000 4.000000 4.000000 1.000000 5.000000 
43.506438 11.746539 0.000000 20.000000 5.000000 8.000000 2.000000 1.000000 4.000000 7.000000 7.000000 4.000000 11.000000 6.000000 6.000000 
44.790263 16.582652 0.000000 6.000000 2.000000 6.000000 10.000000 2.000000 8.000000 19.000000 5.000000 5.000000 4.000000 5.000000 9.000000 
43.973315 26.839465 0.000000 13.000000 8.000000 12.000000 7.000000 4.000000 5.000000 3.000000 3.000000 4.000000 11.000000 6.000000 5.000000 
43.894916 36.268388 0.000000 10.000000 9.000000 8.000000 8.000000 4.000000 4.000000 9.000000 5.000000 4.000000 10.000000 5.000000 5.000000 
47.470323 46.674979 0.000000 7.000000 8.000000 4.000000 7.000000 8.000000 5.000000 14.000000 2.000000 5.000000 8.000000 11.000000 2.000000 
47.948095 51.559944 0.000000 10.000000 6.000000 5.000000 10.000000 10.000000 6.000000 12.000000 2.000000 1.000000 4.000000 7.000000 8.000000 
45.185719 61.567904 0.000000 10.000000 11.000000 8.000000 10.000000 5.000000 8.000000 4.000000 5.000000 2.000000 2.000000 9.000000 7.000000 
41.909237 67.177094 0.000000 17.000000 7.000000 7.000000 7.000000 3.000000 6.000000 2.000000 2.000000 6.000000 5.000000 9.000000 10.000000 
43.419713 74.976833 0.000000 7.000000 7.000000 5.000000 19.000000 5.000000 2.000000 9.000000 5.000000 3.000000 3.000000 7.000000 9.000000 
45.000000 84.959625 0.000000 13.000000 9.000000 5.000000 2.000000 4.000000 3.000000 3.000000 1.000000 2.000000 12.000000 14.000000 13.000000 
45.724475 93.755396 0.000000 13.000000 7.000000 3.000000 21.000000 7.000000 5.000000 8.000000 2.000000 1.000000 2.000000 3.000000 9.000000 
45.735588 99.264412 0.000000 10.000000 7.000000 6.000000 3.000000 1.000000 2.000000 15.000000 6.000000 4.000000 11.000000 7.000000 9.000000 
43.468230 106.169963 0.000000 12.000000 3.000000 10.000000 9.000000 3.000000 8.000000 11.000000 7.000000 10.000000 4.000000 1.000000 3.000000 
42.306862 114.578202 0.000000 13.000000 10.000000 4.000000 8.000000 3.000000 3.000000 8.000000 6.000000 7.000000 7.000000 3.000000 9.000000 
42.169963 123.586825 0.000000 8.000000 4.000000 4.000000 3.000000 3.000000 4.000000 14.000000 9.000000 10.000000 12.000000 7.000000 3.000000 
43.516335 130.611246 0.000000 16.000000 9.000000 8.000000 12.000000 5.000000 1.000000 0.000000 3.000000 9.000000 7.000000 4.000000 7.000000 
44.663617 141.015070 0.000000 7.000000 7.000000 3.000000 7.000000 4.000000 6.000000 10.000000 7.000000 7.000000 11.000000 6.000000 6.000000 
44.197995 149.126657 0.000000 5.000000 5.000000 9.000000 22.000000 4.000000 4.000000 8.000000 3.000000 5.000000 7.000000 5.000000 4.000000 
45.586825 154.737828 0.000000 9.000000 3.000000 9.000000 6.000000 6.000000 3.000000 6.000000 3.000000 4.000000 3.000000 14.000000 15.000000 
43.319765 162.615622 0.000000 15.000000 5.000000 9.000000 5.000000 10.000000 4.000000 4.000000 2.000000 1.000000 0.000000 11.000000 15.000000 
41.091464 170.997087 0.000000 21.000000 5.000000 12.000000 1.000000 3.000000 4.000000 4.000000 1.000000 6.000000 6.000000 10.000000 8.000000 
44.104698 180.104698 0.000000 13.000000 11.000000 2.000000 4.000000 2.000000 2.000000 7.000000 3.000000 5.000000 26.000000 3.000000 3.000000 
44.890311 187.926460 0.000000 18.000000 16.000000 9.000000 6.000000 4.000000 5.000000 4.000000 3.000000 6.000000 5.000000 2.000000 3.000000 
46.371719 195.962745 0.000000 9.000000 12.000000 7.000000 12.000000 5.000000 5.000000 1.000000 3.000000 6.000000 15.000000 5.000000 1.000000 
47.413175 201.805167 0.000000 10.000000 8.000000 11.000000 14.000000 4.000000 3.000000 5.000000 2.000000 4.000000 10.000000 7.000000 3.000000 
45.623152 209.412706 0.000000 6.000000 8.000000 6.000000 7.000000 7.000000 5.000000 8.000000 1.000000 4.000000 15.000000 7.000000 7.000000 
43.324652 216.583138 0.000000 8.000000 12.000000 7.000000 8.000000 6.000000 4.000000 5.000000 3.000000 2.000000 9.000000 10.000000 7.000000 
42.925943 226.758859 0.000000 12.000000 12.000000 11.000000 9.000000 3.000000 3.000000 0.000000 1.000000 1.000000 5.000000 12.000000 12.000000 
44.000000 237.365028 27.000000 5.000000 0.000000 0.000000 15.000000 4.000000 4.000000 1.000000 1.000000 7.000000 6.000000 1.000000 1.000000 
52.878875 4.951852 27.000000 10.000000 6.000000 2.000000 1.000000 1.000000 3.000000 7.000000 5.000000 4.000000 10.000000 2.000000 3.000000 
54.000000 9.144047 0.000000 14.000000 11.000000 5.000000 6.000000 4.000000 8.000000 10.000000 2.000000 1.000000 13.000000 3.000000 4.000000 
51.170075 14.535103 0.000000 8.000000 7.000000 2.000000 5.000000 1.000000 8.000000 18.000000 5.000000 4.000000 13.000000 6.000000 4.000000 
50.413175 25.105765 0.000000 14.000000 5.000000 8.000000 8.000000 7.000000 7.000000 6.000000 4.000000 6.000000 9.000000 1.000000 6.000000 
53.316377 35.681405 0.000000 4.000000 10.000000 6.000000 7.000000 4.000000 2.000000 12.000000 11.000000 5.000000 5.000000 9.000000 6.000000 
55.002455 45.440034 0.000000 3.000000 4.000000 7.000000 8.000000 5.000000 8.000000 16.000000 1.000000 0.000000 18.000000 8.000000 3.000000 
55.252761 49.942441 0.000000 5.000000 1.000000 3.000000 3.000000 3.000000 4.000000 13.000000 8.000000 1.000000 24.000000 11.000000 5.000000 
53.513473 62.851230 0.000000 14.000000 10.000000 8.000000 8.000000 6.000000 9.000000 3.000000 1.000000 1.000000 10.000000 5.000000 6.000000 
54.661909 69.412904 0.000000 8.000000 7.000000 8.000000 27.000000 2.000000 1.000000 2.000000 6.000000 1.000000 12.000000 4.000000 3.000000 
55.000000 73.948166 0.000000 6.000000 4.000000 5.000000 14.000000 5.000000 1.000000 7.000000 7.000000 1.000000 15.000000 9.000000 7.000000 
54.399441 83.806067 0.000000 10.000000 3.000000 10.000000 12.000000 5.000000 7.000000 8.000000 2.000000 4.000000 7.000000 7.000000 6.000000 
57.413175 94.951852 0.000000 8.000000 2.000000 3.000000 13.000000 3.000000 6.000000 22.000000 3.000000 1.000000 7.000000 4.000000 9.000000 
53.655158 99.926102 0.000000 12.000000 2.000000 5.000000 14.000000 3.000000 3.000000 7.000000 8.000000 4.000000 7.000000 8.000000 8.000000 
47.891384 106.951852 0.000000 13.000000 4.000000 8.000000 11.000000 3.000000 1.000000 10.000000 10.000000 2.000000 3.000000 9.000000 7.000000 
48.634972 115.365028 0.000000 16.000000 8.000000 9.000000 11.000000 4.000000 3.000000 5.000000 6.000000 2.000000 4.000000 4.000000 9.000000 
50.811010 123.637205 0.000000 12.000000 5.000000 2.000000 10.000000 13.000000 3.000000 3.000000 2.000000 6.000000 10.000000 2.000000 13.000000 
54.413175 130.951852 0.000000 9.000000 8.000000 8.000000 14.000000 7.000000 4.000000 3.000000 6.000000 8.000000 7.000000 6.000000 1.000000 
53.711561 139.365028 0.000000 8.000000 11.000000 3.000000 12.000000 4.000000 5.000000 7.000000 5.000000 4.000000 11.000000 6.000000 5.000000 
52.352321 149.012707 0.000000 7.000000 8.000000 11.000000 5.000000 6.000000 1.000000 4.000000 4.000000 3.000000 9.000000 12.000000 11.000000 
50.605375 155.960742 0.000000 9.000000 5.000000 8.000000 6.000000 4.000000 4.000000 7.000000 4.000000 3.000000 1.000000 11.000000 19.000000 
49.834600 163.734095 0.000000 5.000000 2.000000 8.000000 5.000000 8.000000 3.000000 5.000000 7.000000 1.000000 10.000000 8.000000 19.000000 
50.586825 177.951852 0.000000 9.000000 3.000000 5.000000 2.000000 5.000000 3.000000 3.000000 7.000000 8.000000 28.000000 6.000000 2.000000 
51.016843 182.438181 0.000000 4.000000 6.000000 3.000000 6.000000 7.000000 4.000000 3.000000 7.000000 7.000000 27.000000 4.000000 3.000000 
54.000000 187.856211 0.000000 3.000000 9.000000 8.000000 6.000000 3.000000 5.000000 7.000000 6.000000 9.000000 13.000000 9.000000 3.000000 
52.000000 192.552913 0.000000 6.000000 9.000000 9.000000 7.000000 3.000000 3.000000 4.000000 6.000000 10.000000 13.000000 5.000000 6.000000 
52.901401 202.071963 0.000000 5.000000 7.000000 9.000000 15.000000 8.000000 5.000000 10.000000 2.000000 5.000000 6.000000 6.000000 3.000000 
53.365028 212.080303 0.000000 7.000000 7.000000 2.000000 5.000000 6.000000 10.000000 8.000000 1.000000 3.000000 12.000000 12.000000 8.000000 
52.345881 219.741547 0.000000 3.000000 8.000000 2.000000 12.000000 6.000000 3.000000 9.000000 7.000000 1.000000 7.000000 7.000000 16.000000 
51.000000 228.689680 0.000000 13.000000 7.000000 7.000000 5.000000 6.000000 5.000000 6.000000 4.000000 5.000000 7.000000 10.000000 6.000000 
52.000000 237.002427 27.000000 3.000000 1.000000 2.000000 9.000000 2.000000 4.000000 5.000000 6.000000 7.000000 5.000000 0.000000 1.000000 
60.000000 5.324652 39.000000 13.000000 5.000000 3.000000 1.000000 0.000000 1.000000 6.000000 1.000000 2.000000 9.000000 0.000000 1.000000 
60.425387 13.324652 18.000000 3.000000 8.000000 2.000000 3.000000 6.000000 9.000000 5.000000 3.000000 3.000000 12.000000 6.000000 3.000000 
60.322063 20.198085 18.000000 4.000000 8.000000 4.000000 3.000000 5.000000 4.000000 9.000000 2.000000 3.000000 8.000000 6.000000 7.000000 
59.719267 29.043920 18.000000 6.000000 8.000000 6.000000 6.000000 6.000000 2.000000 4.000000 8.000000 3.000000 4.000000 6.000000 4.000000 
59.359253 37.640747 18.000000 11.000000 7.000000 6.000000 5.000000 3.000000 3.000000 5.000000 3.000000 3.000000 6.000000 7.000000 4.000000 
58.000000 46.324652 9.000000 1.000000 0.000000 4.000000 4.000000 5.000000 6.000000 0.000000 4.000000 4.000000 33.000000 8.000000 3.000000 
60.520318 52.804334 18.000000 3.000000 1.000000 1.000000 0.000000 6.000000 11.000000 15.000000 7.000000 2.000000 11.000000 4.000000 2.000000 
60.426602 61.751254 18.000000 7.000000 8.000000 4.000000 5.000000 2.000000 8.000000 12.000000 4.000000 7.000000 0.000000 2.000000 4.000000 
60.000000 69.740073 18.000000 4.000000 2.000000 2.000000 9.000000 5.000000 9.000000 8.000000 13.000000 6.000000 0.000000 2.000000 3.000000 
61.235388 76.946128 18.000000 3.000000 4.000000 1.000000 13.000000 6.000000 11.000000 10.000000 8.000000 3.000000 1.000000 0.000000 3.000000 
60.000000 85.324652 18.000000 3.000000 4.000000 1.000000 1.000000 1.000000 10.000000 15.000000 9.000000 9.000000 2.000000 4.000000 4.000000 
62.169619 94.503606 18.000000 2.000000 1.000000 2.000000 3.000000 2.000000 9.000000 22.000000 5.000000 2.000000 7.000000 5.000000 3.000000 
60.000000 101.324652 18.000000 3.000000 2.000000 4.000000 11.000000 1.000000 7.000000 22.000000 9.000000 1.000000 1.000000 1.000000 1.000000 
59.506325 109.324652 18.000000 5.000000 3.000000 2.000000 2.000000 4.000000 4.000000 24.000000 9.000000 0.000000 3.000000 2.000000 5.000000 
59.488012 117.324652 18.000000 6.000000 5.000000 1.000000 0.000000 5.000000 15.000000 17.000000 3.000000 1.000000 0.000000 4.000000 6.000000 
60.000000 125.324652 18.000000 3.000000 0.000000 1.000000 2.000000 6.000000 11.000000 13.000000 5.000000 7.000000 3.000000 5.000000 7.000000 
60.468262 133.324652 18.000000 8.000000 3.000000 6.000000 13.000000 5.000000 7.000000 1.000000 3.000000 4.000000 7.000000 3.000000 3.000000 
60.000000 141.324652 18.000000 10.000000 5.000000 0.000000 5.000000 2.000000 2.000000 5.000000 2.000000 4.000000 6.000000 7.000000 15.000000 
60.000000 149.324652 18.000000 6.000000 3.000000 7.000000 1.000000 2.000000 5.000000 4.000000 5.000000 5.000000 4.000000 8.000000 13.000000 
60.000000 157.324652 18.000000 6.000000 6.000000 6.000000 2.000000 6.000000 4.000000 5.000000 4.000000 4.000000 5.000000 7.000000 8.000000 
59.725462 165.050115 18.000000 15.000000 6.000000 2.000000 4.000000 4.000000 4.000000 3.000000 3.000000 4.000000 8.000000 7.000000 3.000000 
59.712133 174.978650 18.000000 6.000000 6.000000 10.000000 4.000000 0.000000 2.000000 8.000000 7.000000 2.000000 11.000000 5.000000 2.000000 
60.000000 181.324652 18.000000 4.000000 5.000000 4.000000 6.000000 5.000000 2.000000 3.000000 14.000000 3.000000 9.000000 3.000000 5.000000 
60.471670 189.324652 18.000000 3.000000 8.000000 7.000000 5.000000 3.000000 2.000000 0.000000 9.000000 8.000000 10.000000 4.000000 4.000000 
60.000000 196.668135 18.000000 8.000000 6.000000 6.000000 11.000000 3.000000 3.000000 2.000000 3.000000 3.000000 4.000000 5.000000 9.000000 
60.000000 204.965342 18.000000 9.000000 8.000000 3.000000 5.000000 5.000000 2.000000 6.000000 2.000000 2.000000 8.000000 8.000000 5.000000 
60.000000 213.324652 18.000000 11.000000 7.000000 4.000000 12.000000 2.000000 0.000000 0.000000 2.000000 1.000000 10.000000 6.000000 8.000000 
60.000000 221.324652 18.000000 4.000000 5.000000 7.000000 6.000000 2.000000 3.000000 7.000000 7.000000 5.000000 0.000000 4.000000 13.000000 
60.000000 228.890526 18.000000 8.000000 2.000000 5.000000 4.000000 2.000000 4.000000 8.000000 8.000000 8.000000 4.000000 5.000000 5.000000 
60.000000 236.000000 35.000000 0.000000 0.000000 1.000000 15.000000 2.000000 0.000000 5.000000 3.000000 2.000000 0.000000 0.000000 0.000000 
