240
5.000000 5.689680 39.000000 0.000000 8.000000 0.000000 0.000000 0.000000 0.000000 0.000000 0.000000 0.000000 8.000000 2.000000 6.000000 
4.622206 12.702447 27.000000 4.000000 6.000000 0.000000 6.000000 1.000000 3.000000 2.000000 3.000000 1.000000 1.000000 3.000000 6.000000 
2.664116 22.185031 27.000000 8.000000 2.000000 2.000000 9.000000 1.000000 0.000000 1.000000 2.000000 2.000000 3.000000 3.000000 3.000000 
4.322413 29.002240 27.000000 5.000000 5.000000 3.000000 4.000000 1.000000 0.000000 1.000000 2.000000 4.000000 7.000000 1.000000 3.000000 
4.322413 37.647065 27.000000 5.000000 7.000000 4.000000 1.000000 1.000000 2.000000 2.000000 1.000000 1.000000 3.000000 3.000000 6.000000 
3.158705 45.737828 27.000000 12.000000 4.000000 3.000000 3.000000 0.000000 0.000000 0.000000 0.000000 3.000000 10.000000 1.000000 0.000000 
4.000000 52.959625 27.000000 7.000000 1.000000 4.000000 6.000000 2.000000 2.000000 0.000000 0.000000 0.000000 3.000000 7.000000 4.000000 
3.174795 60.499447 27.000000 7.000000 1.000000 2.000000 4.000000 2.000000 1.000000 0.000000 1.000000 5.000000 6.000000 1.000000 6.000000 
3.969395 70.000083 27.000000 4.000000 5.000000 0.000000 12.000000 3.000000 0.000000 0.000000 1.000000 2.000000 3.000000 2.000000 4.000000 
4.322413 78.002734 27.000000 9.000000 2.000000 7.000000 4.000000 1.000000 1.000000 1.000000 1.000000 1.000000 3.000000 5.000000 1.000000 
2.825728 84.150380 27.000000 9.000000 1.000000 1.000000 0.000000 0.000000 0.000000 2.000000 4.000000 2.000000 12.000000 3.000000 2.000000 
4.322413 93.002240 27.000000 7.000000 2.000000 2.000000 12.000000 1.000000 3.000000 2.000000 0.000000 2.000000 4.000000 1.000000 0.000000 
3.586825 101.737828 27.000000 8.000000 3.000000 3.000000 5.000000 1.000000 2.000000 0.000000 1.000000 2.000000 4.000000 3.000000 4.000000 
4.608018 110.225847 27.000000 5.000000 8.000000 4.000000 4.000000 2.000000 2.000000 2.000000 0.000000 0.000000 3.000000 3.000000 3.000000 
4.000000 117.689680 27.000000 4.000000 5.000000 1.000000 2.000000 1.000000 1.000000 3.000000 2.000000 1.000000 10.000000 3.000000 3.000000 
3.586825 124.911477 27.000000 9.000000 3.000000 5.000000 2.000000 1.000000 2.000000 3.000000 1.000000 2.000000 7.000000 0.000000 1.000000 
4.608914 133.647065 27.000000 2.000000 4.000000 5.000000 3.000000 0.000000 1.000000 3.000000 0.000000 1.000000 10.000000 5.000000 2.000000 
4.322413 142.002656 27.000000 1.000000 7.000000 2.000000 0.000000 0.000000 3.000000 5.000000 2.000000 3.000000 6.000000 6.000000 1.000000 
4.000000 148.959625 27.000000 5.000000 3.000000 3.000000 9.000000 0.000000 0.000000 1.000000 0.000000 2.000000 5.000000 4.000000 4.000000 
3.959897 157.689408 27.000000 8.000000 2.000000 5.000000 10.000000 2.000000 1.000000 0.000000 1.000000 2.000000 4.000000 1.000000 0.000000 
4.000000 164.959625 27.000000 3.000000 0.000000 2.000000 8.000000 4.000000 3.000000 2.000000 2.000000 1.000000 1.000000 3.000000 7.000000 
3.586825 172.551800 27.000000 5.000000 2.000000 2.000000 7.000000 3.000000 1.000000 4.000000 3.000000 2.000000 3.000000 2.000000 2.000000 
3.191429 180.516082 27.000000 9.000000 0.000000 3.000000 0.000000 1.000000 0.000000 4.000000 4.000000 4.000000 4.000000 4.000000 3.000000 
4.593575 188.731078 27.000000 11.000000 2.000000 1.000000 3.000000 2.000000 3.000000 3.000000 1.000000 2.000000 0.000000 3.000000 5.000000 
4.586342 197.965018 27.000000 5.000000 6.000000 4.000000 1.000000 1.000000 3.000000 1.000000 0.000000 1.000000 5.000000 6.000000 3.000000 
3.201153 206.488527 27.000000 7.000000 5.000000 1.000000 3.000000 2.000000 3.000000 2.000000 3.000000 1.000000 5.000000 2.000000 2.000000 
4.068752 215.147151 27.000000 9.000000 2.000000 2.000000 1.000000 0.000000 0.000000 2.000000 3.000000 2.000000 5.000000 5.000000 5.000000 
4.635368 221.647065 27.000000 7.000000 4.000000 5.000000 2.000000 2.000000 3.000000 2.000000 0.000000 3.000000 3.000000 1.000000 4.000000 
4.365028 229.365028 27.000000 8.000000 3.000000 4.000000 1.000000 0.000000 1.000000 2.000000 4.000000 7.000000 0.000000 4.000000 2.000000 
5.000000 236.365028 36.000000 8.000000 2.000000 0.000000 0.000000 4.000000 2.000000 1.000000 2.000000 0.000000 0.000000 1.000000 0.000000 
12.893082 4.471945 27.000000 11.000000 8.000000 6.000000 7.000000 2.000000 2.000000 4.000000 2.000000 0.000000 2.000000 6.000000 4.000000 
13.136148 10.979118 0.000000 8.000000 7.000000 5.000000 11.000000 3.000000 3.000000 2.000000 10.000000 4.000000 11.000000 13.000000 4.000000 
9.000000 21.173650 0.000000 12.000000 5.000000 4.000000 25.000000 5.000000 1.000000 5.000000 5.000000 5.000000 5.000000 5.000000 4.000000 
12.831706 27.423560 0.000000 5.000000 13.000000 7.000000 8.000000 4.000000 3.000000 6.000000 3.000000 11.000000 7.000000 5.000000 9.000000 
11.906903 36.909237 0.000000 16.000000 8.000000 8.000000 9.000000 6.000000 4.000000 6.000000 3.000000 4.000000 2.000000 5.000000 10.000000 
10.613572 45.196710 0.000000 17.000000 4.000000 3.000000 6.000000 3.000000 2.000000 5.000000 7.000000 7.000000 10.000000 7.000000 10.000000 
9.486875 49.405506 0.000000 16.000000 3.000000 4.000000 7.000000 4.000000 4.000000 5.000000 4.000000 6.000000 12.000000 8.000000 8.000000 
10.049779 58.960074 0.000000 17.000000 5.000000 2.000000 9.000000 11.000000 6.000000 6.000000 3.000000 7.000000 5.000000 4.000000 6.000000 
13.003083 70.324078 0.000000 5.000000 4.000000 8.000000 8.000000 3.000000 4.000000 5.000000 5.000000 6.000000 16.000000 10.000000 7.000000 
11.467239 76.832266 0.000000 7.000000 7.000000 5.000000 9.000000 3.000000 3.000000 6.000000 7.000000 5.000000 14.000000 8.000000 7.000000 
10.007290 80.909237 0.000000 11.000000 1.000000 6.000000 3.000000 2.000000 1.000000 9.000000 8.000000 6.000000 19.000000 8.000000 7.000000 
12.433914 90.754087 0.000000 8.000000 4.000000 3.000000 13.000000 8.000000 6.000000 9.000000 2.000000 5.000000 12.000000 4.000000 7.000000 
11.966083 101.977157 0.000000 8.000000 5.000000 7.000000 4.000000 10.000000 10.000000 6.000000 3.000000 4.000000 4.000000 5.000000 15.000000 
14.324652 111.324652 0.000000 8.000000 7.000000 10.000000 9.000000 3.000000 2.000000 2.000000 6.000000 4.000000 7.000000 10.000000 13.000000 
12.049008 116.626037 0.000000 2.000000 3.000000 3.000000 17.000000 6.000000 6.000000 4.000000 7.000000 3.000000 16.000000 8.000000 6.000000 
10.069118 121.172013 0.000000 17.000000 9.000000 4.000000 7.000000 4.000000 2.000000 4.000000 3.000000 4.000000 5.000000 11.000000 11.000000 
13.783272 134.039952 0.000000 12.000000 13.000000 5.000000 2.000000 2.000000 8.000000 3.000000 5.000000 8.000000 9.000000 7.000000 7.000000 
13.292968 142.367970 0.000000 11.000000 14.000000 3.000000 5.000000 2.000000 2.000000 19.000000 4.000000 1.000000 5.000000 5.000000 10.000000 
12.926905 148.468276 0.000000 12.000000 6.000000 5.000000 13.000000 2.000000 2.000000 7.000000 7.000000 0.000000 1.000000 11.000000 15.000000 
12.322413 156.260725 0.000000 11.000000 6.000000 5.000000 19.000000 6.000000 4.000000 4.000000 3.000000 2.000000 10.000000 7.000000 4.000000 
11.381452 163.005647 0.000000 18.000000 1.000000 2.000000 10.000000 5.000000 1.000000 3.000000 3.000000 2.000000 20.000000 10.000000 6.000000 
10.955808 169.058143 0.000000 23.000000 4.000000 1.000000 10.000000 2.000000 2.000000 4.000000 3.000000 2.000000 18.000000 9.000000 3.000000 
9.571486 175.692225 0.000000 16.000000 0.000000 7.000000 21.000000 5.000000 4.000000 4.000000 0.000000 2.000000 11.000000 9.000000 2.000000 
14.810632 186.184436 0.000000 11.000000 8.000000 6.000000 11.000000 0.000000 2.000000 8.000000 5.000000 6.000000 13.000000 5.000000 6.000000 
14.461492 199.883423 0.000000 4.000000 5.000000 12.000000 15.000000 8.000000 6.000000 7.000000 6.000000 5.000000 6.000000 4.000000 3.000000 
10.453459 208.514964 0.000000 18.000000 3.000000 7.000000 11.000000 7.000000 7.000000 3.000000 4.000000 1.000000 2.000000 8.000000 10.000000 
13.689349 217.316687 0.000000 2.000000 5.000000 14.000000 6.000000 5.000000 5.000000 6.000000 2.000000 6.000000 7.000000 9.000000 14.000000 
14.728293 222.002498 0.000000 6.000000 9.000000 11.000000 11.000000 5.000000 4.000000 4.000000 2.000000 4.000000 3.000000 10.000000 12.000000 
11.909450 230.133542 0.000000 16.000000 10.000000 8.000000 3.000000 4.000000 1.000000 8.000000 1.000000 10.000000 5.000000 7.000000 8.000000 
12.000000 237.365028 27.000000 14.000000 1.000000 4.000000 4.000000 1.000000 4.000000 3.000000 3.000000 3.000000 4.000000 2.000000 2.000000 
20.000000 5.689680 27.000000 5.000000 2.000000 3.000000 5.000000 0.000000 1.000000 2.000000 4.000000 3.000000 19.000000 7.000000 3.000000 
20.607927 12.471871 0.000000 17.000000 8.000000 5.000000 16.000000 2.000000 4.000000 1.000000 1.000000 3.000000 11.000000 6.000000 7.000000 
19.184259 19.195905 0.000000 10.000000 4.000000 5.000000 5.000000 2.000000 2.000000 4.000000 4.000000 6.000000 20.000000 7.000000 12.000000 
20.909237 26.264412 0.000000 13.000000 6.000000 10.000000 4.000000 7.000000 3.000000 4.000000 6.000000 4.000000 9.000000 8.000000 7.000000 
19.929250 36.230145 0.000000 13.000000 9.000000 7.000000 3.000000 4.000000 4.000000 5.000000 5.000000 3.000000 13.000000 6.000000 9.000000 
19.814625 45.141809 0.000000 17.000000 2.000000 6.000000 8.000000 7.000000 6.000000 7.000000 2.000000 3.000000 8.000000 5.000000 10.000000 
16.625611 50.315292 0.000000 14.000000 7.000000 6.000000 5.000000 5.000000 8.000000 4.000000 4.000000 2.000000 13.000000 8.000000 5.000000 
19.627702 60.442639 0.000000 10.000000 8.000000 3.000000 6.000000 4.000000 3.000000 15.000000 6.000000 8.000000 7.000000 6.000000 5.000000 
21.586825 66.911477 0.000000 12.000000 11.000000 7.000000 3.000000 5.000000 7.000000 8.000000 5.000000 4.000000 5.000000 6.000000 8.000000 
21.297978 78.009780 0.000000 3.000000 7.000000 5.000000 14.000000 5.000000 4.000000 1.000000 6.000000 7.000000 19.000000 5.000000 5.000000 
21.741731 84.793565 0.000000 17.000000 8.000000 6.000000 8.000000 6.000000 2.000000 5.000000 1.000000 7.000000 7.000000 4.000000 10.000000 
21.302267 91.925713 0.000000 10.000000 6.000000 3.000000 9.000000 5.000000 5.000000 4.000000 3.000000 8.000000 9.000000 6.000000 13.000000 
21.687440 99.677587 0.000000 11.000000 8.000000 5.000000 16.000000 4.000000 3.000000 4.000000 3.000000 4.000000 7.000000 5.000000 11.000000 
20.914805 107.041872 0.000000 13.000000 11.000000 8.000000 3.000000 3.000000 4.000000 2.000000 5.000000 3.000000 8.000000 10.000000 11.000000 
20.129716 111.663831 0.000000 7.000000 6.000000 7.000000 4.000000 4.000000 5.000000 6.000000 3.000000 8.000000 8.000000 10.000000 13.000000 
15.802975 119.866727 0.000000 13.000000 5.000000 7.000000 20.000000 7.000000 4.000000 5.000000 1.000000 4.000000 1.000000 7.000000 7.000000 
17.580056 132.766236 0.000000 7.000000 4.000000 7.000000 4.000000 4.000000 17.000000 6.000000 1.000000 7.000000 10.000000 6.000000 8.000000 
23.139611 143.727197 0.000000 9.000000 8.000000 6.000000 20.000000 9.000000 8.000000 12.000000 2.000000 2.000000 2.000000 2.000000 1.000000 
23.402985 148.770664 0.000000 6.000000 4.000000 5.000000 8.000000 5.000000 3.000000 2.000000 2.000000 7.000000 16.000000 9.000000 14.000000 
22.477416 156.034693 0.000000 12.000000 3.000000 1.000000 13.000000 7.000000 3.000000 3.000000 5.000000 5.000000 13.000000 10.000000 6.000000 
23.442663 166.112365 0.000000 17.000000 4.000000 8.000000 5.000000 6.000000 8.000000 5.000000 3.000000 4.000000 4.000000 4.000000 13.000000 
23.122143 169.591872 0.000000 27.000000 6.000000 7.000000 3.000000 4.000000 7.000000 5.000000 1.000000 3.000000 4.000000 5.000000 9.000000 
18.022361 176.795066 0.000000 14.000000 4.000000 4.000000 4.000000 6.000000 8.000000 21.000000 4.000000 0.000000 8.000000 5.000000 3.000000 
21.594674 186.139572 0.000000 4.000000 1.000000 2.000000 9.000000 3.000000 3.000000 16.000000 15.000000 12.000000 7.000000 6.000000 3.000000 
21.757836 199.362524 0.000000 4.000000 2.000000 4.000000 7.000000 3.000000 5.000000 5.000000 6.000000 9.000000 22.000000 5.000000 9.000000 
20.740846 205.420345 0.000000 6.000000 5.000000 6.000000 22.000000 5.000000 1.000000 2.000000 4.000000 4.000000 7.000000 10.000000 9.000000 
20.529605 211.033843 0.000000 9.000000 9.000000 8.000000 14.000000 5.000000 3.000000 3.000000 3.000000 3.000000 12.000000 3.000000 9.000000 
17.677587 218.964186 0.000000 10.000000 8.000000 6.000000 9.000000 2.000000 1.000000 4.000000 4.000000 6.000000 11.000000 5.000000 15.000000 
19.000000 229.665141 0.000000 12.000000 3.000000 6.000000 8.000000 4.000000 2.000000 6.000000 1.000000 7.000000 15.000000 10.000000 7.000000 
20.000000 237.757976 27.000000 5.000000 4.000000 4.000000 12.000000 1.000000 1.000000 2.000000 1.000000 2.000000 4.000000 5.000000 4.000000 
28.705665 5.687440 27.000000 5.000000 7.000000 7.000000 5.000000 4.000000 5.000000 4.000000 1.000000 9.000000 5.000000 1.000000 1.000000 
30.644825 13.000000 0.000000 8.000000 7.000000 5.000000 10.000000 6.000000 6.000000 7.000000 8.000000 5.000000 9.000000 5.000000 5.000000 
29.375213 20.586825 0.000000 11.000000 13.000000 8.000000 3.000000 9.000000 2.000000 8.000000 6.000000 2.000000 9.000000 5.000000 5.000000 
28.872894 27.513229 0.000000 8.000000 2.000000 5.000000 7.000000 6.000000 5.000000 10.000000 8.000000 8.000000 7.000000 8.000000 7.000000 
28.581686 38.000000 0.000000 16.000000 3.000000 5.000000 6.000000 8.000000 9.000000 5.000000 2.000000 5.000000 5.000000 8.000000 9.000000 
26.249970 43.703031 0.000000 10.000000 3.000000 8.000000 5.000000 13.000000 10.000000 6.000000 3.000000 4.000000 4.000000 6.000000 9.000000 
25.662299 52.440072 0.000000 12.000000 9.000000 8.000000 3.000000 3.000000 6.000000 6.000000 1.000000 3.000000 13.000000 10.000000 7.000000 
25.502689 61.337969 0.000000 17.000000 6.000000 6.000000 6.000000 4.000000 6.000000 11.000000 5.000000 5.000000 9.000000 1.000000 5.000000 
28.115073 67.322413 0.000000 17.000000 9.000000 17.000000 6.000000 4.000000 3.000000 1.000000 3.000000 1.000000 4.000000 8.000000 8.000000 
28.218110 76.600846 0.000000 6.000000 3.000000 8.000000 16.000000 8.000000 4.000000 1.000000 7.000000 7.000000 9.000000 7.000000 5.000000 
27.480683 83.677587 0.000000 21.000000 5.000000 9.000000 7.000000 2.000000 0.000000 4.000000 3.000000 5.000000 1.000000 12.000000 12.000000 
27.735588 91.909237 0.000000 12.000000 6.000000 5.000000 6.000000 6.000000 7.000000 1.000000 2.000000 7.000000 12.000000 10.000000 7.000000 
27.756961 97.685108 0.000000 10.000000 8.000000 8.000000 14.000000 4.000000 6.000000 6.000000 4.000000 4.000000 1.000000 5.000000 11.000000 
27.933039 109.003647 0.000000 11.000000 4.000000 14.000000 4.000000 3.000000 3.000000 4.000000 4.000000 6.000000 11.000000 4.000000 13.000000 
30.319880 118.432560 0.000000 9.000000 10.000000 6.000000 4.000000 3.000000 6.000000 7.000000 6.000000 3.000000 11.000000 7.000000 9.000000 
24.715831 125.360656 0.000000 21.000000 1.000000 8.000000 11.000000 4.000000 4.000000 8.000000 6.000000 3.000000 5.000000 5.000000 5.000000 
27.094258 133.973933 0.000000 5.000000 9.000000 7.000000 1.000000 6.000000 4.000000 10.000000 6.000000 6.000000 6.000000 16.000000 5.000000 
31.679199 142.046753 0.000000 9.000000 3.000000 2.000000 8.000000 2.000000 8.000000 4.000000 4.000000 4.000000 24.000000 7.000000 6.000000 
30.331222 146.757889 0.000000 6.000000 5.000000 4.000000 6.000000 10.000000 8.000000 3.000000 1.000000 4.000000 24.000000 2.000000 8.000000 
30.050388 157.978834 0.000000 7.000000 3.000000 7.000000 13.000000 11.000000 3.000000 2.000000 4.000000 5.000000 7.000000 11.000000 8.000000 
31.786564 166.248598 0.000000 21.000000 7.000000 9.000000 10.000000 4.000000 2.000000 3.000000 2.000000 3.000000 5.000000 6.000000 9.000000 
30.305195 171.845957 0.000000 21.000000 6.000000 10.000000 1.000000 0.000000 2.000000 3.000000 4.000000 3.000000 12.000000 13.000000 6.000000 
29.322413 182.715899 0.000000 15.000000 4.000000 11.000000 5.000000 0.000000 1.000000 0.000000 1.000000 5.000000 28.000000 3.000000 8.000000 
27.669579 185.436193 0.000000 13.000000 8.000000 5.000000 10.000000 1.000000 1.000000 5.000000 2.000000 6.000000 23.000000 3.000000 4.000000 
27.546711 197.193187 0.000000 4.000000 5.000000 7.000000 9.000000 7.000000 5.000000 1.000000 6.000000 6.000000 18.000000 7.000000 6.000000 
31.244753 204.586825 0.000000 5.000000 3.000000 7.000000 3.000000 5.000000 6.000000 5.000000 9.000000 7.000000 13.000000 14.000000 4.000000 
27.811368 210.959625 0.000000 7.000000 4.000000 3.000000 18.000000 5.000000 7.000000 12.000000 6.000000 2.000000 5.000000 5.000000 7.000000 
28.065542 220.119849 0.000000 7.000000 7.000000 3.000000 3.000000 4.000000 8.000000 8.000000 4.000000 6.000000 20.000000 6.000000 5.000000 
28.322413 226.002240 0.000000 8.000000 11.000000 8.000000 5.000000 4.000000 5.000000 7.000000 7.000000 10.000000 7.000000 3.000000 6.000000 
28.000000 237.123536 27.000000 2.000000 3.000000 4.000000 7.000000 3.000000 2.000000 3.000000 2.000000 2.000000 8.000000 4.000000 5.000000 
36.413175 4.951852 27.000000 7.000000 0.000000 5.000000 9.000000 3.000000 6.000000 3.000000 2.000000 3.000000 4.000000 4.000000 8.000000 
36.689658 10.586825 0.000000 10.000000 8.000000 10.000000 8.000000 6.000000 4.000000 5.000000 4.000000 6.000000 4.000000 11.000000 5.000000 
34.663372 19.343199 0.000000 12.000000 7.000000 8.000000 5.000000 7.000000 2.000000 5.000000 5.000000 7.000000 11.000000 6.000000 6.000000 
35.975395 28.322413 0.000000 12.000000 8.000000 5.000000 6.000000 4.000000 8.000000 9.000000 4.000000 1.000000 13.000000 5.000000 6.000000 
37.728979 35.896661 0.000000 11.000000 8.000000 7.000000 7.000000 9.000000 8.000000 7.000000 3.000000 1.000000 6.000000 6.000000 8.000000 
37.677587 44.415533 0.000000 11.000000 6.000000 4.000000 3.000000 5.000000 7.000000 10.000000 3.000000 7.000000 10.000000 7.000000 8.000000 
34.661844 53.002369 0.000000 15.000000 3.000000 8.000000 6.000000 4.000000 6.000000 6.000000 5.000000 5.000000 10.000000 5.000000 8.000000 
34.689680 63.000000 0.000000 9.000000 17.000000 10.000000 9.000000 6.000000 4.000000 5.000000 4.000000 3.000000 3.000000 6.000000 5.000000 
35.756923 68.533194 0.000000 9.000000 12.000000 10.000000 5.000000 6.000000 5.000000 1.000000 4.000000 5.000000 5.000000 8.000000 11.000000 
33.710154 74.601160 0.000000 9.000000 6.000000 6.000000 6.000000 4.000000 2.000000 3.000000 7.000000 9.000000 16.000000 7.000000 6.000000 
37.322413 83.850172 0.000000 12.000000 14.000000 5.000000 4.000000 5.000000 5.000000 4.000000 5.000000 3.000000 5.000000 12.000000 7.000000 
35.660263 92.486613 0.000000 14.000000 7.000000 6.000000 4.000000 3.000000 2.000000 4.000000 7.000000 8.000000 11.000000 2.000000 13.000000 
34.578980 97.977686 0.000000 15.000000 9.000000 8.000000 5.000000 5.000000 7.000000 1.000000 3.000000 5.000000 9.000000 5.000000 9.000000 
36.322413 111.353047 0.000000 20.000000 10.000000 7.000000 1.000000 4.000000 6.000000 4.000000 1.000000 5.000000 6.000000 11.000000 6.000000 
36.426620 117.909237 0.000000 19.000000 7.000000 7.000000 1.000000 4.000000 7.000000 1.000000 4.000000 7.000000 7.000000 4.000000 13.000000 
37.860790 126.578681 0.000000 15.000000 9.000000 9.000000 5.000000 4.000000 7.000000 4.000000 7.000000 3.000000 10.000000 3.000000 5.000000 
38.374958 135.486664 0.000000 11.000000 8.000000 2.000000 2.000000 9.000000 11.000000 2.000000 6.000000 5.000000 17.000000 6.000000 2.000000 
39.032085 139.983159 0.000000 16.000000 9.000000 2.000000 1.000000 5.000000 8.000000 8.000000 7.000000 2.000000 11.000000 8.000000 4.000000 
34.753524 147.878009 0.000000 6.000000 8.000000 8.000000 16.000000 8.000000 9.000000 0.000000 6.000000 4.000000 8.000000 3.000000 5.000000 
33.634972 158.365028 0.000000 6.000000 3.000000 12.000000 4.000000 6.000000 3.000000 1.000000 3.000000 4.000000 8.000000 18.000000 13.000000 
34.446658 163.864041 0.000000 16.000000 7.000000 11.000000 5.000000 7.000000 6.000000 1.000000 2.000000 1.000000 3.000000 12.000000 10.000000 
33.509207 171.135618 0.000000 15.000000 9.000000 8.000000 3.000000 3.000000 2.000000 1.000000 2.000000 4.000000 12.000000 16.000000 6.000000 
36.511500 177.157539 0.000000 10.000000 1.000000 6.000000 4.000000 3.000000 3.000000 6.000000 3.000000 6.000000 27.000000 5.000000 7.000000 
36.000000 181.689680 0.000000 8.000000 2.000000 9.000000 4.000000 0.000000 3.000000 6.000000 3.000000 8.000000 28.000000 5.000000 5.000000 
35.831043 194.355785 0.000000 11.000000 12.000000 6.000000 4.000000 4.000000 2.000000 1.000000 3.000000 8.000000 18.000000 9.000000 3.000000 
38.030660 203.169963 0.000000 7.000000 8.000000 11.000000 12.000000 6.000000 5.000000 4.000000 4.000000 3.000000 10.000000 7.000000 4.000000 
36.663249 211.687440 0.000000 6.000000 5.000000 4.000000 9.000000 4.000000 5.000000 4.000000 6.000000 11.000000 10.000000 10.000000 7.000000 
37.413175 220.221797 0.000000 4.000000 12.000000 6.000000 8.000000 11.000000 12.000000 4.000000 3.000000 3.000000 3.000000 10.000000 5.000000 
37.641558 228.000033 0.000000 5.000000 10.000000 10.000000 10.000000 2.000000 5.000000 4.000000 9.000000 7.000000 3.000000 3.000000 13.000000 
36.000000 237.365028 27.000000 3.000000 2.000000 6.000000 2.000000 3.000000 4.000000 5.000000 4.000000 4.000000 6.000000 0.000000 6.000000 
43.586825 4.951852 27.000000 13.000000 7.000000 5.000000 7.000000 4.000000 1.000000 2.000000 3.000000 3.000000 8.000000 1.000000 0.000000 
43.360109 10.209106 0.000000 7.000000 5.000000 6.000000 4.000000 4.000000 6.000000 7.000000 4.000000 6.000000 11.000000 12.000000 9.000000 
44.931789 18.322413 0.000000 5.000000 8.000000 4.000000 8.000000 1.000000 5.000000 15.000000 7.000000 8.000000 4.000000 8.000000 8.000000 
46.180323 29.322413 0.000000 13.000000 12.000000 9.000000 6.000000 3.000000 6.000000 4.000000 7.000000 4.000000 3.000000 7.000000 7.000000 
44.497529 37.043229 0.000000 5.000000 3.000000 5.000000 10.000000 6.000000 4.000000 7.000000 10.000000 4.000000 9.000000 10.000000 8.000000 
45.043099 47.216749 0.000000 5.000000 12.000000 10.000000 2.000000 3.000000 6.000000 12.000000 5.000000 1.000000 8.000000 11.000000 6.000000 
45.365028 52.426673 0.000000 7.000000 6.000000 10.000000 7.000000 7.000000 8.000000 6.000000 7.000000 3.000000 4.000000 10.000000 6.000000 
44.356331 60.194888 0.000000 8.000000 8.000000 7.000000 5.000000 7.000000 10.000000 10.000000 6.000000 5.000000 7.000000 4.000000 4.000000 
41.354392 68.353417 0.000000 13.000000 3.000000 8.000000 5.000000 2.000000 3.000000 9.000000 7.000000 13.000000 6.000000 6.000000 6.000000 
40.319842 75.438957 0.000000 17.000000 5.000000 6.000000 11.000000 9.000000 5.000000 2.000000 3.000000 5.000000 5.000000 4.000000 9.000000 
42.709504 86.599830 0.000000 13.000000 7.000000 6.000000 6.000000 3.000000 2.000000 2.000000 2.000000 3.000000 10.000000 18.000000 9.000000 
45.834247 93.675160 0.000000 19.000000 9.000000 8.000000 15.000000 6.000000 3.000000 1.000000 1.000000 3.000000 0.000000 6.000000 10.000000 
45.823434 98.063356 0.000000 14.000000 5.000000 3.000000 8.000000 4.000000 2.000000 8.000000 8.000000 4.000000 9.000000 4.000000 12.000000 
44.586825 109.562544 0.000000 15.000000 7.000000 8.000000 19.000000 4.000000 5.000000 5.000000 3.000000 2.000000 2.000000 4.000000 7.000000 
43.153770 115.772982 0.000000 15.000000 3.000000 3.000000 8.000000 4.000000 5.000000 3.000000 5.000000 7.000000 10.000000 5.000000 13.000000 
46.333575 125.904733 0.000000 7.000000 3.000000 4.000000 11.000000 7.000000 3.000000 6.000000 11.000000 7.000000 5.000000 9.000000 8.000000 
42.556793 135.443207 0.000000 8.000000 6.000000 8.000000 9.000000 8.000000 15.000000 7.000000 4.000000 2.000000 8.000000 4.000000 2.000000 
45.575659 140.728796 0.000000 12.000000 12.000000 7.000000 5.000000 3.000000 6.000000 4.000000 5.000000 2.000000 10.000000 8.000000 7.000000 
42.586825 148.911477 0.000000 4.000000 7.000000 14.000000 3.000000 2.000000 2.000000 7.000000 5.000000 5.000000 8.000000 12.000000 12.000000 
43.108041 156.160652 0.000000 9.000000 8.000000 7.000000 9.000000 7.000000 6.000000 2.000000 3.000000 4.000000 3.000000 7.000000 16.000000 
42.750328 161.574325 0.000000 7.000000 5.000000 5.000000 2.000000 6.000000 4.000000 2.000000 7.000000 6.000000 11.000000 10.000000 16.000000 
41.164184 173.445574 0.000000 8.000000 8.000000 9.000000 5.000000 2.000000 1.000000 2.000000 3.000000 2.000000 21.000000 13.000000 7.000000 
42.273143 177.686481 0.000000 6.000000 2.000000 5.000000 5.000000 2.000000 5.000000 4.000000 7.000000 6.000000 29.000000 6.000000 4.000000 
44.419433 185.720592 0.000000 10.000000 4.000000 6.000000 5.000000 5.000000 7.000000 5.000000 5.000000 8.000000 14.000000 5.000000 7.000000 
41.911477 193.586825 0.000000 7.000000 4.000000 4.000000 12.000000 5.000000 7.000000 3.000000 2.000000 14.000000 16.000000 3.000000 4.000000 
43.923828 203.899138 0.000000 8.000000 5.000000 5.000000 8.000000 13.000000 4.000000 5.000000 3.000000 2.000000 14.000000 10.000000 4.000000 
44.573197 212.260725 0.000000 2.000000 5.000000 6.000000 15.000000 9.000000 4.000000 9.000000 5.000000 4.000000 5.000000 6.000000 11.000000 
45.044753 219.128382 0.000000 5.000000 7.000000 8.000000 8.000000 4.000000 8.000000 5.000000 8.000000 1.000000 9.000000 9.000000 9.000000 
46.000000 232.470075 0.000000 8.000000 7.000000 8.000000 8.000000 7.000000 5.000000 4.000000 6.000000 10.000000 3.000000 4.000000 11.000000 
44.905359 238.270387 27.000000 7.000000 4.000000 5.000000 9.000000 3.000000 0.000000 0.000000 2.000000 2.000000 1.000000 3.000000 9.000000 
52.365028 5.365028 27.000000 9.000000 0.000000 4.000000 2.000000 3.000000 4.000000 5.000000 6.000000 5.000000 4.000000 4.000000 8.000000 
53.365028 12.365028 0.000000 6.000000 5.000000 7.000000 8.000000 5.000000 7.000000 14.000000 4.000000 1.000000 5.000000 8.000000 11.000000 
52.660956 20.038505 0.000000 6.000000 7.000000 2.000000 5.000000 1.000000 3.000000 11.000000 5.000000 6.000000 21.000000 7.000000 7.000000 
51.175451 27.540479 0.000000 15.000000 9.000000 8.000000 11.000000 0.000000 1.000000 8.000000 10.000000 5.000000 2.000000 6.000000 6.000000 
50.565236 34.930263 0.000000 5.000000 5.000000 9.000000 3.000000 6.000000 3.000000 8.000000 15.000000 8.000000 4.000000 7.000000 8.000000 
54.000000 47.015455 0.000000 10.000000 9.000000 7.000000 4.000000 0.000000 3.000000 8.000000 3.000000 1.000000 28.000000 7.000000 1.000000 
52.439866 53.388031 0.000000 5.000000 3.000000 3.000000 2.000000 1.000000 4.000000 8.000000 9.000000 5.000000 28.000000 6.000000 7.000000 
52.000000 59.689680 0.000000 8.000000 3.000000 10.000000 12.000000 5.000000 2.000000 9.000000 2.000000 2.000000 12.000000 10.000000 6.000000 
52.340215 67.341851 0.000000 3.000000 8.000000 11.000000 27.000000 1.000000 2.000000 7.000000 5.000000 6.000000 4.000000 4.000000 3.000000 
52.188984 72.597697 0.000000 7.000000 3.000000 8.000000 22.000000 6.000000 2.000000 1.000000 5.000000 3.000000 13.000000 4.000000 7.000000 
52.918867 85.159536 0.000000 14.000000 9.000000 7.000000 12.000000 5.000000 6.000000 4.000000 4.000000 3.000000 7.000000 5.000000 5.000000 
59.191150 97.930923 0.000000 8.000000 1.000000 3.000000 10.000000 3.000000 1.000000 36.000000 5.000000 6.000000 3.000000 2.000000 3.000000 
55.098269 99.054695 0.000000 10.000000 1.000000 3.000000 14.000000 5.000000 5.000000 16.000000 7.000000 5.000000 5.000000 4.000000 6.000000 
51.896437 107.662599 0.000000 9.000000 12.000000 9.000000 6.000000 1.000000 6.000000 7.000000 4.000000 1.000000 8.000000 8.000000 10.000000 
51.634997 115.374856 0.000000 11.000000 6.000000 9.000000 14.000000 2.000000 1.000000 5.000000 5.000000 4.000000 10.000000 4.000000 10.000000 
53.352141 125.012887 0.000000 13.000000 11.000000 5.000000 14.000000 4.000000 3.000000 5.000000 1.000000 4.000000 6.000000 7.000000 8.000000 
51.214091 134.719457 0.000000 1.000000 9.000000 12.000000 4.000000 2.000000 4.000000 1.000000 4.000000 7.000000 19.000000 11.000000 7.000000 
54.586825 139.951852 0.000000 9.000000 12.000000 11.000000 2.000000 4.000000 2.000000 2.000000 3.000000 4.000000 6.000000 13.000000 13.000000 
51.711313 147.689680 0.000000 7.000000 2.000000 10.000000 5.000000 6.000000 4.000000 2.000000 7.000000 8.000000 13.000000 9.000000 8.000000 
52.365028 157.365028 0.000000 16.000000 11.000000 10.000000 3.000000 5.000000 1.000000 2.000000 4.000000 4.000000 6.000000 9.000000 10.000000 
52.760507 164.439556 0.000000 13.000000 3.000000 3.000000 8.000000 9.000000 3.000000 2.000000 2.000000 4.000000 15.000000 9.000000 10.000000 
53.507305 173.440861 0.000000 7.000000 7.000000 2.000000 10.000000 6.000000 3.000000 18.000000 10.000000 4.000000 4.000000 5.000000 5.000000 
54.618640 178.008298 0.000000 11.000000 5.000000 7.000000 12.000000 4.000000 4.000000 11.000000 9.000000 7.000000 3.000000 5.000000 3.000000 
57.365028 187.365028 0.000000 1.000000 1.000000 5.000000 17.000000 8.000000 4.000000 2.000000 11.000000 5.000000 11.000000 8.000000 8.000000 
54.835513 196.725525 0.000000 13.000000 6.000000 2.000000 17.000000 5.000000 7.000000 3.000000 5.000000 4.000000 9.000000 4.000000 6.000000 
55.916002 206.951852 0.000000 8.000000 12.000000 6.000000 4.000000 0.000000 0.000000 2.000000 2.000000 6.000000 16.000000 11.000000 14.000000 
56.473101 211.701328 0.000000 8.000000 9.000000 5.000000 7.000000 2.000000 2.000000 2.000000 2.000000 6.000000 20.000000 9.000000 9.000000 
54.370429 219.140366 0.000000 7.000000 10.000000 5.000000 13.000000 3.000000 3.000000 2.000000 2.000000 1.000000 7.000000 13.000000 15.000000 
52.000000 231.689680 0.000000 4.000000 7.000000 7.000000 19.000000 4.000000 6.000000 7.000000 10.000000 6.000000 4.000000 3.000000 4.000000 
52.000000 237.924105 27.000000 3.000000 4.000000 3.000000 9.000000 1.000000 2.000000 3.000000 7.000000 5.000000 2.000000 2.000000 4.000000 
60.000000 5.324652 39.000000 7.000000 3.000000 1.000000 4.000000 0.000000 2.000000 11.000000 2.000000 0.000000 5.000000 4.000000 3.000000 
60.000000 13.324652 18.000000 8.000000 8.000000 1.000000 0.000000 1.000000 7.000000 11.000000 7.000000 1.000000 8.000000 5.000000 6.000000 
60.000000 21.324652 18.000000 9.000000 6.000000 1.000000 5.000000 4.000000 9.000000 14.000000 7.000000 1.000000 3.000000 1.000000 3.000000 
59.655463 29.324652 18.000000 12.000000 6.000000 7.000000 3.000000 0.000000 3.000000 7.000000 6.000000 9.000000 5.000000 2.000000 3.000000 
59.714585 37.039237 18.000000 10.000000 11.000000 4.000000 6.000000 5.000000 5.000000 1.000000 3.000000 3.000000 9.000000 4.000000 2.000000 
60.463400 45.788053 18.000000 2.000000 2.000000 1.000000 6.000000 8.000000 7.000000 1.000000 1.000000 7.000000 21.000000 6.000000 1.000000 
60.000000 53.324652 18.000000 8.000000 1.000000 2.000000 2.000000 4.000000 21.000000 9.000000 4.000000 4.000000 5.000000 2.000000 1.000000 
60.000000 61.324652 18.000000 11.000000 7.000000 5.000000 5.000000 4.000000 8.000000 4.000000 7.000000 3.000000 1.000000 3.000000 5.000000 
60.000000 69.324652 18.000000 3.000000 2.000000 4.000000 3.000000 3.000000 4.000000 10.000000 18.000000 6.000000 6.000000 2.000000 2.000000 
60.083929 76.192603 18.000000 2.000000 0.000000 1.000000 8.000000 13.000000 10.000000 7.000000 10.000000 6.000000 5.000000 0.000000 1.000000 
60.000000 85.680212 18.000000 2.000000 2.000000 1.000000 1.000000 1.000000 11.000000 11.000000 18.000000 7.000000 1.000000 2.000000 6.000000 
62.905963 94.586611 18.000000 5.000000 2.000000 3.000000 0.000000 1.000000 2.000000 34.000000 5.000000 3.000000 3.000000 3.000000 2.000000 
61.815969 99.140621 27.000000 0.000000 1.000000 1.000000 1.000000 2.000000 2.000000 32.000000 7.000000 6.000000 0.000000 1.000000 1.000000 
60.000000 109.073242 18.000000 9.000000 3.000000 6.000000 1.000000 3.000000 4.000000 18.000000 7.000000 3.000000 3.000000 4.000000 2.000000 
60.000000 117.324652 18.000000 3.000000 0.000000 1.000000 3.000000 11.000000 9.000000 17.000000 12.000000 2.000000 2.000000 2.000000 1.000000 
60.451895 124.872757 18.000000 14.000000 1.000000 1.000000 1.000000 4.000000 3.000000 12.000000 10.000000 3.000000 5.000000 6.000000 3.000000 
59.702212 133.622441 18.000000 10.000000 5.000000 3.000000 13.000000 8.000000 5.000000 3.000000 1.000000 2.000000 3.000000 5.000000 5.000000 
60.912145 141.324652 18.000000 10.000000 4.000000 5.000000 2.000000 3.000000 0.000000 5.000000 3.000000 3.000000 6.000000 7.000000 15.000000 
60.000000 149.324652 18.000000 8.000000 9.000000 1.000000 5.000000 3.000000 2.000000 2.000000 2.000000 3.000000 10.000000 10.000000 8.000000 
60.000000 157.324652 18.000000 8.000000 3.000000 4.000000 4.000000 4.000000 3.000000 0.000000 4.000000 5.000000 15.000000 9.000000 4.000000 
60.000000 165.324652 18.000000 7.000000 2.000000 2.000000 1.000000 5.000000 16.000000 7.000000 3.000000 4.000000 5.000000 4.000000 7.000000 
60.000000 173.740073 18.000000 8.000000 6.000000 3.000000 1.000000 6.000000 5.000000 12.000000 8.000000 3.000000 2.000000 2.000000 7.000000 
60.403273 180.921380 18.000000 2.000000 3.000000 3.000000 3.000000 4.000000 4.000000 13.000000 7.000000 1.000000 13.000000 2.000000 8.000000 
62.108696 188.850274 18.000000 2.000000 1.000000 2.000000 20.000000 7.000000 4.000000 1.000000 4.000000 1.000000 9.000000 4.000000 8.000000 
60.000000 197.324652 18.000000 6.000000 3.000000 7.000000 6.000000 4.000000 6.000000 3.000000 4.000000 2.000000 12.000000 6.000000 4.000000 
61.461996 206.255588 18.000000 5.000000 6.000000 4.000000 3.000000 2.000000 1.000000 6.000000 3.000000 7.000000 11.000000 9.000000 6.000000 
60.523902 213.324652 18.000000 5.000000 9.000000 5.000000 7.000000 2.000000 4.000000 4.000000 3.000000 6.000000 6.000000 7.000000 5.000000 
60.440812 220.883841 18.000000 3.000000 7.000000 6.000000 8.000000 4.000000 5.000000 4.000000 2.000000 3.000000 2.000000 6.000000 13.000000 
60.000000 229.604694 18.000000 8.000000 2.000000 1.000000 11.000000 3.000000 4.000000 10.000000 7.000000 2.000000 3.000000 3.000000 9.000000 
60.000000 236.000000 35.000000 5.000000 1.000000 1.000000 1.000000 0.000000 1.000000 9.000000 4.000000 2.000000 0.000000 3.000000 1.000000 
