240
5.000000 5.689680 39.000000 3.000000 0.000000 2.000000 4.000000 2.000000 0.000000 0.000000 0.000000 1.000000 5.000000 1.000000 6.000000 
4.893392 13.647065 27.000000 4.000000 3.000000 4.000000 9.000000 2.000000 1.000000 1.000000 1.000000 0.000000 0.000000 3.000000 8.000000 
3.586825 21.737828 27.000000 9.000000 3.000000 2.000000 0.000000 0.000000 0.000000 0.000000 0.000000 1.000000 10.000000 8.000000 3.000000 
3.586825 28.911477 27.000000 7.000000 8.000000 3.000000 4.000000 1.000000 2.000000 2.000000 2.000000 0.000000 2.000000 4.000000 1.000000 
3.583138 37.324652 27.000000 13.000000 2.000000 4.000000 4.000000 0.000000 0.000000 0.000000 1.000000 2.000000 5.000000 3.000000 2.000000 
2.562517 45.324652 27.000000 4.000000 5.000000 0.000000 12.000000 0.000000 0.000000 0.000000 3.000000 2.000000 4.000000 4.000000 2.000000 
2.454223 54.679039 27.000000 9.000000 8.000000 1.000000 9.000000 2.000000 1.000000 3.000000 1.000000 1.000000 0.000000 1.000000 0.000000 
3.192287 60.516940 27.000000 7.000000 5.000000 0.000000 2.000000 1.000000 0.000000 0.000000 0.000000 0.000000 15.000000 1.000000 5.000000 
4.620884 69.002240 27.000000 3.000000 2.000000 5.000000 12.000000 0.000000 0.000000 0.000000 0.000000 0.000000 7.000000 4.000000 3.000000 
3.586825 76.911477 27.000000 2.000000 0.000000 2.000000 2.000000 1.000000 1.000000 5.000000 6.000000 2.000000 4.000000 7.000000 4.000000 
4.322413 85.647065 27.000000 6.000000 0.000000 2.000000 3.000000 4.000000 3.000000 3.000000 2.000000 0.000000 3.000000 3.000000 7.000000 
3.970489 94.538242 27.000000 3.000000 6.000000 5.000000 1.000000 0.000000 3.000000 1.000000 1.000000 1.000000 3.000000 6.000000 6.000000 
4.000000 101.689680 27.000000 4.000000 7.000000 2.000000 9.000000 2.000000 0.000000 4.000000 1.000000 3.000000 2.000000 1.000000 1.000000 
3.586825 108.911477 27.000000 5.000000 0.000000 4.000000 8.000000 1.000000 0.000000 0.000000 2.000000 2.000000 6.000000 3.000000 5.000000 
3.583138 117.324652 27.000000 10.000000 2.000000 2.000000 2.000000 0.000000 2.000000 2.000000 3.000000 1.000000 5.000000 1.000000 6.000000 
4.620460 125.945113 27.000000 8.000000 2.000000 7.000000 5.000000 0.000000 0.000000 0.000000 0.000000 0.000000 4.000000 4.000000 6.000000 
4.596501 132.728151 27.000000 7.000000 3.000000 5.000000 6.000000 2.000000 1.000000 1.000000 3.000000 0.000000 5.000000 2.000000 1.000000 
4.000000 141.689680 27.000000 4.000000 3.000000 1.000000 0.000000 1.000000 3.000000 1.000000 5.000000 2.000000 4.000000 4.000000 8.000000 
4.848026 149.567948 27.000000 5.000000 4.000000 2.000000 0.000000 3.000000 3.000000 6.000000 2.000000 0.000000 0.000000 0.000000 11.000000 
4.605570 156.719083 27.000000 1.000000 2.000000 4.000000 4.000000 2.000000 2.000000 1.000000 2.000000 1.000000 3.000000 4.000000 10.000000 
3.583138 165.324652 27.000000 5.000000 2.000000 6.000000 8.000000 4.000000 3.000000 1.000000 0.000000 0.000000 0.000000 1.000000 6.000000 
3.949654 172.629481 27.000000 5.000000 1.000000 1.000000 2.000000 1.000000 3.000000 1.000000 1.000000 3.000000 7.000000 3.000000 8.000000 
4.000000 181.689680 27.000000 9.000000 6.000000 2.000000 7.000000 1.000000 0.000000 0.000000 0.000000 0.000000 1.000000 4.000000 6.000000 
4.000000 189.689680 27.000000 8.000000 0.000000 2.000000 2.000000 1.000000 3.000000 3.000000 3.000000 1.000000 7.000000 0.000000 6.000000 
4.322413 196.682009 27.000000 3.000000 5.000000 2.000000 4.000000 1.000000 3.000000 3.000000 0.000000 1.000000 5.000000 3.000000 6.000000 
4.295720 204.663905 27.000000 5.000000 1.000000 1.000000 10.000000 4.000000 1.000000 0.000000 1.000000 4.000000 6.000000 2.000000 1.000000 
4.000000 212.959625 27.000000 7.000000 7.000000 4.000000 2.000000 2.000000 0.000000 4.000000 2.000000 0.000000 0.000000 6.000000 2.000000 
4.000000 221.689680 27.000000 0.000000 0.000000 5.000000 20.000000 5.000000 3.000000 1.000000 2.000000 0.000000 0.000000 0.000000 0.000000 
4.365028 229.365028 27.000000 5.000000 2.000000 4.000000 1.000000 2.000000 1.000000 2.000000 6.000000 0.000000 8.000000 3.000000 2.000000 
5.000000 236.365028 36.000000 5.000000 1.000000 1.000000 0.000000 0.000000 0.000000 1.000000 2.000000 0.000000 3.000000 5.000000 2.000000 
13.067813 5.687440 27.000000 9.000000 0.000000 4.000000 8.000000 4.000000 2.000000 3.000000 5.000000 4.000000 3.000000 9.000000 3.000000 
15.002240 13.322413 0.000000 8.000000 5.000000 8.000000 2.000000 4.000000 3.000000 2.000000 5.000000 7.000000 15.000000 6.000000 16.000000 
11.337088 20.221797 0.000000 17.000000 10.000000 4.000000 7.000000 4.000000 2.000000 3.000000 4.000000 3.000000 9.000000 11.000000 7.000000 
10.634972 27.927759 0.000000 14.000000 12.000000 6.000000 8.000000 1.000000 4.000000 4.000000 4.000000 3.000000 7.000000 9.000000 9.000000 
9.917013 36.365028 0.000000 7.000000 6.000000 16.000000 5.000000 2.000000 3.000000 6.000000 5.000000 5.000000 6.000000 10.000000 10.000000 
7.704033 44.495929 0.000000 7.000000 7.000000 5.000000 24.000000 1.000000 2.000000 1.000000 7.000000 5.000000 10.000000 9.000000 3.000000 
7.661960 54.078822 0.000000 8.000000 11.000000 4.000000 21.000000 5.000000 4.000000 8.000000 1.000000 3.000000 9.000000 6.000000 1.000000 
9.736555 58.827873 0.000000 11.000000 8.000000 3.000000 14.000000 3.000000 5.000000 5.000000 4.000000 4.000000 10.000000 7.000000 7.000000 
12.017920 65.773508 0.000000 10.000000 3.000000 9.000000 7.000000 4.000000 4.000000 9.000000 5.000000 3.000000 4.000000 9.000000 14.000000 
11.618651 75.687440 0.000000 5.000000 0.000000 7.000000 13.000000 5.000000 4.000000 4.000000 7.000000 7.000000 15.000000 8.000000 6.000000 
13.016713 86.372777 0.000000 1.000000 7.000000 12.000000 15.000000 4.000000 2.000000 2.000000 6.000000 3.000000 12.000000 7.000000 10.000000 
11.239756 94.564408 0.000000 12.000000 12.000000 5.000000 3.000000 1.000000 3.000000 5.000000 3.000000 4.000000 17.000000 12.000000 4.000000 
12.601568 102.012141 0.000000 14.000000 10.000000 6.000000 10.000000 1.000000 2.000000 6.000000 4.000000 4.000000 12.000000 4.000000 8.000000 
10.957385 107.322413 0.000000 16.000000 8.000000 6.000000 9.000000 6.000000 5.000000 2.000000 4.000000 3.000000 10.000000 5.000000 7.000000 
11.921697 115.974417 0.000000 10.000000 9.000000 4.000000 5.000000 6.000000 6.000000 4.000000 1.000000 4.000000 15.000000 5.000000 12.000000 
12.830814 126.573111 0.000000 8.000000 11.000000 8.000000 3.000000 5.000000 9.000000 2.000000 0.000000 7.000000 18.000000 5.000000 5.000000 
14.324652 130.324652 0.000000 17.000000 9.000000 2.000000 10.000000 6.000000 7.000000 4.000000 1.000000 4.000000 16.000000 3.000000 2.000000 
12.496399 142.537668 0.000000 9.000000 7.000000 13.000000 4.000000 2.000000 3.000000 2.000000 4.000000 4.000000 7.000000 10.000000 16.000000 
15.881264 148.483764 0.000000 11.000000 6.000000 6.000000 8.000000 7.000000 2.000000 0.000000 3.000000 3.000000 11.000000 5.000000 19.000000 
14.024377 154.473069 0.000000 8.000000 5.000000 3.000000 15.000000 4.000000 4.000000 2.000000 4.000000 4.000000 12.000000 5.000000 15.000000 
9.808080 163.714886 0.000000 13.000000 5.000000 10.000000 5.000000 1.000000 6.000000 3.000000 3.000000 2.000000 5.000000 3.000000 25.000000 
10.597379 169.403447 0.000000 13.000000 5.000000 10.000000 11.000000 9.000000 4.000000 2.000000 1.000000 2.000000 4.000000 4.000000 16.000000 
11.390702 181.840587 0.000000 21.000000 5.000000 2.000000 8.000000 0.000000 1.000000 1.000000 2.000000 1.000000 19.000000 12.000000 9.000000 
12.735588 187.722947 0.000000 25.000000 7.000000 2.000000 7.000000 8.000000 5.000000 8.000000 6.000000 1.000000 4.000000 1.000000 7.000000 
13.000559 192.756228 0.000000 20.000000 7.000000 6.000000 11.000000 7.000000 5.000000 4.000000 4.000000 4.000000 10.000000 3.000000 0.000000 
13.000000 201.218110 0.000000 5.000000 4.000000 4.000000 4.000000 3.000000 2.000000 4.000000 4.000000 10.000000 26.000000 9.000000 6.000000 
12.593214 211.678112 0.000000 12.000000 8.000000 7.000000 15.000000 5.000000 6.000000 3.000000 6.000000 3.000000 6.000000 4.000000 6.000000 
12.324652 221.324652 0.000000 2.000000 5.000000 7.000000 9.000000 3.000000 8.000000 7.000000 6.000000 7.000000 18.000000 6.000000 3.000000 
12.000000 228.959625 0.000000 15.000000 8.000000 3.000000 13.000000 2.000000 5.000000 7.000000 5.000000 4.000000 8.000000 6.000000 5.000000 
12.000000 237.365028 27.000000 7.000000 6.000000 3.000000 8.000000 0.000000 2.000000 4.000000 3.000000 2.000000 2.000000 5.000000 3.000000 
20.365028 5.365028 27.000000 13.000000 2.000000 2.000000 9.000000 4.000000 2.000000 3.000000 4.000000 4.000000 3.000000 4.000000 4.000000 
21.467755 11.583138 0.000000 22.000000 3.000000 3.000000 2.000000 4.000000 3.000000 3.000000 6.000000 7.000000 9.000000 7.000000 12.000000 
19.619897 19.824273 0.000000 8.000000 10.000000 8.000000 6.000000 4.000000 9.000000 9.000000 6.000000 8.000000 4.000000 4.000000 5.000000 
20.322413 31.002240 0.000000 14.000000 8.000000 9.000000 6.000000 3.000000 4.000000 5.000000 3.000000 4.000000 6.000000 8.000000 11.000000 
19.173650 37.855207 0.000000 20.000000 12.000000 5.000000 7.000000 2.000000 4.000000 1.000000 4.000000 2.000000 10.000000 6.000000 8.000000 
18.059767 42.634972 0.000000 13.000000 6.000000 11.000000 14.000000 3.000000 7.000000 2.000000 3.000000 5.000000 8.000000 7.000000 2.000000 
17.673670 52.832449 0.000000 11.000000 10.000000 8.000000 15.000000 1.000000 3.000000 3.000000 2.000000 2.000000 11.000000 7.000000 8.000000 
18.359625 61.764554 0.000000 20.000000 4.000000 10.000000 5.000000 3.000000 5.000000 5.000000 3.000000 1.000000 2.000000 8.000000 15.000000 
17.000000 65.959625 0.000000 14.000000 4.000000 11.000000 7.000000 2.000000 1.000000 1.000000 2.000000 3.000000 7.000000 9.000000 20.000000 
20.209374 77.967272 0.000000 5.000000 8.000000 6.000000 19.000000 6.000000 5.000000 2.000000 2.000000 5.000000 8.000000 9.000000 6.000000 
19.717182 83.803022 0.000000 15.000000 6.000000 5.000000 13.000000 3.000000 8.000000 2.000000 3.000000 2.000000 7.000000 10.000000 7.000000 
19.220691 90.896039 0.000000 13.000000 2.000000 7.000000 24.000000 4.000000 6.000000 5.000000 2.000000 3.000000 2.000000 6.000000 7.000000 
21.909237 102.735588 0.000000 9.000000 5.000000 2.000000 20.000000 6.000000 4.000000 2.000000 0.000000 4.000000 8.000000 10.000000 11.000000 
22.885290 109.533203 0.000000 19.000000 10.000000 1.000000 10.000000 0.000000 2.000000 2.000000 6.000000 5.000000 10.000000 6.000000 10.000000 
20.960918 114.115944 0.000000 17.000000 6.000000 9.000000 9.000000 0.000000 3.000000 3.000000 2.000000 5.000000 11.000000 13.000000 3.000000 
16.949083 127.584055 0.000000 12.000000 10.000000 4.000000 6.000000 4.000000 4.000000 0.000000 2.000000 6.000000 21.000000 7.000000 5.000000 
19.995784 132.795478 0.000000 12.000000 9.000000 3.000000 8.000000 9.000000 7.000000 1.000000 4.000000 4.000000 8.000000 10.000000 6.000000 
17.586825 142.911477 0.000000 10.000000 10.000000 7.000000 5.000000 4.000000 7.000000 1.000000 1.000000 1.000000 5.000000 7.000000 23.000000 
20.243008 151.121844 0.000000 8.000000 4.000000 5.000000 5.000000 5.000000 2.000000 2.000000 4.000000 3.000000 15.000000 7.000000 21.000000 
19.363063 156.645046 0.000000 5.000000 8.000000 10.000000 8.000000 2.000000 2.000000 1.000000 4.000000 7.000000 11.000000 9.000000 14.000000 
15.373498 164.777742 0.000000 17.000000 2.000000 7.000000 3.000000 3.000000 2.000000 4.000000 3.000000 4.000000 6.000000 3.000000 27.000000 
16.258281 170.978898 0.000000 17.000000 3.000000 4.000000 17.000000 5.000000 2.000000 3.000000 4.000000 1.000000 2.000000 3.000000 20.000000 
19.485978 181.586825 0.000000 15.000000 7.000000 4.000000 6.000000 6.000000 5.000000 2.000000 5.000000 5.000000 2.000000 21.000000 3.000000 
20.403240 187.415234 0.000000 18.000000 10.000000 5.000000 7.000000 6.000000 6.000000 5.000000 1.000000 2.000000 7.000000 11.000000 3.000000 
18.212699 193.702458 0.000000 15.000000 4.000000 6.000000 7.000000 3.000000 3.000000 4.000000 3.000000 3.000000 23.000000 7.000000 3.000000 
21.019679 202.886718 0.000000 4.000000 9.000000 12.000000 13.000000 9.000000 5.000000 1.000000 3.000000 4.000000 11.000000 5.000000 5.000000 
21.687440 213.677587 0.000000 3.000000 4.000000 9.000000 4.000000 3.000000 3.000000 1.000000 5.000000 6.000000 14.000000 18.000000 11.000000 
21.322413 220.364034 0.000000 1.000000 8.000000 10.000000 15.000000 3.000000 4.000000 5.000000 4.000000 2.000000 11.000000 11.000000 7.000000 
20.324652 227.324652 0.000000 14.000000 10.000000 6.000000 6.000000 4.000000 6.000000 3.000000 6.000000 6.000000 5.000000 7.000000 8.000000 
20.000000 237.365028 27.000000 4.000000 1.000000 2.000000 5.000000 6.000000 2.000000 4.000000 7.000000 7.000000 2.000000 1.000000 4.000000 
27.634972 5.365028 27.000000 17.000000 4.000000 3.000000 7.000000 1.000000 2.000000 1.000000 3.000000 2.000000 3.000000 1.000000 10.000000 
26.184290 11.925804 0.000000 21.000000 7.000000 8.000000 3.000000 0.000000 3.000000 1.000000 2.000000 1.000000 8.000000 16.000000 11.000000 
27.737828 19.586825 0.000000 16.000000 8.000000 5.000000 6.000000 5.000000 8.000000 4.000000 6.000000 4.000000 6.000000 9.000000 4.000000 
27.864962 27.195348 0.000000 12.000000 6.000000 6.000000 6.000000 4.000000 5.000000 9.000000 2.000000 6.000000 7.000000 11.000000 7.000000 
26.640137 35.858247 0.000000 6.000000 7.000000 4.000000 8.000000 11.000000 14.000000 9.000000 1.000000 1.000000 3.000000 11.000000 6.000000 
27.586825 42.221797 0.000000 11.000000 6.000000 10.000000 7.000000 4.000000 3.000000 3.000000 5.000000 4.000000 6.000000 15.000000 7.000000 
26.881045 50.568179 0.000000 13.000000 7.000000 2.000000 8.000000 6.000000 5.000000 6.000000 6.000000 6.000000 7.000000 12.000000 3.000000 
28.000000 61.577583 0.000000 24.000000 15.000000 5.000000 4.000000 2.000000 7.000000 4.000000 0.000000 5.000000 3.000000 8.000000 4.000000 
27.604638 68.429145 0.000000 13.000000 3.000000 5.000000 12.000000 3.000000 6.000000 5.000000 8.000000 8.000000 7.000000 7.000000 4.000000 
31.400528 78.173650 0.000000 14.000000 8.000000 7.000000 7.000000 4.000000 5.000000 3.000000 4.000000 3.000000 8.000000 9.000000 9.000000 
30.880998 83.880998 0.000000 10.000000 10.000000 7.000000 9.000000 7.000000 5.000000 5.000000 3.000000 1.000000 6.000000 5.000000 13.000000 
28.284270 92.029370 0.000000 12.000000 3.000000 5.000000 12.000000 4.000000 6.000000 5.000000 7.000000 6.000000 5.000000 8.000000 8.000000 
29.562831 102.037033 0.000000 7.000000 9.000000 4.000000 18.000000 3.000000 5.000000 2.000000 3.000000 4.000000 11.000000 9.000000 6.000000 
31.949293 109.196535 0.000000 23.000000 2.000000 6.000000 4.000000 3.000000 2.000000 11.000000 6.000000 2.000000 4.000000 4.000000 14.000000 
31.634163 114.772820 0.000000 19.000000 6.000000 6.000000 3.000000 0.000000 1.000000 14.000000 7.000000 4.000000 4.000000 4.000000 13.000000 
31.926784 124.222675 0.000000 3.000000 3.000000 3.000000 14.000000 10.000000 13.000000 8.000000 7.000000 4.000000 4.000000 7.000000 5.000000 
28.742663 128.377635 0.000000 13.000000 8.000000 10.000000 12.000000 7.000000 9.000000 2.000000 3.000000 1.000000 4.000000 5.000000 7.000000 
27.036181 140.223131 0.000000 3.000000 4.000000 4.000000 6.000000 9.000000 4.000000 5.000000 6.000000 6.000000 10.000000 11.000000 13.000000 
27.987116 150.322413 0.000000 8.000000 9.000000 8.000000 10.000000 4.000000 3.000000 4.000000 3.000000 5.000000 3.000000 6.000000 18.000000 
28.528048 156.095690 0.000000 6.000000 5.000000 5.000000 9.000000 2.000000 6.000000 6.000000 5.000000 8.000000 6.000000 8.000000 15.000000 
28.431585 164.146820 0.000000 11.000000 9.000000 12.000000 6.000000 3.000000 4.000000 2.000000 2.000000 2.000000 9.000000 11.000000 10.000000 
28.154022 172.356198 0.000000 17.000000 11.000000 7.000000 10.000000 1.000000 1.000000 0.000000 1.000000 3.000000 10.000000 10.000000 10.000000 
27.010241 180.269363 0.000000 16.000000 5.000000 8.000000 2.000000 0.000000 1.000000 1.000000 4.000000 7.000000 28.000000 8.000000 1.000000 
26.389467 186.806168 0.000000 18.000000 9.000000 13.000000 1.000000 0.000000 2.000000 2.000000 4.000000 10.000000 16.000000 5.000000 1.000000 
26.689646 194.675381 0.000000 10.000000 10.000000 9.000000 5.000000 5.000000 4.000000 5.000000 2.000000 8.000000 15.000000 6.000000 2.000000 
29.395276 203.255187 0.000000 11.000000 12.000000 10.000000 3.000000 2.000000 2.000000 3.000000 1.000000 5.000000 18.000000 8.000000 6.000000 
29.980202 211.667666 0.000000 8.000000 10.000000 8.000000 6.000000 8.000000 4.000000 7.000000 3.000000 2.000000 6.000000 13.000000 6.000000 
29.687440 221.322413 0.000000 2.000000 5.000000 4.000000 8.000000 10.000000 14.000000 5.000000 6.000000 6.000000 10.000000 7.000000 4.000000 
29.295052 227.343151 0.000000 10.000000 1.000000 7.000000 3.000000 5.000000 6.000000 7.000000 4.000000 8.000000 13.000000 8.000000 9.000000 
28.000000 237.365028 27.000000 8.000000 3.000000 4.000000 8.000000 4.000000 3.000000 3.000000 3.000000 5.000000 1.000000 2.000000 1.000000 
35.634972 5.365028 27.000000 15.000000 2.000000 3.000000 2.000000 2.000000 2.000000 4.000000 3.000000 5.000000 10.000000 4.000000 2.000000 
34.951852 11.586825 0.000000 14.000000 5.000000 10.000000 10.000000 9.000000 3.000000 3.000000 4.000000 0.000000 7.000000 10.000000 6.000000 
36.593796 19.269143 0.000000 11.000000 18.000000 5.000000 8.000000 5.000000 9.000000 4.000000 4.000000 1.000000 3.000000 10.000000 3.000000 
34.581264 25.799374 0.000000 15.000000 7.000000 6.000000 7.000000 4.000000 3.000000 7.000000 4.000000 4.000000 8.000000 9.000000 7.000000 
34.933916 32.822872 0.000000 12.000000 4.000000 4.000000 5.000000 4.000000 6.000000 8.000000 6.000000 6.000000 10.000000 8.000000 8.000000 
34.879289 41.464380 0.000000 16.000000 13.000000 9.000000 4.000000 1.000000 2.000000 4.000000 3.000000 7.000000 7.000000 4.000000 11.000000 
36.322413 48.905551 0.000000 16.000000 11.000000 5.000000 8.000000 9.000000 3.000000 4.000000 5.000000 9.000000 3.000000 5.000000 3.000000 
36.295799 59.419701 0.000000 17.000000 9.000000 4.000000 6.000000 6.000000 5.000000 6.000000 4.000000 4.000000 3.000000 8.000000 9.000000 
35.164179 68.009470 0.000000 7.000000 0.000000 3.000000 16.000000 7.000000 4.000000 3.000000 6.000000 7.000000 12.000000 7.000000 9.000000 
36.648678 76.211492 0.000000 15.000000 7.000000 10.000000 13.000000 2.000000 4.000000 2.000000 2.000000 2.000000 8.000000 11.000000 5.000000 
36.445092 84.677587 0.000000 6.000000 8.000000 3.000000 5.000000 4.000000 8.000000 2.000000 5.000000 8.000000 15.000000 7.000000 10.000000 
37.638657 91.114945 0.000000 9.000000 4.000000 4.000000 16.000000 4.000000 5.000000 2.000000 3.000000 5.000000 12.000000 4.000000 13.000000 
40.615034 96.792855 0.000000 13.000000 5.000000 6.000000 7.000000 3.000000 6.000000 7.000000 3.000000 3.000000 6.000000 9.000000 13.000000 
35.775638 106.721986 0.000000 16.000000 4.000000 7.000000 21.000000 4.000000 5.000000 1.000000 3.000000 4.000000 6.000000 2.000000 8.000000 
36.321608 114.170366 0.000000 23.000000 7.000000 1.000000 4.000000 4.000000 1.000000 9.000000 6.000000 4.000000 7.000000 5.000000 10.000000 
38.478916 120.359653 0.000000 17.000000 10.000000 2.000000 8.000000 6.000000 2.000000 11.000000 5.000000 3.000000 3.000000 4.000000 10.000000 
35.855410 129.523860 0.000000 6.000000 10.000000 3.000000 15.000000 4.000000 7.000000 2.000000 4.000000 3.000000 8.000000 7.000000 12.000000 
38.110925 140.159488 0.000000 20.000000 2.000000 2.000000 22.000000 5.000000 2.000000 2.000000 1.000000 5.000000 3.000000 5.000000 12.000000 
39.753801 149.945953 0.000000 18.000000 6.000000 10.000000 7.000000 2.000000 4.000000 1.000000 1.000000 5.000000 12.000000 8.000000 7.000000 
38.637422 157.312098 0.000000 11.000000 10.000000 5.000000 11.000000 8.000000 2.000000 3.000000 6.000000 6.000000 5.000000 8.000000 6.000000 
38.707218 166.286875 0.000000 15.000000 9.000000 7.000000 6.000000 4.000000 2.000000 4.000000 4.000000 8.000000 13.000000 3.000000 6.000000 
36.182260 170.557091 0.000000 16.000000 7.000000 11.000000 1.000000 3.000000 9.000000 7.000000 4.000000 5.000000 8.000000 3.000000 7.000000 
31.014666 177.772870 0.000000 8.000000 4.000000 2.000000 6.000000 1.000000 1.000000 8.000000 6.000000 3.000000 33.000000 2.000000 7.000000 
32.345993 184.582950 0.000000 11.000000 12.000000 13.000000 5.000000 0.000000 1.000000 1.000000 1.000000 6.000000 24.000000 3.000000 4.000000 
37.475872 195.588093 0.000000 5.000000 5.000000 6.000000 16.000000 3.000000 1.000000 3.000000 4.000000 5.000000 11.000000 13.000000 9.000000 
39.327060 205.618886 0.000000 7.000000 6.000000 20.000000 14.000000 1.000000 3.000000 3.000000 5.000000 2.000000 4.000000 9.000000 7.000000 
38.322413 212.687440 0.000000 7.000000 5.000000 10.000000 7.000000 3.000000 5.000000 1.000000 3.000000 4.000000 14.000000 11.000000 11.000000 
38.454133 218.482857 0.000000 9.000000 6.000000 10.000000 13.000000 3.000000 3.000000 1.000000 2.000000 3.000000 8.000000 11.000000 12.000000 
37.646781 224.677872 0.000000 8.000000 5.000000 6.000000 23.000000 7.000000 4.000000 7.000000 6.000000 1.000000 5.000000 3.000000 6.000000 
36.025872 236.921624 27.000000 6.000000 5.000000 1.000000 8.000000 3.000000 1.000000 1.000000 2.000000 3.000000 5.000000 5.000000 5.000000 
43.586825 4.951852 27.000000 11.000000 2.000000 5.000000 12.000000 4.000000 1.000000 5.000000 2.000000 3.000000 4.000000 3.000000 2.000000 
43.962967 10.402061 0.000000 9.000000 7.000000 12.000000 5.000000 3.000000 2.000000 3.000000 10.000000 4.000000 8.000000 13.000000 5.000000 
44.542031 19.948166 0.000000 8.000000 11.000000 6.000000 2.000000 8.000000 3.000000 7.000000 8.000000 4.000000 7.000000 14.000000 3.000000 
43.664460 26.874217 0.000000 9.000000 8.000000 8.000000 2.000000 9.000000 4.000000 4.000000 6.000000 8.000000 8.000000 6.000000 9.000000 
43.009451 34.019304 0.000000 9.000000 8.000000 11.000000 8.000000 5.000000 2.000000 3.000000 3.000000 5.000000 9.000000 9.000000 9.000000 
42.157484 44.863289 0.000000 16.000000 4.000000 6.000000 15.000000 9.000000 5.000000 4.000000 3.000000 3.000000 3.000000 5.000000 8.000000 
44.912483 52.819001 0.000000 12.000000 5.000000 6.000000 11.000000 6.000000 6.000000 8.000000 4.000000 2.000000 11.000000 7.000000 3.000000 
46.598854 59.770861 0.000000 10.000000 4.000000 6.000000 13.000000 2.000000 1.000000 6.000000 6.000000 6.000000 10.000000 8.000000 9.000000 
44.567919 65.699638 0.000000 12.000000 5.000000 8.000000 19.000000 3.000000 5.000000 13.000000 1.000000 2.000000 3.000000 3.000000 7.000000 
46.729655 73.853483 0.000000 14.000000 5.000000 9.000000 14.000000 2.000000 3.000000 7.000000 2.000000 6.000000 7.000000 7.000000 5.000000 
45.166278 80.681799 0.000000 11.000000 2.000000 11.000000 3.000000 7.000000 7.000000 6.000000 4.000000 3.000000 10.000000 9.000000 8.000000 
48.038338 92.339099 0.000000 12.000000 5.000000 3.000000 21.000000 5.000000 6.000000 5.000000 4.000000 1.000000 4.000000 5.000000 10.000000 
47.720723 99.400550 0.000000 18.000000 4.000000 7.000000 4.000000 1.000000 6.000000 4.000000 3.000000 6.000000 5.000000 12.000000 11.000000 
45.537145 113.045681 0.000000 7.000000 14.000000 11.000000 4.000000 4.000000 8.000000 6.000000 6.000000 4.000000 4.000000 4.000000 9.000000 
46.959685 118.437676 0.000000 9.000000 7.000000 8.000000 5.000000 4.000000 4.000000 7.000000 7.000000 4.000000 16.000000 3.000000 7.000000 
49.494152 122.796046 0.000000 15.000000 2.000000 11.000000 5.000000 2.000000 2.000000 3.000000 3.000000 1.000000 15.000000 11.000000 11.000000 
48.445496 134.282603 0.000000 10.000000 7.000000 4.000000 18.000000 4.000000 4.000000 2.000000 1.000000 5.000000 15.000000 4.000000 7.000000 
47.971980 139.164839 0.000000 10.000000 11.000000 7.000000 14.000000 1.000000 3.000000 5.000000 4.000000 3.000000 7.000000 8.000000 8.000000 
49.054846 151.730193 0.000000 20.000000 4.000000 15.000000 7.000000 6.000000 2.000000 3.000000 5.000000 2.000000 5.000000 6.000000 6.000000 
46.564841 158.189894 0.000000 22.000000 3.000000 5.000000 5.000000 2.000000 2.000000 4.000000 4.000000 7.000000 10.000000 10.000000 7.000000 
43.478084 166.259683 0.000000 19.000000 11.000000 10.000000 9.000000 2.000000 5.000000 4.000000 2.000000 3.000000 9.000000 3.000000 4.000000 
46.964352 172.186508 0.000000 10.000000 8.000000 3.000000 7.000000 0.000000 4.000000 9.000000 6.000000 4.000000 16.000000 9.000000 5.000000 
45.860963 182.428038 0.000000 16.000000 5.000000 11.000000 9.000000 5.000000 2.000000 3.000000 5.000000 0.000000 5.000000 6.000000 14.000000 
45.012327 188.377084 0.000000 7.000000 4.000000 2.000000 22.000000 5.000000 2.000000 2.000000 3.000000 4.000000 14.000000 7.000000 9.000000 
46.585740 192.610395 0.000000 9.000000 1.000000 1.000000 19.000000 6.000000 1.000000 3.000000 5.000000 9.000000 13.000000 9.000000 5.000000 
48.586825 202.911477 0.000000 19.000000 3.000000 6.000000 9.000000 1.000000 4.000000 7.000000 9.000000 4.000000 9.000000 2.000000 8.000000 
46.968586 210.863638 0.000000 1.000000 1.000000 11.000000 20.000000 6.000000 5.000000 6.000000 7.000000 7.000000 6.000000 6.000000 5.000000 
45.881446 217.123334 0.000000 12.000000 1.000000 5.000000 24.000000 4.000000 4.000000 8.000000 4.000000 4.000000 3.000000 5.000000 7.000000 
46.673932 226.012028 0.000000 5.000000 8.000000 5.000000 10.000000 6.000000 3.000000 7.000000 8.000000 11.000000 10.000000 6.000000 2.000000 
44.253895 237.111133 27.000000 8.000000 6.000000 6.000000 11.000000 4.000000 0.000000 0.000000 1.000000 1.000000 1.000000 3.000000 4.000000 
52.888313 4.476715 27.000000 18.000000 2.000000 5.000000 6.000000 3.000000 2.000000 2.000000 3.000000 3.000000 2.000000 5.000000 3.000000 
53.720501 10.689680 0.000000 9.000000 6.000000 4.000000 6.000000 2.000000 6.000000 6.000000 5.000000 6.000000 11.000000 10.000000 10.000000 
50.677587 22.012093 0.000000 15.000000 17.000000 6.000000 2.000000 3.000000 2.000000 5.000000 2.000000 5.000000 12.000000 7.000000 5.000000 
51.000000 30.689680 0.000000 10.000000 15.000000 6.000000 7.000000 5.000000 10.000000 4.000000 3.000000 4.000000 8.000000 6.000000 3.000000 
51.572862 38.114579 0.000000 16.000000 18.000000 11.000000 3.000000 2.000000 2.000000 1.000000 5.000000 5.000000 5.000000 7.000000 6.000000 
50.677587 46.687440 0.000000 8.000000 3.000000 1.000000 3.000000 3.000000 3.000000 5.000000 6.000000 3.000000 30.000000 6.000000 10.000000 
51.863539 53.406410 0.000000 7.000000 3.000000 1.000000 5.000000 7.000000 7.000000 9.000000 4.000000 4.000000 23.000000 3.000000 8.000000 
52.778938 59.182062 0.000000 5.000000 9.000000 6.000000 8.000000 6.000000 4.000000 13.000000 10.000000 6.000000 7.000000 4.000000 3.000000 
48.094761 67.905239 0.000000 11.000000 7.000000 8.000000 22.000000 2.000000 5.000000 6.000000 2.000000 4.000000 3.000000 4.000000 7.000000 
51.119394 72.850960 0.000000 14.000000 7.000000 12.000000 17.000000 2.000000 2.000000 3.000000 2.000000 5.000000 6.000000 7.000000 4.000000 
49.063301 81.578006 0.000000 13.000000 5.000000 14.000000 5.000000 5.000000 3.000000 4.000000 2.000000 2.000000 5.000000 15.000000 8.000000 
51.773309 93.162038 0.000000 14.000000 6.000000 4.000000 21.000000 5.000000 6.000000 4.000000 3.000000 3.000000 5.000000 4.000000 6.000000 
53.785715 100.677767 0.000000 17.000000 4.000000 4.000000 8.000000 4.000000 5.000000 1.000000 4.000000 6.000000 6.000000 10.000000 12.000000 
49.675491 112.014189 0.000000 8.000000 18.000000 13.000000 7.000000 3.000000 4.000000 3.000000 3.000000 2.000000 4.000000 10.000000 6.000000 
51.290429 118.719423 0.000000 8.000000 4.000000 8.000000 2.000000 0.000000 2.000000 4.000000 5.000000 7.000000 17.000000 14.000000 10.000000 
54.980144 124.689680 0.000000 12.000000 4.000000 5.000000 7.000000 6.000000 6.000000 9.000000 1.000000 4.000000 11.000000 9.000000 7.000000 
53.351371 134.409323 0.000000 4.000000 6.000000 1.000000 18.000000 7.000000 3.000000 11.000000 5.000000 8.000000 10.000000 5.000000 3.000000 
53.285538 140.927301 0.000000 6.000000 12.000000 6.000000 12.000000 4.000000 5.000000 1.000000 2.000000 3.000000 13.000000 5.000000 12.000000 
53.630119 148.396623 0.000000 10.000000 3.000000 15.000000 13.000000 6.000000 3.000000 3.000000 5.000000 0.000000 4.000000 8.000000 11.000000 
49.906512 154.916365 0.000000 21.000000 5.000000 10.000000 5.000000 3.000000 3.000000 1.000000 3.000000 4.000000 12.000000 5.000000 9.000000 
51.670734 163.951934 0.000000 12.000000 2.000000 8.000000 4.000000 6.000000 6.000000 9.000000 2.000000 2.000000 9.000000 11.000000 10.000000 
56.677587 172.005775 0.000000 16.000000 8.000000 2.000000 7.000000 3.000000 5.000000 10.000000 10.000000 4.000000 5.000000 6.000000 5.000000 
51.244044 181.958148 0.000000 21.000000 4.000000 5.000000 9.000000 2.000000 5.000000 8.000000 7.000000 0.000000 7.000000 2.000000 11.000000 
50.076723 188.354921 0.000000 12.000000 6.000000 4.000000 13.000000 6.000000 3.000000 2.000000 0.000000 1.000000 18.000000 10.000000 6.000000 
49.091376 193.456404 0.000000 12.000000 6.000000 3.000000 27.000000 5.000000 4.000000 3.000000 1.000000 2.000000 4.000000 7.000000 7.000000 
53.274157 202.256430 0.000000 26.000000 1.000000 4.000000 11.000000 1.000000 0.000000 5.000000 7.000000 7.000000 12.000000 3.000000 4.000000 
52.365003 210.374856 0.000000 9.000000 2.000000 7.000000 13.000000 5.000000 3.000000 7.000000 3.000000 10.000000 6.000000 9.000000 7.000000 
50.980761 219.792313 0.000000 15.000000 5.000000 5.000000 20.000000 6.000000 7.000000 5.000000 2.000000 3.000000 2.000000 3.000000 8.000000 
53.980359 231.301646 0.000000 12.000000 6.000000 12.000000 23.000000 3.000000 5.000000 8.000000 5.000000 1.000000 0.000000 2.000000 4.000000 
52.752015 237.097208 27.000000 6.000000 5.000000 3.000000 0.000000 2.000000 0.000000 3.000000 1.000000 1.000000 3.000000 8.000000 13.000000 
60.000000 5.324652 39.000000 11.000000 0.000000 0.000000 4.000000 2.000000 3.000000 5.000000 5.000000 2.000000 1.000000 6.000000 3.000000 
60.440812 12.883841 18.000000 7.000000 5.000000 1.000000 4.000000 8.000000 9.000000 9.000000 5.000000 5.000000 1.000000 6.000000 3.000000 
59.675648 21.324652 18.000000 17.000000 8.000000 2.000000 2.000000 5.000000 0.000000 6.000000 4.000000 7.000000 4.000000 4.000000 4.000000 
59.679498 29.645155 18.000000 12.000000 10.000000 5.000000 2.000000 6.000000 6.000000 5.000000 5.000000 6.000000 3.000000 1.000000 2.000000 
60.000000 37.324652 18.000000 5.000000 9.000000 3.000000 1.000000 4.000000 6.000000 7.000000 10.000000 4.000000 5.000000 6.000000 3.000000 
60.000000 45.632643 18.000000 1.000000 5.000000 6.000000 4.000000 9.000000 5.000000 10.000000 11.000000 6.000000 3.000000 2.000000 1.000000 
60.000000 53.324652 18.000000 11.000000 3.000000 2.000000 14.000000 6.000000 3.000000 1.000000 2.000000 2.000000 10.000000 7.000000 2.000000 
60.425387 61.324652 18.000000 9.000000 11.000000 7.000000 13.000000 3.000000 2.000000 3.000000 3.000000 2.000000 2.000000 3.000000 5.000000 
59.252554 69.581420 18.000000 9.000000 4.000000 5.000000 17.000000 2.000000 1.000000 1.000000 7.000000 4.000000 3.000000 7.000000 3.000000 
60.269909 77.054744 18.000000 0.000000 0.000000 0.000000 6.000000 2.000000 3.000000 10.000000 9.000000 7.000000 13.000000 11.000000 2.000000 
59.497984 84.822636 18.000000 3.000000 5.000000 4.000000 3.000000 6.000000 7.000000 10.000000 6.000000 4.000000 3.000000 4.000000 8.000000 
60.000000 93.665537 18.000000 17.000000 1.000000 1.000000 1.000000 6.000000 4.000000 5.000000 9.000000 8.000000 2.000000 2.000000 7.000000 
60.000000 101.324652 18.000000 9.000000 8.000000 5.000000 4.000000 4.000000 7.000000 8.000000 4.000000 3.000000 1.000000 2.000000 8.000000 
59.733958 109.911196 18.000000 9.000000 6.000000 5.000000 1.000000 1.000000 3.000000 8.000000 9.000000 7.000000 4.000000 5.000000 5.000000 
59.666460 117.658192 18.000000 4.000000 1.000000 3.000000 1.000000 2.000000 7.000000 9.000000 7.000000 9.000000 8.000000 7.000000 5.000000 
60.470392 124.854260 18.000000 13.000000 5.000000 6.000000 7.000000 3.000000 6.000000 3.000000 6.000000 3.000000 2.000000 3.000000 6.000000 
60.000000 133.324652 18.000000 7.000000 5.000000 4.000000 7.000000 5.000000 3.000000 3.000000 8.000000 4.000000 11.000000 4.000000 2.000000 
60.000000 141.324652 18.000000 3.000000 4.000000 7.000000 4.000000 7.000000 4.000000 3.000000 2.000000 2.000000 10.000000 12.000000 5.000000 
60.000000 149.324652 18.000000 6.000000 6.000000 2.000000 5.000000 2.000000 8.000000 2.000000 5.000000 3.000000 9.000000 5.000000 10.000000 
59.735984 157.060637 18.000000 3.000000 11.000000 5.000000 3.000000 2.000000 10.000000 5.000000 4.000000 4.000000 6.000000 3.000000 7.000000 
59.702493 165.027146 18.000000 9.000000 6.000000 5.000000 9.000000 5.000000 9.000000 8.000000 1.000000 1.000000 2.000000 6.000000 2.000000 
62.000887 172.390790 18.000000 16.000000 9.000000 4.000000 7.000000 2.000000 3.000000 1.000000 5.000000 2.000000 3.000000 9.000000 2.000000 
60.000000 181.645155 18.000000 5.000000 7.000000 7.000000 8.000000 4.000000 3.000000 5.000000 7.000000 2.000000 5.000000 3.000000 7.000000 
59.712438 189.037091 18.000000 10.000000 7.000000 5.000000 4.000000 2.000000 1.000000 3.000000 7.000000 5.000000 12.000000 5.000000 2.000000 
59.745441 197.070093 18.000000 10.000000 2.000000 11.000000 9.000000 0.000000 1.000000 1.000000 1.000000 4.000000 12.000000 5.000000 7.000000 
60.000000 205.324652 18.000000 10.000000 3.000000 0.000000 5.000000 1.000000 5.000000 4.000000 5.000000 6.000000 10.000000 7.000000 7.000000 
60.000000 212.965183 18.000000 3.000000 3.000000 8.000000 8.000000 5.000000 7.000000 8.000000 1.000000 3.000000 8.000000 5.000000 4.000000 
59.080398 221.925265 18.000000 6.000000 3.000000 3.000000 0.000000 0.000000 3.000000 13.000000 4.000000 2.000000 12.000000 9.000000 8.000000 
58.000000 231.890526 0.000000 6.000000 3.000000 11.000000 35.000000 5.000000 3.000000 2.000000 2.000000 1.000000 2.000000 6.000000 5.000000 
59.496348 237.049062 35.000000 3.000000 1.000000 4.000000 8.000000 1.000000 1.000000 0.000000 0.000000 0.000000 2.000000 3.000000 5.000000 
