240
5.000000 5.689680 39.000000 1.000000 0.000000 2.000000 9.000000 0.000000 2.000000 0.000000 0.000000 0.000000 3.000000 3.000000 4.000000 
3.586825 12.911477 27.000000 6.000000 2.000000 3.000000 1.000000 0.000000 0.000000 2.000000 3.000000 1.000000 3.000000 6.000000 9.000000 
4.322413 21.647065 27.000000 6.000000 1.000000 5.000000 3.000000 4.000000 6.000000 1.000000 1.000000 1.000000 4.000000 1.000000 3.000000 
3.160317 29.311320 27.000000 10.000000 2.000000 2.000000 1.000000 3.000000 3.000000 2.000000 3.000000 2.000000 2.000000 1.000000 5.000000 
4.636252 37.960904 27.000000 8.000000 4.000000 3.000000 1.000000 4.000000 3.000000 3.000000 2.000000 1.000000 5.000000 1.000000 1.000000 
4.000000 44.649498 27.000000 2.000000 2.000000 3.000000 9.000000 5.000000 0.000000 2.000000 1.000000 0.000000 4.000000 4.000000 4.000000 
4.924042 53.316189 27.000000 6.000000 7.000000 6.000000 2.000000 2.000000 2.000000 0.000000 1.000000 0.000000 2.000000 5.000000 3.000000 
4.000000 61.689680 27.000000 10.000000 9.000000 1.000000 0.000000 1.000000 2.000000 2.000000 1.000000 3.000000 2.000000 5.000000 0.000000 
3.578390 69.689680 27.000000 3.000000 4.000000 3.000000 11.000000 5.000000 0.000000 1.000000 0.000000 2.000000 2.000000 2.000000 3.000000 
3.942763 78.026714 27.000000 3.000000 4.000000 4.000000 10.000000 0.000000 1.000000 0.000000 1.000000 1.000000 4.000000 3.000000 5.000000 
4.345632 86.407254 27.000000 7.000000 5.000000 5.000000 3.000000 1.000000 0.000000 0.000000 0.000000 2.000000 2.000000 5.000000 6.000000 
3.132520 93.374248 27.000000 7.000000 1.000000 1.000000 4.000000 0.000000 0.000000 0.000000 1.000000 0.000000 13.000000 6.000000 3.000000 
2.624773 101.424006 27.000000 8.000000 6.000000 2.000000 6.000000 1.000000 0.000000 0.000000 0.000000 0.000000 8.000000 5.000000 0.000000 
3.137346 110.187307 27.000000 3.000000 1.000000 5.000000 16.000000 2.000000 1.000000 1.000000 0.000000 0.000000 3.000000 3.000000 1.000000 
3.140458 117.767332 27.000000 6.000000 1.000000 3.000000 2.000000 1.000000 1.000000 1.000000 1.000000 0.000000 12.000000 4.000000 4.000000 
4.322413 125.002240 27.000000 0.000000 7.000000 5.000000 0.000000 2.000000 2.000000 0.000000 0.000000 0.000000 5.000000 7.000000 8.000000 
3.583138 133.324652 27.000000 5.000000 5.000000 4.000000 6.000000 1.000000 2.000000 2.000000 1.000000 0.000000 5.000000 3.000000 2.000000 
4.322413 141.647065 27.000000 5.000000 3.000000 3.000000 5.000000 3.000000 2.000000 1.000000 1.000000 0.000000 5.000000 3.000000 5.000000 
3.586825 148.911477 27.000000 8.000000 3.000000 0.000000 4.000000 1.000000 4.000000 6.000000 2.000000 1.000000 1.000000 4.000000 2.000000 
4.621155 157.324652 27.000000 6.000000 0.000000 0.000000 8.000000 3.000000 1.000000 4.000000 2.000000 1.000000 5.000000 1.000000 5.000000 
3.583138 165.324652 27.000000 3.000000 5.000000 1.000000 5.000000 4.000000 3.000000 3.000000 5.000000 1.000000 4.000000 1.000000 1.000000 
4.322413 173.002240 27.000000 3.000000 5.000000 5.000000 6.000000 0.000000 0.000000 2.000000 2.000000 1.000000 2.000000 5.000000 5.000000 
4.322413 181.002240 27.000000 3.000000 7.000000 1.000000 6.000000 3.000000 2.000000 1.000000 2.000000 1.000000 5.000000 3.000000 2.000000 
3.583138 189.324652 27.000000 2.000000 3.000000 6.000000 2.000000 0.000000 2.000000 2.000000 0.000000 1.000000 7.000000 5.000000 6.000000 
4.000000 197.689680 27.000000 2.000000 2.000000 6.000000 4.000000 2.000000 1.000000 4.000000 3.000000 0.000000 3.000000 7.000000 2.000000 
4.000000 206.041143 27.000000 6.000000 1.000000 1.000000 4.000000 2.000000 1.000000 5.000000 5.000000 3.000000 3.000000 3.000000 2.000000 
4.324652 213.324652 27.000000 0.000000 3.000000 2.000000 1.000000 3.000000 2.000000 4.000000 8.000000 3.000000 2.000000 5.000000 3.000000 
3.583138 221.324652 27.000000 1.000000 8.000000 2.000000 2.000000 2.000000 6.000000 2.000000 3.000000 1.000000 1.000000 4.000000 4.000000 
4.365028 228.634972 27.000000 5.000000 6.000000 4.000000 3.000000 0.000000 1.000000 1.000000 3.000000 2.000000 2.000000 6.000000 3.000000 
5.000000 236.365028 36.000000 0.000000 3.000000 3.000000 3.000000 2.000000 0.000000 2.000000 1.000000 3.000000 3.000000 0.000000 0.000000 
11.586825 4.951852 27.000000 6.000000 1.000000 6.000000 8.000000 3.000000 3.000000 1.000000 4.000000 2.000000 9.000000 6.000000 5.000000 
12.165365 11.644825 0.000000 12.000000 9.000000 5.000000 11.000000 7.000000 4.000000 3.000000 1.000000 5.000000 4.000000 8.000000 12.000000 
9.295792 21.329932 0.000000 8.000000 4.000000 5.000000 24.000000 5.000000 5.000000 4.000000 7.000000 3.000000 6.000000 3.000000 7.000000 
10.663203 29.028230 0.000000 20.000000 10.000000 3.000000 9.000000 0.000000 3.000000 4.000000 2.000000 6.000000 11.000000 9.000000 4.000000 
12.473127 39.087674 0.000000 3.000000 8.000000 7.000000 19.000000 2.000000 1.000000 5.000000 2.000000 3.000000 23.000000 4.000000 4.000000 
13.271086 41.866730 0.000000 2.000000 3.000000 10.000000 12.000000 5.000000 1.000000 3.000000 3.000000 3.000000 31.000000 3.000000 5.000000 
16.241264 52.923040 0.000000 14.000000 9.000000 6.000000 2.000000 2.000000 3.000000 3.000000 2.000000 5.000000 20.000000 5.000000 10.000000 
14.185102 61.295007 0.000000 18.000000 6.000000 10.000000 13.000000 4.000000 3.000000 1.000000 2.000000 2.000000 6.000000 2.000000 14.000000 
10.582735 70.062090 0.000000 1.000000 7.000000 11.000000 10.000000 4.000000 2.000000 3.000000 6.000000 5.000000 20.000000 10.000000 2.000000 
12.389485 79.448343 0.000000 17.000000 7.000000 4.000000 8.000000 10.000000 3.000000 4.000000 3.000000 8.000000 5.000000 7.000000 5.000000 
12.482792 87.016664 0.000000 21.000000 6.000000 5.000000 4.000000 0.000000 0.000000 0.000000 2.000000 8.000000 19.000000 10.000000 6.000000 
8.908058 92.265352 0.000000 7.000000 9.000000 2.000000 5.000000 1.000000 1.000000 1.000000 5.000000 6.000000 29.000000 9.000000 6.000000 
8.436713 100.198260 0.000000 18.000000 15.000000 5.000000 12.000000 5.000000 5.000000 0.000000 1.000000 2.000000 11.000000 3.000000 4.000000 
9.720676 111.993580 0.000000 13.000000 5.000000 9.000000 29.000000 1.000000 2.000000 1.000000 0.000000 2.000000 10.000000 5.000000 4.000000 
10.000000 116.173650 0.000000 10.000000 1.000000 5.000000 28.000000 3.000000 3.000000 4.000000 2.000000 2.000000 5.000000 7.000000 11.000000 
12.251069 123.748931 0.000000 9.000000 4.000000 5.000000 10.000000 8.000000 7.000000 3.000000 0.000000 2.000000 7.000000 13.000000 13.000000 
10.909237 131.197463 0.000000 14.000000 10.000000 4.000000 13.000000 4.000000 2.000000 3.000000 5.000000 5.000000 7.000000 7.000000 7.000000 
11.765957 139.765957 0.000000 8.000000 1.000000 4.000000 13.000000 10.000000 2.000000 3.000000 4.000000 8.000000 13.000000 8.000000 7.000000 
11.988811 146.677587 0.000000 20.000000 9.000000 6.000000 12.000000 5.000000 5.000000 2.000000 2.000000 2.000000 7.000000 5.000000 6.000000 
13.959625 156.000000 0.000000 11.000000 5.000000 5.000000 9.000000 5.000000 7.000000 5.000000 6.000000 4.000000 14.000000 5.000000 5.000000 
10.936556 163.586825 0.000000 12.000000 8.000000 6.000000 7.000000 2.000000 2.000000 0.000000 7.000000 3.000000 12.000000 12.000000 10.000000 
13.000000 170.173650 0.000000 10.000000 8.000000 7.000000 15.000000 5.000000 3.000000 2.000000 4.000000 3.000000 8.000000 6.000000 10.000000 
13.518947 178.014436 0.000000 15.000000 5.000000 5.000000 10.000000 3.000000 1.000000 2.000000 3.000000 3.000000 11.000000 13.000000 10.000000 
11.562816 187.523574 0.000000 15.000000 9.000000 16.000000 14.000000 4.000000 3.000000 0.000000 1.000000 0.000000 5.000000 5.000000 9.000000 
12.636029 198.329112 0.000000 7.000000 4.000000 9.000000 9.000000 5.000000 6.000000 5.000000 3.000000 3.000000 8.000000 8.000000 14.000000 
11.980236 205.250180 0.000000 7.000000 7.000000 6.000000 24.000000 6.000000 1.000000 2.000000 3.000000 3.000000 4.000000 10.000000 8.000000 
13.268681 213.065763 0.000000 16.000000 2.000000 3.000000 5.000000 4.000000 4.000000 7.000000 5.000000 5.000000 11.000000 12.000000 7.000000 
10.586825 220.651246 0.000000 13.000000 4.000000 3.000000 6.000000 1.000000 9.000000 8.000000 3.000000 3.000000 9.000000 11.000000 11.000000 
11.586825 227.737828 0.000000 16.000000 14.000000 4.000000 6.000000 2.000000 10.000000 3.000000 2.000000 3.000000 3.000000 7.000000 11.000000 
12.000000 237.365028 27.000000 0.000000 5.000000 7.000000 7.000000 8.000000 5.000000 4.000000 1.000000 2.000000 2.000000 4.000000 0.000000 
21.098523 5.687440 27.000000 17.000000 5.000000 5.000000 5.000000 1.000000 2.000000 2.000000 2.000000 1.000000 4.000000 9.000000 1.000000 
21.832196 13.000000 0.000000 8.000000 3.000000 7.000000 14.000000 5.000000 2.000000 6.000000 1.000000 4.000000 19.000000 6.000000 6.000000 
14.322413 21.002240 0.000000 7.000000 5.000000 7.000000 26.000000 6.000000 7.000000 5.000000 6.000000 1.000000 2.000000 4.000000 5.000000 
16.691058 30.417376 0.000000 19.000000 7.000000 4.000000 6.000000 5.000000 4.000000 4.000000 4.000000 4.000000 12.000000 3.000000 9.000000 
16.951852 39.586825 0.000000 14.000000 6.000000 4.000000 10.000000 0.000000 0.000000 4.000000 3.000000 7.000000 25.000000 3.000000 5.000000 
23.862877 45.698054 0.000000 19.000000 10.000000 6.000000 10.000000 7.000000 2.000000 10.000000 2.000000 3.000000 5.000000 2.000000 5.000000 
29.789075 53.312464 0.000000 19.000000 7.000000 2.000000 9.000000 4.000000 9.000000 3.000000 5.000000 1.000000 11.000000 7.000000 4.000000 
28.885144 60.529969 0.000000 10.000000 7.000000 3.000000 24.000000 4.000000 2.000000 4.000000 8.000000 2.000000 6.000000 4.000000 7.000000 
19.846149 69.411375 0.000000 22.000000 2.000000 2.000000 24.000000 8.000000 2.000000 3.000000 6.000000 4.000000 3.000000 5.000000 0.000000 
20.018106 77.711949 0.000000 23.000000 7.000000 0.000000 8.000000 7.000000 7.000000 3.000000 2.000000 8.000000 9.000000 6.000000 1.000000 
20.935183 84.591227 0.000000 15.000000 5.000000 1.000000 7.000000 4.000000 5.000000 6.000000 4.000000 8.000000 15.000000 5.000000 6.000000 
20.066774 93.161985 0.000000 12.000000 13.000000 4.000000 12.000000 7.000000 1.000000 3.000000 3.000000 3.000000 7.000000 6.000000 10.000000 
20.967941 99.986539 0.000000 6.000000 9.000000 6.000000 7.000000 10.000000 4.000000 4.000000 2.000000 6.000000 10.000000 3.000000 14.000000 
23.205987 113.586825 0.000000 32.000000 3.000000 2.000000 5.000000 7.000000 2.000000 3.000000 10.000000 1.000000 0.000000 10.000000 6.000000 
19.905138 118.030736 0.000000 23.000000 7.000000 0.000000 8.000000 8.000000 4.000000 5.000000 8.000000 5.000000 9.000000 3.000000 1.000000 
20.391586 123.313157 0.000000 6.000000 4.000000 6.000000 21.000000 6.000000 0.000000 0.000000 2.000000 2.000000 12.000000 13.000000 9.000000 
18.679020 129.044650 0.000000 11.000000 9.000000 7.000000 14.000000 2.000000 1.000000 1.000000 3.000000 8.000000 8.000000 8.000000 9.000000 
18.735588 136.922499 0.000000 8.000000 3.000000 3.000000 3.000000 2.000000 4.000000 1.000000 5.000000 11.000000 19.000000 12.000000 10.000000 
21.762341 146.719656 0.000000 7.000000 10.000000 11.000000 10.000000 3.000000 2.000000 6.000000 3.000000 2.000000 8.000000 7.000000 12.000000 
20.318422 156.000000 0.000000 9.000000 4.000000 8.000000 6.000000 4.000000 7.000000 9.000000 6.000000 10.000000 9.000000 4.000000 5.000000 
17.909237 163.909237 0.000000 12.000000 4.000000 8.000000 4.000000 4.000000 4.000000 3.000000 2.000000 3.000000 11.000000 16.000000 10.000000 
19.473573 170.457567 0.000000 14.000000 9.000000 6.000000 15.000000 11.000000 6.000000 4.000000 3.000000 1.000000 0.000000 1.000000 11.000000 
23.780589 176.252744 0.000000 6.000000 1.000000 3.000000 10.000000 4.000000 1.000000 6.000000 3.000000 6.000000 29.000000 3.000000 9.000000 
23.231202 186.335143 0.000000 18.000000 14.000000 5.000000 3.000000 6.000000 6.000000 5.000000 6.000000 4.000000 4.000000 5.000000 5.000000 
21.127490 196.442628 0.000000 6.000000 9.000000 8.000000 3.000000 2.000000 4.000000 3.000000 4.000000 7.000000 24.000000 4.000000 7.000000 
19.887485 202.562832 0.000000 16.000000 4.000000 3.000000 5.000000 2.000000 2.000000 4.000000 4.000000 3.000000 21.000000 8.000000 9.000000 
22.923943 215.027791 0.000000 9.000000 3.000000 0.000000 8.000000 2.000000 3.000000 2.000000 3.000000 11.000000 21.000000 8.000000 11.000000 
19.488788 223.390179 0.000000 18.000000 4.000000 2.000000 24.000000 5.000000 7.000000 2.000000 0.000000 2.000000 3.000000 7.000000 7.000000 
18.208363 230.220611 0.000000 22.000000 4.000000 4.000000 8.000000 5.000000 3.000000 3.000000 3.000000 3.000000 6.000000 13.000000 7.000000 
20.000000 237.365028 27.000000 15.000000 8.000000 4.000000 2.000000 1.000000 0.000000 1.000000 1.000000 1.000000 2.000000 7.000000 3.000000 
28.862838 4.951852 27.000000 18.000000 9.000000 8.000000 2.000000 0.000000 3.000000 1.000000 0.000000 0.000000 0.000000 4.000000 9.000000 
31.100202 10.909237 0.000000 16.000000 2.000000 6.000000 3.000000 4.000000 3.000000 6.000000 2.000000 6.000000 14.000000 4.000000 15.000000 
27.415553 20.137576 0.000000 22.000000 10.000000 8.000000 3.000000 3.000000 3.000000 11.000000 2.000000 5.000000 5.000000 3.000000 6.000000 
27.148654 29.380190 0.000000 19.000000 7.000000 4.000000 13.000000 4.000000 2.000000 6.000000 4.000000 5.000000 5.000000 6.000000 6.000000 
29.746380 36.830795 0.000000 12.000000 13.000000 10.000000 4.000000 0.000000 2.000000 1.000000 0.000000 10.000000 19.000000 6.000000 4.000000 
38.305103 44.984547 0.000000 9.000000 6.000000 3.000000 2.000000 0.000000 1.000000 1.000000 1.000000 6.000000 35.000000 8.000000 9.000000 
35.340236 53.421058 0.000000 25.000000 9.000000 4.000000 7.000000 5.000000 7.000000 3.000000 3.000000 1.000000 6.000000 7.000000 4.000000 
32.774661 63.015253 0.000000 8.000000 6.000000 4.000000 26.000000 4.000000 4.000000 4.000000 5.000000 1.000000 9.000000 5.000000 5.000000 
27.424667 69.114348 0.000000 11.000000 5.000000 2.000000 2.000000 4.000000 2.000000 5.000000 16.000000 10.000000 10.000000 6.000000 8.000000 
28.439227 75.734423 0.000000 14.000000 5.000000 2.000000 11.000000 8.000000 6.000000 5.000000 5.000000 6.000000 7.000000 2.000000 10.000000 
28.121278 84.121278 0.000000 15.000000 5.000000 6.000000 8.000000 7.000000 7.000000 6.000000 6.000000 3.000000 5.000000 5.000000 8.000000 
29.963438 92.401590 0.000000 12.000000 7.000000 5.000000 5.000000 5.000000 6.000000 3.000000 9.000000 8.000000 5.000000 4.000000 12.000000 
30.659621 97.232888 0.000000 16.000000 6.000000 4.000000 7.000000 2.000000 8.000000 3.000000 6.000000 8.000000 10.000000 4.000000 7.000000 
31.802778 109.222805 0.000000 16.000000 15.000000 7.000000 20.000000 7.000000 3.000000 3.000000 2.000000 0.000000 0.000000 4.000000 4.000000 
31.186912 115.979314 0.000000 19.000000 0.000000 6.000000 6.000000 5.000000 4.000000 5.000000 7.000000 5.000000 10.000000 3.000000 11.000000 
32.306536 124.229512 0.000000 11.000000 9.000000 8.000000 13.000000 4.000000 1.000000 9.000000 5.000000 8.000000 9.000000 1.000000 3.000000 
31.431996 134.919089 0.000000 10.000000 0.000000 1.000000 13.000000 4.000000 1.000000 2.000000 5.000000 4.000000 25.000000 4.000000 12.000000 
30.869050 140.557439 0.000000 9.000000 8.000000 11.000000 22.000000 5.000000 3.000000 4.000000 2.000000 4.000000 5.000000 1.000000 7.000000 
29.959625 148.000000 0.000000 7.000000 9.000000 6.000000 6.000000 5.000000 4.000000 5.000000 5.000000 6.000000 6.000000 8.000000 14.000000 
28.442083 157.115370 0.000000 7.000000 4.000000 5.000000 22.000000 3.000000 2.000000 4.000000 5.000000 9.000000 9.000000 6.000000 5.000000 
29.351198 164.734904 0.000000 13.000000 12.000000 9.000000 8.000000 6.000000 3.000000 2.000000 3.000000 4.000000 6.000000 5.000000 10.000000 
27.620830 174.945483 0.000000 2.000000 4.000000 1.000000 2.000000 1.000000 7.000000 10.000000 7.000000 6.000000 26.000000 7.000000 8.000000 
29.380453 181.007610 0.000000 8.000000 11.000000 3.000000 6.000000 4.000000 10.000000 14.000000 4.000000 1.000000 9.000000 4.000000 7.000000 
29.509876 190.112890 0.000000 10.000000 17.000000 6.000000 8.000000 3.000000 2.000000 3.000000 9.000000 6.000000 11.000000 2.000000 4.000000 
28.401334 195.931961 0.000000 4.000000 9.000000 7.000000 6.000000 3.000000 3.000000 3.000000 1.000000 3.000000 29.000000 7.000000 6.000000 
30.169541 203.367216 0.000000 12.000000 15.000000 14.000000 3.000000 4.000000 0.000000 5.000000 5.000000 3.000000 2.000000 10.000000 8.000000 
33.125196 212.248437 0.000000 11.000000 4.000000 0.000000 23.000000 4.000000 8.000000 9.000000 4.000000 4.000000 5.000000 4.000000 5.000000 
30.631609 221.052687 0.000000 16.000000 8.000000 4.000000 8.000000 2.000000 5.000000 5.000000 2.000000 5.000000 5.000000 11.000000 10.000000 
28.006466 227.610482 0.000000 6.000000 3.000000 4.000000 25.000000 11.000000 6.000000 3.000000 4.000000 4.000000 5.000000 6.000000 4.000000 
27.695470 237.365028 27.000000 6.000000 8.000000 5.000000 6.000000 1.000000 1.000000 0.000000 1.000000 2.000000 3.000000 5.000000 7.000000 
36.322413 5.687440 27.000000 16.000000 1.000000 2.000000 0.000000 1.000000 1.000000 3.000000 2.000000 2.000000 10.000000 8.000000 8.000000 
36.257792 13.153443 0.000000 19.000000 6.000000 4.000000 17.000000 9.000000 4.000000 4.000000 2.000000 2.000000 0.000000 3.000000 11.000000 
35.251344 23.384303 0.000000 9.000000 8.000000 3.000000 4.000000 5.000000 4.000000 3.000000 3.000000 6.000000 20.000000 10.000000 6.000000 
38.904873 31.955582 0.000000 20.000000 19.000000 4.000000 1.000000 3.000000 3.000000 5.000000 4.000000 5.000000 8.000000 6.000000 3.000000 
41.709409 38.694122 0.000000 14.000000 2.000000 3.000000 0.000000 1.000000 1.000000 3.000000 4.000000 6.000000 37.000000 6.000000 4.000000 
41.247928 40.099602 0.000000 12.000000 4.000000 3.000000 2.000000 1.000000 1.000000 0.000000 2.000000 5.000000 37.000000 9.000000 5.000000 
37.898453 51.721066 0.000000 17.000000 14.000000 7.000000 6.000000 1.000000 4.000000 3.000000 2.000000 7.000000 9.000000 5.000000 6.000000 
37.016246 61.160582 0.000000 14.000000 6.000000 7.000000 10.000000 2.000000 2.000000 2.000000 4.000000 3.000000 18.000000 8.000000 5.000000 
37.618721 67.381279 0.000000 6.000000 7.000000 7.000000 38.000000 7.000000 2.000000 1.000000 3.000000 2.000000 6.000000 1.000000 1.000000 
39.412475 74.238825 0.000000 4.000000 7.000000 11.000000 25.000000 3.000000 1.000000 3.000000 5.000000 6.000000 11.000000 2.000000 3.000000 
39.279570 86.348261 0.000000 21.000000 9.000000 4.000000 6.000000 6.000000 6.000000 3.000000 5.000000 2.000000 3.000000 5.000000 11.000000 
36.886650 92.356734 0.000000 12.000000 13.000000 8.000000 9.000000 7.000000 3.000000 4.000000 4.000000 2.000000 3.000000 4.000000 12.000000 
37.211261 98.015985 0.000000 17.000000 6.000000 3.000000 4.000000 6.000000 5.000000 9.000000 5.000000 2.000000 8.000000 6.000000 10.000000 
39.293784 108.737828 0.000000 22.000000 6.000000 4.000000 14.000000 4.000000 6.000000 1.000000 1.000000 1.000000 4.000000 7.000000 11.000000 
39.564840 117.045553 0.000000 23.000000 11.000000 3.000000 13.000000 2.000000 3.000000 5.000000 1.000000 0.000000 0.000000 8.000000 12.000000 
40.308229 122.331329 0.000000 24.000000 3.000000 1.000000 12.000000 6.000000 4.000000 6.000000 2.000000 5.000000 2.000000 9.000000 7.000000 
38.911260 129.736383 0.000000 24.000000 6.000000 15.000000 6.000000 2.000000 0.000000 3.000000 5.000000 1.000000 3.000000 1.000000 15.000000 
39.687440 141.322413 0.000000 16.000000 6.000000 4.000000 4.000000 3.000000 4.000000 6.000000 6.000000 7.000000 10.000000 4.000000 11.000000 
39.442896 149.283093 0.000000 9.000000 8.000000 8.000000 11.000000 3.000000 3.000000 2.000000 3.000000 5.000000 8.000000 9.000000 12.000000 
40.717472 157.607180 0.000000 4.000000 5.000000 9.000000 16.000000 5.000000 8.000000 7.000000 5.000000 2.000000 4.000000 8.000000 8.000000 
41.549436 162.756466 0.000000 10.000000 7.000000 1.000000 10.000000 9.000000 11.000000 4.000000 1.000000 1.000000 9.000000 8.000000 10.000000 
37.625232 173.957906 0.000000 24.000000 5.000000 6.000000 5.000000 4.000000 4.000000 0.000000 2.000000 3.000000 8.000000 11.000000 9.000000 
36.773214 178.773214 0.000000 14.000000 6.000000 8.000000 10.000000 4.000000 3.000000 6.000000 3.000000 4.000000 13.000000 8.000000 2.000000 
39.413175 190.586825 0.000000 18.000000 14.000000 7.000000 7.000000 6.000000 4.000000 3.000000 5.000000 4.000000 2.000000 9.000000 2.000000 
37.984815 195.158464 0.000000 9.000000 16.000000 10.000000 9.000000 4.000000 5.000000 3.000000 5.000000 11.000000 6.000000 3.000000 0.000000 
36.938665 203.680180 0.000000 9.000000 15.000000 8.000000 5.000000 1.000000 1.000000 1.000000 5.000000 6.000000 10.000000 11.000000 9.000000 
37.503130 212.040004 0.000000 10.000000 0.000000 1.000000 25.000000 6.000000 7.000000 8.000000 1.000000 3.000000 7.000000 8.000000 5.000000 
37.681312 218.792342 0.000000 24.000000 4.000000 2.000000 3.000000 1.000000 3.000000 3.000000 2.000000 6.000000 4.000000 11.000000 18.000000 
40.586825 226.911477 0.000000 17.000000 5.000000 11.000000 6.000000 5.000000 6.000000 3.000000 1.000000 2.000000 11.000000 11.000000 3.000000 
37.034192 237.365028 27.000000 11.000000 4.000000 7.000000 1.000000 1.000000 1.000000 3.000000 3.000000 3.000000 3.000000 5.000000 3.000000 
43.190622 4.920678 27.000000 17.000000 7.000000 3.000000 3.000000 5.000000 1.000000 3.000000 1.000000 1.000000 6.000000 2.000000 5.000000 
42.263235 11.381590 0.000000 6.000000 5.000000 7.000000 26.000000 3.000000 4.000000 4.000000 2.000000 4.000000 3.000000 6.000000 11.000000 
41.082677 21.464992 0.000000 22.000000 5.000000 1.000000 11.000000 5.000000 3.000000 3.000000 5.000000 5.000000 4.000000 3.000000 14.000000 
43.451861 28.742055 0.000000 10.000000 9.000000 8.000000 6.000000 5.000000 8.000000 2.000000 2.000000 5.000000 11.000000 5.000000 10.000000 
43.871970 34.298266 0.000000 16.000000 6.000000 4.000000 3.000000 0.000000 1.000000 2.000000 4.000000 5.000000 25.000000 9.000000 6.000000 
42.690216 41.433524 0.000000 6.000000 3.000000 4.000000 10.000000 4.000000 5.000000 1.000000 5.000000 5.000000 26.000000 6.000000 6.000000 
44.783926 55.349288 0.000000 4.000000 8.000000 5.000000 4.000000 3.000000 4.000000 8.000000 3.000000 5.000000 23.000000 7.000000 7.000000 
43.790650 59.504850 0.000000 4.000000 6.000000 3.000000 10.000000 7.000000 4.000000 10.000000 6.000000 6.000000 16.000000 4.000000 5.000000 
44.099777 67.021767 0.000000 4.000000 3.000000 3.000000 13.000000 2.000000 9.000000 4.000000 10.000000 11.000000 14.000000 3.000000 5.000000 
44.836090 72.918432 0.000000 7.000000 3.000000 5.000000 46.000000 4.000000 2.000000 0.000000 0.000000 3.000000 6.000000 1.000000 4.000000 
41.362160 77.652683 0.000000 10.000000 3.000000 2.000000 42.000000 5.000000 1.000000 1.000000 0.000000 0.000000 3.000000 8.000000 6.000000 
44.795038 90.071475 0.000000 12.000000 4.000000 3.000000 5.000000 6.000000 6.000000 11.000000 6.000000 5.000000 8.000000 8.000000 7.000000 
43.974546 99.662419 0.000000 18.000000 9.000000 9.000000 6.000000 4.000000 3.000000 1.000000 3.000000 3.000000 4.000000 8.000000 13.000000 
44.330487 108.514372 0.000000 23.000000 4.000000 3.000000 7.000000 4.000000 2.000000 4.000000 4.000000 6.000000 5.000000 8.000000 11.000000 
45.690019 116.909237 0.000000 28.000000 8.000000 3.000000 7.000000 7.000000 4.000000 7.000000 1.000000 2.000000 0.000000 4.000000 10.000000 
42.367257 123.193608 0.000000 20.000000 5.000000 8.000000 7.000000 4.000000 5.000000 4.000000 2.000000 7.000000 11.000000 4.000000 4.000000 
43.249211 130.322413 0.000000 16.000000 9.000000 8.000000 13.000000 3.000000 5.000000 3.000000 4.000000 4.000000 4.000000 5.000000 7.000000 
45.614628 140.650832 0.000000 15.000000 6.000000 5.000000 8.000000 0.000000 3.000000 4.000000 5.000000 6.000000 13.000000 7.000000 9.000000 
46.040865 149.322413 0.000000 7.000000 5.000000 5.000000 11.000000 8.000000 2.000000 8.000000 9.000000 9.000000 8.000000 2.000000 7.000000 
47.444559 158.225352 0.000000 10.000000 3.000000 9.000000 17.000000 8.000000 3.000000 2.000000 6.000000 6.000000 5.000000 5.000000 7.000000 
47.808252 167.826720 0.000000 12.000000 13.000000 3.000000 4.000000 3.000000 2.000000 5.000000 3.000000 2.000000 3.000000 10.000000 21.000000 
40.877809 170.309812 0.000000 30.000000 7.000000 6.000000 0.000000 0.000000 4.000000 3.000000 2.000000 2.000000 8.000000 13.000000 6.000000 
40.586825 176.951852 0.000000 18.000000 10.000000 9.000000 6.000000 5.000000 3.000000 3.000000 4.000000 5.000000 2.000000 9.000000 7.000000 
42.842435 186.197610 0.000000 16.000000 9.000000 8.000000 6.000000 4.000000 1.000000 1.000000 2.000000 7.000000 3.000000 16.000000 8.000000 
41.221797 193.586825 0.000000 8.000000 15.000000 7.000000 14.000000 8.000000 4.000000 2.000000 1.000000 1.000000 7.000000 11.000000 3.000000 
41.924490 204.475953 0.000000 11.000000 15.000000 7.000000 5.000000 5.000000 1.000000 1.000000 0.000000 6.000000 9.000000 15.000000 6.000000 
43.430743 209.013881 0.000000 12.000000 4.000000 3.000000 18.000000 6.000000 5.000000 2.000000 2.000000 5.000000 17.000000 1.000000 6.000000 
43.586825 218.951852 0.000000 21.000000 7.000000 8.000000 11.000000 3.000000 2.000000 2.000000 1.000000 0.000000 4.000000 5.000000 17.000000 
45.417681 227.960842 0.000000 19.000000 6.000000 8.000000 4.000000 2.000000 5.000000 7.000000 3.000000 4.000000 12.000000 7.000000 4.000000 
44.000000 237.365028 27.000000 10.000000 6.000000 9.000000 4.000000 0.000000 3.000000 3.000000 1.000000 2.000000 4.000000 3.000000 0.000000 
52.732557 5.277296 27.000000 14.000000 6.000000 7.000000 8.000000 6.000000 1.000000 0.000000 0.000000 1.000000 4.000000 3.000000 4.000000 
53.122177 12.992925 0.000000 14.000000 9.000000 8.000000 3.000000 1.000000 4.000000 8.000000 6.000000 6.000000 11.000000 5.000000 6.000000 
48.677587 23.043337 0.000000 18.000000 4.000000 10.000000 6.000000 3.000000 4.000000 3.000000 3.000000 4.000000 10.000000 5.000000 11.000000 
49.092510 28.897084 0.000000 12.000000 3.000000 2.000000 3.000000 2.000000 0.000000 5.000000 3.000000 10.000000 22.000000 7.000000 12.000000 
49.322413 33.937665 0.000000 8.000000 1.000000 6.000000 7.000000 4.000000 4.000000 3.000000 4.000000 9.000000 21.000000 7.000000 7.000000 
51.603060 46.459092 0.000000 5.000000 4.000000 10.000000 8.000000 4.000000 2.000000 1.000000 4.000000 9.000000 22.000000 7.000000 5.000000 
48.478071 56.430214 0.000000 1.000000 5.000000 3.000000 5.000000 4.000000 1.000000 6.000000 3.000000 5.000000 29.000000 12.000000 7.000000 
47.237087 63.746389 0.000000 8.000000 9.000000 8.000000 26.000000 7.000000 4.000000 0.000000 3.000000 3.000000 2.000000 5.000000 6.000000 
48.514211 66.936261 0.000000 2.000000 2.000000 5.000000 39.000000 8.000000 2.000000 3.000000 2.000000 5.000000 8.000000 4.000000 1.000000 
51.850966 69.697096 0.000000 5.000000 2.000000 4.000000 31.000000 7.000000 0.000000 2.000000 1.000000 3.000000 10.000000 12.000000 4.000000 
45.610712 79.687440 0.000000 6.000000 1.000000 3.000000 44.000000 7.000000 1.000000 2.000000 0.000000 1.000000 2.000000 6.000000 8.000000 
52.736809 92.805110 0.000000 13.000000 7.000000 6.000000 9.000000 6.000000 3.000000 5.000000 4.000000 10.000000 7.000000 7.000000 4.000000 
51.832575 99.951852 0.000000 22.000000 8.000000 4.000000 1.000000 0.000000 3.000000 4.000000 4.000000 7.000000 8.000000 10.000000 10.000000 
54.174067 107.687440 0.000000 16.000000 5.000000 4.000000 6.000000 7.000000 4.000000 4.000000 3.000000 5.000000 11.000000 8.000000 8.000000 
55.677587 117.687440 0.000000 20.000000 8.000000 5.000000 11.000000 5.000000 6.000000 7.000000 0.000000 3.000000 8.000000 5.000000 3.000000 
52.436516 125.365028 0.000000 5.000000 6.000000 3.000000 6.000000 4.000000 5.000000 9.000000 3.000000 4.000000 23.000000 8.000000 5.000000 
52.302902 131.667930 0.000000 22.000000 3.000000 6.000000 1.000000 3.000000 4.000000 11.000000 6.000000 5.000000 10.000000 7.000000 3.000000 
51.596501 139.687440 0.000000 4.000000 11.000000 2.000000 6.000000 3.000000 6.000000 12.000000 10.000000 7.000000 7.000000 7.000000 6.000000 
54.000000 149.689680 0.000000 4.000000 11.000000 12.000000 8.000000 3.000000 2.000000 7.000000 4.000000 8.000000 9.000000 8.000000 5.000000 
52.030683 157.687440 0.000000 5.000000 4.000000 9.000000 7.000000 7.000000 2.000000 5.000000 6.000000 1.000000 7.000000 10.000000 18.000000 
51.425053 163.723210 0.000000 7.000000 11.000000 7.000000 6.000000 5.000000 3.000000 7.000000 2.000000 2.000000 2.000000 8.000000 21.000000 
48.000000 167.689680 0.000000 13.000000 11.000000 4.000000 3.000000 4.000000 2.000000 4.000000 4.000000 3.000000 4.000000 8.000000 21.000000 
51.214284 179.516333 0.000000 16.000000 12.000000 10.000000 6.000000 0.000000 1.000000 2.000000 4.000000 6.000000 7.000000 11.000000 6.000000 
52.586825 186.951852 0.000000 12.000000 7.000000 6.000000 7.000000 3.000000 2.000000 5.000000 8.000000 4.000000 15.000000 8.000000 4.000000 
49.944844 195.923642 0.000000 8.000000 16.000000 6.000000 8.000000 5.000000 1.000000 4.000000 3.000000 3.000000 15.000000 5.000000 7.000000 
47.451527 205.816554 0.000000 9.000000 10.000000 7.000000 4.000000 6.000000 0.000000 0.000000 2.000000 5.000000 25.000000 9.000000 4.000000 
47.997657 210.692024 0.000000 14.000000 8.000000 9.000000 9.000000 5.000000 5.000000 3.000000 1.000000 4.000000 17.000000 2.000000 4.000000 
51.835366 221.525046 0.000000 5.000000 15.000000 6.000000 14.000000 7.000000 5.000000 4.000000 6.000000 3.000000 4.000000 6.000000 6.000000 
53.000000 230.689680 0.000000 16.000000 9.000000 8.000000 7.000000 2.000000 5.000000 5.000000 5.000000 2.000000 3.000000 6.000000 13.000000 
52.430104 237.432530 27.000000 9.000000 1.000000 2.000000 7.000000 2.000000 1.000000 6.000000 1.000000 3.000000 0.000000 5.000000 8.000000 
60.000000 5.324652 39.000000 13.000000 1.000000 4.000000 3.000000 5.000000 2.000000 5.000000 2.000000 1.000000 1.000000 1.000000 4.000000 
60.451895 12.872757 18.000000 14.000000 5.000000 9.000000 1.000000 3.000000 8.000000 3.000000 3.000000 2.000000 2.000000 6.000000 7.000000 
59.479565 21.596776 18.000000 10.000000 7.000000 3.000000 5.000000 5.000000 4.000000 7.000000 5.000000 5.000000 2.000000 4.000000 6.000000 
60.000000 29.632160 18.000000 1.000000 2.000000 3.000000 2.000000 5.000000 7.000000 14.000000 11.000000 9.000000 6.000000 1.000000 2.000000 
59.456803 36.781456 18.000000 5.000000 11.000000 7.000000 4.000000 4.000000 5.000000 2.000000 2.000000 4.000000 11.000000 1.000000 7.000000 
60.000000 45.718805 18.000000 6.000000 5.000000 4.000000 2.000000 3.000000 3.000000 3.000000 2.000000 5.000000 15.000000 7.000000 8.000000 
59.716797 53.846264 18.000000 8.000000 5.000000 3.000000 4.000000 6.000000 8.000000 5.000000 2.000000 7.000000 5.000000 5.000000 5.000000 
58.975842 61.883388 18.000000 12.000000 3.000000 9.000000 11.000000 3.000000 2.000000 2.000000 2.000000 1.000000 0.000000 7.000000 11.000000 
59.701975 69.324652 18.000000 11.000000 5.000000 5.000000 13.000000 2.000000 2.000000 4.000000 1.000000 1.000000 2.000000 9.000000 8.000000 
60.488430 75.949212 18.000000 4.000000 5.000000 4.000000 22.000000 6.000000 5.000000 3.000000 1.000000 1.000000 4.000000 7.000000 1.000000 
58.634991 84.350349 18.000000 7.000000 1.000000 1.000000 10.000000 6.000000 5.000000 4.000000 3.000000 3.000000 3.000000 13.000000 7.000000 
60.451290 93.324652 18.000000 5.000000 5.000000 5.000000 16.000000 4.000000 3.000000 5.000000 2.000000 1.000000 6.000000 3.000000 8.000000 
60.000000 101.324652 18.000000 18.000000 3.000000 7.000000 6.000000 5.000000 3.000000 3.000000 3.000000 1.000000 3.000000 5.000000 6.000000 
60.000000 109.324652 18.000000 8.000000 7.000000 6.000000 2.000000 6.000000 4.000000 3.000000 5.000000 3.000000 2.000000 7.000000 10.000000 
61.455530 117.324652 18.000000 26.000000 1.000000 10.000000 2.000000 2.000000 2.000000 3.000000 1.000000 4.000000 2.000000 7.000000 3.000000 
60.000000 125.324652 18.000000 13.000000 5.000000 4.000000 7.000000 3.000000 2.000000 7.000000 0.000000 3.000000 9.000000 4.000000 6.000000 
60.000000 133.324652 18.000000 11.000000 4.000000 2.000000 5.000000 3.000000 3.000000 7.000000 3.000000 0.000000 8.000000 9.000000 8.000000 
60.000000 141.324652 18.000000 13.000000 7.000000 6.000000 8.000000 3.000000 3.000000 3.000000 3.000000 3.000000 7.000000 5.000000 2.000000 
60.471712 149.324652 18.000000 3.000000 3.000000 8.000000 14.000000 3.000000 5.000000 3.000000 3.000000 5.000000 6.000000 7.000000 3.000000 
60.000000 157.324652 18.000000 3.000000 3.000000 7.000000 1.000000 2.000000 0.000000 5.000000 6.000000 3.000000 10.000000 6.000000 17.000000 
60.000000 165.324652 18.000000 9.000000 1.000000 7.000000 10.000000 3.000000 5.000000 3.000000 1.000000 3.000000 5.000000 9.000000 7.000000 
59.269695 172.349563 18.000000 13.000000 8.000000 6.000000 2.000000 1.000000 4.000000 2.000000 4.000000 6.000000 6.000000 7.000000 4.000000 
60.000000 181.324652 18.000000 12.000000 9.000000 9.000000 3.000000 2.000000 7.000000 3.000000 2.000000 3.000000 4.000000 2.000000 7.000000 
60.000000 189.324652 18.000000 6.000000 5.000000 1.000000 8.000000 2.000000 4.000000 4.000000 10.000000 5.000000 6.000000 6.000000 6.000000 
60.000000 197.324652 18.000000 7.000000 13.000000 6.000000 9.000000 5.000000 2.000000 4.000000 3.000000 1.000000 1.000000 3.000000 9.000000 
59.155967 205.911889 18.000000 3.000000 7.000000 7.000000 7.000000 4.000000 3.000000 3.000000 9.000000 6.000000 11.000000 3.000000 0.000000 
59.527676 212.852329 18.000000 7.000000 11.000000 1.000000 5.000000 5.000000 5.000000 3.000000 5.000000 4.000000 3.000000 8.000000 6.000000 
60.000000 221.324652 18.000000 3.000000 10.000000 2.000000 7.000000 9.000000 8.000000 5.000000 4.000000 2.000000 5.000000 5.000000 3.000000 
60.410048 229.300573 18.000000 9.000000 1.000000 3.000000 0.000000 3.000000 8.000000 10.000000 8.000000 8.000000 4.000000 2.000000 7.000000 
60.000000 236.000000 35.000000 7.000000 1.000000 2.000000 0.000000 1.000000 2.000000 3.000000 5.000000 1.000000 1.000000 1.000000 4.000000 
