240
5.000000 5.689680 39.000000 6.000000 2.000000 2.000000 1.000000 3.000000 1.000000 1.000000 0.000000 0.000000 2.000000 4.000000 2.000000 
4.000000 13.689680 27.000000 10.000000 5.000000 0.000000 2.000000 4.000000 3.000000 2.000000 1.000000 2.000000 4.000000 1.000000 2.000000 
4.322413 21.955235 27.000000 8.000000 2.000000 3.000000 3.000000 2.000000 0.000000 2.000000 0.000000 1.000000 9.000000 3.000000 3.000000 
4.322413 29.002240 27.000000 3.000000 8.000000 3.000000 2.000000 1.000000 1.000000 1.000000 1.000000 3.000000 9.000000 2.000000 2.000000 
2.697561 36.000950 27.000000 5.000000 6.000000 2.000000 5.000000 3.000000 3.000000 3.000000 1.000000 2.000000 3.000000 2.000000 1.000000 
2.705068 46.089742 27.000000 6.000000 6.000000 5.000000 2.000000 1.000000 1.000000 0.000000 0.000000 0.000000 8.000000 6.000000 1.000000 
4.000000 53.689680 27.000000 5.000000 2.000000 2.000000 0.000000 1.000000 1.000000 0.000000 0.000000 1.000000 15.000000 4.000000 5.000000 
3.586825 60.911477 27.000000 6.000000 4.000000 6.000000 2.000000 2.000000 1.000000 0.000000 0.000000 0.000000 7.000000 5.000000 3.000000 
4.322413 69.002240 27.000000 5.000000 7.000000 8.000000 3.000000 3.000000 1.000000 0.000000 1.000000 0.000000 2.000000 4.000000 2.000000 
3.497040 78.828107 27.000000 11.000000 3.000000 1.000000 0.000000 0.000000 0.000000 1.000000 4.000000 4.000000 5.000000 3.000000 4.000000 
3.586825 84.911477 27.000000 5.000000 7.000000 1.000000 4.000000 0.000000 2.000000 1.000000 3.000000 2.000000 1.000000 1.000000 9.000000 
4.603785 92.720868 27.000000 6.000000 3.000000 1.000000 14.000000 2.000000 7.000000 0.000000 0.000000 0.000000 0.000000 0.000000 3.000000 
4.000000 101.689680 27.000000 3.000000 3.000000 2.000000 13.000000 2.000000 0.000000 0.000000 0.000000 0.000000 5.000000 3.000000 5.000000 
3.136461 108.461113 27.000000 8.000000 2.000000 2.000000 3.000000 0.000000 0.000000 0.000000 1.000000 3.000000 11.000000 5.000000 1.000000 
3.616781 118.072899 27.000000 4.000000 1.000000 3.000000 10.000000 0.000000 1.000000 0.000000 0.000000 0.000000 3.000000 6.000000 8.000000 
4.621825 125.647065 27.000000 7.000000 3.000000 2.000000 7.000000 0.000000 1.000000 0.000000 0.000000 1.000000 3.000000 3.000000 9.000000 
4.324652 133.324652 27.000000 7.000000 3.000000 2.000000 6.000000 1.000000 0.000000 0.000000 2.000000 2.000000 5.000000 4.000000 4.000000 
2.753775 140.078428 27.000000 8.000000 3.000000 6.000000 2.000000 3.000000 2.000000 2.000000 0.000000 0.000000 2.000000 5.000000 3.000000 
3.535965 149.225645 27.000000 5.000000 5.000000 4.000000 3.000000 4.000000 2.000000 2.000000 3.000000 2.000000 2.000000 0.000000 4.000000 
2.818931 156.589820 27.000000 10.000000 1.000000 1.000000 5.000000 3.000000 2.000000 3.000000 1.000000 1.000000 3.000000 3.000000 3.000000 
4.617414 165.002240 27.000000 6.000000 2.000000 5.000000 5.000000 3.000000 1.000000 0.000000 0.000000 0.000000 6.000000 3.000000 5.000000 
4.000000 173.689680 27.000000 8.000000 1.000000 1.000000 1.000000 1.000000 0.000000 0.000000 0.000000 1.000000 12.000000 3.000000 8.000000 
4.322413 181.982662 27.000000 3.000000 7.000000 4.000000 14.000000 1.000000 0.000000 0.000000 0.000000 0.000000 3.000000 2.000000 2.000000 
3.586825 190.102855 27.000000 5.000000 3.000000 5.000000 0.000000 1.000000 0.000000 0.000000 0.000000 0.000000 12.000000 4.000000 6.000000 
4.975181 198.299834 27.000000 5.000000 5.000000 6.000000 2.000000 3.000000 4.000000 1.000000 0.000000 1.000000 0.000000 3.000000 6.000000 
3.898015 204.240792 27.000000 6.000000 4.000000 0.000000 2.000000 1.000000 1.000000 4.000000 0.000000 1.000000 10.000000 4.000000 3.000000 
4.324652 213.324652 27.000000 9.000000 10.000000 1.000000 3.000000 1.000000 0.000000 1.000000 0.000000 0.000000 5.000000 2.000000 4.000000 
3.172234 220.939583 27.000000 6.000000 5.000000 5.000000 12.000000 2.000000 1.000000 0.000000 0.000000 0.000000 0.000000 1.000000 4.000000 
2.468087 228.586825 27.000000 15.000000 3.000000 1.000000 0.000000 0.000000 0.000000 0.000000 1.000000 0.000000 4.000000 8.000000 4.000000 
5.000000 236.365028 36.000000 0.000000 2.000000 5.000000 3.000000 1.000000 1.000000 0.000000 2.000000 0.000000 3.000000 2.000000 1.000000 
12.000000 5.689680 27.000000 15.000000 0.000000 8.000000 6.000000 4.000000 1.000000 2.000000 1.000000 0.000000 2.000000 5.000000 10.000000 
12.930587 13.997570 0.000000 8.000000 6.000000 6.000000 25.000000 5.000000 6.000000 4.000000 2.000000 0.000000 3.000000 5.000000 11.000000 
14.771990 21.909237 0.000000 6.000000 4.000000 4.000000 17.000000 3.000000 5.000000 11.000000 12.000000 1.000000 4.000000 8.000000 6.000000 
11.546295 26.056611 0.000000 9.000000 10.000000 3.000000 1.000000 1.000000 6.000000 13.000000 5.000000 4.000000 13.000000 9.000000 7.000000 
8.496450 34.195347 0.000000 12.000000 11.000000 3.000000 10.000000 4.000000 6.000000 6.000000 4.000000 9.000000 9.000000 4.000000 3.000000 
9.322413 46.002240 0.000000 12.000000 7.000000 7.000000 7.000000 2.000000 8.000000 6.000000 4.000000 2.000000 14.000000 7.000000 5.000000 
11.496208 53.614388 0.000000 5.000000 5.000000 9.000000 20.000000 5.000000 5.000000 7.000000 3.000000 4.000000 10.000000 5.000000 3.000000 
12.009199 58.909237 0.000000 8.000000 14.000000 14.000000 1.000000 0.000000 3.000000 2.000000 0.000000 2.000000 28.000000 6.000000 3.000000 
13.155247 68.809645 0.000000 11.000000 11.000000 9.000000 14.000000 6.000000 4.000000 0.000000 2.000000 3.000000 1.000000 11.000000 9.000000 
10.586825 79.951852 0.000000 9.000000 6.000000 6.000000 23.000000 0.000000 0.000000 1.000000 3.000000 6.000000 7.000000 7.000000 13.000000 
10.219322 84.633151 0.000000 14.000000 4.000000 3.000000 30.000000 1.000000 1.000000 0.000000 2.000000 2.000000 6.000000 4.000000 14.000000 
14.000000 89.959625 0.000000 12.000000 4.000000 9.000000 9.000000 2.000000 4.000000 4.000000 2.000000 6.000000 14.000000 5.000000 10.000000 
10.149226 98.617478 0.000000 15.000000 7.000000 8.000000 7.000000 5.000000 6.000000 4.000000 2.000000 4.000000 8.000000 10.000000 5.000000 
9.322267 107.341051 0.000000 22.000000 3.000000 0.000000 5.000000 4.000000 1.000000 4.000000 7.000000 7.000000 16.000000 4.000000 8.000000 
10.370076 118.795304 0.000000 29.000000 10.000000 2.000000 9.000000 0.000000 1.000000 5.000000 5.000000 5.000000 7.000000 2.000000 6.000000 
12.849805 125.540506 0.000000 20.000000 13.000000 7.000000 10.000000 2.000000 0.000000 1.000000 4.000000 5.000000 9.000000 5.000000 5.000000 
11.355852 130.124610 0.000000 12.000000 10.000000 8.000000 8.000000 0.000000 0.000000 5.000000 6.000000 5.000000 9.000000 7.000000 11.000000 
9.233302 137.557955 0.000000 19.000000 11.000000 4.000000 9.000000 3.000000 4.000000 8.000000 1.000000 2.000000 6.000000 7.000000 7.000000 
9.228352 146.465882 0.000000 12.000000 12.000000 8.000000 7.000000 5.000000 5.000000 6.000000 3.000000 3.000000 8.000000 7.000000 5.000000 
8.864212 152.741297 0.000000 27.000000 6.000000 4.000000 4.000000 5.000000 6.000000 3.000000 3.000000 3.000000 9.000000 8.000000 3.000000 
13.064568 164.565097 0.000000 10.000000 12.000000 7.000000 14.000000 4.000000 5.000000 3.000000 2.000000 2.000000 8.000000 7.000000 7.000000 
11.755949 174.491816 0.000000 18.000000 5.000000 5.000000 1.000000 4.000000 5.000000 10.000000 4.000000 3.000000 12.000000 8.000000 6.000000 
13.910509 182.814021 0.000000 1.000000 8.000000 5.000000 5.000000 2.000000 6.000000 8.000000 7.000000 14.000000 20.000000 1.000000 4.000000 
12.819993 190.422587 0.000000 20.000000 10.000000 8.000000 4.000000 4.000000 4.000000 7.000000 3.000000 2.000000 6.000000 1.000000 12.000000 
13.737825 196.895423 0.000000 4.000000 8.000000 8.000000 7.000000 4.000000 2.000000 3.000000 2.000000 4.000000 26.000000 7.000000 6.000000 
12.365028 201.365028 0.000000 8.000000 7.000000 2.000000 1.000000 9.000000 6.000000 2.000000 2.000000 3.000000 23.000000 13.000000 5.000000 
11.588440 209.921092 0.000000 8.000000 11.000000 3.000000 6.000000 4.000000 8.000000 15.000000 7.000000 3.000000 3.000000 6.000000 7.000000 
8.990245 217.977066 0.000000 17.000000 11.000000 5.000000 11.000000 2.000000 2.000000 5.000000 4.000000 2.000000 5.000000 8.000000 9.000000 
8.418925 228.414090 0.000000 24.000000 3.000000 3.000000 7.000000 3.000000 3.000000 3.000000 3.000000 4.000000 5.000000 14.000000 9.000000 
11.115232 237.365028 27.000000 6.000000 4.000000 0.000000 2.000000 2.000000 1.000000 3.000000 7.000000 3.000000 4.000000 7.000000 6.000000 
20.705665 5.687440 27.000000 10.000000 10.000000 3.000000 9.000000 2.000000 1.000000 4.000000 3.000000 2.000000 1.000000 1.000000 8.000000 
23.722204 12.643086 0.000000 13.000000 10.000000 5.000000 7.000000 3.000000 6.000000 5.000000 3.000000 6.000000 17.000000 1.000000 5.000000 
23.945070 21.676347 0.000000 14.000000 2.000000 1.000000 2.000000 2.000000 4.000000 8.000000 12.000000 11.000000 11.000000 10.000000 4.000000 
21.027351 28.234613 0.000000 17.000000 9.000000 7.000000 8.000000 5.000000 6.000000 7.000000 5.000000 4.000000 7.000000 2.000000 4.000000 
20.056639 38.591289 0.000000 13.000000 7.000000 7.000000 10.000000 5.000000 2.000000 2.000000 2.000000 2.000000 8.000000 7.000000 16.000000 
20.378549 44.948552 0.000000 13.000000 8.000000 10.000000 10.000000 7.000000 3.000000 4.000000 1.000000 2.000000 8.000000 6.000000 9.000000 
23.764767 54.471330 0.000000 8.000000 1.000000 5.000000 16.000000 4.000000 7.000000 5.000000 5.000000 5.000000 18.000000 4.000000 3.000000 
22.256753 59.425469 0.000000 12.000000 7.000000 5.000000 14.000000 1.000000 2.000000 2.000000 2.000000 3.000000 8.000000 13.000000 12.000000 
18.155420 68.996375 0.000000 4.000000 7.000000 5.000000 8.000000 8.000000 4.000000 5.000000 7.000000 6.000000 21.000000 4.000000 2.000000 
18.526475 79.235543 0.000000 6.000000 11.000000 12.000000 7.000000 8.000000 5.000000 5.000000 3.000000 5.000000 5.000000 7.000000 7.000000 
19.324652 85.583138 0.000000 15.000000 1.000000 3.000000 8.000000 2.000000 1.000000 1.000000 4.000000 5.000000 20.000000 8.000000 13.000000 
19.698739 89.653831 0.000000 14.000000 5.000000 11.000000 12.000000 6.000000 5.000000 4.000000 3.000000 3.000000 10.000000 2.000000 6.000000 
17.000000 97.918884 0.000000 14.000000 3.000000 3.000000 6.000000 1.000000 2.000000 3.000000 3.000000 6.000000 19.000000 10.000000 11.000000 
17.768879 110.119257 0.000000 6.000000 6.000000 13.000000 18.000000 3.000000 1.000000 6.000000 3.000000 4.000000 6.000000 7.000000 8.000000 
14.961450 119.247039 0.000000 24.000000 3.000000 1.000000 12.000000 2.000000 0.000000 4.000000 5.000000 6.000000 12.000000 5.000000 7.000000 
15.271881 123.467552 0.000000 27.000000 8.000000 2.000000 6.000000 3.000000 0.000000 2.000000 4.000000 5.000000 11.000000 5.000000 8.000000 
18.213832 130.329216 0.000000 19.000000 9.000000 9.000000 3.000000 3.000000 3.000000 4.000000 6.000000 5.000000 7.000000 7.000000 6.000000 
20.561319 141.983426 0.000000 6.000000 0.000000 4.000000 17.000000 6.000000 4.000000 2.000000 7.000000 7.000000 16.000000 8.000000 4.000000 
20.898034 147.533007 0.000000 8.000000 11.000000 2.000000 7.000000 11.000000 6.000000 4.000000 2.000000 3.000000 13.000000 10.000000 4.000000 
18.124099 155.121766 0.000000 14.000000 12.000000 3.000000 3.000000 0.000000 4.000000 7.000000 2.000000 7.000000 16.000000 6.000000 7.000000 
19.335066 167.320561 0.000000 1.000000 1.000000 2.000000 20.000000 7.000000 4.000000 0.000000 2.000000 6.000000 33.000000 4.000000 1.000000 
19.722581 173.901692 0.000000 28.000000 5.000000 9.000000 8.000000 6.000000 3.000000 1.000000 2.000000 2.000000 10.000000 4.000000 3.000000 
27.153672 179.735319 0.000000 22.000000 2.000000 7.000000 10.000000 5.000000 2.000000 6.000000 4.000000 3.000000 10.000000 0.000000 10.000000 
23.703413 185.048722 0.000000 23.000000 9.000000 4.000000 16.000000 3.000000 3.000000 4.000000 6.000000 5.000000 3.000000 0.000000 5.000000 
17.322413 195.960966 0.000000 6.000000 8.000000 9.000000 4.000000 8.000000 3.000000 3.000000 3.000000 4.000000 22.000000 5.000000 6.000000 
17.473621 201.243262 0.000000 9.000000 8.000000 6.000000 11.000000 2.000000 1.000000 2.000000 1.000000 4.000000 24.000000 8.000000 5.000000 
16.748949 209.247528 0.000000 8.000000 3.000000 4.000000 14.000000 2.000000 4.000000 1.000000 3.000000 5.000000 19.000000 10.000000 8.000000 
20.862571 218.805091 0.000000 11.000000 6.000000 6.000000 11.000000 9.000000 1.000000 5.000000 5.000000 9.000000 4.000000 7.000000 7.000000 
23.250328 233.656289 0.000000 3.000000 4.000000 2.000000 19.000000 8.000000 5.000000 8.000000 2.000000 6.000000 12.000000 8.000000 4.000000 
20.946813 238.745968 27.000000 1.000000 4.000000 0.000000 6.000000 3.000000 1.000000 4.000000 1.000000 5.000000 10.000000 9.000000 1.000000 
28.413175 4.425323 27.000000 15.000000 0.000000 2.000000 5.000000 2.000000 3.000000 3.000000 4.000000 4.000000 8.000000 5.000000 3.000000 
30.088605 10.058519 0.000000 11.000000 5.000000 5.000000 9.000000 7.000000 6.000000 6.000000 3.000000 6.000000 13.000000 5.000000 5.000000 
31.596626 23.764342 0.000000 23.000000 7.000000 4.000000 5.000000 7.000000 5.000000 7.000000 2.000000 1.000000 2.000000 5.000000 13.000000 
30.437977 31.119012 0.000000 14.000000 4.000000 4.000000 7.000000 2.000000 6.000000 5.000000 7.000000 7.000000 11.000000 7.000000 7.000000 
24.861866 39.356244 0.000000 19.000000 5.000000 7.000000 7.000000 6.000000 1.000000 2.000000 2.000000 3.000000 6.000000 8.000000 15.000000 
23.172824 46.672342 0.000000 20.000000 4.000000 3.000000 13.000000 9.000000 2.000000 2.000000 2.000000 1.000000 2.000000 6.000000 17.000000 
25.537532 48.924054 0.000000 12.000000 4.000000 4.000000 2.000000 3.000000 3.000000 3.000000 2.000000 5.000000 26.000000 7.000000 10.000000 
24.632396 53.582272 0.000000 10.000000 5.000000 5.000000 19.000000 3.000000 2.000000 1.000000 1.000000 5.000000 19.000000 7.000000 4.000000 
21.634972 64.634972 0.000000 15.000000 3.000000 0.000000 0.000000 1.000000 2.000000 2.000000 4.000000 4.000000 22.000000 14.000000 14.000000 
26.153418 75.886697 0.000000 21.000000 9.000000 6.000000 2.000000 7.000000 4.000000 5.000000 2.000000 5.000000 7.000000 3.000000 10.000000 
29.737828 83.852535 0.000000 14.000000 10.000000 3.000000 7.000000 5.000000 7.000000 5.000000 6.000000 6.000000 14.000000 3.000000 1.000000 
29.647065 91.322413 0.000000 18.000000 8.000000 2.000000 7.000000 3.000000 5.000000 1.000000 2.000000 8.000000 23.000000 0.000000 4.000000 
27.703086 100.068113 0.000000 9.000000 6.000000 12.000000 18.000000 6.000000 4.000000 2.000000 1.000000 2.000000 13.000000 5.000000 3.000000 
26.590956 108.396627 0.000000 18.000000 13.000000 8.000000 4.000000 3.000000 1.000000 2.000000 0.000000 3.000000 14.000000 5.000000 10.000000 
22.397111 116.781336 0.000000 6.000000 5.000000 2.000000 22.000000 7.000000 4.000000 2.000000 3.000000 7.000000 12.000000 6.000000 5.000000 
26.687514 122.428349 0.000000 10.000000 10.000000 5.000000 11.000000 8.000000 4.000000 3.000000 5.000000 3.000000 7.000000 5.000000 10.000000 
27.738470 131.369449 0.000000 15.000000 10.000000 5.000000 12.000000 3.000000 1.000000 2.000000 2.000000 8.000000 11.000000 4.000000 8.000000 
26.324652 140.583138 0.000000 3.000000 7.000000 4.000000 31.000000 7.000000 2.000000 4.000000 6.000000 5.000000 6.000000 4.000000 2.000000 
27.563512 147.393822 0.000000 12.000000 6.000000 7.000000 14.000000 1.000000 3.000000 5.000000 2.000000 5.000000 10.000000 8.000000 8.000000 
29.494247 153.995101 0.000000 6.000000 10.000000 4.000000 16.000000 5.000000 1.000000 2.000000 4.000000 4.000000 7.000000 9.000000 13.000000 
32.368002 161.805647 0.000000 11.000000 9.000000 4.000000 3.000000 4.000000 5.000000 2.000000 4.000000 3.000000 5.000000 11.000000 20.000000 
31.957680 170.266047 0.000000 21.000000 3.000000 12.000000 5.000000 3.000000 3.000000 6.000000 6.000000 4.000000 4.000000 9.000000 5.000000 
31.544768 180.997376 0.000000 27.000000 2.000000 9.000000 9.000000 3.000000 2.000000 4.000000 4.000000 3.000000 10.000000 1.000000 7.000000 
29.804993 186.605587 0.000000 17.000000 14.000000 11.000000 6.000000 5.000000 2.000000 5.000000 5.000000 5.000000 4.000000 7.000000 0.000000 
27.228060 196.981060 0.000000 14.000000 9.000000 4.000000 5.000000 5.000000 1.000000 5.000000 3.000000 6.000000 18.000000 8.000000 3.000000 
24.125180 201.310884 0.000000 13.000000 12.000000 2.000000 4.000000 8.000000 3.000000 2.000000 0.000000 2.000000 20.000000 9.000000 6.000000 
24.322413 210.978261 0.000000 7.000000 3.000000 3.000000 24.000000 7.000000 5.000000 1.000000 4.000000 12.000000 9.000000 3.000000 3.000000 
28.188867 222.008600 0.000000 5.000000 6.000000 6.000000 10.000000 8.000000 4.000000 9.000000 4.000000 5.000000 7.000000 11.000000 6.000000 
33.002384 232.732898 9.000000 1.000000 1.000000 4.000000 16.000000 5.000000 4.000000 5.000000 5.000000 7.000000 24.000000 0.000000 0.000000 
29.730387 238.678396 27.000000 0.000000 3.000000 5.000000 14.000000 6.000000 2.000000 5.000000 1.000000 3.000000 6.000000 0.000000 0.000000 
37.342320 4.468534 27.000000 11.000000 5.000000 0.000000 6.000000 1.000000 3.000000 3.000000 3.000000 6.000000 12.000000 0.000000 4.000000 
40.735660 9.952255 0.000000 13.000000 10.000000 7.000000 12.000000 5.000000 7.000000 5.000000 4.000000 3.000000 7.000000 2.000000 6.000000 
39.107739 21.676959 0.000000 14.000000 11.000000 7.000000 1.000000 2.000000 3.000000 10.000000 5.000000 2.000000 18.000000 2.000000 6.000000 
38.593792 26.607519 0.000000 15.000000 8.000000 2.000000 3.000000 1.000000 3.000000 5.000000 4.000000 4.000000 20.000000 4.000000 12.000000 
34.779561 37.185640 0.000000 13.000000 3.000000 17.000000 8.000000 2.000000 3.000000 2.000000 6.000000 3.000000 10.000000 5.000000 9.000000 
33.193788 46.942199 0.000000 3.000000 2.000000 4.000000 22.000000 5.000000 3.000000 5.000000 1.000000 9.000000 9.000000 11.000000 7.000000 
35.888919 50.053175 0.000000 11.000000 9.000000 5.000000 14.000000 5.000000 7.000000 12.000000 7.000000 6.000000 1.000000 1.000000 3.000000 
37.117474 57.027590 0.000000 20.000000 6.000000 3.000000 11.000000 8.000000 6.000000 5.000000 3.000000 3.000000 4.000000 6.000000 6.000000 
35.232527 66.508625 0.000000 12.000000 2.000000 5.000000 6.000000 4.000000 6.000000 1.000000 5.000000 10.000000 6.000000 13.000000 11.000000 
36.365028 77.365028 0.000000 15.000000 11.000000 11.000000 3.000000 3.000000 3.000000 3.000000 6.000000 7.000000 6.000000 6.000000 7.000000 
36.951852 83.586825 0.000000 11.000000 9.000000 4.000000 8.000000 4.000000 6.000000 5.000000 9.000000 8.000000 8.000000 5.000000 4.000000 
36.173650 91.173650 0.000000 16.000000 6.000000 3.000000 3.000000 3.000000 1.000000 5.000000 9.000000 8.000000 11.000000 5.000000 11.000000 
35.836493 98.528535 0.000000 19.000000 2.000000 2.000000 13.000000 7.000000 6.000000 5.000000 6.000000 5.000000 3.000000 2.000000 11.000000 
36.408545 105.272444 0.000000 15.000000 9.000000 4.000000 14.000000 9.000000 4.000000 3.000000 2.000000 2.000000 3.000000 6.000000 10.000000 
32.322413 115.647065 0.000000 6.000000 2.000000 3.000000 5.000000 9.000000 10.000000 4.000000 6.000000 7.000000 19.000000 6.000000 4.000000 
33.985758 124.161636 0.000000 20.000000 9.000000 11.000000 2.000000 2.000000 4.000000 2.000000 8.000000 4.000000 13.000000 1.000000 5.000000 
35.993288 133.112550 0.000000 16.000000 6.000000 7.000000 4.000000 4.000000 1.000000 1.000000 3.000000 5.000000 19.000000 10.000000 5.000000 
35.013856 140.652567 0.000000 9.000000 7.000000 8.000000 6.000000 5.000000 3.000000 2.000000 2.000000 6.000000 21.000000 3.000000 9.000000 
34.963354 149.237663 0.000000 17.000000 11.000000 7.000000 6.000000 1.000000 3.000000 3.000000 1.000000 4.000000 7.000000 9.000000 12.000000 
33.653986 155.480337 0.000000 13.000000 12.000000 3.000000 19.000000 5.000000 3.000000 1.000000 0.000000 1.000000 3.000000 2.000000 19.000000 
37.065105 162.595790 0.000000 10.000000 11.000000 8.000000 0.000000 2.000000 2.000000 1.000000 5.000000 7.000000 10.000000 5.000000 20.000000 
37.664538 171.000000 0.000000 17.000000 10.000000 9.000000 6.000000 4.000000 7.000000 3.000000 4.000000 3.000000 2.000000 13.000000 3.000000 
32.376471 179.202822 0.000000 26.000000 8.000000 4.000000 5.000000 4.000000 5.000000 5.000000 7.000000 1.000000 5.000000 6.000000 5.000000 
32.839628 186.945270 0.000000 15.000000 8.000000 13.000000 3.000000 1.000000 2.000000 6.000000 4.000000 4.000000 11.000000 8.000000 6.000000 
35.681922 198.508273 0.000000 6.000000 17.000000 11.000000 11.000000 4.000000 8.000000 3.000000 1.000000 5.000000 5.000000 8.000000 2.000000 
38.806562 202.819813 0.000000 5.000000 5.000000 7.000000 6.000000 4.000000 3.000000 4.000000 2.000000 3.000000 22.000000 10.000000 10.000000 
36.634972 207.365028 0.000000 7.000000 2.000000 5.000000 7.000000 4.000000 3.000000 5.000000 4.000000 5.000000 20.000000 8.000000 11.000000 
36.361620 218.595543 0.000000 5.000000 7.000000 7.000000 15.000000 6.000000 5.000000 2.000000 4.000000 9.000000 5.000000 8.000000 8.000000 
38.725798 228.920059 0.000000 16.000000 2.000000 2.000000 8.000000 4.000000 1.000000 5.000000 3.000000 4.000000 19.000000 7.000000 10.000000 
36.295337 237.069690 27.000000 4.000000 1.000000 0.000000 17.000000 3.000000 3.000000 1.000000 1.000000 3.000000 12.000000 0.000000 0.000000 
45.186891 4.920662 27.000000 9.000000 4.000000 2.000000 0.000000 3.000000 5.000000 4.000000 3.000000 3.000000 12.000000 3.000000 6.000000 
46.799297 12.455868 0.000000 18.000000 1.000000 5.000000 4.000000 3.000000 4.000000 7.000000 4.000000 2.000000 18.000000 11.000000 4.000000 
43.930150 23.043537 0.000000 16.000000 12.000000 3.000000 1.000000 7.000000 5.000000 14.000000 5.000000 3.000000 8.000000 4.000000 3.000000 
48.462543 30.224835 0.000000 8.000000 9.000000 4.000000 1.000000 5.000000 5.000000 9.000000 5.000000 2.000000 8.000000 9.000000 16.000000 
51.058402 38.757174 0.000000 7.000000 5.000000 5.000000 6.000000 3.000000 4.000000 4.000000 1.000000 8.000000 20.000000 10.000000 8.000000 
47.429624 48.994364 0.000000 8.000000 8.000000 2.000000 3.000000 0.000000 0.000000 0.000000 3.000000 5.000000 36.000000 7.000000 9.000000 
43.247406 49.417002 0.000000 17.000000 5.000000 4.000000 4.000000 0.000000 1.000000 3.000000 3.000000 5.000000 29.000000 3.000000 7.000000 
42.588156 57.905551 0.000000 17.000000 1.000000 3.000000 16.000000 2.000000 1.000000 7.000000 5.000000 2.000000 7.000000 12.000000 8.000000 
42.405231 67.892830 0.000000 10.000000 10.000000 7.000000 16.000000 4.000000 3.000000 0.000000 2.000000 3.000000 17.000000 4.000000 5.000000 
43.586825 76.221797 0.000000 15.000000 8.000000 14.000000 5.000000 3.000000 2.000000 2.000000 0.000000 3.000000 17.000000 4.000000 8.000000 
42.909237 82.909237 0.000000 14.000000 9.000000 9.000000 8.000000 4.000000 4.000000 2.000000 2.000000 1.000000 17.000000 2.000000 9.000000 
43.000000 90.959625 0.000000 9.000000 6.000000 7.000000 6.000000 4.000000 2.000000 4.000000 3.000000 4.000000 17.000000 7.000000 12.000000 
43.857282 99.631264 0.000000 11.000000 5.000000 5.000000 9.000000 5.000000 4.000000 8.000000 5.000000 2.000000 5.000000 3.000000 19.000000 
44.353753 106.829896 0.000000 15.000000 9.000000 3.000000 19.000000 3.000000 4.000000 5.000000 3.000000 1.000000 7.000000 10.000000 2.000000 
42.856917 116.195055 0.000000 18.000000 7.000000 5.000000 8.000000 6.000000 5.000000 6.000000 7.000000 5.000000 9.000000 3.000000 2.000000 
39.756061 121.499640 0.000000 23.000000 9.000000 9.000000 5.000000 1.000000 4.000000 2.000000 3.000000 4.000000 9.000000 6.000000 6.000000 
40.507706 129.264412 0.000000 16.000000 7.000000 6.000000 16.000000 3.000000 2.000000 3.000000 3.000000 2.000000 14.000000 7.000000 2.000000 
41.209415 138.586825 0.000000 14.000000 4.000000 7.000000 3.000000 5.000000 3.000000 1.000000 6.000000 4.000000 19.000000 4.000000 11.000000 
47.771203 147.461306 0.000000 3.000000 4.000000 10.000000 2.000000 8.000000 10.000000 3.000000 7.000000 7.000000 10.000000 7.000000 10.000000 
45.324652 159.324652 0.000000 15.000000 5.000000 12.000000 14.000000 3.000000 5.000000 2.000000 2.000000 5.000000 3.000000 2.000000 13.000000 
43.801524 166.260136 0.000000 29.000000 7.000000 13.000000 6.000000 1.000000 3.000000 0.000000 2.000000 3.000000 4.000000 5.000000 8.000000 
44.757027 172.346178 0.000000 15.000000 7.000000 6.000000 5.000000 5.000000 4.000000 3.000000 3.000000 3.000000 4.000000 17.000000 9.000000 
41.193770 180.350932 0.000000 18.000000 11.000000 6.000000 2.000000 3.000000 4.000000 6.000000 7.000000 7.000000 2.000000 10.000000 5.000000 
40.338348 188.658521 0.000000 9.000000 8.000000 10.000000 6.000000 0.000000 4.000000 3.000000 4.000000 6.000000 21.000000 3.000000 7.000000 
40.110013 197.877998 0.000000 4.000000 18.000000 8.000000 7.000000 3.000000 12.000000 3.000000 2.000000 5.000000 10.000000 5.000000 4.000000 
45.813038 200.311978 0.000000 6.000000 10.000000 4.000000 3.000000 1.000000 4.000000 0.000000 4.000000 5.000000 26.000000 8.000000 10.000000 
44.908113 211.713724 0.000000 20.000000 7.000000 4.000000 9.000000 5.000000 5.000000 3.000000 1.000000 1.000000 1.000000 12.000000 13.000000 
45.890787 220.392201 0.000000 4.000000 8.000000 4.000000 8.000000 5.000000 1.000000 9.000000 3.000000 9.000000 9.000000 9.000000 12.000000 
43.473331 228.964176 0.000000 15.000000 2.000000 0.000000 3.000000 7.000000 8.000000 6.000000 6.000000 8.000000 13.000000 7.000000 6.000000 
43.641789 237.365028 27.000000 7.000000 1.000000 0.000000 11.000000 7.000000 7.000000 2.000000 2.000000 2.000000 1.000000 0.000000 5.000000 
51.677587 6.010970 27.000000 9.000000 7.000000 3.000000 2.000000 4.000000 4.000000 2.000000 3.000000 5.000000 7.000000 3.000000 5.000000 
51.551720 14.689680 0.000000 22.000000 6.000000 7.000000 7.000000 5.000000 3.000000 6.000000 4.000000 0.000000 7.000000 6.000000 8.000000 
52.366669 22.431500 0.000000 19.000000 1.000000 7.000000 7.000000 5.000000 5.000000 5.000000 6.000000 5.000000 9.000000 10.000000 2.000000 
55.056249 30.696094 0.000000 16.000000 3.000000 4.000000 9.000000 5.000000 7.000000 8.000000 2.000000 3.000000 4.000000 7.000000 13.000000 
55.302769 40.043445 0.000000 3.000000 5.000000 4.000000 0.000000 2.000000 5.000000 6.000000 3.000000 8.000000 28.000000 8.000000 9.000000 
48.094806 45.026087 0.000000 6.000000 5.000000 3.000000 6.000000 2.000000 2.000000 3.000000 2.000000 6.000000 27.000000 10.000000 9.000000 
47.610712 48.687440 0.000000 6.000000 7.000000 3.000000 2.000000 4.000000 1.000000 1.000000 4.000000 5.000000 32.000000 8.000000 8.000000 
52.392019 61.660118 0.000000 14.000000 6.000000 10.000000 5.000000 2.000000 2.000000 5.000000 4.000000 3.000000 6.000000 15.000000 9.000000 
49.000000 69.948166 0.000000 4.000000 8.000000 13.000000 21.000000 10.000000 5.000000 6.000000 1.000000 1.000000 2.000000 6.000000 4.000000 
51.484988 76.524865 0.000000 8.000000 5.000000 6.000000 12.000000 5.000000 6.000000 7.000000 6.000000 8.000000 10.000000 3.000000 5.000000 
53.000000 84.948166 0.000000 14.000000 7.000000 5.000000 9.000000 4.000000 5.000000 8.000000 5.000000 5.000000 5.000000 6.000000 8.000000 
52.420834 90.111295 0.000000 14.000000 7.000000 5.000000 11.000000 4.000000 7.000000 8.000000 6.000000 3.000000 8.000000 2.000000 6.000000 
53.704510 97.243187 0.000000 20.000000 1.000000 5.000000 10.000000 4.000000 5.000000 7.000000 5.000000 3.000000 6.000000 5.000000 10.000000 
54.239001 108.450679 0.000000 26.000000 5.000000 8.000000 4.000000 1.000000 1.000000 5.000000 9.000000 6.000000 4.000000 9.000000 3.000000 
52.315864 118.005544 0.000000 19.000000 5.000000 5.000000 11.000000 4.000000 3.000000 4.000000 1.000000 3.000000 9.000000 9.000000 8.000000 
52.409932 124.706311 0.000000 19.000000 4.000000 5.000000 4.000000 4.000000 7.000000 5.000000 7.000000 4.000000 9.000000 5.000000 8.000000 
53.099589 131.365028 0.000000 8.000000 9.000000 6.000000 10.000000 2.000000 5.000000 4.000000 7.000000 7.000000 13.000000 8.000000 2.000000 
50.493422 139.951852 0.000000 12.000000 6.000000 2.000000 9.000000 7.000000 5.000000 0.000000 2.000000 4.000000 18.000000 10.000000 6.000000 
54.791692 147.365028 0.000000 8.000000 6.000000 8.000000 15.000000 7.000000 8.000000 1.000000 1.000000 4.000000 11.000000 4.000000 8.000000 
53.082785 157.399067 0.000000 10.000000 8.000000 7.000000 3.000000 5.000000 6.000000 6.000000 6.000000 3.000000 4.000000 7.000000 16.000000 
49.000000 165.689680 0.000000 17.000000 6.000000 3.000000 7.000000 3.000000 4.000000 3.000000 3.000000 7.000000 7.000000 9.000000 12.000000 
52.050961 173.365028 0.000000 22.000000 5.000000 2.000000 5.000000 8.000000 2.000000 5.000000 3.000000 2.000000 6.000000 10.000000 11.000000 
54.172287 180.172287 0.000000 27.000000 5.000000 4.000000 14.000000 6.000000 1.000000 1.000000 3.000000 1.000000 7.000000 7.000000 5.000000 
51.408082 189.779512 0.000000 16.000000 6.000000 6.000000 13.000000 8.000000 3.000000 3.000000 4.000000 4.000000 5.000000 9.000000 4.000000 
46.841765 197.111654 0.000000 5.000000 12.000000 3.000000 1.000000 0.000000 3.000000 0.000000 3.000000 7.000000 29.000000 9.000000 9.000000 
50.238990 200.056554 0.000000 11.000000 8.000000 6.000000 2.000000 4.000000 2.000000 2.000000 3.000000 6.000000 20.000000 9.000000 8.000000 
52.393725 212.026251 0.000000 8.000000 5.000000 6.000000 10.000000 4.000000 3.000000 2.000000 5.000000 10.000000 7.000000 11.000000 10.000000 
55.859114 219.985713 0.000000 11.000000 3.000000 6.000000 18.000000 4.000000 5.000000 4.000000 5.000000 6.000000 3.000000 11.000000 5.000000 
57.344393 228.345287 0.000000 11.000000 5.000000 6.000000 15.000000 7.000000 7.000000 6.000000 2.000000 5.000000 3.000000 10.000000 4.000000 
53.274743 237.058606 27.000000 8.000000 5.000000 1.000000 1.000000 5.000000 7.000000 3.000000 0.000000 1.000000 2.000000 3.000000 9.000000 
60.000000 5.324652 39.000000 4.000000 0.000000 1.000000 4.000000 5.000000 3.000000 3.000000 2.000000 7.000000 7.000000 3.000000 3.000000 
60.000000 13.645155 18.000000 15.000000 4.000000 4.000000 9.000000 1.000000 2.000000 3.000000 3.000000 4.000000 4.000000 7.000000 7.000000 
60.000000 21.324652 18.000000 20.000000 7.000000 2.000000 7.000000 2.000000 4.000000 2.000000 2.000000 3.000000 1.000000 7.000000 6.000000 
60.526604 29.851257 18.000000 9.000000 1.000000 7.000000 4.000000 3.000000 2.000000 5.000000 2.000000 5.000000 8.000000 12.000000 5.000000 
60.446558 38.166119 18.000000 7.000000 2.000000 3.000000 4.000000 7.000000 9.000000 5.000000 3.000000 3.000000 12.000000 3.000000 5.000000 
59.728143 45.596509 18.000000 4.000000 5.000000 6.000000 7.000000 8.000000 13.000000 7.000000 4.000000 4.000000 3.000000 1.000000 1.000000 
58.998383 52.539915 18.000000 10.000000 6.000000 2.000000 1.000000 0.000000 5.000000 3.000000 8.000000 5.000000 9.000000 7.000000 7.000000 
60.451290 61.324652 18.000000 17.000000 3.000000 8.000000 4.000000 2.000000 2.000000 8.000000 1.000000 4.000000 1.000000 5.000000 8.000000 
59.451872 69.872780 18.000000 4.000000 4.000000 6.000000 4.000000 3.000000 5.000000 10.000000 3.000000 7.000000 9.000000 4.000000 4.000000 
60.000000 77.324652 18.000000 1.000000 3.000000 2.000000 8.000000 7.000000 10.000000 13.000000 10.000000 3.000000 2.000000 2.000000 2.000000 
60.000000 85.324652 18.000000 13.000000 4.000000 5.000000 2.000000 4.000000 5.000000 4.000000 12.000000 6.000000 0.000000 1.000000 7.000000 
60.000000 93.324652 18.000000 4.000000 3.000000 2.000000 0.000000 9.000000 10.000000 4.000000 11.000000 8.000000 3.000000 4.000000 5.000000 
60.400711 100.569724 18.000000 14.000000 1.000000 3.000000 4.000000 4.000000 6.000000 6.000000 6.000000 7.000000 5.000000 0.000000 7.000000 
60.470392 109.795045 18.000000 20.000000 0.000000 5.000000 2.000000 5.000000 3.000000 3.000000 3.000000 8.000000 1.000000 7.000000 6.000000 
60.000000 117.324652 18.000000 15.000000 7.000000 3.000000 0.000000 3.000000 2.000000 5.000000 2.000000 7.000000 9.000000 7.000000 3.000000 
60.000000 125.324652 18.000000 9.000000 7.000000 6.000000 3.000000 3.000000 6.000000 10.000000 1.000000 4.000000 2.000000 4.000000 8.000000 
60.434968 133.324652 18.000000 11.000000 6.000000 4.000000 2.000000 7.000000 6.000000 8.000000 5.000000 7.000000 3.000000 4.000000 0.000000 
59.701975 141.324652 18.000000 5.000000 6.000000 6.000000 4.000000 5.000000 3.000000 4.000000 4.000000 4.000000 2.000000 9.000000 11.000000 
60.474379 149.324652 18.000000 5.000000 5.000000 6.000000 15.000000 7.000000 1.000000 1.000000 4.000000 2.000000 5.000000 6.000000 6.000000 
60.000000 157.324652 18.000000 11.000000 3.000000 8.000000 2.000000 0.000000 0.000000 3.000000 3.000000 6.000000 5.000000 11.000000 11.000000 
59.451886 165.324652 18.000000 11.000000 7.000000 4.000000 3.000000 1.000000 2.000000 4.000000 4.000000 3.000000 16.000000 7.000000 1.000000 
60.000000 173.324652 18.000000 15.000000 5.000000 4.000000 8.000000 4.000000 1.000000 1.000000 3.000000 2.000000 13.000000 6.000000 1.000000 
60.489431 181.324652 18.000000 19.000000 0.000000 5.000000 4.000000 5.000000 0.000000 7.000000 5.000000 5.000000 2.000000 5.000000 6.000000 
60.000000 189.324652 18.000000 11.000000 4.000000 6.000000 5.000000 3.000000 2.000000 5.000000 3.000000 7.000000 3.000000 4.000000 10.000000 
58.949863 198.123920 18.000000 9.000000 1.000000 3.000000 7.000000 4.000000 3.000000 7.000000 7.000000 4.000000 4.000000 7.000000 7.000000 
59.736515 203.934842 18.000000 8.000000 9.000000 5.000000 7.000000 1.000000 3.000000 2.000000 2.000000 2.000000 10.000000 6.000000 8.000000 
59.617402 213.324652 18.000000 7.000000 9.000000 6.000000 5.000000 4.000000 3.000000 3.000000 3.000000 5.000000 1.000000 9.000000 8.000000 
60.565545 220.759107 18.000000 12.000000 2.000000 4.000000 2.000000 2.000000 2.000000 1.000000 5.000000 6.000000 6.000000 12.000000 9.000000 
62.071010 228.935890 18.000000 10.000000 5.000000 6.000000 23.000000 3.000000 2.000000 1.000000 1.000000 1.000000 4.000000 5.000000 2.000000 
60.000000 236.000000 35.000000 2.000000 2.000000 2.000000 7.000000 0.000000 0.000000 4.000000 1.000000 1.000000 5.000000 2.000000 2.000000 
