240
5.000000 5.689680 39.000000 6.000000 2.000000 5.000000 0.000000 0.000000 0.000000 0.000000 2.000000 1.000000 4.000000 3.000000 1.000000 
3.583138 13.324652 27.000000 7.000000 2.000000 4.000000 4.000000 3.000000 3.000000 0.000000 2.000000 2.000000 4.000000 2.000000 3.000000 
4.322413 21.002240 27.000000 10.000000 5.000000 2.000000 4.000000 0.000000 1.000000 0.000000 0.000000 0.000000 9.000000 2.000000 3.000000 
2.583061 29.274849 27.000000 11.000000 4.000000 5.000000 6.000000 1.000000 0.000000 0.000000 0.000000 0.000000 2.000000 1.000000 6.000000 
3.615426 37.689680 27.000000 6.000000 1.000000 3.000000 7.000000 2.000000 4.000000 2.000000 2.000000 0.000000 5.000000 0.000000 4.000000 
4.322413 45.647065 27.000000 10.000000 2.000000 3.000000 1.000000 1.000000 0.000000 0.000000 0.000000 1.000000 9.000000 6.000000 3.000000 
3.586825 52.911477 27.000000 6.000000 1.000000 3.000000 7.000000 3.000000 0.000000 0.000000 0.000000 0.000000 7.000000 5.000000 4.000000 
4.324652 61.324652 27.000000 4.000000 3.000000 11.000000 1.000000 1.000000 2.000000 0.000000 1.000000 1.000000 10.000000 2.000000 0.000000 
4.608651 69.647065 27.000000 8.000000 3.000000 7.000000 1.000000 1.000000 0.000000 0.000000 2.000000 1.000000 1.000000 6.000000 6.000000 
4.000000 78.042905 27.000000 10.000000 2.000000 0.000000 0.000000 3.000000 3.000000 4.000000 1.000000 2.000000 5.000000 2.000000 4.000000 
4.000000 84.623900 27.000000 9.000000 3.000000 0.000000 3.000000 3.000000 3.000000 1.000000 2.000000 0.000000 2.000000 5.000000 5.000000 
4.000000 93.689680 27.000000 7.000000 5.000000 0.000000 7.000000 3.000000 2.000000 0.000000 1.000000 1.000000 3.000000 2.000000 5.000000 
4.311829 101.689680 27.000000 0.000000 5.000000 3.000000 8.000000 1.000000 5.000000 3.000000 2.000000 3.000000 3.000000 2.000000 1.000000 
4.322413 109.647065 27.000000 5.000000 3.000000 1.000000 6.000000 3.000000 1.000000 1.000000 0.000000 1.000000 4.000000 5.000000 6.000000 
4.000000 116.959625 27.000000 9.000000 2.000000 4.000000 4.000000 2.000000 0.000000 1.000000 1.000000 3.000000 5.000000 0.000000 5.000000 
4.000000 125.689680 27.000000 10.000000 1.000000 4.000000 1.000000 3.000000 0.000000 0.000000 1.000000 0.000000 11.000000 0.000000 5.000000 
3.926484 133.002240 27.000000 3.000000 2.000000 3.000000 8.000000 6.000000 1.000000 3.000000 1.000000 1.000000 2.000000 6.000000 0.000000 
3.181135 140.505788 27.000000 2.000000 2.000000 0.000000 2.000000 1.000000 1.000000 5.000000 11.000000 6.000000 0.000000 1.000000 5.000000 
4.000000 149.689680 27.000000 4.000000 1.000000 1.000000 13.000000 7.000000 4.000000 2.000000 1.000000 1.000000 0.000000 0.000000 2.000000 
4.322413 157.002240 27.000000 4.000000 1.000000 0.000000 3.000000 1.000000 3.000000 2.000000 4.000000 2.000000 8.000000 2.000000 6.000000 
4.893726 165.324652 27.000000 6.000000 3.000000 10.000000 6.000000 2.000000 3.000000 0.000000 1.000000 0.000000 1.000000 2.000000 2.000000 
4.324652 173.324652 27.000000 4.000000 1.000000 2.000000 1.000000 1.000000 1.000000 0.000000 1.000000 2.000000 9.000000 6.000000 8.000000 
4.324652 181.324652 27.000000 8.000000 4.000000 3.000000 3.000000 1.000000 0.000000 1.000000 0.000000 1.000000 12.000000 3.000000 0.000000 
4.322413 189.002240 27.000000 5.000000 7.000000 2.000000 9.000000 0.000000 0.000000 0.000000 0.000000 2.000000 9.000000 1.000000 1.000000 
2.256192 194.758144 27.000000 3.000000 8.000000 4.000000 0.000000 0.000000 0.000000 2.000000 1.000000 1.000000 9.000000 3.000000 5.000000 
4.000000 205.689680 27.000000 4.000000 1.000000 7.000000 5.000000 5.000000 3.000000 3.000000 2.000000 0.000000 4.000000 1.000000 1.000000 
2.936767 210.797190 27.000000 4.000000 6.000000 4.000000 1.000000 0.000000 0.000000 0.000000 1.000000 0.000000 13.000000 3.000000 4.000000 
4.611124 221.358354 27.000000 6.000000 6.000000 4.000000 1.000000 1.000000 1.000000 3.000000 4.000000 4.000000 2.000000 1.000000 3.000000 
4.687440 228.677587 27.000000 5.000000 1.000000 6.000000 9.000000 5.000000 2.000000 0.000000 1.000000 2.000000 0.000000 4.000000 1.000000 
5.000000 236.365028 36.000000 4.000000 1.000000 4.000000 5.000000 1.000000 0.000000 0.000000 0.000000 2.000000 1.000000 0.000000 2.000000 
11.634972 5.365028 27.000000 15.000000 3.000000 2.000000 4.000000 3.000000 2.000000 5.000000 3.000000 5.000000 9.000000 1.000000 2.000000 
11.413175 12.283572 0.000000 16.000000 9.000000 7.000000 22.000000 9.000000 5.000000 6.000000 1.000000 1.000000 0.000000 3.000000 2.000000 
10.640702 20.378604 0.000000 15.000000 6.000000 7.000000 10.000000 4.000000 1.000000 6.000000 7.000000 4.000000 12.000000 5.000000 4.000000 
7.860643 27.952637 0.000000 22.000000 10.000000 5.000000 8.000000 3.000000 1.000000 5.000000 4.000000 4.000000 4.000000 5.000000 10.000000 
11.724545 37.982375 0.000000 14.000000 7.000000 4.000000 13.000000 2.000000 3.000000 2.000000 1.000000 3.000000 18.000000 5.000000 9.000000 
11.775835 45.000000 0.000000 9.000000 13.000000 6.000000 10.000000 6.000000 1.000000 0.000000 2.000000 5.000000 16.000000 5.000000 8.000000 
11.687440 51.322413 0.000000 8.000000 12.000000 13.000000 4.000000 3.000000 2.000000 4.000000 5.000000 7.000000 15.000000 4.000000 4.000000 
13.659674 60.687440 0.000000 7.000000 10.000000 10.000000 7.000000 2.000000 2.000000 3.000000 1.000000 0.000000 31.000000 4.000000 4.000000 
14.661690 69.664281 0.000000 7.000000 2.000000 4.000000 18.000000 9.000000 2.000000 1.000000 3.000000 4.000000 13.000000 9.000000 9.000000 
12.322413 77.397608 0.000000 10.000000 2.000000 3.000000 24.000000 1.000000 3.000000 1.000000 2.000000 3.000000 12.000000 10.000000 10.000000 
12.324652 82.324652 0.000000 7.000000 1.000000 0.000000 29.000000 1.000000 1.000000 1.000000 1.000000 2.000000 9.000000 12.000000 17.000000 
12.657681 92.739002 0.000000 11.000000 8.000000 9.000000 18.000000 5.000000 4.000000 3.000000 3.000000 2.000000 4.000000 11.000000 3.000000 
13.322413 101.687440 0.000000 3.000000 2.000000 7.000000 11.000000 3.000000 6.000000 8.000000 2.000000 7.000000 17.000000 7.000000 8.000000 
13.329526 108.905551 0.000000 18.000000 4.000000 5.000000 10.000000 1.000000 5.000000 8.000000 3.000000 4.000000 9.000000 4.000000 10.000000 
13.109002 116.492857 0.000000 15.000000 8.000000 5.000000 11.000000 4.000000 4.000000 5.000000 6.000000 3.000000 10.000000 2.000000 8.000000 
11.901908 124.951852 0.000000 21.000000 4.000000 8.000000 7.000000 3.000000 0.000000 1.000000 3.000000 1.000000 14.000000 9.000000 10.000000 
8.870657 129.793200 0.000000 23.000000 3.000000 7.000000 1.000000 3.000000 0.000000 5.000000 3.000000 5.000000 19.000000 6.000000 6.000000 
10.324652 138.324652 0.000000 14.000000 6.000000 2.000000 20.000000 4.000000 2.000000 7.000000 11.000000 7.000000 3.000000 1.000000 4.000000 
12.744574 147.325574 0.000000 6.000000 5.000000 4.000000 18.000000 7.000000 2.000000 2.000000 2.000000 6.000000 18.000000 6.000000 5.000000 
13.589001 155.000000 0.000000 9.000000 5.000000 7.000000 18.000000 7.000000 6.000000 5.000000 2.000000 1.000000 4.000000 7.000000 10.000000 
14.948166 164.000000 0.000000 18.000000 1.000000 8.000000 8.000000 2.000000 2.000000 5.000000 6.000000 4.000000 7.000000 10.000000 10.000000 
13.715352 171.586825 0.000000 22.000000 5.000000 8.000000 3.000000 4.000000 2.000000 3.000000 3.000000 5.000000 8.000000 7.000000 11.000000 
12.433960 180.137848 0.000000 27.000000 6.000000 12.000000 8.000000 5.000000 8.000000 6.000000 3.000000 1.000000 3.000000 1.000000 1.000000 
10.087004 183.803434 0.000000 15.000000 3.000000 6.000000 4.000000 1.000000 2.000000 0.000000 7.000000 11.000000 25.000000 5.000000 2.000000 
8.000000 190.689680 9.000000 10.000000 12.000000 3.000000 0.000000 1.000000 0.000000 0.000000 1.000000 3.000000 29.000000 6.000000 7.000000 
9.584867 199.105728 0.000000 5.000000 0.000000 5.000000 3.000000 5.000000 4.000000 4.000000 6.000000 4.000000 36.000000 4.000000 5.000000 
10.145061 206.191684 0.000000 7.000000 4.000000 8.000000 8.000000 7.000000 0.000000 1.000000 3.000000 3.000000 36.000000 1.000000 3.000000 
13.938251 217.668854 0.000000 11.000000 2.000000 7.000000 11.000000 6.000000 2.000000 5.000000 3.000000 5.000000 13.000000 6.000000 10.000000 
13.234805 227.793399 0.000000 12.000000 5.000000 5.000000 6.000000 5.000000 1.000000 4.000000 10.000000 13.000000 6.000000 11.000000 3.000000 
12.617407 236.382593 27.000000 5.000000 5.000000 5.000000 5.000000 1.000000 3.000000 0.000000 1.000000 2.000000 8.000000 3.000000 7.000000 
20.000000 6.043563 27.000000 6.000000 3.000000 4.000000 18.000000 3.000000 3.000000 4.000000 4.000000 4.000000 1.000000 1.000000 3.000000 
19.588329 14.945680 0.000000 4.000000 6.000000 2.000000 3.000000 5.000000 5.000000 5.000000 7.000000 7.000000 20.000000 8.000000 9.000000 
16.542527 22.262729 0.000000 8.000000 3.000000 5.000000 22.000000 6.000000 2.000000 4.000000 6.000000 3.000000 6.000000 9.000000 7.000000 
17.870801 28.434346 0.000000 11.000000 12.000000 14.000000 2.000000 2.000000 3.000000 5.000000 6.000000 6.000000 8.000000 5.000000 7.000000 
20.814018 38.735588 0.000000 18.000000 7.000000 7.000000 13.000000 6.000000 1.000000 7.000000 3.000000 1.000000 11.000000 2.000000 5.000000 
20.330065 46.056688 0.000000 8.000000 13.000000 11.000000 7.000000 4.000000 0.000000 5.000000 3.000000 2.000000 16.000000 5.000000 7.000000 
21.322413 53.002240 0.000000 5.000000 3.000000 9.000000 13.000000 3.000000 6.000000 7.000000 8.000000 7.000000 17.000000 0.000000 3.000000 
19.367829 59.615069 0.000000 17.000000 11.000000 4.000000 11.000000 3.000000 0.000000 2.000000 3.000000 2.000000 15.000000 2.000000 11.000000 
20.227576 66.227576 0.000000 15.000000 5.000000 6.000000 9.000000 2.000000 4.000000 1.000000 1.000000 1.000000 31.000000 2.000000 4.000000 
21.671101 77.687304 0.000000 20.000000 8.000000 9.000000 9.000000 4.000000 4.000000 1.000000 5.000000 5.000000 3.000000 5.000000 8.000000 
22.312876 83.532282 0.000000 16.000000 8.000000 3.000000 5.000000 3.000000 1.000000 3.000000 3.000000 4.000000 18.000000 4.000000 13.000000 
21.922919 91.281761 0.000000 10.000000 8.000000 5.000000 10.000000 5.000000 10.000000 7.000000 3.000000 5.000000 15.000000 3.000000 0.000000 
21.248120 100.718628 0.000000 20.000000 7.000000 1.000000 9.000000 8.000000 12.000000 2.000000 1.000000 2.000000 5.000000 9.000000 5.000000 
21.501236 110.525489 0.000000 15.000000 9.000000 3.000000 17.000000 2.000000 2.000000 6.000000 5.000000 4.000000 5.000000 3.000000 10.000000 
22.960940 121.771707 0.000000 28.000000 12.000000 5.000000 8.000000 4.000000 1.000000 3.000000 0.000000 1.000000 4.000000 5.000000 10.000000 
18.912121 126.280927 0.000000 29.000000 16.000000 1.000000 5.000000 2.000000 2.000000 1.000000 4.000000 1.000000 3.000000 6.000000 11.000000 
14.574134 130.209106 0.000000 25.000000 4.000000 4.000000 8.000000 5.000000 3.000000 7.000000 3.000000 2.000000 13.000000 2.000000 5.000000 
20.849712 138.471563 0.000000 6.000000 4.000000 4.000000 21.000000 3.000000 1.000000 5.000000 4.000000 7.000000 7.000000 10.000000 9.000000 
22.795354 145.000000 0.000000 11.000000 3.000000 5.000000 11.000000 7.000000 3.000000 0.000000 0.000000 7.000000 15.000000 6.000000 13.000000 
18.340396 155.538598 0.000000 7.000000 6.000000 13.000000 4.000000 5.000000 4.000000 2.000000 5.000000 4.000000 6.000000 7.000000 18.000000 
19.738435 163.951852 0.000000 23.000000 1.000000 11.000000 12.000000 3.000000 2.000000 4.000000 3.000000 5.000000 3.000000 6.000000 8.000000 
16.290909 171.734682 0.000000 30.000000 8.000000 5.000000 5.000000 2.000000 5.000000 4.000000 0.000000 4.000000 7.000000 5.000000 6.000000 
16.317125 180.482015 0.000000 28.000000 5.000000 7.000000 6.000000 2.000000 2.000000 7.000000 3.000000 4.000000 4.000000 6.000000 7.000000 
15.855268 185.538270 0.000000 29.000000 2.000000 7.000000 3.000000 2.000000 2.000000 1.000000 3.000000 7.000000 16.000000 7.000000 2.000000 
18.799178 193.246925 0.000000 10.000000 19.000000 7.000000 3.000000 3.000000 3.000000 1.000000 2.000000 2.000000 26.000000 4.000000 1.000000 
19.437990 198.921644 0.000000 7.000000 5.000000 6.000000 11.000000 4.000000 1.000000 5.000000 3.000000 4.000000 29.000000 3.000000 3.000000 
19.156924 209.239654 0.000000 13.000000 8.000000 9.000000 7.000000 4.000000 4.000000 7.000000 4.000000 2.000000 7.000000 8.000000 8.000000 
19.452306 217.316566 0.000000 13.000000 4.000000 8.000000 8.000000 5.000000 0.000000 2.000000 1.000000 5.000000 15.000000 9.000000 11.000000 
21.531041 229.073253 0.000000 13.000000 5.000000 8.000000 27.000000 6.000000 3.000000 1.000000 2.000000 0.000000 1.000000 5.000000 10.000000 
20.481800 233.078795 27.000000 2.000000 1.000000 1.000000 21.000000 4.000000 2.000000 2.000000 1.000000 0.000000 16.000000 1.000000 3.000000 
28.852441 5.391118 27.000000 6.000000 2.000000 2.000000 7.000000 6.000000 8.000000 6.000000 3.000000 1.000000 7.000000 5.000000 1.000000 
30.413175 11.221797 0.000000 17.000000 6.000000 3.000000 8.000000 6.000000 9.000000 5.000000 3.000000 5.000000 7.000000 3.000000 9.000000 
28.891766 20.481792 0.000000 15.000000 4.000000 3.000000 2.000000 9.000000 7.000000 5.000000 5.000000 9.000000 8.000000 2.000000 12.000000 
26.606133 28.585601 0.000000 19.000000 4.000000 4.000000 6.000000 8.000000 3.000000 7.000000 7.000000 4.000000 10.000000 2.000000 7.000000 
27.025663 37.644825 0.000000 22.000000 8.000000 6.000000 9.000000 5.000000 0.000000 3.000000 0.000000 0.000000 7.000000 12.000000 9.000000 
29.458688 45.000000 0.000000 15.000000 7.000000 10.000000 19.000000 3.000000 2.000000 3.000000 1.000000 0.000000 6.000000 8.000000 7.000000 
25.862441 48.895166 0.000000 10.000000 3.000000 5.000000 9.000000 2.000000 2.000000 5.000000 5.000000 6.000000 21.000000 10.000000 3.000000 
23.167249 55.584111 0.000000 16.000000 8.000000 4.000000 24.000000 4.000000 2.000000 4.000000 0.000000 4.000000 7.000000 3.000000 5.000000 
24.320064 64.644717 0.000000 8.000000 5.000000 7.000000 1.000000 2.000000 3.000000 0.000000 1.000000 1.000000 41.000000 5.000000 7.000000 
28.413706 76.994772 0.000000 21.000000 8.000000 10.000000 2.000000 8.000000 7.000000 6.000000 5.000000 3.000000 6.000000 3.000000 2.000000 
32.881053 85.641738 0.000000 21.000000 10.000000 2.000000 4.000000 3.000000 4.000000 3.000000 1.000000 5.000000 14.000000 3.000000 11.000000 
32.697789 92.014645 0.000000 21.000000 6.000000 4.000000 3.000000 1.000000 2.000000 5.000000 5.000000 2.000000 16.000000 3.000000 13.000000 
31.322413 97.957385 0.000000 22.000000 7.000000 12.000000 14.000000 4.000000 2.000000 3.000000 0.000000 0.000000 8.000000 4.000000 5.000000 
28.117415 109.144523 0.000000 18.000000 4.000000 3.000000 10.000000 5.000000 0.000000 3.000000 2.000000 5.000000 13.000000 9.000000 9.000000 
27.523236 120.632076 0.000000 25.000000 14.000000 10.000000 2.000000 1.000000 2.000000 2.000000 1.000000 1.000000 5.000000 9.000000 9.000000 
26.817043 124.959514 0.000000 23.000000 12.000000 8.000000 3.000000 1.000000 1.000000 1.000000 6.000000 5.000000 14.000000 2.000000 5.000000 
26.648948 129.447030 0.000000 16.000000 5.000000 6.000000 6.000000 3.000000 4.000000 1.000000 8.000000 6.000000 12.000000 7.000000 7.000000 
30.254650 138.688498 0.000000 10.000000 1.000000 3.000000 11.000000 11.000000 6.000000 1.000000 1.000000 6.000000 20.000000 4.000000 7.000000 
33.308992 147.632894 0.000000 14.000000 6.000000 9.000000 8.000000 3.000000 3.000000 1.000000 5.000000 3.000000 10.000000 7.000000 12.000000 
26.506985 156.689680 0.000000 14.000000 4.000000 16.000000 2.000000 1.000000 4.000000 1.000000 1.000000 4.000000 8.000000 9.000000 17.000000 
26.551794 164.656459 0.000000 20.000000 7.000000 3.000000 6.000000 6.000000 4.000000 5.000000 4.000000 2.000000 5.000000 10.000000 9.000000 
22.960797 172.739931 0.000000 18.000000 10.000000 4.000000 4.000000 1.000000 4.000000 5.000000 0.000000 8.000000 10.000000 7.000000 10.000000 
25.052838 180.876960 0.000000 15.000000 2.000000 8.000000 6.000000 4.000000 3.000000 2.000000 3.000000 2.000000 10.000000 9.000000 17.000000 
25.089538 186.348696 0.000000 13.000000 1.000000 7.000000 0.000000 4.000000 3.000000 1.000000 7.000000 8.000000 25.000000 3.000000 9.000000 
30.286262 198.036371 0.000000 7.000000 10.000000 9.000000 7.000000 2.000000 5.000000 6.000000 4.000000 5.000000 20.000000 4.000000 2.000000 
31.255003 201.901316 0.000000 5.000000 7.000000 8.000000 8.000000 5.000000 2.000000 4.000000 3.000000 4.000000 20.000000 5.000000 10.000000 
30.427783 212.123281 0.000000 10.000000 7.000000 8.000000 10.000000 3.000000 5.000000 1.000000 1.000000 1.000000 19.000000 8.000000 8.000000 
28.047815 219.697940 0.000000 8.000000 10.000000 15.000000 20.000000 3.000000 3.000000 2.000000 6.000000 2.000000 0.000000 6.000000 6.000000 
29.138202 227.496576 0.000000 9.000000 5.000000 5.000000 3.000000 2.000000 7.000000 7.000000 4.000000 6.000000 9.000000 11.000000 13.000000 
25.000000 234.365028 18.000000 3.000000 2.000000 2.000000 35.000000 5.000000 4.000000 2.000000 1.000000 1.000000 4.000000 0.000000 4.000000 
36.000000 4.948166 27.000000 15.000000 2.000000 4.000000 6.000000 4.000000 4.000000 1.000000 2.000000 1.000000 4.000000 8.000000 3.000000 
34.644326 10.981068 0.000000 17.000000 2.000000 12.000000 14.000000 3.000000 3.000000 2.000000 7.000000 0.000000 7.000000 7.000000 7.000000 
37.136157 20.485019 0.000000 16.000000 7.000000 1.000000 12.000000 6.000000 3.000000 3.000000 8.000000 5.000000 8.000000 4.000000 8.000000 
35.322413 27.997476 0.000000 12.000000 5.000000 3.000000 11.000000 5.000000 6.000000 8.000000 0.000000 6.000000 5.000000 5.000000 15.000000 
36.937826 36.442847 0.000000 9.000000 4.000000 2.000000 8.000000 6.000000 5.000000 10.000000 5.000000 6.000000 9.000000 12.000000 5.000000 
31.730228 44.942420 0.000000 15.000000 7.000000 4.000000 21.000000 3.000000 5.000000 4.000000 0.000000 2.000000 6.000000 11.000000 3.000000 
30.957385 50.627899 0.000000 17.000000 6.000000 10.000000 2.000000 1.000000 4.000000 7.000000 3.000000 9.000000 10.000000 7.000000 5.000000 
33.328545 59.316821 0.000000 4.000000 0.000000 5.000000 12.000000 6.000000 9.000000 19.000000 9.000000 3.000000 11.000000 1.000000 2.000000 
38.052686 70.363958 0.000000 23.000000 5.000000 2.000000 14.000000 2.000000 3.000000 3.000000 2.000000 4.000000 14.000000 3.000000 6.000000 
37.401783 78.735750 0.000000 23.000000 7.000000 4.000000 2.000000 2.000000 1.000000 3.000000 4.000000 4.000000 15.000000 8.000000 8.000000 
39.128645 86.169385 0.000000 26.000000 7.000000 7.000000 7.000000 5.000000 7.000000 4.000000 2.000000 1.000000 3.000000 3.000000 9.000000 
34.975017 92.599588 0.000000 27.000000 2.000000 2.000000 7.000000 5.000000 5.000000 8.000000 3.000000 1.000000 6.000000 2.000000 13.000000 
35.864432 97.618127 0.000000 13.000000 1.000000 4.000000 17.000000 5.000000 9.000000 3.000000 3.000000 3.000000 4.000000 10.000000 9.000000 
36.078210 107.251859 0.000000 20.000000 3.000000 5.000000 13.000000 6.000000 4.000000 4.000000 3.000000 1.000000 4.000000 6.000000 12.000000 
37.711674 115.684587 0.000000 19.000000 2.000000 1.000000 8.000000 9.000000 11.000000 7.000000 4.000000 4.000000 5.000000 2.000000 9.000000 
38.908170 121.480849 0.000000 18.000000 7.000000 2.000000 8.000000 1.000000 2.000000 3.000000 4.000000 3.000000 8.000000 10.000000 15.000000 
41.006359 128.439977 0.000000 10.000000 9.000000 8.000000 17.000000 2.000000 3.000000 3.000000 4.000000 3.000000 9.000000 4.000000 9.000000 
39.863272 136.630245 0.000000 8.000000 0.000000 4.000000 8.000000 3.000000 4.000000 4.000000 14.000000 7.000000 13.000000 6.000000 10.000000 
41.000000 148.689680 0.000000 9.000000 2.000000 0.000000 4.000000 5.000000 3.000000 5.000000 10.000000 6.000000 7.000000 7.000000 23.000000 
38.440972 156.072328 0.000000 17.000000 3.000000 7.000000 22.000000 4.000000 5.000000 4.000000 5.000000 3.000000 4.000000 5.000000 2.000000 
36.369290 161.320300 0.000000 22.000000 9.000000 5.000000 2.000000 2.000000 0.000000 2.000000 6.000000 6.000000 11.000000 10.000000 6.000000 
37.988778 171.139187 0.000000 12.000000 10.000000 10.000000 4.000000 6.000000 2.000000 2.000000 2.000000 7.000000 19.000000 3.000000 4.000000 
38.820072 182.689680 0.000000 17.000000 0.000000 2.000000 14.000000 3.000000 4.000000 8.000000 6.000000 5.000000 10.000000 4.000000 8.000000 
36.256885 190.522327 0.000000 6.000000 7.000000 6.000000 18.000000 6.000000 4.000000 3.000000 5.000000 3.000000 8.000000 6.000000 9.000000 
34.327458 199.885735 0.000000 6.000000 10.000000 5.000000 3.000000 1.000000 2.000000 1.000000 4.000000 5.000000 33.000000 6.000000 5.000000 
35.137459 203.970216 0.000000 1.000000 12.000000 5.000000 1.000000 4.000000 10.000000 5.000000 1.000000 4.000000 28.000000 4.000000 6.000000 
39.449679 215.915348 0.000000 5.000000 3.000000 4.000000 6.000000 6.000000 2.000000 5.000000 6.000000 4.000000 18.000000 5.000000 17.000000 
39.095291 221.995881 0.000000 12.000000 7.000000 4.000000 7.000000 4.000000 2.000000 4.000000 8.000000 4.000000 11.000000 6.000000 12.000000 
37.708470 229.647065 0.000000 14.000000 3.000000 7.000000 19.000000 4.000000 4.000000 1.000000 2.000000 0.000000 6.000000 8.000000 13.000000 
35.478215 237.093865 27.000000 2.000000 2.000000 2.000000 11.000000 0.000000 1.000000 2.000000 3.000000 3.000000 7.000000 7.000000 5.000000 
42.205612 4.480790 27.000000 15.000000 1.000000 6.000000 2.000000 2.000000 0.000000 3.000000 2.000000 2.000000 9.000000 5.000000 7.000000 
41.158454 10.266387 0.000000 23.000000 2.000000 13.000000 6.000000 5.000000 3.000000 2.000000 2.000000 1.000000 4.000000 12.000000 8.000000 
52.010371 19.663216 0.000000 16.000000 9.000000 8.000000 3.000000 5.000000 1.000000 6.000000 5.000000 7.000000 7.000000 5.000000 9.000000 
45.239125 28.971752 0.000000 16.000000 8.000000 3.000000 2.000000 3.000000 4.000000 7.000000 3.000000 8.000000 20.000000 3.000000 4.000000 
47.125035 35.375259 0.000000 18.000000 8.000000 1.000000 14.000000 7.000000 6.000000 5.000000 4.000000 3.000000 9.000000 5.000000 1.000000 
43.909237 48.108749 0.000000 9.000000 3.000000 1.000000 2.000000 5.000000 3.000000 6.000000 3.000000 12.000000 24.000000 3.000000 10.000000 
43.964529 54.875999 0.000000 24.000000 3.000000 2.000000 6.000000 2.000000 2.000000 1.000000 0.000000 5.000000 15.000000 10.000000 11.000000 
43.845807 60.362061 0.000000 18.000000 4.000000 1.000000 14.000000 5.000000 4.000000 3.000000 7.000000 4.000000 11.000000 6.000000 4.000000 
45.771665 70.489438 0.000000 16.000000 12.000000 12.000000 9.000000 3.000000 5.000000 3.000000 1.000000 4.000000 7.000000 7.000000 2.000000 
46.349221 77.825851 0.000000 8.000000 11.000000 10.000000 6.000000 1.000000 1.000000 0.000000 3.000000 5.000000 31.000000 1.000000 4.000000 
45.513690 82.180817 0.000000 18.000000 11.000000 11.000000 1.000000 0.000000 4.000000 0.000000 4.000000 4.000000 21.000000 1.000000 6.000000 
38.418756 90.032398 0.000000 23.000000 2.000000 4.000000 8.000000 5.000000 4.000000 8.000000 3.000000 0.000000 2.000000 8.000000 14.000000 
41.770043 99.373357 0.000000 11.000000 3.000000 9.000000 15.000000 7.000000 0.000000 1.000000 2.000000 1.000000 8.000000 13.000000 11.000000 
44.608465 108.608465 0.000000 23.000000 5.000000 7.000000 8.000000 2.000000 1.000000 0.000000 2.000000 1.000000 6.000000 8.000000 18.000000 
44.219476 114.748300 0.000000 20.000000 5.000000 2.000000 7.000000 2.000000 4.000000 4.000000 4.000000 5.000000 13.000000 5.000000 10.000000 
45.968983 123.263235 0.000000 8.000000 2.000000 3.000000 13.000000 4.000000 7.000000 7.000000 6.000000 3.000000 6.000000 11.000000 11.000000 
48.645455 133.329063 0.000000 10.000000 3.000000 5.000000 3.000000 3.000000 1.000000 3.000000 6.000000 5.000000 28.000000 7.000000 7.000000 
48.059814 139.512483 0.000000 14.000000 8.000000 9.000000 15.000000 2.000000 4.000000 6.000000 3.000000 5.000000 4.000000 8.000000 3.000000 
47.477076 146.539799 0.000000 8.000000 3.000000 6.000000 3.000000 3.000000 1.000000 6.000000 6.000000 4.000000 6.000000 10.000000 25.000000 
44.306926 154.529711 0.000000 10.000000 6.000000 4.000000 10.000000 4.000000 2.000000 5.000000 6.000000 4.000000 12.000000 11.000000 7.000000 
41.143677 162.292813 0.000000 23.000000 6.000000 3.000000 2.000000 0.000000 0.000000 1.000000 5.000000 4.000000 13.000000 14.000000 10.000000 
46.965855 174.982442 0.000000 18.000000 8.000000 6.000000 6.000000 9.000000 4.000000 2.000000 1.000000 2.000000 12.000000 3.000000 10.000000 
45.750137 182.288815 0.000000 19.000000 7.000000 4.000000 7.000000 5.000000 2.000000 3.000000 2.000000 2.000000 16.000000 8.000000 6.000000 
43.740891 185.740891 0.000000 15.000000 2.000000 4.000000 9.000000 7.000000 8.000000 5.000000 2.000000 3.000000 10.000000 9.000000 7.000000 
43.264018 195.597157 0.000000 20.000000 1.000000 3.000000 4.000000 6.000000 6.000000 7.000000 5.000000 3.000000 8.000000 7.000000 11.000000 
41.591351 206.276505 0.000000 7.000000 17.000000 5.000000 8.000000 5.000000 10.000000 5.000000 4.000000 3.000000 5.000000 5.000000 7.000000 
44.062137 215.261405 0.000000 4.000000 2.000000 8.000000 9.000000 1.000000 0.000000 2.000000 1.000000 7.000000 31.000000 5.000000 11.000000 
44.401918 223.100615 0.000000 8.000000 4.000000 0.000000 11.000000 5.000000 3.000000 10.000000 5.000000 1.000000 6.000000 14.000000 14.000000 
45.741384 230.066036 0.000000 5.000000 1.000000 4.000000 12.000000 9.000000 5.000000 7.000000 5.000000 1.000000 2.000000 15.000000 15.000000 
44.000000 237.365028 27.000000 9.000000 2.000000 2.000000 11.000000 2.000000 0.000000 5.000000 6.000000 0.000000 2.000000 1.000000 5.000000 
51.677587 5.687440 27.000000 14.000000 2.000000 3.000000 10.000000 1.000000 3.000000 0.000000 1.000000 1.000000 4.000000 11.000000 4.000000 
51.246327 13.004299 0.000000 16.000000 3.000000 2.000000 10.000000 8.000000 2.000000 1.000000 0.000000 5.000000 24.000000 6.000000 4.000000 
56.512267 20.434981 0.000000 17.000000 8.000000 8.000000 2.000000 6.000000 1.000000 7.000000 6.000000 8.000000 6.000000 4.000000 8.000000 
49.000000 31.703691 0.000000 23.000000 7.000000 2.000000 5.000000 6.000000 8.000000 3.000000 3.000000 2.000000 12.000000 8.000000 2.000000 
51.367774 40.377627 0.000000 11.000000 2.000000 1.000000 5.000000 2.000000 2.000000 2.000000 8.000000 5.000000 28.000000 7.000000 8.000000 
51.246991 48.550581 0.000000 7.000000 3.000000 2.000000 2.000000 1.000000 0.000000 3.000000 5.000000 7.000000 32.000000 7.000000 12.000000 
54.596501 55.961529 0.000000 25.000000 10.000000 6.000000 7.000000 3.000000 0.000000 1.000000 2.000000 7.000000 5.000000 7.000000 8.000000 
55.174886 63.473669 0.000000 24.000000 3.000000 8.000000 12.000000 3.000000 2.000000 0.000000 3.000000 4.000000 7.000000 3.000000 12.000000 
52.839045 70.416708 0.000000 23.000000 3.000000 6.000000 2.000000 2.000000 1.000000 1.000000 4.000000 7.000000 11.000000 9.000000 12.000000 
53.321341 79.349291 0.000000 3.000000 3.000000 9.000000 18.000000 8.000000 8.000000 4.000000 4.000000 2.000000 14.000000 4.000000 4.000000 
55.982208 88.094401 0.000000 15.000000 9.000000 2.000000 6.000000 4.000000 2.000000 3.000000 5.000000 6.000000 10.000000 8.000000 11.000000 
52.799478 95.605463 0.000000 25.000000 4.000000 0.000000 6.000000 4.000000 4.000000 5.000000 4.000000 2.000000 5.000000 4.000000 18.000000 
52.649286 102.322103 0.000000 20.000000 4.000000 4.000000 6.000000 5.000000 4.000000 5.000000 5.000000 3.000000 2.000000 9.000000 14.000000 
53.413175 108.951852 0.000000 26.000000 4.000000 4.000000 11.000000 3.000000 3.000000 7.000000 2.000000 0.000000 5.000000 3.000000 13.000000 
53.413175 114.951852 0.000000 18.000000 5.000000 3.000000 6.000000 5.000000 2.000000 7.000000 3.000000 2.000000 18.000000 4.000000 8.000000 
53.413175 122.951852 0.000000 10.000000 5.000000 5.000000 12.000000 5.000000 3.000000 3.000000 4.000000 4.000000 9.000000 7.000000 14.000000 
52.874099 131.217863 0.000000 18.000000 6.000000 3.000000 1.000000 2.000000 2.000000 2.000000 5.000000 4.000000 29.000000 2.000000 7.000000 
52.574012 136.492833 0.000000 24.000000 10.000000 11.000000 7.000000 0.000000 0.000000 0.000000 1.000000 2.000000 10.000000 9.000000 7.000000 
53.409273 142.687440 0.000000 6.000000 7.000000 9.000000 21.000000 6.000000 6.000000 4.000000 1.000000 3.000000 3.000000 9.000000 6.000000 
55.883335 156.284882 0.000000 14.000000 6.000000 8.000000 13.000000 2.000000 3.000000 1.000000 4.000000 9.000000 10.000000 7.000000 4.000000 
55.546247 163.973045 0.000000 13.000000 8.000000 6.000000 3.000000 3.000000 5.000000 18.000000 7.000000 5.000000 2.000000 7.000000 4.000000 
56.000000 174.689680 0.000000 12.000000 5.000000 3.000000 9.000000 2.000000 0.000000 2.000000 5.000000 4.000000 26.000000 6.000000 7.000000 
52.206377 180.784161 0.000000 20.000000 6.000000 6.000000 11.000000 5.000000 5.000000 4.000000 4.000000 0.000000 8.000000 8.000000 4.000000 
50.793256 185.134961 0.000000 22.000000 3.000000 6.000000 6.000000 1.000000 1.000000 4.000000 6.000000 5.000000 7.000000 11.000000 9.000000 
52.939946 192.670002 0.000000 18.000000 10.000000 4.000000 4.000000 3.000000 3.000000 5.000000 6.000000 10.000000 9.000000 1.000000 8.000000 
50.670678 203.074782 0.000000 7.000000 9.000000 10.000000 3.000000 3.000000 3.000000 6.000000 3.000000 7.000000 6.000000 13.000000 11.000000 
53.403646 213.008190 0.000000 7.000000 6.000000 4.000000 6.000000 10.000000 12.000000 9.000000 5.000000 6.000000 8.000000 4.000000 4.000000 
50.322413 222.687440 0.000000 16.000000 5.000000 9.000000 4.000000 8.000000 3.000000 4.000000 1.000000 0.000000 5.000000 12.000000 14.000000 
52.213848 230.096230 0.000000 9.000000 7.000000 13.000000 9.000000 6.000000 1.000000 2.000000 0.000000 0.000000 8.000000 15.000000 11.000000 
52.000000 237.002427 27.000000 5.000000 5.000000 2.000000 2.000000 1.000000 0.000000 0.000000 0.000000 2.000000 11.000000 7.000000 10.000000 
60.000000 5.324652 39.000000 2.000000 2.000000 1.000000 4.000000 2.000000 3.000000 8.000000 9.000000 5.000000 1.000000 3.000000 2.000000 
60.000000 13.324652 18.000000 14.000000 2.000000 4.000000 0.000000 6.000000 9.000000 5.000000 4.000000 4.000000 7.000000 6.000000 2.000000 
60.974945 20.854260 18.000000 22.000000 3.000000 6.000000 4.000000 1.000000 1.000000 3.000000 4.000000 2.000000 6.000000 5.000000 6.000000 
59.131639 29.732248 18.000000 6.000000 8.000000 12.000000 10.000000 2.000000 2.000000 4.000000 2.000000 1.000000 1.000000 7.000000 8.000000 
60.000000 38.351381 18.000000 0.000000 2.000000 4.000000 2.000000 4.000000 6.000000 9.000000 4.000000 7.000000 23.000000 2.000000 0.000000 
60.000000 45.324652 18.000000 5.000000 6.000000 6.000000 6.000000 5.000000 7.000000 1.000000 7.000000 5.000000 11.000000 1.000000 3.000000 
61.254825 54.467020 18.000000 6.000000 5.000000 6.000000 6.000000 10.000000 6.000000 3.000000 3.000000 5.000000 10.000000 2.000000 1.000000 
60.463400 61.788053 18.000000 16.000000 4.000000 5.000000 4.000000 2.000000 2.000000 2.000000 5.000000 7.000000 7.000000 6.000000 3.000000 
60.000000 69.324652 18.000000 9.000000 6.000000 3.000000 9.000000 5.000000 1.000000 7.000000 8.000000 6.000000 3.000000 3.000000 3.000000 
60.000000 77.701958 18.000000 3.000000 3.000000 0.000000 7.000000 6.000000 2.000000 3.000000 10.000000 10.000000 11.000000 4.000000 4.000000 
61.552895 86.325352 18.000000 17.000000 1.000000 4.000000 3.000000 8.000000 2.000000 3.000000 5.000000 8.000000 6.000000 5.000000 1.000000 
59.599160 94.139509 18.000000 7.000000 7.000000 2.000000 2.000000 7.000000 3.000000 10.000000 5.000000 5.000000 5.000000 3.000000 7.000000 
60.000000 101.324652 18.000000 14.000000 9.000000 2.000000 4.000000 7.000000 6.000000 5.000000 3.000000 3.000000 1.000000 3.000000 6.000000 
60.000000 109.324652 18.000000 21.000000 1.000000 2.000000 4.000000 1.000000 3.000000 9.000000 5.000000 3.000000 5.000000 4.000000 5.000000 
60.000000 117.324652 18.000000 14.000000 2.000000 0.000000 6.000000 6.000000 5.000000 3.000000 1.000000 2.000000 6.000000 12.000000 6.000000 
60.000000 125.324652 18.000000 15.000000 5.000000 7.000000 9.000000 3.000000 4.000000 1.000000 1.000000 1.000000 11.000000 5.000000 1.000000 
60.000000 133.324652 18.000000 13.000000 9.000000 10.000000 7.000000 3.000000 1.000000 0.000000 3.000000 4.000000 12.000000 0.000000 1.000000 
59.266064 140.943594 18.000000 5.000000 1.000000 1.000000 8.000000 5.000000 6.000000 4.000000 4.000000 4.000000 7.000000 12.000000 6.000000 
60.156292 147.258520 18.000000 6.000000 8.000000 3.000000 8.000000 3.000000 3.000000 3.000000 6.000000 4.000000 4.000000 7.000000 8.000000 
61.106335 157.324652 18.000000 12.000000 5.000000 10.000000 8.000000 3.000000 2.000000 2.000000 4.000000 5.000000 5.000000 4.000000 3.000000 
60.477775 164.846878 18.000000 20.000000 11.000000 5.000000 6.000000 1.000000 0.000000 3.000000 0.000000 2.000000 4.000000 7.000000 4.000000 
61.496144 173.788053 18.000000 11.000000 4.000000 6.000000 5.000000 0.000000 0.000000 0.000000 2.000000 4.000000 19.000000 6.000000 6.000000 
60.000000 181.324652 18.000000 16.000000 2.000000 5.000000 4.000000 4.000000 1.000000 2.000000 8.000000 8.000000 7.000000 3.000000 3.000000 
59.717592 189.042244 18.000000 13.000000 4.000000 9.000000 14.000000 1.000000 2.000000 0.000000 2.000000 3.000000 3.000000 3.000000 9.000000 
60.415849 196.545981 18.000000 16.000000 10.000000 2.000000 2.000000 3.000000 3.000000 1.000000 6.000000 5.000000 8.000000 6.000000 1.000000 
59.706796 205.031449 18.000000 10.000000 9.000000 4.000000 10.000000 7.000000 4.000000 3.000000 5.000000 3.000000 3.000000 3.000000 2.000000 
60.470392 212.854260 18.000000 4.000000 5.000000 5.000000 10.000000 6.000000 10.000000 6.000000 3.000000 3.000000 4.000000 4.000000 3.000000 
59.357663 221.658192 18.000000 12.000000 4.000000 4.000000 2.000000 1.000000 1.000000 2.000000 5.000000 4.000000 13.000000 4.000000 11.000000 
60.000000 228.890526 18.000000 8.000000 7.000000 4.000000 3.000000 4.000000 5.000000 4.000000 1.000000 3.000000 7.000000 7.000000 10.000000 
60.000000 236.000000 35.000000 5.000000 3.000000 3.000000 3.000000 6.000000 2.000000 1.000000 0.000000 0.000000 1.000000 1.000000 3.000000 
