240
5.000000 5.689680 39.000000 6.000000 0.000000 0.000000 8.000000 0.000000 0.000000 2.000000 3.000000 0.000000 0.000000 1.000000 4.000000 
4.322413 13.958633 27.000000 9.000000 8.000000 1.000000 9.000000 3.000000 0.000000 1.000000 0.000000 0.000000 3.000000 0.000000 2.000000 
3.424977 22.069189 27.000000 6.000000 1.000000 0.000000 2.000000 7.000000 2.000000 0.000000 2.000000 2.000000 6.000000 5.000000 3.000000 
3.140458 29.767332 27.000000 7.000000 0.000000 2.000000 4.000000 0.000000 0.000000 2.000000 0.000000 1.000000 11.000000 4.000000 5.000000 
4.322413 37.002240 27.000000 5.000000 3.000000 7.000000 2.000000 0.000000 0.000000 0.000000 0.000000 5.000000 10.000000 1.000000 3.000000 
4.322413 45.002240 27.000000 3.000000 3.000000 8.000000 1.000000 2.000000 0.000000 0.000000 0.000000 2.000000 4.000000 5.000000 8.000000 
4.623036 53.647065 27.000000 6.000000 1.000000 4.000000 3.000000 5.000000 2.000000 4.000000 4.000000 3.000000 0.000000 1.000000 3.000000 
2.072907 59.805769 27.000000 6.000000 3.000000 1.000000 0.000000 3.000000 1.000000 3.000000 3.000000 3.000000 7.000000 3.000000 3.000000 
4.322413 69.002240 27.000000 8.000000 2.000000 7.000000 2.000000 1.000000 0.000000 1.000000 0.000000 2.000000 7.000000 2.000000 4.000000 
4.620460 77.945113 27.000000 9.000000 4.000000 2.000000 6.000000 2.000000 1.000000 0.000000 0.000000 1.000000 4.000000 1.000000 6.000000 
4.590158 84.466227 27.000000 4.000000 3.000000 5.000000 2.000000 2.000000 3.000000 1.000000 2.000000 0.000000 5.000000 1.000000 8.000000 
5.169207 93.590291 27.000000 4.000000 4.000000 4.000000 1.000000 2.000000 2.000000 1.000000 1.000000 4.000000 3.000000 5.000000 5.000000 
3.586825 100.499265 27.000000 5.000000 2.000000 0.000000 5.000000 6.000000 2.000000 3.000000 2.000000 3.000000 1.000000 2.000000 5.000000 
3.583138 109.324652 27.000000 9.000000 7.000000 3.000000 2.000000 2.000000 0.000000 4.000000 4.000000 1.000000 2.000000 1.000000 1.000000 
3.586825 116.911477 27.000000 5.000000 7.000000 1.000000 1.000000 1.000000 2.000000 3.000000 3.000000 3.000000 1.000000 6.000000 3.000000 
4.000000 124.959625 27.000000 11.000000 1.000000 1.000000 3.000000 0.000000 2.000000 3.000000 4.000000 3.000000 0.000000 2.000000 6.000000 
4.000000 133.689680 27.000000 11.000000 3.000000 2.000000 1.000000 0.000000 4.000000 5.000000 1.000000 5.000000 0.000000 2.000000 2.000000 
4.000000 141.689680 27.000000 5.000000 5.000000 2.000000 6.000000 4.000000 0.000000 1.000000 0.000000 3.000000 3.000000 2.000000 5.000000 
3.134120 150.629921 27.000000 6.000000 9.000000 4.000000 7.000000 4.000000 0.000000 0.000000 0.000000 0.000000 1.000000 3.000000 2.000000 
3.196196 156.168912 27.000000 8.000000 9.000000 3.000000 6.000000 1.000000 0.000000 0.000000 0.000000 0.000000 4.000000 5.000000 0.000000 
4.632963 165.647065 27.000000 3.000000 6.000000 4.000000 4.000000 0.000000 0.000000 0.000000 0.000000 0.000000 9.000000 5.000000 5.000000 
3.156147 174.168505 27.000000 3.000000 6.000000 3.000000 7.000000 0.000000 0.000000 0.000000 0.000000 0.000000 9.000000 3.000000 5.000000 
5.375044 181.946014 27.000000 3.000000 3.000000 2.000000 6.000000 0.000000 0.000000 0.000000 0.000000 1.000000 8.000000 8.000000 5.000000 
4.324652 189.324652 27.000000 9.000000 3.000000 6.000000 6.000000 0.000000 0.000000 0.000000 0.000000 0.000000 4.000000 5.000000 3.000000 
4.322413 197.002240 27.000000 5.000000 5.000000 5.000000 2.000000 0.000000 0.000000 1.000000 0.000000 3.000000 10.000000 3.000000 2.000000 
4.000000 205.689680 27.000000 5.000000 1.000000 8.000000 8.000000 2.000000 0.000000 1.000000 1.000000 1.000000 3.000000 4.000000 2.000000 
4.322413 213.002240 27.000000 0.000000 2.000000 8.000000 2.000000 0.000000 0.000000 0.000000 2.000000 1.000000 8.000000 5.000000 8.000000 
4.615707 221.002240 27.000000 5.000000 4.000000 2.000000 8.000000 3.000000 1.000000 1.000000 0.000000 2.000000 4.000000 1.000000 5.000000 
3.516856 228.151828 27.000000 6.000000 2.000000 4.000000 1.000000 4.000000 1.000000 2.000000 2.000000 2.000000 4.000000 2.000000 6.000000 
5.000000 236.365028 36.000000 4.000000 0.000000 1.000000 3.000000 1.000000 2.000000 3.000000 0.000000 1.000000 1.000000 1.000000 3.000000 
12.322413 6.036631 27.000000 10.000000 4.000000 2.000000 15.000000 3.000000 3.000000 4.000000 3.000000 4.000000 3.000000 0.000000 3.000000 
12.980415 13.967621 0.000000 3.000000 7.000000 3.000000 3.000000 3.000000 2.000000 4.000000 6.000000 10.000000 16.000000 11.000000 13.000000 
9.849544 21.959077 0.000000 16.000000 8.000000 9.000000 8.000000 7.000000 5.000000 4.000000 4.000000 1.000000 9.000000 8.000000 2.000000 
8.729919 28.173650 0.000000 20.000000 5.000000 10.000000 2.000000 2.000000 3.000000 5.000000 3.000000 6.000000 12.000000 8.000000 5.000000 
12.029980 34.605997 0.000000 6.000000 4.000000 3.000000 17.000000 6.000000 6.000000 3.000000 2.000000 5.000000 10.000000 7.000000 12.000000 
14.267902 44.260004 0.000000 10.000000 6.000000 6.000000 10.000000 7.000000 7.000000 4.000000 2.000000 3.000000 2.000000 12.000000 12.000000 
12.151517 51.631897 0.000000 12.000000 7.000000 12.000000 8.000000 3.000000 4.000000 6.000000 5.000000 3.000000 10.000000 4.000000 7.000000 
8.026697 55.264412 0.000000 20.000000 6.000000 4.000000 3.000000 4.000000 3.000000 5.000000 5.000000 7.000000 7.000000 6.000000 11.000000 
12.712423 67.275210 0.000000 6.000000 3.000000 10.000000 9.000000 9.000000 3.000000 1.000000 7.000000 5.000000 7.000000 7.000000 14.000000 
13.990730 76.336075 0.000000 9.000000 8.000000 1.000000 13.000000 6.000000 4.000000 4.000000 2.000000 3.000000 13.000000 8.000000 10.000000 
15.324607 81.573894 0.000000 12.000000 0.000000 1.000000 9.000000 3.000000 5.000000 6.000000 5.000000 5.000000 19.000000 7.000000 9.000000 
15.518319 91.481985 0.000000 12.000000 5.000000 5.000000 12.000000 6.000000 4.000000 9.000000 4.000000 2.000000 7.000000 5.000000 10.000000 
10.483447 99.725579 0.000000 12.000000 7.000000 7.000000 11.000000 7.000000 4.000000 3.000000 6.000000 5.000000 4.000000 6.000000 9.000000 
10.911477 107.578461 0.000000 18.000000 10.000000 5.000000 11.000000 1.000000 4.000000 4.000000 3.000000 3.000000 9.000000 7.000000 6.000000 
10.586825 114.169963 0.000000 15.000000 11.000000 6.000000 7.000000 2.000000 2.000000 4.000000 1.000000 4.000000 11.000000 10.000000 8.000000 
12.322413 124.209075 0.000000 13.000000 10.000000 4.000000 8.000000 1.000000 1.000000 3.000000 5.000000 3.000000 19.000000 5.000000 9.000000 
12.605589 133.647065 0.000000 7.000000 9.000000 7.000000 6.000000 3.000000 5.000000 4.000000 1.000000 10.000000 17.000000 3.000000 9.000000 
11.644033 142.043282 0.000000 12.000000 16.000000 4.000000 2.000000 5.000000 6.000000 11.000000 0.000000 8.000000 6.000000 3.000000 8.000000 
9.682251 149.013839 0.000000 9.000000 19.000000 8.000000 5.000000 2.000000 4.000000 7.000000 1.000000 5.000000 4.000000 7.000000 10.000000 
10.914132 153.322413 0.000000 12.000000 21.000000 5.000000 3.000000 3.000000 5.000000 5.000000 2.000000 7.000000 2.000000 8.000000 8.000000 
12.882834 166.757146 0.000000 16.000000 8.000000 10.000000 9.000000 3.000000 5.000000 4.000000 5.000000 6.000000 1.000000 4.000000 10.000000 
11.520094 174.250608 0.000000 13.000000 10.000000 6.000000 10.000000 4.000000 1.000000 1.000000 0.000000 4.000000 18.000000 12.000000 2.000000 
16.951852 182.413175 0.000000 12.000000 12.000000 7.000000 11.000000 4.000000 3.000000 12.000000 5.000000 3.000000 6.000000 2.000000 4.000000 
15.454532 187.767960 0.000000 14.000000 2.000000 7.000000 10.000000 2.000000 5.000000 7.000000 3.000000 6.000000 9.000000 6.000000 10.000000 
13.604073 196.271809 0.000000 15.000000 3.000000 4.000000 10.000000 7.000000 6.000000 6.000000 5.000000 7.000000 10.000000 2.000000 6.000000 
13.325109 204.636500 0.000000 13.000000 9.000000 5.000000 6.000000 4.000000 9.000000 6.000000 5.000000 6.000000 9.000000 5.000000 4.000000 
13.333588 210.173650 0.000000 8.000000 8.000000 11.000000 6.000000 3.000000 10.000000 4.000000 4.000000 6.000000 8.000000 6.000000 7.000000 
13.854072 218.854072 0.000000 14.000000 9.000000 7.000000 4.000000 3.000000 4.000000 7.000000 4.000000 4.000000 9.000000 6.000000 10.000000 
10.588072 226.912724 0.000000 8.000000 9.000000 11.000000 6.000000 4.000000 2.000000 2.000000 2.000000 5.000000 12.000000 7.000000 13.000000 
11.742325 237.107353 27.000000 9.000000 2.000000 3.000000 3.000000 1.000000 1.000000 5.000000 0.000000 5.000000 5.000000 6.000000 5.000000 
20.413175 4.370632 27.000000 11.000000 7.000000 4.000000 0.000000 0.000000 0.000000 1.000000 2.000000 2.000000 19.000000 2.000000 6.000000 
20.909237 9.264412 0.000000 16.000000 9.000000 4.000000 10.000000 5.000000 2.000000 6.000000 3.000000 6.000000 10.000000 3.000000 7.000000 
17.962926 18.299595 0.000000 9.000000 6.000000 12.000000 11.000000 4.000000 3.000000 1.000000 4.000000 6.000000 11.000000 7.000000 7.000000 
16.824903 26.264412 0.000000 10.000000 4.000000 15.000000 16.000000 5.000000 3.000000 3.000000 3.000000 3.000000 9.000000 4.000000 6.000000 
17.414786 34.933950 0.000000 3.000000 6.000000 7.000000 6.000000 4.000000 3.000000 5.000000 1.000000 6.000000 11.000000 11.000000 18.000000 
22.984766 47.660113 0.000000 8.000000 12.000000 9.000000 1.000000 3.000000 1.000000 1.000000 3.000000 3.000000 21.000000 10.000000 9.000000 
21.937032 54.957911 0.000000 11.000000 8.000000 10.000000 6.000000 2.000000 5.000000 9.000000 4.000000 3.000000 16.000000 3.000000 4.000000 
20.433345 57.446923 0.000000 13.000000 1.000000 3.000000 10.000000 4.000000 4.000000 6.000000 6.000000 1.000000 17.000000 4.000000 12.000000 
19.525660 69.280891 0.000000 5.000000 6.000000 5.000000 3.000000 7.000000 4.000000 2.000000 8.000000 6.000000 6.000000 14.000000 15.000000 
17.715382 77.286029 0.000000 10.000000 7.000000 4.000000 6.000000 5.000000 7.000000 6.000000 2.000000 4.000000 16.000000 5.000000 9.000000 
20.371938 83.329459 0.000000 15.000000 4.000000 6.000000 8.000000 3.000000 5.000000 4.000000 6.000000 5.000000 10.000000 3.000000 12.000000 
20.503536 93.400629 0.000000 11.000000 3.000000 6.000000 7.000000 6.000000 2.000000 9.000000 4.000000 2.000000 10.000000 10.000000 11.000000 
17.626795 104.062178 0.000000 7.000000 15.000000 1.000000 3.000000 5.000000 7.000000 6.000000 5.000000 4.000000 6.000000 12.000000 10.000000 
19.963265 109.855210 0.000000 5.000000 5.000000 4.000000 6.000000 7.000000 10.000000 3.000000 6.000000 4.000000 17.000000 6.000000 8.000000 
19.644825 116.588052 0.000000 14.000000 8.000000 1.000000 1.000000 4.000000 6.000000 3.000000 10.000000 8.000000 16.000000 1.000000 9.000000 
22.408398 127.322413 0.000000 11.000000 8.000000 8.000000 15.000000 8.000000 5.000000 4.000000 2.000000 5.000000 7.000000 3.000000 5.000000 
22.365028 133.149713 0.000000 4.000000 4.000000 10.000000 2.000000 4.000000 8.000000 5.000000 9.000000 11.000000 16.000000 3.000000 5.000000 
21.353862 140.611662 0.000000 12.000000 9.000000 9.000000 7.000000 6.000000 8.000000 0.000000 4.000000 5.000000 7.000000 10.000000 4.000000 
20.294092 144.731562 0.000000 2.000000 7.000000 3.000000 5.000000 6.000000 12.000000 3.000000 3.000000 9.000000 18.000000 8.000000 5.000000 
20.989122 157.483656 0.000000 8.000000 15.000000 4.000000 10.000000 3.000000 5.000000 11.000000 6.000000 1.000000 8.000000 5.000000 5.000000 
19.000000 166.948166 0.000000 7.000000 5.000000 12.000000 23.000000 4.000000 3.000000 4.000000 1.000000 1.000000 1.000000 6.000000 14.000000 
19.226393 173.208114 0.000000 6.000000 11.000000 6.000000 13.000000 3.000000 7.000000 7.000000 4.000000 4.000000 9.000000 5.000000 6.000000 
21.225608 180.720644 0.000000 22.000000 8.000000 3.000000 0.000000 3.000000 2.000000 7.000000 5.000000 5.000000 13.000000 6.000000 7.000000 
20.850945 187.437572 0.000000 7.000000 9.000000 10.000000 12.000000 8.000000 6.000000 1.000000 2.000000 5.000000 9.000000 5.000000 7.000000 
23.331121 199.580272 0.000000 11.000000 6.000000 14.000000 3.000000 4.000000 2.000000 3.000000 3.000000 4.000000 16.000000 5.000000 10.000000 
23.254129 202.435093 0.000000 14.000000 4.000000 8.000000 3.000000 5.000000 3.000000 1.000000 2.000000 5.000000 21.000000 7.000000 8.000000 
19.849705 211.266986 0.000000 5.000000 4.000000 5.000000 7.000000 9.000000 12.000000 12.000000 3.000000 4.000000 11.000000 4.000000 5.000000 
21.119902 222.216535 0.000000 13.000000 3.000000 5.000000 2.000000 5.000000 10.000000 8.000000 3.000000 6.000000 20.000000 2.000000 4.000000 
21.090154 229.831668 0.000000 20.000000 4.000000 10.000000 12.000000 7.000000 5.000000 9.000000 5.000000 3.000000 1.000000 0.000000 5.000000 
20.405748 237.770776 27.000000 9.000000 1.000000 3.000000 8.000000 3.000000 3.000000 6.000000 2.000000 2.000000 3.000000 2.000000 3.000000 
28.413175 4.951852 27.000000 21.000000 4.000000 1.000000 1.000000 4.000000 3.000000 2.000000 3.000000 2.000000 7.000000 2.000000 4.000000 
30.318503 10.613517 0.000000 9.000000 7.000000 6.000000 11.000000 15.000000 5.000000 4.000000 4.000000 6.000000 9.000000 4.000000 1.000000 
30.184588 15.508588 0.000000 8.000000 6.000000 8.000000 11.000000 10.000000 1.000000 1.000000 2.000000 5.000000 18.000000 9.000000 2.000000 
29.590307 25.826239 0.000000 10.000000 1.000000 6.000000 9.000000 9.000000 7.000000 8.000000 6.000000 7.000000 6.000000 5.000000 7.000000 
26.687440 33.677587 0.000000 17.000000 7.000000 7.000000 5.000000 6.000000 6.000000 4.000000 3.000000 4.000000 4.000000 7.000000 11.000000 
28.180686 45.778123 0.000000 3.000000 3.000000 1.000000 15.000000 9.000000 6.000000 4.000000 7.000000 4.000000 16.000000 9.000000 4.000000 
26.028928 52.514415 0.000000 11.000000 11.000000 5.000000 4.000000 2.000000 4.000000 3.000000 4.000000 4.000000 23.000000 5.000000 5.000000 
26.995589 57.354405 0.000000 13.000000 3.000000 7.000000 0.000000 1.000000 1.000000 10.000000 6.000000 4.000000 22.000000 5.000000 9.000000 
27.723649 70.834065 0.000000 14.000000 7.000000 3.000000 4.000000 4.000000 5.000000 7.000000 8.000000 6.000000 9.000000 6.000000 8.000000 
28.446013 79.959660 0.000000 16.000000 9.000000 4.000000 5.000000 6.000000 2.000000 4.000000 0.000000 5.000000 14.000000 8.000000 8.000000 
32.418602 86.391168 0.000000 8.000000 8.000000 9.000000 11.000000 8.000000 4.000000 3.000000 2.000000 5.000000 2.000000 7.000000 14.000000 
32.610736 95.281652 0.000000 6.000000 6.000000 8.000000 3.000000 1.000000 5.000000 6.000000 8.000000 5.000000 9.000000 5.000000 19.000000 
28.984166 103.849430 0.000000 16.000000 2.000000 9.000000 8.000000 5.000000 5.000000 5.000000 4.000000 5.000000 6.000000 4.000000 12.000000 
29.803852 110.460968 0.000000 14.000000 1.000000 7.000000 9.000000 2.000000 1.000000 9.000000 7.000000 6.000000 6.000000 5.000000 14.000000 
29.824470 117.365028 0.000000 14.000000 10.000000 14.000000 12.000000 3.000000 1.000000 4.000000 7.000000 3.000000 7.000000 2.000000 4.000000 
28.519258 123.966688 0.000000 13.000000 6.000000 3.000000 14.000000 5.000000 3.000000 4.000000 7.000000 5.000000 8.000000 6.000000 7.000000 
28.579006 131.866906 0.000000 7.000000 10.000000 4.000000 15.000000 4.000000 5.000000 6.000000 7.000000 3.000000 14.000000 3.000000 3.000000 
24.324801 141.247332 0.000000 6.000000 3.000000 6.000000 5.000000 4.000000 5.000000 0.000000 6.000000 10.000000 20.000000 9.000000 7.000000 
24.740274 145.944454 0.000000 7.000000 3.000000 2.000000 3.000000 3.000000 9.000000 2.000000 5.000000 12.000000 22.000000 9.000000 4.000000 
29.000000 159.959625 0.000000 3.000000 3.000000 10.000000 11.000000 1.000000 2.000000 0.000000 2.000000 4.000000 35.000000 6.000000 4.000000 
28.637370 167.750175 0.000000 4.000000 2.000000 4.000000 4.000000 4.000000 4.000000 2.000000 0.000000 3.000000 31.000000 15.000000 8.000000 
29.634227 173.892713 0.000000 9.000000 4.000000 4.000000 10.000000 2.000000 5.000000 17.000000 4.000000 5.000000 7.000000 5.000000 9.000000 
29.314002 179.689383 0.000000 17.000000 5.000000 4.000000 2.000000 5.000000 11.000000 12.000000 2.000000 4.000000 7.000000 4.000000 8.000000 
30.216539 187.268686 0.000000 5.000000 3.000000 7.000000 8.000000 3.000000 4.000000 11.000000 11.000000 5.000000 8.000000 9.000000 7.000000 
29.285181 197.019175 0.000000 4.000000 4.000000 8.000000 21.000000 8.000000 4.000000 3.000000 2.000000 5.000000 13.000000 5.000000 4.000000 
27.718264 200.222887 0.000000 5.000000 9.000000 8.000000 19.000000 6.000000 3.000000 1.000000 3.000000 8.000000 11.000000 5.000000 3.000000 
26.785307 210.114398 0.000000 3.000000 4.000000 6.000000 3.000000 9.000000 8.000000 8.000000 8.000000 3.000000 19.000000 6.000000 4.000000 
25.007622 219.372650 0.000000 5.000000 2.000000 2.000000 8.000000 7.000000 6.000000 11.000000 4.000000 6.000000 20.000000 3.000000 7.000000 
25.671179 228.027864 0.000000 27.000000 1.000000 4.000000 5.000000 6.000000 2.000000 7.000000 5.000000 6.000000 6.000000 1.000000 11.000000 
27.709161 237.074189 27.000000 6.000000 0.000000 1.000000 5.000000 6.000000 6.000000 4.000000 3.000000 4.000000 4.000000 2.000000 4.000000 
36.000000 5.689680 27.000000 11.000000 11.000000 3.000000 6.000000 4.000000 2.000000 1.000000 4.000000 4.000000 1.000000 4.000000 3.000000 
34.576516 9.499985 0.000000 8.000000 1.000000 3.000000 5.000000 4.000000 3.000000 9.000000 5.000000 2.000000 26.000000 12.000000 3.000000 
33.966367 13.775970 0.000000 14.000000 3.000000 5.000000 3.000000 3.000000 2.000000 3.000000 1.000000 1.000000 25.000000 14.000000 7.000000 
37.601093 25.402521 0.000000 5.000000 6.000000 11.000000 14.000000 7.000000 4.000000 3.000000 0.000000 4.000000 6.000000 9.000000 12.000000 
37.057549 34.752626 0.000000 6.000000 7.000000 4.000000 3.000000 4.000000 8.000000 7.000000 5.000000 7.000000 10.000000 10.000000 10.000000 
36.936025 45.322413 0.000000 6.000000 10.000000 8.000000 15.000000 8.000000 5.000000 6.000000 4.000000 5.000000 6.000000 3.000000 5.000000 
41.201190 51.545955 0.000000 12.000000 10.000000 7.000000 11.000000 3.000000 4.000000 7.000000 3.000000 6.000000 4.000000 6.000000 8.000000 
42.210457 60.828723 0.000000 12.000000 4.000000 9.000000 8.000000 4.000000 7.000000 6.000000 2.000000 7.000000 9.000000 8.000000 5.000000 
38.033476 73.314787 0.000000 22.000000 4.000000 11.000000 2.000000 5.000000 5.000000 2.000000 6.000000 4.000000 4.000000 7.000000 9.000000 
38.188128 79.265396 0.000000 15.000000 5.000000 10.000000 4.000000 5.000000 11.000000 9.000000 5.000000 3.000000 6.000000 3.000000 5.000000 
39.535950 85.414809 0.000000 11.000000 7.000000 6.000000 6.000000 1.000000 3.000000 5.000000 2.000000 7.000000 13.000000 8.000000 12.000000 
38.263318 92.692701 0.000000 9.000000 2.000000 6.000000 11.000000 3.000000 3.000000 10.000000 4.000000 5.000000 14.000000 3.000000 11.000000 
33.339048 102.344248 0.000000 19.000000 2.000000 6.000000 7.000000 6.000000 3.000000 3.000000 7.000000 5.000000 8.000000 5.000000 10.000000 
35.177748 110.519878 0.000000 16.000000 9.000000 7.000000 10.000000 1.000000 2.000000 4.000000 4.000000 2.000000 7.000000 7.000000 12.000000 
35.214734 116.677587 0.000000 11.000000 9.000000 7.000000 10.000000 1.000000 3.000000 2.000000 4.000000 3.000000 6.000000 9.000000 16.000000 
33.365028 124.365028 0.000000 14.000000 4.000000 6.000000 7.000000 6.000000 6.000000 8.000000 4.000000 4.000000 8.000000 8.000000 6.000000 
36.983317 131.264412 0.000000 10.000000 11.000000 7.000000 3.000000 2.000000 1.000000 3.000000 7.000000 10.000000 17.000000 4.000000 6.000000 
38.096403 140.390623 0.000000 11.000000 4.000000 6.000000 13.000000 6.000000 6.000000 3.000000 6.000000 5.000000 15.000000 5.000000 1.000000 
36.237019 146.689588 0.000000 8.000000 4.000000 5.000000 14.000000 7.000000 6.000000 8.000000 6.000000 6.000000 11.000000 5.000000 1.000000 
36.317883 156.946325 0.000000 7.000000 2.000000 4.000000 5.000000 7.000000 5.000000 7.000000 2.000000 8.000000 20.000000 5.000000 9.000000 
37.743232 165.332466 0.000000 5.000000 3.000000 10.000000 11.000000 9.000000 7.000000 3.000000 1.000000 2.000000 17.000000 7.000000 6.000000 
38.934463 174.556748 0.000000 24.000000 11.000000 5.000000 1.000000 3.000000 3.000000 3.000000 0.000000 5.000000 16.000000 1.000000 9.000000 
40.417262 181.104740 0.000000 24.000000 15.000000 6.000000 9.000000 1.000000 1.000000 5.000000 3.000000 2.000000 2.000000 5.000000 8.000000 
40.322413 186.260725 0.000000 18.000000 13.000000 11.000000 15.000000 1.000000 1.000000 1.000000 4.000000 2.000000 5.000000 2.000000 8.000000 
36.019518 194.668559 0.000000 2.000000 7.000000 6.000000 7.000000 2.000000 3.000000 6.000000 8.000000 8.000000 20.000000 8.000000 4.000000 
32.457104 202.631390 0.000000 6.000000 8.000000 9.000000 25.000000 3.000000 3.000000 1.000000 7.000000 7.000000 4.000000 3.000000 5.000000 
37.180496 210.093138 0.000000 3.000000 3.000000 7.000000 28.000000 5.000000 1.000000 0.000000 0.000000 7.000000 17.000000 5.000000 5.000000 
38.630570 221.436827 0.000000 7.000000 7.000000 8.000000 22.000000 6.000000 2.000000 2.000000 4.000000 3.000000 7.000000 8.000000 5.000000 
35.953450 229.565874 0.000000 17.000000 5.000000 4.000000 1.000000 4.000000 2.000000 2.000000 6.000000 3.000000 17.000000 8.000000 12.000000 
36.000000 237.758351 27.000000 2.000000 3.000000 2.000000 6.000000 4.000000 5.000000 3.000000 3.000000 3.000000 9.000000 3.000000 2.000000 
44.000000 4.948166 27.000000 10.000000 5.000000 1.000000 5.000000 1.000000 4.000000 1.000000 3.000000 3.000000 3.000000 7.000000 11.000000 
43.248305 11.000000 0.000000 8.000000 5.000000 3.000000 10.000000 4.000000 9.000000 9.000000 6.000000 1.000000 6.000000 6.000000 14.000000 
45.774593 18.720611 0.000000 15.000000 15.000000 8.000000 6.000000 2.000000 4.000000 2.000000 3.000000 4.000000 5.000000 8.000000 9.000000 
45.650272 27.234265 0.000000 7.000000 4.000000 6.000000 9.000000 2.000000 5.000000 4.000000 7.000000 9.000000 10.000000 11.000000 7.000000 
44.799438 36.322413 0.000000 11.000000 11.000000 12.000000 12.000000 3.000000 2.000000 5.000000 4.000000 2.000000 5.000000 7.000000 7.000000 
45.276921 44.264412 0.000000 13.000000 13.000000 5.000000 2.000000 3.000000 4.000000 3.000000 4.000000 6.000000 8.000000 6.000000 14.000000 
45.147202 51.764750 0.000000 15.000000 6.000000 3.000000 9.000000 4.000000 3.000000 7.000000 8.000000 6.000000 3.000000 6.000000 11.000000 
49.205608 60.987643 0.000000 15.000000 8.000000 8.000000 10.000000 2.000000 5.000000 3.000000 3.000000 3.000000 5.000000 10.000000 9.000000 
46.433151 69.907195 0.000000 11.000000 10.000000 8.000000 11.000000 4.000000 5.000000 2.000000 2.000000 3.000000 15.000000 5.000000 5.000000 
44.917243 76.160279 0.000000 15.000000 10.000000 8.000000 4.000000 4.000000 7.000000 2.000000 5.000000 3.000000 7.000000 5.000000 11.000000 
46.106115 84.205444 0.000000 10.000000 13.000000 6.000000 5.000000 1.000000 6.000000 4.000000 2.000000 8.000000 6.000000 9.000000 11.000000 
44.326890 89.839146 0.000000 13.000000 10.000000 4.000000 5.000000 7.000000 10.000000 7.000000 4.000000 8.000000 6.000000 2.000000 5.000000 
38.744378 99.255622 0.000000 12.000000 6.000000 4.000000 4.000000 3.000000 3.000000 4.000000 5.000000 7.000000 19.000000 9.000000 5.000000 
41.942040 109.983275 0.000000 19.000000 12.000000 6.000000 3.000000 1.000000 2.000000 7.000000 3.000000 6.000000 9.000000 2.000000 11.000000 
44.499351 115.460274 0.000000 13.000000 13.000000 7.000000 6.000000 2.000000 1.000000 8.000000 5.000000 6.000000 4.000000 4.000000 12.000000 
43.869108 124.951852 0.000000 9.000000 2.000000 2.000000 10.000000 8.000000 7.000000 12.000000 5.000000 6.000000 7.000000 3.000000 10.000000 
44.838722 130.838722 0.000000 15.000000 8.000000 5.000000 7.000000 4.000000 4.000000 9.000000 3.000000 10.000000 4.000000 10.000000 2.000000 
47.000000 142.948166 0.000000 12.000000 3.000000 5.000000 7.000000 3.000000 1.000000 3.000000 3.000000 5.000000 24.000000 9.000000 6.000000 
45.240040 149.202102 0.000000 5.000000 8.000000 6.000000 8.000000 4.000000 1.000000 2.000000 2.000000 5.000000 29.000000 6.000000 5.000000 
41.860966 156.586825 0.000000 6.000000 3.000000 10.000000 20.000000 6.000000 4.000000 2.000000 4.000000 5.000000 8.000000 8.000000 5.000000 
41.578650 165.066175 0.000000 9.000000 6.000000 11.000000 3.000000 6.000000 2.000000 0.000000 5.000000 3.000000 22.000000 10.000000 4.000000 
43.169963 173.586825 0.000000 22.000000 7.000000 14.000000 2.000000 4.000000 6.000000 4.000000 2.000000 4.000000 5.000000 4.000000 7.000000 
44.451219 179.054493 0.000000 22.000000 14.000000 5.000000 6.000000 2.000000 1.000000 7.000000 7.000000 4.000000 1.000000 12.000000 0.000000 
46.701948 186.568202 0.000000 16.000000 11.000000 5.000000 5.000000 0.000000 4.000000 3.000000 8.000000 6.000000 13.000000 7.000000 3.000000 
48.052967 195.382093 0.000000 10.000000 15.000000 10.000000 8.000000 5.000000 5.000000 4.000000 2.000000 5.000000 12.000000 3.000000 2.000000 
45.388583 203.547169 0.000000 9.000000 9.000000 7.000000 10.000000 2.000000 3.000000 1.000000 3.000000 9.000000 7.000000 10.000000 11.000000 
36.441406 208.975484 0.000000 2.000000 3.000000 4.000000 37.000000 4.000000 3.000000 0.000000 0.000000 5.000000 14.000000 4.000000 5.000000 
38.988742 209.325329 0.000000 5.000000 1.000000 2.000000 32.000000 4.000000 2.000000 1.000000 0.000000 5.000000 13.000000 8.000000 8.000000 
42.840103 225.005740 0.000000 12.000000 3.000000 0.000000 20.000000 6.000000 6.000000 3.000000 5.000000 3.000000 9.000000 7.000000 7.000000 
44.000000 236.880382 27.000000 8.000000 3.000000 2.000000 2.000000 2.000000 4.000000 5.000000 2.000000 5.000000 6.000000 2.000000 4.000000 
50.800608 5.365028 27.000000 13.000000 3.000000 0.000000 5.000000 4.000000 3.000000 4.000000 4.000000 1.000000 9.000000 2.000000 6.000000 
48.586825 11.951852 0.000000 16.000000 11.000000 1.000000 17.000000 3.000000 5.000000 5.000000 5.000000 3.000000 2.000000 2.000000 11.000000 
50.330409 18.951852 0.000000 17.000000 12.000000 6.000000 6.000000 3.000000 2.000000 2.000000 5.000000 3.000000 8.000000 7.000000 10.000000 
49.953291 27.365028 0.000000 10.000000 8.000000 3.000000 3.000000 5.000000 4.000000 6.000000 4.000000 3.000000 15.000000 9.000000 11.000000 
49.413175 35.951852 0.000000 13.000000 8.000000 11.000000 7.000000 5.000000 4.000000 7.000000 2.000000 2.000000 8.000000 9.000000 5.000000 
51.966695 43.937665 0.000000 8.000000 10.000000 9.000000 11.000000 2.000000 3.000000 6.000000 5.000000 6.000000 5.000000 5.000000 11.000000 
51.654309 55.019337 0.000000 9.000000 8.000000 3.000000 14.000000 8.000000 2.000000 8.000000 6.000000 3.000000 5.000000 5.000000 10.000000 
54.859084 61.951852 0.000000 19.000000 12.000000 3.000000 3.000000 2.000000 3.000000 3.000000 4.000000 5.000000 9.000000 8.000000 10.000000 
53.178107 68.562326 0.000000 19.000000 6.000000 14.000000 9.000000 3.000000 2.000000 0.000000 2.000000 5.000000 12.000000 8.000000 1.000000 
51.666935 78.031962 0.000000 5.000000 3.000000 8.000000 1.000000 6.000000 3.000000 11.000000 3.000000 6.000000 9.000000 10.000000 16.000000 
54.062472 85.951852 0.000000 7.000000 6.000000 5.000000 3.000000 9.000000 4.000000 5.000000 0.000000 7.000000 9.000000 10.000000 16.000000 
53.941852 91.480529 0.000000 8.000000 7.000000 5.000000 5.000000 3.000000 8.000000 1.000000 2.000000 7.000000 16.000000 3.000000 16.000000 
52.497130 100.032656 0.000000 11.000000 8.000000 10.000000 10.000000 3.000000 8.000000 5.000000 6.000000 3.000000 12.000000 2.000000 3.000000 
53.000000 109.948166 0.000000 9.000000 7.000000 4.000000 3.000000 5.000000 10.000000 7.000000 2.000000 6.000000 11.000000 9.000000 8.000000 
52.000000 116.172316 0.000000 13.000000 7.000000 4.000000 3.000000 1.000000 5.000000 8.000000 5.000000 6.000000 14.000000 8.000000 7.000000 
51.111687 124.476715 0.000000 21.000000 5.000000 4.000000 6.000000 6.000000 6.000000 7.000000 7.000000 2.000000 9.000000 1.000000 7.000000 
50.000000 130.689680 0.000000 15.000000 6.000000 1.000000 5.000000 7.000000 10.000000 4.000000 3.000000 5.000000 8.000000 11.000000 6.000000 
53.359015 143.059706 0.000000 5.000000 1.000000 4.000000 8.000000 1.000000 7.000000 4.000000 4.000000 11.000000 24.000000 9.000000 3.000000 
53.586825 150.951852 0.000000 1.000000 9.000000 11.000000 19.000000 2.000000 2.000000 1.000000 2.000000 3.000000 23.000000 6.000000 2.000000 
51.125166 156.623110 0.000000 6.000000 4.000000 7.000000 8.000000 4.000000 5.000000 4.000000 2.000000 4.000000 22.000000 6.000000 9.000000 
50.299948 165.365028 0.000000 14.000000 3.000000 8.000000 9.000000 6.000000 5.000000 9.000000 3.000000 5.000000 6.000000 10.000000 3.000000 
51.474777 171.890251 0.000000 10.000000 7.000000 18.000000 14.000000 2.000000 7.000000 6.000000 1.000000 4.000000 4.000000 3.000000 5.000000 
53.677587 178.687440 0.000000 12.000000 5.000000 8.000000 9.000000 4.000000 2.000000 4.000000 3.000000 5.000000 8.000000 11.000000 10.000000 
52.658872 189.404647 0.000000 20.000000 8.000000 10.000000 3.000000 3.000000 3.000000 4.000000 3.000000 6.000000 6.000000 12.000000 3.000000 
57.350753 196.471945 0.000000 21.000000 11.000000 14.000000 4.000000 1.000000 4.000000 2.000000 2.000000 5.000000 11.000000 3.000000 3.000000 
53.821145 202.479833 0.000000 7.000000 6.000000 9.000000 12.000000 9.000000 6.000000 8.000000 3.000000 4.000000 6.000000 7.000000 4.000000 
38.570674 208.844930 0.000000 5.000000 2.000000 3.000000 34.000000 3.000000 2.000000 1.000000 0.000000 5.000000 12.000000 7.000000 7.000000 
41.970590 213.433559 0.000000 5.000000 2.000000 4.000000 35.000000 4.000000 2.000000 1.000000 0.000000 3.000000 11.000000 8.000000 6.000000 
50.412586 228.929220 0.000000 18.000000 13.000000 7.000000 7.000000 3.000000 1.000000 0.000000 5.000000 2.000000 9.000000 6.000000 10.000000 
52.000000 237.436554 27.000000 6.000000 2.000000 5.000000 4.000000 3.000000 4.000000 0.000000 3.000000 3.000000 6.000000 4.000000 5.000000 
60.000000 5.324652 39.000000 3.000000 1.000000 1.000000 1.000000 4.000000 10.000000 13.000000 1.000000 2.000000 1.000000 0.000000 5.000000 
59.485240 13.324652 18.000000 3.000000 1.000000 3.000000 2.000000 3.000000 13.000000 16.000000 7.000000 4.000000 2.000000 2.000000 7.000000 
60.000000 21.324652 18.000000 9.000000 4.000000 2.000000 0.000000 0.000000 7.000000 18.000000 12.000000 6.000000 2.000000 1.000000 2.000000 
60.000000 29.324652 18.000000 5.000000 7.000000 2.000000 3.000000 2.000000 4.000000 16.000000 8.000000 7.000000 5.000000 1.000000 3.000000 
59.428760 37.324652 18.000000 6.000000 3.000000 0.000000 5.000000 3.000000 7.000000 17.000000 8.000000 4.000000 5.000000 2.000000 3.000000 
60.000000 45.324652 18.000000 3.000000 3.000000 1.000000 0.000000 3.000000 6.000000 11.000000 10.000000 11.000000 8.000000 3.000000 4.000000 
60.000000 53.658192 18.000000 5.000000 5.000000 3.000000 6.000000 3.000000 6.000000 6.000000 9.000000 9.000000 5.000000 1.000000 5.000000 
60.495226 61.819879 18.000000 17.000000 5.000000 2.000000 5.000000 5.000000 6.000000 4.000000 1.000000 5.000000 2.000000 4.000000 7.000000 
60.000000 69.324652 18.000000 4.000000 2.000000 9.000000 6.000000 3.000000 11.000000 7.000000 4.000000 3.000000 5.000000 4.000000 5.000000 
59.648441 77.324652 18.000000 8.000000 4.000000 5.000000 4.000000 3.000000 3.000000 5.000000 3.000000 1.000000 8.000000 11.000000 8.000000 
60.495226 85.819879 18.000000 3.000000 4.000000 5.000000 3.000000 4.000000 3.000000 4.000000 2.000000 6.000000 13.000000 4.000000 12.000000 
60.000000 93.324652 18.000000 7.000000 5.000000 3.000000 3.000000 6.000000 3.000000 8.000000 4.000000 5.000000 7.000000 7.000000 5.000000 
60.000000 101.324652 18.000000 10.000000 3.000000 2.000000 3.000000 5.000000 2.000000 6.000000 2.000000 5.000000 8.000000 8.000000 9.000000 
60.000000 109.740073 18.000000 8.000000 2.000000 6.000000 4.000000 4.000000 5.000000 4.000000 2.000000 5.000000 7.000000 7.000000 9.000000 
60.000000 117.324652 18.000000 14.000000 0.000000 7.000000 4.000000 1.000000 2.000000 7.000000 4.000000 6.000000 6.000000 8.000000 4.000000 
60.000000 125.324652 18.000000 18.000000 3.000000 2.000000 4.000000 4.000000 3.000000 4.000000 6.000000 2.000000 7.000000 5.000000 5.000000 
59.725462 133.050115 18.000000 7.000000 6.000000 0.000000 7.000000 4.000000 3.000000 2.000000 4.000000 6.000000 5.000000 10.000000 9.000000 
60.000000 141.324652 18.000000 2.000000 9.000000 10.000000 5.000000 2.000000 4.000000 6.000000 4.000000 2.000000 12.000000 4.000000 3.000000 
60.446877 150.190437 18.000000 1.000000 6.000000 8.000000 3.000000 2.000000 2.000000 4.000000 12.000000 5.000000 13.000000 6.000000 1.000000 
60.000000 157.324652 18.000000 5.000000 6.000000 9.000000 20.000000 2.000000 6.000000 3.000000 6.000000 1.000000 2.000000 1.000000 2.000000 
60.000000 165.324652 18.000000 5.000000 7.000000 10.000000 5.000000 3.000000 2.000000 1.000000 1.000000 3.000000 12.000000 6.000000 8.000000 
60.000000 173.324652 18.000000 10.000000 5.000000 5.000000 3.000000 1.000000 1.000000 4.000000 2.000000 3.000000 20.000000 6.000000 3.000000 
60.424731 180.899921 18.000000 10.000000 2.000000 8.000000 10.000000 8.000000 2.000000 1.000000 1.000000 3.000000 7.000000 7.000000 4.000000 
60.000000 189.324652 18.000000 7.000000 3.000000 8.000000 7.000000 7.000000 4.000000 3.000000 3.000000 3.000000 4.000000 7.000000 7.000000 
62.146313 197.303536 18.000000 16.000000 8.000000 7.000000 4.000000 1.000000 1.000000 2.000000 2.000000 4.000000 10.000000 4.000000 4.000000 
60.424731 204.899921 18.000000 2.000000 2.000000 10.000000 10.000000 4.000000 4.000000 6.000000 7.000000 9.000000 3.000000 4.000000 2.000000 
58.262830 213.191155 18.000000 2.000000 3.000000 15.000000 10.000000 6.000000 5.000000 4.000000 3.000000 3.000000 4.000000 6.000000 2.000000 
58.552398 220.123225 18.000000 6.000000 1.000000 1.000000 0.000000 0.000000 3.000000 9.000000 6.000000 7.000000 13.000000 11.000000 6.000000 
60.000000 229.253126 18.000000 8.000000 8.000000 4.000000 8.000000 3.000000 4.000000 4.000000 4.000000 6.000000 9.000000 1.000000 4.000000 
60.000000 236.000000 35.000000 0.000000 1.000000 0.000000 0.000000 3.000000 4.000000 7.000000 8.000000 2.000000 2.000000 0.000000 1.000000 
