240
5.000000 5.689680 39.000000 8.000000 0.000000 0.000000 4.000000 1.000000 1.000000 4.000000 0.000000 0.000000 3.000000 2.000000 1.000000 
3.136461 12.922472 27.000000 11.000000 3.000000 2.000000 7.000000 0.000000 0.000000 1.000000 1.000000 0.000000 9.000000 2.000000 0.000000 
3.604350 22.085330 27.000000 7.000000 3.000000 3.000000 2.000000 3.000000 3.000000 0.000000 0.000000 0.000000 3.000000 4.000000 8.000000 
4.824859 29.224279 27.000000 2.000000 2.000000 3.000000 3.000000 1.000000 0.000000 2.000000 1.000000 2.000000 8.000000 6.000000 6.000000 
4.617738 37.061500 27.000000 4.000000 5.000000 6.000000 2.000000 0.000000 0.000000 0.000000 0.000000 1.000000 13.000000 2.000000 3.000000 
3.142970 44.467622 27.000000 7.000000 5.000000 6.000000 1.000000 1.000000 1.000000 0.000000 0.000000 2.000000 2.000000 4.000000 7.000000 
3.586825 52.911477 27.000000 7.000000 6.000000 7.000000 6.000000 1.000000 3.000000 1.000000 0.000000 0.000000 1.000000 0.000000 4.000000 
4.612935 61.002240 27.000000 8.000000 4.000000 3.000000 1.000000 1.000000 0.000000 1.000000 3.000000 2.000000 6.000000 2.000000 5.000000 
2.724596 68.954982 27.000000 5.000000 3.000000 6.000000 0.000000 0.000000 1.000000 1.000000 2.000000 2.000000 6.000000 1.000000 9.000000 
2.751960 76.911477 27.000000 5.000000 4.000000 4.000000 12.000000 1.000000 2.000000 0.000000 1.000000 2.000000 1.000000 1.000000 3.000000 
4.603785 84.720868 27.000000 6.000000 3.000000 5.000000 3.000000 1.000000 0.000000 0.000000 1.000000 2.000000 4.000000 4.000000 7.000000 
4.000000 93.689680 27.000000 2.000000 6.000000 1.000000 6.000000 2.000000 1.000000 1.000000 0.000000 1.000000 3.000000 10.000000 3.000000 
3.076619 101.643641 27.000000 4.000000 6.000000 3.000000 6.000000 3.000000 2.000000 1.000000 1.000000 1.000000 4.000000 2.000000 3.000000 
3.153295 108.477947 27.000000 5.000000 11.000000 0.000000 0.000000 2.000000 1.000000 1.000000 2.000000 2.000000 5.000000 7.000000 0.000000 
4.595950 117.920603 27.000000 5.000000 7.000000 0.000000 10.000000 0.000000 0.000000 0.000000 1.000000 1.000000 0.000000 6.000000 6.000000 
4.869266 125.624190 27.000000 7.000000 2.000000 3.000000 7.000000 0.000000 0.000000 1.000000 1.000000 4.000000 1.000000 4.000000 6.000000 
4.322413 133.647065 27.000000 7.000000 2.000000 5.000000 0.000000 1.000000 0.000000 3.000000 0.000000 1.000000 10.000000 5.000000 2.000000 
3.586825 141.737828 27.000000 6.000000 9.000000 3.000000 3.000000 0.000000 3.000000 1.000000 1.000000 0.000000 3.000000 4.000000 3.000000 
3.586825 149.737828 27.000000 3.000000 7.000000 4.000000 1.000000 2.000000 3.000000 4.000000 0.000000 1.000000 2.000000 2.000000 7.000000 
3.176619 156.911477 27.000000 2.000000 10.000000 4.000000 4.000000 0.000000 3.000000 2.000000 0.000000 4.000000 0.000000 4.000000 3.000000 
4.000000 164.959625 27.000000 3.000000 8.000000 0.000000 3.000000 3.000000 2.000000 4.000000 0.000000 2.000000 5.000000 4.000000 2.000000 
3.900720 174.068757 27.000000 2.000000 8.000000 4.000000 6.000000 0.000000 0.000000 0.000000 2.000000 3.000000 9.000000 2.000000 0.000000 
4.324652 181.324652 27.000000 2.000000 5.000000 4.000000 9.000000 0.000000 1.000000 0.000000 0.000000 0.000000 8.000000 4.000000 3.000000 
4.622206 188.702447 27.000000 7.000000 2.000000 1.000000 5.000000 2.000000 0.000000 0.000000 0.000000 2.000000 11.000000 0.000000 6.000000 
3.160994 198.163659 27.000000 9.000000 4.000000 5.000000 3.000000 1.000000 0.000000 0.000000 0.000000 2.000000 9.000000 0.000000 3.000000 
4.322413 205.002240 27.000000 5.000000 6.000000 5.000000 3.000000 1.000000 0.000000 0.000000 2.000000 0.000000 6.000000 4.000000 4.000000 
3.583138 213.324652 27.000000 6.000000 4.000000 5.000000 8.000000 0.000000 0.000000 0.000000 1.000000 0.000000 2.000000 4.000000 6.000000 
2.640419 221.737828 27.000000 11.000000 3.000000 1.000000 3.000000 0.000000 0.000000 0.000000 0.000000 0.000000 8.000000 3.000000 7.000000 
2.517947 228.940180 27.000000 11.000000 5.000000 4.000000 2.000000 1.000000 1.000000 0.000000 0.000000 0.000000 5.000000 4.000000 3.000000 
5.000000 236.365028 36.000000 4.000000 1.000000 4.000000 1.000000 0.000000 0.000000 0.000000 0.000000 1.000000 7.000000 1.000000 1.000000 
11.121601 4.866466 27.000000 13.000000 3.000000 6.000000 9.000000 7.000000 2.000000 5.000000 1.000000 0.000000 5.000000 2.000000 1.000000 
9.309044 12.015608 0.000000 23.000000 5.000000 3.000000 9.000000 3.000000 2.000000 2.000000 3.000000 7.000000 17.000000 2.000000 5.000000 
12.317150 22.676424 0.000000 7.000000 9.000000 12.000000 6.000000 8.000000 9.000000 3.000000 0.000000 2.000000 4.000000 7.000000 14.000000 
16.688877 26.627075 0.000000 4.000000 6.000000 4.000000 20.000000 4.000000 8.000000 7.000000 6.000000 3.000000 8.000000 4.000000 7.000000 
14.429194 34.462401 0.000000 1.000000 4.000000 5.000000 9.000000 9.000000 5.000000 9.000000 8.000000 6.000000 10.000000 7.000000 8.000000 
9.541684 40.853502 0.000000 18.000000 2.000000 5.000000 3.000000 8.000000 1.000000 7.000000 4.000000 5.000000 4.000000 9.000000 15.000000 
11.737965 50.276425 0.000000 8.000000 8.000000 7.000000 18.000000 9.000000 0.000000 7.000000 7.000000 1.000000 3.000000 1.000000 12.000000 
13.222595 58.171158 0.000000 13.000000 10.000000 8.000000 10.000000 6.000000 4.000000 4.000000 4.000000 3.000000 3.000000 6.000000 10.000000 
8.429706 66.357501 0.000000 8.000000 5.000000 9.000000 7.000000 4.000000 1.000000 4.000000 6.000000 5.000000 5.000000 5.000000 22.000000 
9.472392 74.562407 0.000000 9.000000 7.000000 3.000000 17.000000 3.000000 9.000000 1.000000 5.000000 5.000000 9.000000 5.000000 8.000000 
12.787103 81.507834 0.000000 15.000000 4.000000 6.000000 6.000000 6.000000 5.000000 7.000000 5.000000 5.000000 8.000000 4.000000 10.000000 
12.128602 93.374577 0.000000 8.000000 5.000000 1.000000 9.000000 4.000000 3.000000 15.000000 7.000000 1.000000 11.000000 9.000000 8.000000 
9.115762 100.480790 0.000000 12.000000 12.000000 8.000000 10.000000 9.000000 4.000000 2.000000 1.000000 3.000000 7.000000 3.000000 10.000000 
9.295368 106.529611 0.000000 16.000000 8.000000 6.000000 5.000000 6.000000 8.000000 5.000000 2.000000 4.000000 12.000000 3.000000 6.000000 
15.472866 118.646936 0.000000 18.000000 12.000000 4.000000 4.000000 4.000000 10.000000 7.000000 1.000000 1.000000 15.000000 3.000000 2.000000 
15.322413 125.261233 0.000000 10.000000 11.000000 16.000000 5.000000 3.000000 4.000000 7.000000 2.000000 1.000000 6.000000 6.000000 10.000000 
12.553976 132.505496 0.000000 6.000000 4.000000 7.000000 3.000000 3.000000 7.000000 4.000000 5.000000 8.000000 19.000000 7.000000 8.000000 
11.000000 141.644825 0.000000 16.000000 15.000000 6.000000 6.000000 5.000000 7.000000 5.000000 2.000000 1.000000 1.000000 9.000000 8.000000 
9.825648 147.647462 0.000000 5.000000 9.000000 8.000000 8.000000 5.000000 7.000000 4.000000 3.000000 0.000000 7.000000 9.000000 16.000000 
10.324652 154.583138 0.000000 5.000000 17.000000 7.000000 5.000000 5.000000 2.000000 8.000000 3.000000 4.000000 5.000000 6.000000 14.000000 
12.124460 163.854590 0.000000 10.000000 5.000000 5.000000 8.000000 7.000000 4.000000 2.000000 4.000000 6.000000 14.000000 9.000000 7.000000 
10.234041 176.611343 0.000000 22.000000 8.000000 4.000000 4.000000 5.000000 3.000000 4.000000 3.000000 5.000000 3.000000 7.000000 13.000000 
11.156027 180.675035 0.000000 13.000000 7.000000 5.000000 4.000000 7.000000 8.000000 9.000000 3.000000 4.000000 9.000000 6.000000 6.000000 
13.408818 186.956209 0.000000 15.000000 6.000000 4.000000 3.000000 4.000000 5.000000 5.000000 5.000000 7.000000 14.000000 7.000000 6.000000 
10.413175 197.951852 0.000000 19.000000 7.000000 6.000000 10.000000 8.000000 1.000000 5.000000 2.000000 5.000000 11.000000 4.000000 3.000000 
12.766320 204.082869 0.000000 7.000000 7.000000 8.000000 7.000000 6.000000 3.000000 2.000000 4.000000 4.000000 17.000000 11.000000 5.000000 
10.309208 212.644825 0.000000 12.000000 11.000000 10.000000 6.000000 2.000000 4.000000 4.000000 7.000000 8.000000 7.000000 4.000000 6.000000 
7.821580 220.583614 0.000000 23.000000 11.000000 6.000000 0.000000 1.000000 2.000000 3.000000 3.000000 4.000000 11.000000 4.000000 13.000000 
8.322413 228.002240 0.000000 20.000000 7.000000 12.000000 2.000000 2.000000 2.000000 2.000000 2.000000 1.000000 14.000000 5.000000 12.000000 
11.053538 237.065678 27.000000 12.000000 2.000000 8.000000 2.000000 2.000000 0.000000 1.000000 1.000000 3.000000 2.000000 2.000000 10.000000 
19.677587 5.687440 27.000000 9.000000 8.000000 2.000000 4.000000 2.000000 0.000000 1.000000 2.000000 3.000000 14.000000 2.000000 7.000000 
19.747690 13.325652 0.000000 8.000000 8.000000 3.000000 26.000000 4.000000 4.000000 3.000000 3.000000 2.000000 7.000000 6.000000 7.000000 
21.485946 20.158879 0.000000 16.000000 9.000000 8.000000 8.000000 2.000000 2.000000 1.000000 3.000000 4.000000 12.000000 5.000000 11.000000 
23.333682 25.521959 0.000000 3.000000 4.000000 3.000000 16.000000 4.000000 3.000000 2.000000 1.000000 8.000000 23.000000 4.000000 10.000000 
22.528019 36.280603 0.000000 8.000000 5.000000 10.000000 8.000000 4.000000 5.000000 7.000000 4.000000 4.000000 8.000000 8.000000 10.000000 
20.173369 43.814774 0.000000 11.000000 11.000000 5.000000 6.000000 5.000000 2.000000 4.000000 2.000000 5.000000 17.000000 8.000000 5.000000 
21.689680 51.599604 0.000000 20.000000 13.000000 5.000000 9.000000 3.000000 1.000000 8.000000 5.000000 4.000000 7.000000 3.000000 3.000000 
22.025675 58.567767 0.000000 13.000000 4.000000 9.000000 4.000000 1.000000 2.000000 12.000000 4.000000 6.000000 15.000000 5.000000 6.000000 
22.461346 67.828304 0.000000 8.000000 3.000000 7.000000 2.000000 3.000000 3.000000 9.000000 5.000000 8.000000 11.000000 10.000000 12.000000 
21.377870 75.492603 0.000000 13.000000 2.000000 2.000000 6.000000 4.000000 7.000000 7.000000 5.000000 7.000000 17.000000 6.000000 5.000000 
20.350947 82.220349 0.000000 11.000000 3.000000 4.000000 8.000000 6.000000 4.000000 6.000000 2.000000 7.000000 15.000000 9.000000 6.000000 
20.858516 94.563068 0.000000 7.000000 6.000000 6.000000 11.000000 6.000000 3.000000 9.000000 4.000000 4.000000 8.000000 7.000000 10.000000 
19.482606 101.042735 0.000000 8.000000 11.000000 3.000000 12.000000 3.000000 3.000000 8.000000 3.000000 6.000000 7.000000 3.000000 14.000000 
18.158481 109.575343 0.000000 1.000000 7.000000 4.000000 9.000000 6.000000 6.000000 6.000000 4.000000 5.000000 18.000000 11.000000 4.000000 
22.072226 118.933297 0.000000 17.000000 11.000000 5.000000 2.000000 1.000000 6.000000 6.000000 3.000000 6.000000 12.000000 5.000000 7.000000 
20.285240 123.986953 0.000000 14.000000 7.000000 10.000000 12.000000 2.000000 1.000000 4.000000 4.000000 4.000000 10.000000 7.000000 6.000000 
18.322413 130.687440 0.000000 6.000000 5.000000 8.000000 5.000000 0.000000 4.000000 6.000000 6.000000 6.000000 23.000000 6.000000 6.000000 
21.182043 138.984979 0.000000 8.000000 5.000000 4.000000 10.000000 5.000000 2.000000 3.000000 6.000000 7.000000 14.000000 10.000000 7.000000 
20.581423 144.991056 0.000000 6.000000 1.000000 2.000000 3.000000 8.000000 9.000000 4.000000 6.000000 9.000000 17.000000 9.000000 7.000000 
22.423098 155.467818 0.000000 17.000000 8.000000 9.000000 8.000000 2.000000 2.000000 2.000000 3.000000 4.000000 9.000000 6.000000 11.000000 
19.115595 166.692031 0.000000 4.000000 1.000000 6.000000 19.000000 6.000000 6.000000 4.000000 2.000000 8.000000 12.000000 5.000000 8.000000 
14.332378 179.136240 0.000000 24.000000 7.000000 2.000000 3.000000 6.000000 4.000000 9.000000 3.000000 3.000000 5.000000 10.000000 5.000000 
14.308706 183.650919 0.000000 14.000000 3.000000 0.000000 2.000000 3.000000 4.000000 6.000000 1.000000 5.000000 27.000000 11.000000 5.000000 
17.968148 189.673051 0.000000 20.000000 9.000000 8.000000 12.000000 3.000000 3.000000 4.000000 2.000000 2.000000 5.000000 5.000000 8.000000 
19.010510 197.066724 0.000000 10.000000 4.000000 5.000000 4.000000 1.000000 6.000000 5.000000 6.000000 3.000000 24.000000 7.000000 6.000000 
22.644825 206.000000 0.000000 8.000000 5.000000 6.000000 6.000000 3.000000 3.000000 5.000000 5.000000 5.000000 21.000000 9.000000 5.000000 
21.002368 212.176018 0.000000 19.000000 9.000000 6.000000 11.000000 1.000000 3.000000 3.000000 2.000000 3.000000 10.000000 7.000000 7.000000 
21.321025 218.264412 0.000000 5.000000 9.000000 7.000000 14.000000 4.000000 3.000000 9.000000 4.000000 6.000000 3.000000 9.000000 8.000000 
20.281620 227.449810 0.000000 9.000000 4.000000 12.000000 12.000000 5.000000 7.000000 2.000000 2.000000 3.000000 6.000000 10.000000 9.000000 
20.000000 237.365028 27.000000 6.000000 3.000000 4.000000 7.000000 3.000000 3.000000 1.000000 0.000000 1.000000 6.000000 6.000000 5.000000 
29.632816 5.365028 27.000000 9.000000 4.000000 7.000000 4.000000 2.000000 2.000000 2.000000 3.000000 1.000000 8.000000 6.000000 6.000000 
31.909237 11.909237 0.000000 11.000000 8.000000 11.000000 13.000000 4.000000 9.000000 6.000000 4.000000 1.000000 7.000000 4.000000 3.000000 
30.435570 21.866109 0.000000 12.000000 7.000000 5.000000 7.000000 4.000000 2.000000 2.000000 4.000000 4.000000 15.000000 7.000000 12.000000 
27.101482 26.245817 0.000000 11.000000 5.000000 2.000000 1.000000 10.000000 6.000000 7.000000 4.000000 9.000000 13.000000 6.000000 7.000000 
27.615517 34.252727 0.000000 11.000000 7.000000 13.000000 5.000000 3.000000 8.000000 5.000000 6.000000 4.000000 4.000000 4.000000 11.000000 
28.392606 42.586825 0.000000 13.000000 4.000000 2.000000 14.000000 9.000000 10.000000 7.000000 1.000000 3.000000 6.000000 3.000000 9.000000 
28.776856 51.579795 0.000000 14.000000 10.000000 3.000000 5.000000 2.000000 4.000000 6.000000 6.000000 4.000000 10.000000 7.000000 10.000000 
29.356487 60.735588 0.000000 9.000000 8.000000 5.000000 8.000000 7.000000 4.000000 5.000000 5.000000 4.000000 8.000000 5.000000 13.000000 
30.031453 66.884441 0.000000 11.000000 6.000000 3.000000 5.000000 5.000000 5.000000 9.000000 3.000000 4.000000 9.000000 6.000000 15.000000 
31.322413 75.687440 0.000000 11.000000 6.000000 6.000000 13.000000 4.000000 7.000000 0.000000 2.000000 5.000000 11.000000 10.000000 6.000000 
28.162362 85.864211 0.000000 12.000000 9.000000 8.000000 8.000000 4.000000 4.000000 5.000000 3.000000 4.000000 9.000000 8.000000 7.000000 
26.000000 94.173650 0.000000 19.000000 6.000000 6.000000 5.000000 7.000000 5.000000 5.000000 4.000000 4.000000 0.000000 7.000000 13.000000 
27.992803 99.842669 0.000000 17.000000 5.000000 7.000000 6.000000 3.000000 4.000000 8.000000 4.000000 5.000000 6.000000 7.000000 9.000000 
28.833319 110.555489 0.000000 6.000000 6.000000 8.000000 10.000000 3.000000 8.000000 8.000000 3.000000 4.000000 7.000000 7.000000 11.000000 
30.444426 121.937550 0.000000 29.000000 5.000000 8.000000 7.000000 5.000000 6.000000 5.000000 1.000000 2.000000 5.000000 5.000000 3.000000 
28.481085 126.199774 0.000000 19.000000 7.000000 6.000000 2.000000 2.000000 3.000000 8.000000 5.000000 2.000000 13.000000 8.000000 6.000000 
28.968067 131.476577 0.000000 19.000000 9.000000 6.000000 2.000000 4.000000 4.000000 4.000000 9.000000 5.000000 7.000000 4.000000 8.000000 
32.074612 136.990942 0.000000 22.000000 9.000000 7.000000 1.000000 0.000000 2.000000 4.000000 3.000000 8.000000 12.000000 7.000000 6.000000 
38.210228 149.131784 0.000000 3.000000 5.000000 8.000000 11.000000 1.000000 2.000000 0.000000 2.000000 3.000000 32.000000 9.000000 5.000000 
34.683124 153.249329 0.000000 3.000000 4.000000 11.000000 5.000000 5.000000 4.000000 1.000000 1.000000 4.000000 20.000000 15.000000 8.000000 
26.494092 165.961467 0.000000 4.000000 5.000000 7.000000 13.000000 6.000000 2.000000 0.000000 2.000000 4.000000 35.000000 2.000000 1.000000 
28.151281 177.638520 0.000000 12.000000 3.000000 5.000000 9.000000 5.000000 8.000000 15.000000 6.000000 3.000000 3.000000 10.000000 2.000000 
26.590268 182.053192 0.000000 9.000000 1.000000 5.000000 7.000000 9.000000 13.000000 18.000000 5.000000 4.000000 3.000000 5.000000 2.000000 
24.196914 188.888827 0.000000 18.000000 9.000000 5.000000 16.000000 4.000000 2.000000 1.000000 1.000000 1.000000 7.000000 11.000000 6.000000 
24.519467 194.696445 0.000000 10.000000 3.000000 9.000000 19.000000 3.000000 6.000000 4.000000 4.000000 2.000000 13.000000 7.000000 1.000000 
27.095154 203.120228 0.000000 8.000000 4.000000 2.000000 15.000000 4.000000 3.000000 3.000000 3.000000 5.000000 19.000000 11.000000 4.000000 
27.529343 209.700173 0.000000 14.000000 6.000000 5.000000 12.000000 7.000000 5.000000 5.000000 2.000000 3.000000 4.000000 12.000000 6.000000 
29.038601 217.974856 0.000000 5.000000 3.000000 7.000000 7.000000 7.000000 4.000000 10.000000 7.000000 6.000000 11.000000 6.000000 8.000000 
27.586825 230.117855 0.000000 20.000000 13.000000 7.000000 2.000000 0.000000 2.000000 2.000000 3.000000 4.000000 10.000000 9.000000 9.000000 
28.000000 237.365028 27.000000 7.000000 4.000000 3.000000 2.000000 8.000000 6.000000 1.000000 3.000000 2.000000 4.000000 1.000000 4.000000 
35.586825 4.951852 27.000000 14.000000 6.000000 5.000000 5.000000 4.000000 1.000000 4.000000 1.000000 4.000000 4.000000 0.000000 6.000000 
37.414311 11.460196 0.000000 11.000000 3.000000 5.000000 10.000000 2.000000 3.000000 3.000000 8.000000 6.000000 18.000000 7.000000 5.000000 
38.709815 22.463835 0.000000 22.000000 6.000000 10.000000 7.000000 3.000000 3.000000 7.000000 2.000000 4.000000 5.000000 8.000000 4.000000 
36.674333 27.039360 0.000000 7.000000 7.000000 9.000000 10.000000 8.000000 6.000000 4.000000 4.000000 0.000000 8.000000 7.000000 11.000000 
34.873563 34.583893 0.000000 13.000000 8.000000 7.000000 3.000000 2.000000 6.000000 4.000000 6.000000 5.000000 10.000000 12.000000 5.000000 
32.993639 42.695188 0.000000 9.000000 4.000000 6.000000 14.000000 8.000000 7.000000 4.000000 3.000000 2.000000 11.000000 6.000000 7.000000 
34.589644 51.935554 0.000000 16.000000 8.000000 7.000000 7.000000 5.000000 4.000000 4.000000 1.000000 2.000000 4.000000 12.000000 11.000000 
33.531859 61.031616 0.000000 11.000000 5.000000 5.000000 16.000000 5.000000 2.000000 9.000000 5.000000 2.000000 11.000000 6.000000 4.000000 
35.158898 66.002240 0.000000 6.000000 2.000000 5.000000 15.000000 4.000000 2.000000 7.000000 8.000000 6.000000 11.000000 5.000000 10.000000 
36.398094 77.382302 0.000000 19.000000 7.000000 5.000000 17.000000 5.000000 7.000000 3.000000 3.000000 3.000000 4.000000 6.000000 2.000000 
34.169963 84.586825 0.000000 19.000000 4.000000 3.000000 15.000000 5.000000 5.000000 3.000000 0.000000 1.000000 3.000000 11.000000 12.000000 
34.599343 91.771606 0.000000 12.000000 8.000000 6.000000 7.000000 3.000000 1.000000 1.000000 4.000000 6.000000 16.000000 10.000000 7.000000 
35.644825 99.361675 0.000000 12.000000 8.000000 7.000000 11.000000 10.000000 4.000000 7.000000 7.000000 2.000000 2.000000 5.000000 6.000000 
37.048212 109.340909 0.000000 11.000000 9.000000 4.000000 10.000000 3.000000 4.000000 7.000000 3.000000 5.000000 8.000000 10.000000 7.000000 
32.123300 117.537291 0.000000 24.000000 2.000000 11.000000 5.000000 4.000000 5.000000 2.000000 3.000000 4.000000 7.000000 6.000000 8.000000 
30.686488 121.515201 0.000000 30.000000 3.000000 9.000000 6.000000 5.000000 4.000000 5.000000 3.000000 2.000000 8.000000 3.000000 3.000000 
34.413379 129.276937 0.000000 21.000000 12.000000 7.000000 3.000000 0.000000 4.000000 2.000000 3.000000 3.000000 15.000000 2.000000 9.000000 
36.076314 137.441342 0.000000 23.000000 7.000000 4.000000 3.000000 1.000000 7.000000 3.000000 4.000000 8.000000 11.000000 5.000000 5.000000 
41.795993 149.809549 0.000000 4.000000 6.000000 5.000000 7.000000 3.000000 2.000000 0.000000 3.000000 2.000000 39.000000 5.000000 5.000000 
38.316947 150.883576 0.000000 3.000000 3.000000 6.000000 12.000000 2.000000 2.000000 0.000000 2.000000 3.000000 35.000000 9.000000 4.000000 
35.926311 163.886801 0.000000 5.000000 3.000000 4.000000 15.000000 15.000000 6.000000 2.000000 3.000000 4.000000 12.000000 5.000000 7.000000 
38.340306 175.496446 0.000000 17.000000 10.000000 6.000000 1.000000 3.000000 3.000000 11.000000 4.000000 3.000000 13.000000 3.000000 7.000000 
38.084769 182.008502 0.000000 9.000000 9.000000 5.000000 3.000000 2.000000 4.000000 13.000000 2.000000 7.000000 20.000000 4.000000 3.000000 
37.073646 191.915131 0.000000 6.000000 10.000000 9.000000 21.000000 5.000000 1.000000 2.000000 6.000000 6.000000 3.000000 9.000000 3.000000 
33.544509 199.731699 0.000000 2.000000 4.000000 2.000000 13.000000 3.000000 6.000000 6.000000 5.000000 9.000000 24.000000 5.000000 2.000000 
35.930031 207.142209 0.000000 5.000000 7.000000 6.000000 23.000000 8.000000 7.000000 1.000000 6.000000 4.000000 3.000000 4.000000 7.000000 
41.756870 212.366744 0.000000 5.000000 5.000000 6.000000 25.000000 2.000000 4.000000 4.000000 4.000000 6.000000 11.000000 5.000000 4.000000 
37.918705 217.369744 0.000000 11.000000 4.000000 3.000000 4.000000 1.000000 2.000000 3.000000 7.000000 6.000000 16.000000 14.000000 10.000000 
35.798679 229.548511 0.000000 18.000000 3.000000 3.000000 2.000000 3.000000 3.000000 7.000000 4.000000 5.000000 7.000000 5.000000 21.000000 
36.000000 237.761861 27.000000 2.000000 2.000000 2.000000 6.000000 4.000000 2.000000 5.000000 3.000000 5.000000 7.000000 3.000000 4.000000 
44.000000 4.948166 27.000000 12.000000 8.000000 6.000000 7.000000 2.000000 3.000000 2.000000 0.000000 2.000000 4.000000 3.000000 5.000000 
43.677587 12.031135 0.000000 13.000000 4.000000 2.000000 7.000000 6.000000 4.000000 2.000000 8.000000 8.000000 10.000000 6.000000 11.000000 
43.378284 22.529287 0.000000 23.000000 13.000000 3.000000 5.000000 2.000000 4.000000 4.000000 3.000000 6.000000 4.000000 8.000000 6.000000 
44.939249 29.350402 0.000000 20.000000 7.000000 3.000000 8.000000 6.000000 2.000000 6.000000 3.000000 6.000000 7.000000 8.000000 5.000000 
44.210701 35.333265 0.000000 17.000000 5.000000 7.000000 8.000000 5.000000 4.000000 4.000000 7.000000 4.000000 8.000000 6.000000 6.000000 
44.761415 45.776684 0.000000 13.000000 7.000000 9.000000 8.000000 7.000000 8.000000 6.000000 6.000000 1.000000 3.000000 4.000000 9.000000 
49.961178 56.039708 0.000000 2.000000 7.000000 6.000000 21.000000 2.000000 3.000000 10.000000 8.000000 5.000000 10.000000 6.000000 1.000000 
50.041770 63.555976 0.000000 18.000000 5.000000 8.000000 5.000000 1.000000 2.000000 7.000000 5.000000 3.000000 13.000000 6.000000 8.000000 
50.421498 69.186630 0.000000 14.000000 8.000000 6.000000 6.000000 3.000000 6.000000 9.000000 2.000000 5.000000 11.000000 9.000000 2.000000 
43.575658 77.194277 0.000000 10.000000 11.000000 3.000000 12.000000 6.000000 4.000000 5.000000 3.000000 6.000000 9.000000 6.000000 6.000000 
43.996445 84.921215 0.000000 11.000000 15.000000 5.000000 8.000000 2.000000 2.000000 2.000000 3.000000 3.000000 7.000000 11.000000 12.000000 
45.982591 89.993025 0.000000 13.000000 12.000000 10.000000 9.000000 5.000000 1.000000 6.000000 2.000000 5.000000 8.000000 3.000000 7.000000 
46.515479 100.244138 0.000000 6.000000 3.000000 3.000000 6.000000 3.000000 5.000000 9.000000 5.000000 5.000000 9.000000 11.000000 16.000000 
47.280306 107.322413 0.000000 10.000000 8.000000 5.000000 6.000000 4.000000 4.000000 9.000000 3.000000 6.000000 10.000000 8.000000 8.000000 
44.556508 118.145569 0.000000 10.000000 7.000000 10.000000 3.000000 8.000000 2.000000 9.000000 3.000000 3.000000 7.000000 9.000000 10.000000 
43.768003 127.926453 0.000000 8.000000 2.000000 0.000000 17.000000 7.000000 4.000000 2.000000 6.000000 6.000000 18.000000 5.000000 6.000000 
44.455133 136.869519 0.000000 24.000000 5.000000 9.000000 3.000000 3.000000 3.000000 7.000000 4.000000 4.000000 10.000000 3.000000 6.000000 
42.967991 139.242772 0.000000 9.000000 10.000000 12.000000 3.000000 5.000000 4.000000 2.000000 2.000000 2.000000 19.000000 7.000000 6.000000 
44.445348 147.445348 0.000000 4.000000 6.000000 8.000000 2.000000 3.000000 2.000000 0.000000 5.000000 5.000000 39.000000 2.000000 5.000000 
45.537616 154.355643 0.000000 3.000000 2.000000 15.000000 20.000000 2.000000 1.000000 1.000000 4.000000 5.000000 17.000000 6.000000 5.000000 
44.901400 165.052403 0.000000 9.000000 4.000000 5.000000 8.000000 5.000000 3.000000 5.000000 3.000000 7.000000 7.000000 11.000000 14.000000 
43.646738 172.229876 0.000000 23.000000 6.000000 18.000000 2.000000 0.000000 2.000000 4.000000 2.000000 4.000000 8.000000 3.000000 9.000000 
43.957385 179.322413 0.000000 13.000000 12.000000 6.000000 8.000000 3.000000 3.000000 5.000000 7.000000 4.000000 9.000000 10.000000 1.000000 
42.818072 188.537149 0.000000 11.000000 19.000000 5.000000 4.000000 2.000000 4.000000 3.000000 6.000000 10.000000 7.000000 9.000000 1.000000 
42.944276 196.950412 0.000000 8.000000 9.000000 14.000000 13.000000 5.000000 4.000000 1.000000 3.000000 2.000000 15.000000 4.000000 3.000000 
44.364135 206.267996 0.000000 9.000000 4.000000 6.000000 8.000000 9.000000 4.000000 1.000000 6.000000 5.000000 16.000000 9.000000 4.000000 
46.416281 214.446071 0.000000 9.000000 7.000000 6.000000 32.000000 1.000000 3.000000 2.000000 0.000000 4.000000 7.000000 5.000000 5.000000 
44.507222 214.832765 0.000000 15.000000 7.000000 5.000000 22.000000 1.000000 1.000000 2.000000 1.000000 3.000000 5.000000 8.000000 11.000000 
47.343695 227.033375 0.000000 12.000000 7.000000 11.000000 8.000000 7.000000 5.000000 6.000000 1.000000 3.000000 10.000000 4.000000 7.000000 
44.525187 237.107759 27.000000 7.000000 1.000000 2.000000 2.000000 5.000000 1.000000 8.000000 2.000000 3.000000 4.000000 5.000000 5.000000 
52.000000 6.014189 27.000000 6.000000 7.000000 3.000000 2.000000 4.000000 2.000000 2.000000 5.000000 4.000000 7.000000 8.000000 4.000000 
51.267443 14.277296 0.000000 15.000000 7.000000 3.000000 3.000000 5.000000 6.000000 12.000000 5.000000 4.000000 6.000000 5.000000 10.000000 
50.322413 20.687440 0.000000 10.000000 8.000000 4.000000 12.000000 3.000000 3.000000 7.000000 6.000000 6.000000 8.000000 4.000000 10.000000 
52.270696 27.173777 0.000000 21.000000 9.000000 4.000000 11.000000 4.000000 2.000000 8.000000 4.000000 2.000000 4.000000 5.000000 7.000000 
51.198161 33.140093 0.000000 18.000000 7.000000 7.000000 5.000000 5.000000 5.000000 8.000000 2.000000 4.000000 5.000000 7.000000 8.000000 
51.953616 47.190727 0.000000 15.000000 13.000000 8.000000 6.000000 2.000000 1.000000 4.000000 5.000000 1.000000 5.000000 8.000000 13.000000 
52.259148 51.696408 0.000000 8.000000 9.000000 7.000000 21.000000 1.000000 2.000000 5.000000 3.000000 5.000000 6.000000 9.000000 5.000000 
51.910677 57.248304 0.000000 2.000000 6.000000 7.000000 19.000000 4.000000 2.000000 4.000000 7.000000 6.000000 13.000000 7.000000 4.000000 
53.421042 65.627051 0.000000 15.000000 4.000000 12.000000 8.000000 8.000000 13.000000 3.000000 2.000000 4.000000 4.000000 6.000000 2.000000 
50.626626 74.626626 0.000000 13.000000 6.000000 3.000000 6.000000 3.000000 5.000000 5.000000 5.000000 6.000000 6.000000 15.000000 8.000000 
54.556394 83.811796 0.000000 11.000000 5.000000 5.000000 10.000000 6.000000 3.000000 4.000000 3.000000 2.000000 6.000000 6.000000 20.000000 
54.583984 89.949012 0.000000 16.000000 0.000000 6.000000 9.000000 7.000000 5.000000 7.000000 6.000000 4.000000 6.000000 6.000000 9.000000 
54.765090 102.153239 0.000000 15.000000 5.000000 5.000000 3.000000 5.000000 1.000000 6.000000 5.000000 6.000000 6.000000 11.000000 13.000000 
53.352141 108.687440 0.000000 17.000000 5.000000 7.000000 9.000000 7.000000 3.000000 8.000000 3.000000 4.000000 6.000000 5.000000 7.000000 
50.365028 117.365028 0.000000 23.000000 4.000000 8.000000 5.000000 4.000000 2.000000 4.000000 5.000000 5.000000 8.000000 9.000000 4.000000 
51.389888 125.943612 0.000000 16.000000 2.000000 6.000000 9.000000 5.000000 6.000000 7.000000 3.000000 5.000000 5.000000 10.000000 7.000000 
47.583285 134.467964 0.000000 21.000000 5.000000 6.000000 5.000000 5.000000 3.000000 6.000000 3.000000 3.000000 12.000000 3.000000 9.000000 
48.677587 138.687440 0.000000 6.000000 10.000000 5.000000 7.000000 2.000000 4.000000 3.000000 3.000000 4.000000 22.000000 7.000000 8.000000 
49.511101 147.830704 0.000000 5.000000 3.000000 19.000000 9.000000 4.000000 3.000000 3.000000 3.000000 9.000000 17.000000 3.000000 3.000000 
49.677587 154.687440 0.000000 2.000000 4.000000 8.000000 20.000000 2.000000 4.000000 2.000000 3.000000 2.000000 24.000000 7.000000 3.000000 
49.823155 164.188183 0.000000 11.000000 4.000000 6.000000 10.000000 4.000000 0.000000 12.000000 3.000000 3.000000 7.000000 6.000000 15.000000 
50.322413 170.687440 0.000000 17.000000 5.000000 16.000000 6.000000 3.000000 2.000000 6.000000 5.000000 3.000000 3.000000 6.000000 9.000000 
52.734341 180.682507 0.000000 12.000000 16.000000 6.000000 10.000000 0.000000 5.000000 6.000000 0.000000 3.000000 9.000000 5.000000 9.000000 
53.115352 187.687440 0.000000 11.000000 4.000000 5.000000 8.000000 1.000000 3.000000 6.000000 6.000000 12.000000 11.000000 8.000000 6.000000 
56.645943 198.010970 0.000000 19.000000 19.000000 8.000000 2.000000 0.000000 3.000000 2.000000 3.000000 7.000000 12.000000 3.000000 3.000000 
54.294891 207.051656 0.000000 6.000000 8.000000 12.000000 12.000000 7.000000 6.000000 11.000000 3.000000 3.000000 6.000000 4.000000 3.000000 
50.488242 213.294638 0.000000 5.000000 4.000000 4.000000 18.000000 5.000000 5.000000 5.000000 3.000000 1.000000 11.000000 11.000000 9.000000 
49.247204 216.936884 0.000000 10.000000 5.000000 5.000000 25.000000 3.000000 11.000000 9.000000 2.000000 0.000000 2.000000 3.000000 6.000000 
53.241075 230.329077 0.000000 17.000000 5.000000 7.000000 11.000000 2.000000 2.000000 12.000000 7.000000 2.000000 2.000000 4.000000 10.000000 
52.430104 237.432530 27.000000 9.000000 4.000000 0.000000 3.000000 0.000000 0.000000 6.000000 6.000000 2.000000 3.000000 5.000000 7.000000 
60.000000 5.324652 39.000000 3.000000 1.000000 1.000000 2.000000 8.000000 8.000000 9.000000 5.000000 4.000000 0.000000 0.000000 1.000000 
60.000000 13.673139 18.000000 11.000000 5.000000 1.000000 1.000000 7.000000 5.000000 11.000000 6.000000 8.000000 0.000000 3.000000 5.000000 
59.702493 21.027146 18.000000 6.000000 5.000000 4.000000 1.000000 5.000000 3.000000 15.000000 9.000000 6.000000 2.000000 4.000000 3.000000 
60.000000 29.324652 18.000000 15.000000 5.000000 1.000000 0.000000 4.000000 5.000000 13.000000 5.000000 3.000000 3.000000 3.000000 6.000000 
60.039634 36.432661 18.000000 5.000000 3.000000 3.000000 1.000000 5.000000 7.000000 14.000000 5.000000 3.000000 3.000000 6.000000 8.000000 
60.369267 46.042406 18.000000 4.000000 1.000000 2.000000 2.000000 6.000000 6.000000 15.000000 13.000000 9.000000 2.000000 3.000000 0.000000 
59.728143 53.324652 18.000000 5.000000 1.000000 2.000000 5.000000 6.000000 10.000000 10.000000 7.000000 4.000000 2.000000 6.000000 5.000000 
60.000000 60.429523 18.000000 8.000000 3.000000 3.000000 2.000000 4.000000 8.000000 8.000000 9.000000 3.000000 1.000000 4.000000 10.000000 
60.000000 69.324652 18.000000 5.000000 4.000000 2.000000 3.000000 2.000000 5.000000 12.000000 12.000000 8.000000 5.000000 2.000000 3.000000 
59.716321 77.040973 18.000000 8.000000 6.000000 3.000000 11.000000 3.000000 4.000000 3.000000 3.000000 4.000000 8.000000 4.000000 6.000000 
60.499659 85.824311 18.000000 9.000000 2.000000 6.000000 2.000000 2.000000 1.000000 2.000000 4.000000 6.000000 4.000000 9.000000 16.000000 
60.457251 92.426880 18.000000 11.000000 3.000000 6.000000 10.000000 5.000000 3.000000 2.000000 3.000000 6.000000 5.000000 3.000000 6.000000 
60.488568 101.813221 18.000000 13.000000 6.000000 9.000000 9.000000 3.000000 2.000000 3.000000 3.000000 4.000000 4.000000 1.000000 6.000000 
60.451895 109.324652 18.000000 17.000000 5.000000 3.000000 5.000000 2.000000 3.000000 5.000000 4.000000 4.000000 6.000000 4.000000 5.000000 
59.700123 117.324652 18.000000 13.000000 5.000000 2.000000 1.000000 6.000000 5.000000 4.000000 4.000000 2.000000 12.000000 7.000000 2.000000 
60.000000 125.324652 18.000000 11.000000 7.000000 3.000000 4.000000 0.000000 2.000000 6.000000 2.000000 5.000000 14.000000 5.000000 4.000000 
59.495690 133.828963 18.000000 7.000000 11.000000 3.000000 7.000000 1.000000 9.000000 5.000000 1.000000 3.000000 7.000000 4.000000 5.000000 
59.492760 141.060637 18.000000 6.000000 6.000000 9.000000 6.000000 5.000000 5.000000 12.000000 2.000000 2.000000 5.000000 2.000000 3.000000 
60.000000 149.324652 18.000000 2.000000 4.000000 4.000000 0.000000 5.000000 4.000000 8.000000 9.000000 5.000000 18.000000 0.000000 4.000000 
59.735984 157.060637 18.000000 5.000000 5.000000 6.000000 7.000000 5.000000 0.000000 5.000000 10.000000 9.000000 4.000000 4.000000 3.000000 
60.000000 165.324652 18.000000 7.000000 3.000000 6.000000 5.000000 6.000000 5.000000 5.000000 4.000000 4.000000 4.000000 6.000000 8.000000 
59.714585 173.039237 18.000000 11.000000 7.000000 7.000000 2.000000 1.000000 2.000000 3.000000 2.000000 1.000000 7.000000 12.000000 8.000000 
60.000000 181.324652 18.000000 9.000000 3.000000 5.000000 8.000000 4.000000 4.000000 2.000000 3.000000 5.000000 6.000000 5.000000 9.000000 
60.000000 189.324652 18.000000 4.000000 1.000000 3.000000 7.000000 5.000000 6.000000 4.000000 6.000000 7.000000 10.000000 3.000000 7.000000 
61.607521 197.324652 18.000000 15.000000 9.000000 9.000000 1.000000 1.000000 1.000000 1.000000 5.000000 6.000000 10.000000 2.000000 3.000000 
60.463400 205.788053 18.000000 8.000000 5.000000 6.000000 8.000000 5.000000 6.000000 2.000000 8.000000 7.000000 2.000000 5.000000 1.000000 
59.696023 213.628629 18.000000 2.000000 6.000000 8.000000 10.000000 6.000000 5.000000 3.000000 3.000000 6.000000 5.000000 4.000000 5.000000 
59.470431 220.539928 18.000000 5.000000 2.000000 1.000000 7.000000 6.000000 3.000000 15.000000 5.000000 1.000000 6.000000 10.000000 2.000000 
60.410048 229.300573 18.000000 8.000000 7.000000 4.000000 15.000000 6.000000 2.000000 6.000000 3.000000 3.000000 4.000000 2.000000 3.000000 
60.000000 236.000000 35.000000 1.000000 0.000000 1.000000 1.000000 2.000000 1.000000 5.000000 2.000000 2.000000 5.000000 1.000000 7.000000 
