240
5.000000 5.689680 39.000000 2.000000 1.000000 1.000000 8.000000 0.000000 0.000000 0.000000 1.000000 1.000000 2.000000 1.000000 7.000000 
4.599285 12.725368 27.000000 6.000000 5.000000 2.000000 6.000000 1.000000 0.000000 0.000000 1.000000 0.000000 5.000000 3.000000 7.000000 
4.000000 21.689680 27.000000 2.000000 2.000000 4.000000 13.000000 1.000000 0.000000 3.000000 0.000000 0.000000 4.000000 3.000000 4.000000 
4.000000 30.057368 27.000000 6.000000 3.000000 3.000000 4.000000 5.000000 2.000000 0.000000 1.000000 0.000000 5.000000 4.000000 3.000000 
4.000000 36.615930 27.000000 11.000000 0.000000 2.000000 2.000000 3.000000 1.000000 0.000000 2.000000 3.000000 4.000000 4.000000 4.000000 
4.000000 45.689680 27.000000 7.000000 6.000000 0.000000 7.000000 2.000000 3.000000 2.000000 1.000000 0.000000 5.000000 3.000000 0.000000 
3.173073 52.497725 27.000000 4.000000 2.000000 5.000000 5.000000 1.000000 4.000000 8.000000 1.000000 1.000000 1.000000 2.000000 2.000000 
4.000000 62.061622 27.000000 3.000000 9.000000 4.000000 2.000000 0.000000 1.000000 5.000000 1.000000 2.000000 1.000000 4.000000 4.000000 
3.893039 68.605263 27.000000 2.000000 6.000000 2.000000 2.000000 0.000000 0.000000 5.000000 0.000000 3.000000 8.000000 2.000000 6.000000 
4.000000 76.959625 27.000000 4.000000 3.000000 5.000000 8.000000 0.000000 1.000000 3.000000 0.000000 1.000000 3.000000 4.000000 4.000000 
4.622493 85.947146 27.000000 4.000000 6.000000 2.000000 4.000000 0.000000 1.000000 2.000000 1.000000 0.000000 9.000000 2.000000 5.000000 
4.324652 93.019865 27.000000 3.000000 6.000000 2.000000 10.000000 5.000000 1.000000 1.000000 1.000000 0.000000 0.000000 3.000000 4.000000 
4.000000 100.613043 27.000000 2.000000 3.000000 3.000000 7.000000 3.000000 2.000000 0.000000 0.000000 2.000000 6.000000 5.000000 3.000000 
3.586825 108.524734 27.000000 3.000000 2.000000 3.000000 4.000000 3.000000 1.000000 3.000000 1.000000 2.000000 3.000000 4.000000 7.000000 
2.170590 115.978698 27.000000 3.000000 1.000000 3.000000 10.000000 1.000000 0.000000 1.000000 1.000000 1.000000 3.000000 5.000000 7.000000 
3.586825 125.737828 27.000000 5.000000 1.000000 6.000000 9.000000 0.000000 0.000000 0.000000 0.000000 0.000000 2.000000 7.000000 6.000000 
4.005201 132.911477 27.000000 10.000000 2.000000 3.000000 2.000000 0.000000 0.000000 1.000000 2.000000 2.000000 5.000000 2.000000 7.000000 
3.586825 141.737828 27.000000 7.000000 2.000000 3.000000 14.000000 0.000000 0.000000 1.000000 0.000000 0.000000 5.000000 3.000000 1.000000 
3.586825 148.555565 27.000000 7.000000 2.000000 3.000000 7.000000 1.000000 0.000000 0.000000 0.000000 0.000000 4.000000 9.000000 3.000000 
4.566127 157.985469 27.000000 5.000000 5.000000 9.000000 7.000000 1.000000 0.000000 1.000000 0.000000 1.000000 2.000000 2.000000 3.000000 
4.322413 165.002240 27.000000 5.000000 4.000000 3.000000 4.000000 0.000000 0.000000 1.000000 0.000000 2.000000 8.000000 7.000000 2.000000 
3.586825 172.911477 27.000000 10.000000 4.000000 4.000000 2.000000 0.000000 0.000000 0.000000 0.000000 1.000000 11.000000 3.000000 1.000000 
4.322413 182.002796 27.000000 4.000000 4.000000 7.000000 5.000000 2.000000 1.000000 0.000000 0.000000 0.000000 4.000000 5.000000 4.000000 
4.000000 189.689680 27.000000 3.000000 1.000000 3.000000 3.000000 2.000000 1.000000 2.000000 2.000000 2.000000 1.000000 9.000000 7.000000 
4.000000 196.959625 27.000000 3.000000 3.000000 8.000000 3.000000 1.000000 0.000000 1.000000 1.000000 2.000000 2.000000 7.000000 5.000000 
4.324652 205.324652 27.000000 5.000000 3.000000 3.000000 6.000000 3.000000 1.000000 2.000000 2.000000 2.000000 0.000000 5.000000 4.000000 
4.000000 212.615930 27.000000 3.000000 5.000000 0.000000 6.000000 2.000000 1.000000 2.000000 2.000000 5.000000 7.000000 3.000000 0.000000 
4.295789 221.985469 27.000000 9.000000 2.000000 4.000000 9.000000 0.000000 0.000000 0.000000 0.000000 1.000000 4.000000 4.000000 3.000000 
4.642574 228.326321 27.000000 5.000000 2.000000 1.000000 0.000000 1.000000 1.000000 1.000000 0.000000 1.000000 12.000000 6.000000 6.000000 
5.000000 236.365028 36.000000 8.000000 1.000000 0.000000 1.000000 0.000000 2.000000 0.000000 0.000000 0.000000 4.000000 4.000000 0.000000 
12.885145 4.479882 27.000000 12.000000 5.000000 3.000000 8.000000 2.000000 4.000000 3.000000 3.000000 6.000000 3.000000 1.000000 4.000000 
14.322413 10.647065 0.000000 16.000000 2.000000 4.000000 20.000000 1.000000 4.000000 5.000000 4.000000 3.000000 4.000000 10.000000 8.000000 
12.895079 21.061272 0.000000 22.000000 2.000000 6.000000 16.000000 4.000000 6.000000 5.000000 3.000000 5.000000 4.000000 0.000000 8.000000 
11.586825 29.826846 0.000000 14.000000 8.000000 5.000000 5.000000 4.000000 1.000000 2.000000 3.000000 5.000000 16.000000 8.000000 10.000000 
11.602711 33.562336 0.000000 7.000000 4.000000 9.000000 14.000000 7.000000 1.000000 0.000000 0.000000 7.000000 18.000000 5.000000 9.000000 
11.068237 44.180425 0.000000 18.000000 8.000000 3.000000 3.000000 4.000000 5.000000 4.000000 2.000000 6.000000 6.000000 9.000000 13.000000 
10.000000 50.223237 0.000000 8.000000 3.000000 8.000000 7.000000 4.000000 12.000000 8.000000 1.000000 5.000000 6.000000 7.000000 12.000000 
12.467753 61.030549 0.000000 18.000000 5.000000 5.000000 8.000000 3.000000 3.000000 4.000000 5.000000 3.000000 9.000000 9.000000 9.000000 
12.587994 65.260725 0.000000 7.000000 10.000000 9.000000 13.000000 7.000000 2.000000 4.000000 3.000000 4.000000 11.000000 4.000000 7.000000 
12.465223 74.867138 0.000000 4.000000 6.000000 7.000000 3.000000 6.000000 9.000000 7.000000 4.000000 7.000000 11.000000 11.000000 6.000000 
13.951852 85.095548 0.000000 6.000000 3.000000 8.000000 14.000000 5.000000 6.000000 7.000000 4.000000 3.000000 12.000000 6.000000 7.000000 
13.322413 89.833152 0.000000 3.000000 2.000000 10.000000 6.000000 3.000000 6.000000 6.000000 4.000000 6.000000 12.000000 11.000000 12.000000 
11.909237 97.500921 0.000000 9.000000 4.000000 8.000000 14.000000 6.000000 2.000000 1.000000 1.000000 7.000000 10.000000 9.000000 10.000000 
10.352161 105.428647 0.000000 10.000000 10.000000 7.000000 7.000000 2.000000 1.000000 3.000000 4.000000 7.000000 10.000000 7.000000 13.000000 
7.677587 113.687440 0.000000 8.000000 1.000000 6.000000 18.000000 2.000000 0.000000 2.000000 5.000000 1.000000 13.000000 15.000000 10.000000 
10.017544 123.596613 0.000000 19.000000 13.000000 6.000000 9.000000 4.000000 5.000000 4.000000 4.000000 2.000000 2.000000 6.000000 7.000000 
10.149457 130.560592 0.000000 22.000000 5.000000 7.000000 3.000000 2.000000 0.000000 2.000000 7.000000 2.000000 8.000000 12.000000 11.000000 
11.420165 140.609142 0.000000 5.000000 7.000000 3.000000 8.000000 6.000000 2.000000 7.000000 3.000000 6.000000 22.000000 7.000000 5.000000 
12.323633 146.519893 0.000000 13.000000 5.000000 8.000000 16.000000 6.000000 6.000000 2.000000 0.000000 0.000000 16.000000 3.000000 6.000000 
14.735588 157.264412 0.000000 12.000000 7.000000 6.000000 7.000000 3.000000 3.000000 0.000000 4.000000 4.000000 15.000000 7.000000 13.000000 
13.855538 163.399348 0.000000 13.000000 6.000000 9.000000 10.000000 3.000000 3.000000 3.000000 3.000000 2.000000 11.000000 8.000000 10.000000 
10.909237 172.011091 0.000000 12.000000 6.000000 8.000000 8.000000 3.000000 2.000000 2.000000 3.000000 7.000000 21.000000 6.000000 3.000000 
12.586825 181.488134 0.000000 5.000000 5.000000 10.000000 6.000000 8.000000 6.000000 5.000000 4.000000 7.000000 14.000000 6.000000 5.000000 
11.583138 189.389769 0.000000 8.000000 17.000000 6.000000 4.000000 4.000000 1.000000 4.000000 4.000000 8.000000 9.000000 7.000000 9.000000 
12.687440 195.646535 0.000000 7.000000 9.000000 10.000000 6.000000 4.000000 12.000000 7.000000 9.000000 4.000000 3.000000 4.000000 6.000000 
13.000000 202.791511 0.000000 10.000000 1.000000 3.000000 5.000000 6.000000 9.000000 3.000000 8.000000 7.000000 15.000000 6.000000 8.000000 
12.830786 210.202314 0.000000 7.000000 3.000000 4.000000 3.000000 8.000000 6.000000 3.000000 6.000000 9.000000 13.000000 12.000000 7.000000 
14.795043 220.447010 0.000000 15.000000 15.000000 11.000000 3.000000 1.000000 4.000000 1.000000 2.000000 7.000000 13.000000 6.000000 3.000000 
12.586825 225.051448 0.000000 12.000000 11.000000 6.000000 7.000000 5.000000 5.000000 2.000000 2.000000 3.000000 19.000000 4.000000 5.000000 
12.009254 237.126572 27.000000 15.000000 1.000000 0.000000 4.000000 0.000000 3.000000 2.000000 3.000000 1.000000 1.000000 10.000000 5.000000 
20.322413 5.687440 27.000000 7.000000 4.000000 5.000000 2.000000 2.000000 2.000000 3.000000 7.000000 3.000000 6.000000 7.000000 6.000000 
21.867809 12.167353 0.000000 10.000000 14.000000 5.000000 8.000000 2.000000 5.000000 11.000000 9.000000 3.000000 6.000000 2.000000 6.000000 
20.850819 18.671746 0.000000 12.000000 16.000000 2.000000 2.000000 5.000000 5.000000 2.000000 5.000000 7.000000 8.000000 5.000000 12.000000 
18.931798 29.179053 0.000000 6.000000 5.000000 14.000000 8.000000 7.000000 7.000000 2.000000 2.000000 3.000000 11.000000 6.000000 10.000000 
19.618619 33.706033 0.000000 5.000000 6.000000 12.000000 9.000000 6.000000 3.000000 3.000000 6.000000 8.000000 10.000000 6.000000 7.000000 
19.746111 45.045209 0.000000 12.000000 9.000000 6.000000 5.000000 4.000000 4.000000 8.000000 1.000000 7.000000 12.000000 3.000000 10.000000 
20.092053 49.980201 0.000000 9.000000 2.000000 8.000000 3.000000 7.000000 6.000000 6.000000 4.000000 5.000000 18.000000 7.000000 6.000000 
22.120073 59.547539 0.000000 9.000000 7.000000 11.000000 11.000000 5.000000 1.000000 3.000000 8.000000 5.000000 4.000000 10.000000 7.000000 
23.084907 67.525201 0.000000 5.000000 4.000000 10.000000 5.000000 2.000000 6.000000 5.000000 8.000000 6.000000 18.000000 5.000000 7.000000 
19.490042 75.146347 0.000000 8.000000 8.000000 4.000000 3.000000 8.000000 12.000000 8.000000 3.000000 2.000000 12.000000 7.000000 6.000000 
20.186410 83.360059 0.000000 9.000000 7.000000 6.000000 8.000000 6.000000 6.000000 3.000000 4.000000 3.000000 18.000000 5.000000 6.000000 
22.708195 90.045502 0.000000 4.000000 8.000000 5.000000 14.000000 7.000000 4.000000 5.000000 9.000000 8.000000 5.000000 5.000000 7.000000 
22.872879 101.053021 0.000000 8.000000 5.000000 3.000000 6.000000 9.000000 3.000000 12.000000 10.000000 7.000000 6.000000 6.000000 6.000000 
24.406947 110.689680 0.000000 13.000000 8.000000 3.000000 6.000000 4.000000 5.000000 3.000000 7.000000 5.000000 5.000000 10.000000 12.000000 
20.755386 115.815474 0.000000 12.000000 14.000000 5.000000 5.000000 5.000000 4.000000 8.000000 9.000000 3.000000 5.000000 6.000000 5.000000 
18.138393 121.483391 0.000000 13.000000 10.000000 1.000000 2.000000 4.000000 3.000000 12.000000 4.000000 3.000000 17.000000 4.000000 8.000000 
17.336034 130.261857 0.000000 18.000000 11.000000 9.000000 3.000000 1.000000 6.000000 4.000000 9.000000 3.000000 2.000000 4.000000 11.000000 
23.557903 140.954913 0.000000 14.000000 5.000000 12.000000 9.000000 5.000000 6.000000 4.000000 4.000000 5.000000 1.000000 5.000000 11.000000 
23.413175 147.221797 0.000000 18.000000 2.000000 11.000000 4.000000 3.000000 3.000000 8.000000 4.000000 5.000000 9.000000 7.000000 7.000000 
23.043432 156.747303 0.000000 11.000000 12.000000 7.000000 4.000000 2.000000 2.000000 4.000000 2.000000 4.000000 19.000000 5.000000 9.000000 
20.264412 164.909237 0.000000 1.000000 3.000000 4.000000 7.000000 6.000000 5.000000 5.000000 7.000000 6.000000 21.000000 10.000000 6.000000 
18.909237 172.684030 0.000000 2.000000 5.000000 19.000000 10.000000 3.000000 2.000000 2.000000 2.000000 9.000000 15.000000 11.000000 1.000000 
19.391647 178.397926 0.000000 17.000000 6.000000 3.000000 5.000000 3.000000 3.000000 4.000000 3.000000 4.000000 19.000000 6.000000 8.000000 
19.601912 190.850801 0.000000 6.000000 20.000000 4.000000 4.000000 7.000000 7.000000 8.000000 8.000000 3.000000 4.000000 5.000000 5.000000 
21.322413 197.905551 0.000000 6.000000 3.000000 5.000000 3.000000 3.000000 5.000000 6.000000 10.000000 7.000000 16.000000 12.000000 5.000000 
21.064857 203.130408 0.000000 4.000000 4.000000 7.000000 8.000000 5.000000 5.000000 6.000000 7.000000 5.000000 12.000000 8.000000 10.000000 
23.965109 210.494131 0.000000 3.000000 5.000000 7.000000 11.000000 6.000000 5.000000 8.000000 6.000000 5.000000 13.000000 8.000000 4.000000 
22.736930 217.227347 0.000000 5.000000 5.000000 9.000000 16.000000 0.000000 0.000000 8.000000 7.000000 11.000000 6.000000 6.000000 8.000000 
19.227617 225.658068 0.000000 16.000000 14.000000 8.000000 1.000000 0.000000 1.000000 1.000000 5.000000 6.000000 21.000000 3.000000 5.000000 
20.000000 236.885581 27.000000 1.000000 1.000000 3.000000 8.000000 4.000000 6.000000 4.000000 0.000000 1.000000 2.000000 8.000000 7.000000 
27.634972 5.365028 27.000000 6.000000 2.000000 6.000000 9.000000 3.000000 1.000000 1.000000 5.000000 4.000000 6.000000 6.000000 5.000000 
27.351237 11.773824 0.000000 8.000000 13.000000 10.000000 6.000000 4.000000 3.000000 3.000000 5.000000 2.000000 9.000000 7.000000 11.000000 
27.426319 18.580520 0.000000 6.000000 11.000000 3.000000 5.000000 8.000000 7.000000 2.000000 4.000000 11.000000 11.000000 8.000000 5.000000 
30.695398 27.413959 0.000000 10.000000 4.000000 7.000000 11.000000 7.000000 5.000000 1.000000 6.000000 4.000000 6.000000 8.000000 12.000000 
30.877634 33.786439 0.000000 9.000000 5.000000 4.000000 10.000000 5.000000 6.000000 5.000000 11.000000 4.000000 7.000000 6.000000 9.000000 
28.322413 45.349323 0.000000 14.000000 7.000000 10.000000 13.000000 5.000000 6.000000 2.000000 2.000000 3.000000 4.000000 6.000000 9.000000 
27.996313 49.586825 0.000000 11.000000 8.000000 8.000000 10.000000 7.000000 6.000000 8.000000 5.000000 2.000000 8.000000 2.000000 6.000000 
30.216845 58.597616 0.000000 18.000000 6.000000 6.000000 7.000000 2.000000 5.000000 3.000000 6.000000 7.000000 5.000000 6.000000 10.000000 
32.673408 71.215528 0.000000 17.000000 6.000000 9.000000 3.000000 2.000000 3.000000 8.000000 5.000000 4.000000 8.000000 6.000000 10.000000 
30.456903 79.235806 0.000000 4.000000 2.000000 5.000000 5.000000 6.000000 12.000000 8.000000 7.000000 8.000000 15.000000 6.000000 3.000000 
31.381806 83.679076 0.000000 17.000000 6.000000 5.000000 3.000000 4.000000 9.000000 4.000000 2.000000 5.000000 10.000000 9.000000 7.000000 
34.969098 89.020196 0.000000 16.000000 8.000000 3.000000 2.000000 3.000000 8.000000 8.000000 7.000000 9.000000 4.000000 5.000000 8.000000 
32.509526 99.743672 0.000000 11.000000 7.000000 7.000000 3.000000 7.000000 5.000000 14.000000 2.000000 2.000000 3.000000 7.000000 13.000000 
30.263129 108.557921 0.000000 14.000000 9.000000 5.000000 4.000000 1.000000 3.000000 10.000000 3.000000 7.000000 7.000000 5.000000 13.000000 
27.661688 113.495522 0.000000 10.000000 6.000000 8.000000 11.000000 4.000000 6.000000 7.000000 4.000000 5.000000 2.000000 6.000000 12.000000 
27.413175 121.951852 0.000000 10.000000 3.000000 11.000000 17.000000 3.000000 3.000000 3.000000 7.000000 5.000000 7.000000 6.000000 6.000000 
29.126521 129.564039 0.000000 5.000000 8.000000 13.000000 11.000000 1.000000 5.000000 2.000000 1.000000 6.000000 6.000000 15.000000 8.000000 
30.000000 137.752280 0.000000 7.000000 6.000000 12.000000 13.000000 0.000000 4.000000 1.000000 6.000000 11.000000 6.000000 9.000000 6.000000 
29.206706 147.495866 0.000000 14.000000 3.000000 9.000000 6.000000 4.000000 6.000000 5.000000 3.000000 6.000000 10.000000 5.000000 10.000000 
29.243844 157.254458 0.000000 4.000000 6.000000 8.000000 13.000000 7.000000 7.000000 3.000000 0.000000 2.000000 25.000000 3.000000 3.000000 
26.909237 164.441298 0.000000 12.000000 10.000000 3.000000 3.000000 5.000000 3.000000 2.000000 1.000000 6.000000 20.000000 7.000000 9.000000 
29.691117 173.898927 0.000000 16.000000 5.000000 3.000000 4.000000 5.000000 5.000000 9.000000 8.000000 7.000000 9.000000 7.000000 3.000000 
31.988419 181.114468 0.000000 9.000000 11.000000 7.000000 7.000000 4.000000 6.000000 4.000000 5.000000 4.000000 9.000000 7.000000 8.000000 
29.322413 193.037855 0.000000 5.000000 4.000000 8.000000 16.000000 6.000000 1.000000 3.000000 9.000000 7.000000 10.000000 7.000000 5.000000 
30.161011 198.733953 0.000000 7.000000 5.000000 8.000000 11.000000 8.000000 5.000000 6.000000 6.000000 5.000000 7.000000 8.000000 5.000000 
29.644825 204.644825 0.000000 7.000000 3.000000 4.000000 6.000000 7.000000 9.000000 6.000000 6.000000 4.000000 13.000000 7.000000 9.000000 
29.833714 212.720683 0.000000 6.000000 2.000000 6.000000 8.000000 7.000000 11.000000 9.000000 2.000000 6.000000 8.000000 5.000000 11.000000 
26.473847 221.449841 0.000000 6.000000 8.000000 10.000000 16.000000 2.000000 11.000000 4.000000 4.000000 3.000000 10.000000 5.000000 2.000000 
27.162278 227.172991 0.000000 21.000000 6.000000 12.000000 6.000000 2.000000 2.000000 1.000000 2.000000 1.000000 6.000000 10.000000 12.000000 
28.000000 237.365028 27.000000 5.000000 1.000000 1.000000 3.000000 2.000000 2.000000 2.000000 2.000000 5.000000 10.000000 9.000000 3.000000 
37.860564 6.429065 27.000000 11.000000 5.000000 0.000000 2.000000 3.000000 5.000000 3.000000 2.000000 2.000000 9.000000 2.000000 10.000000 
41.019717 14.670502 0.000000 27.000000 9.000000 3.000000 5.000000 9.000000 5.000000 6.000000 1.000000 4.000000 5.000000 5.000000 2.000000 
38.602097 22.018959 0.000000 16.000000 6.000000 5.000000 7.000000 3.000000 5.000000 5.000000 6.000000 12.000000 6.000000 4.000000 6.000000 
38.336309 28.249383 0.000000 6.000000 5.000000 8.000000 13.000000 5.000000 2.000000 2.000000 3.000000 4.000000 16.000000 7.000000 10.000000 
37.389873 34.568601 0.000000 11.000000 7.000000 8.000000 12.000000 7.000000 7.000000 5.000000 5.000000 4.000000 7.000000 4.000000 4.000000 
36.221797 44.954304 0.000000 11.000000 4.000000 8.000000 9.000000 4.000000 8.000000 5.000000 4.000000 1.000000 5.000000 13.000000 9.000000 
35.054693 51.666027 0.000000 6.000000 4.000000 5.000000 4.000000 6.000000 5.000000 6.000000 5.000000 4.000000 12.000000 6.000000 18.000000 
34.789140 58.328080 0.000000 17.000000 5.000000 5.000000 7.000000 4.000000 2.000000 3.000000 3.000000 2.000000 7.000000 8.000000 18.000000 
34.616328 67.064366 0.000000 21.000000 4.000000 7.000000 22.000000 4.000000 4.000000 2.000000 2.000000 1.000000 3.000000 5.000000 6.000000 
33.909237 77.199980 0.000000 9.000000 3.000000 5.000000 4.000000 4.000000 4.000000 4.000000 2.000000 5.000000 22.000000 8.000000 11.000000 
35.788698 84.312717 0.000000 17.000000 8.000000 6.000000 9.000000 8.000000 10.000000 4.000000 0.000000 0.000000 1.000000 6.000000 12.000000 
40.815919 94.860176 0.000000 9.000000 0.000000 3.000000 22.000000 3.000000 1.000000 5.000000 3.000000 5.000000 8.000000 11.000000 11.000000 
40.990258 102.771316 0.000000 22.000000 5.000000 5.000000 6.000000 8.000000 5.000000 3.000000 3.000000 1.000000 6.000000 5.000000 12.000000 
38.734543 110.667965 0.000000 7.000000 2.000000 3.000000 3.000000 5.000000 5.000000 5.000000 4.000000 7.000000 12.000000 4.000000 24.000000 
38.000000 116.959625 0.000000 12.000000 5.000000 5.000000 8.000000 4.000000 13.000000 7.000000 2.000000 9.000000 7.000000 4.000000 5.000000 
36.680505 124.694075 0.000000 19.000000 6.000000 6.000000 1.000000 6.000000 5.000000 7.000000 5.000000 6.000000 5.000000 7.000000 8.000000 
36.000000 134.775144 0.000000 13.000000 4.000000 6.000000 13.000000 4.000000 4.000000 4.000000 5.000000 6.000000 4.000000 13.000000 5.000000 
35.568572 142.528196 0.000000 5.000000 5.000000 5.000000 12.000000 5.000000 4.000000 5.000000 6.000000 8.000000 15.000000 2.000000 9.000000 
35.715338 147.073789 0.000000 15.000000 7.000000 5.000000 9.000000 5.000000 1.000000 6.000000 3.000000 3.000000 11.000000 9.000000 7.000000 
37.677587 155.687440 0.000000 6.000000 5.000000 4.000000 13.000000 5.000000 3.000000 6.000000 6.000000 9.000000 11.000000 6.000000 7.000000 
35.710089 165.036323 0.000000 25.000000 6.000000 7.000000 4.000000 5.000000 4.000000 3.000000 4.000000 7.000000 4.000000 3.000000 9.000000 
36.610047 172.408065 0.000000 13.000000 13.000000 4.000000 7.000000 5.000000 3.000000 5.000000 6.000000 7.000000 11.000000 3.000000 4.000000 
38.080048 180.114308 0.000000 14.000000 16.000000 6.000000 3.000000 2.000000 6.000000 1.000000 2.000000 4.000000 15.000000 12.000000 0.000000 
36.975395 191.065338 0.000000 7.000000 5.000000 6.000000 19.000000 6.000000 4.000000 3.000000 5.000000 7.000000 7.000000 5.000000 7.000000 
38.029165 197.903300 0.000000 7.000000 7.000000 6.000000 13.000000 4.000000 6.000000 5.000000 6.000000 6.000000 8.000000 4.000000 9.000000 
37.398009 203.775641 0.000000 8.000000 8.000000 9.000000 7.000000 6.000000 5.000000 5.000000 2.000000 5.000000 14.000000 8.000000 4.000000 
36.708855 211.647065 0.000000 1.000000 8.000000 7.000000 6.000000 4.000000 5.000000 2.000000 5.000000 6.000000 14.000000 8.000000 15.000000 
32.535906 220.230516 0.000000 10.000000 9.000000 5.000000 4.000000 2.000000 5.000000 5.000000 4.000000 2.000000 18.000000 6.000000 11.000000 
32.607099 227.689680 0.000000 16.000000 6.000000 11.000000 7.000000 4.000000 2.000000 3.000000 2.000000 2.000000 6.000000 14.000000 8.000000 
35.414216 237.074189 27.000000 7.000000 2.000000 3.000000 6.000000 3.000000 2.000000 3.000000 2.000000 0.000000 5.000000 5.000000 7.000000 
43.071517 4.436544 27.000000 17.000000 6.000000 1.000000 8.000000 5.000000 4.000000 3.000000 1.000000 3.000000 4.000000 1.000000 1.000000 
42.919249 10.959624 0.000000 28.000000 6.000000 0.000000 6.000000 5.000000 5.000000 4.000000 1.000000 3.000000 9.000000 7.000000 7.000000 
41.988661 17.501680 0.000000 27.000000 10.000000 1.000000 10.000000 6.000000 3.000000 1.000000 2.000000 6.000000 5.000000 5.000000 5.000000 
43.865846 25.682732 0.000000 6.000000 12.000000 4.000000 5.000000 2.000000 2.000000 10.000000 8.000000 6.000000 12.000000 5.000000 9.000000 
46.816337 33.961524 0.000000 8.000000 4.000000 6.000000 3.000000 4.000000 4.000000 10.000000 8.000000 5.000000 8.000000 7.000000 14.000000 
43.630349 44.406881 0.000000 15.000000 4.000000 6.000000 6.000000 7.000000 9.000000 6.000000 5.000000 7.000000 3.000000 6.000000 7.000000 
43.677587 56.040185 0.000000 5.000000 6.000000 5.000000 8.000000 4.000000 13.000000 17.000000 7.000000 4.000000 3.000000 4.000000 5.000000 
42.586825 61.924016 0.000000 4.000000 9.000000 8.000000 5.000000 4.000000 12.000000 14.000000 8.000000 4.000000 4.000000 3.000000 6.000000 
43.322413 65.856160 0.000000 10.000000 5.000000 4.000000 2.000000 5.000000 13.000000 9.000000 12.000000 3.000000 9.000000 3.000000 6.000000 
43.579384 77.701762 0.000000 11.000000 8.000000 5.000000 5.000000 5.000000 5.000000 2.000000 2.000000 5.000000 18.000000 9.000000 6.000000 
42.495334 86.684934 0.000000 12.000000 4.000000 5.000000 6.000000 2.000000 5.000000 3.000000 3.000000 2.000000 9.000000 12.000000 18.000000 
44.519376 93.945956 0.000000 5.000000 0.000000 3.000000 35.000000 5.000000 2.000000 0.000000 0.000000 2.000000 6.000000 10.000000 13.000000 
45.133003 97.133003 0.000000 7.000000 0.000000 1.000000 28.000000 4.000000 2.000000 0.000000 2.000000 1.000000 11.000000 13.000000 12.000000 
46.529569 109.276641 0.000000 11.000000 5.000000 6.000000 15.000000 6.000000 3.000000 6.000000 3.000000 3.000000 8.000000 3.000000 12.000000 
44.915506 115.461202 0.000000 16.000000 2.000000 5.000000 15.000000 5.000000 10.000000 6.000000 2.000000 4.000000 4.000000 5.000000 7.000000 
44.904664 123.920087 0.000000 12.000000 3.000000 7.000000 8.000000 4.000000 4.000000 7.000000 2.000000 9.000000 6.000000 9.000000 10.000000 
44.000000 133.948166 0.000000 8.000000 5.000000 5.000000 20.000000 10.000000 2.000000 3.000000 6.000000 3.000000 3.000000 7.000000 9.000000 
44.334296 138.590923 0.000000 8.000000 3.000000 6.000000 20.000000 6.000000 0.000000 3.000000 1.000000 3.000000 3.000000 9.000000 19.000000 
43.687787 145.377468 0.000000 13.000000 2.000000 4.000000 19.000000 4.000000 1.000000 3.000000 1.000000 3.000000 8.000000 9.000000 14.000000 
46.640795 156.091045 0.000000 7.000000 3.000000 9.000000 11.000000 2.000000 3.000000 1.000000 2.000000 9.000000 10.000000 5.000000 19.000000 
48.230023 165.365028 0.000000 26.000000 7.000000 7.000000 6.000000 7.000000 5.000000 5.000000 2.000000 4.000000 5.000000 6.000000 1.000000 
46.636346 172.000000 0.000000 22.000000 8.000000 6.000000 2.000000 4.000000 6.000000 6.000000 4.000000 1.000000 8.000000 6.000000 8.000000 
45.128761 180.000000 0.000000 8.000000 14.000000 8.000000 2.000000 4.000000 6.000000 6.000000 8.000000 9.000000 8.000000 2.000000 6.000000 
47.343533 189.585600 0.000000 6.000000 7.000000 10.000000 8.000000 1.000000 3.000000 4.000000 13.000000 14.000000 3.000000 8.000000 4.000000 
44.713068 199.000000 0.000000 7.000000 0.000000 10.000000 10.000000 3.000000 4.000000 5.000000 3.000000 4.000000 25.000000 6.000000 4.000000 
45.162762 204.369619 0.000000 10.000000 5.000000 5.000000 8.000000 6.000000 4.000000 3.000000 2.000000 3.000000 23.000000 9.000000 3.000000 
44.989571 211.767216 0.000000 7.000000 12.000000 11.000000 4.000000 3.000000 10.000000 5.000000 1.000000 2.000000 7.000000 7.000000 12.000000 
42.541217 219.774738 0.000000 16.000000 4.000000 4.000000 5.000000 2.000000 5.000000 7.000000 4.000000 8.000000 16.000000 3.000000 7.000000 
42.559000 228.590964 0.000000 23.000000 8.000000 6.000000 10.000000 8.000000 7.000000 7.000000 3.000000 3.000000 2.000000 0.000000 4.000000 
44.000000 237.365028 27.000000 13.000000 1.000000 0.000000 1.000000 3.000000 2.000000 4.000000 4.000000 2.000000 5.000000 7.000000 3.000000 
52.365028 5.365028 27.000000 16.000000 4.000000 1.000000 3.000000 3.000000 7.000000 2.000000 2.000000 3.000000 3.000000 5.000000 5.000000 
54.221487 12.064855 0.000000 10.000000 12.000000 7.000000 8.000000 6.000000 9.000000 3.000000 3.000000 3.000000 6.000000 5.000000 9.000000 
57.198419 19.948651 0.000000 13.000000 11.000000 4.000000 11.000000 6.000000 3.000000 1.000000 4.000000 1.000000 11.000000 13.000000 3.000000 
56.922147 26.902542 0.000000 12.000000 12.000000 9.000000 9.000000 3.000000 2.000000 4.000000 7.000000 2.000000 7.000000 9.000000 5.000000 
56.682778 34.973679 0.000000 7.000000 6.000000 5.000000 4.000000 5.000000 5.000000 7.000000 2.000000 2.000000 18.000000 11.000000 9.000000 
53.447819 46.464982 0.000000 14.000000 9.000000 3.000000 11.000000 1.000000 3.000000 2.000000 1.000000 1.000000 20.000000 12.000000 4.000000 
52.000000 54.800370 0.000000 20.000000 12.000000 4.000000 5.000000 3.000000 3.000000 5.000000 5.000000 2.000000 6.000000 9.000000 7.000000 
52.000000 60.720550 0.000000 4.000000 7.000000 4.000000 16.000000 2.000000 2.000000 9.000000 8.000000 7.000000 9.000000 7.000000 6.000000 
50.902240 65.582485 0.000000 13.000000 14.000000 5.000000 5.000000 5.000000 3.000000 6.000000 0.000000 5.000000 8.000000 6.000000 11.000000 
48.353219 74.363072 0.000000 13.000000 3.000000 3.000000 1.000000 5.000000 6.000000 1.000000 9.000000 6.000000 18.000000 8.000000 8.000000 
50.053619 84.687440 0.000000 6.000000 4.000000 7.000000 15.000000 7.000000 5.000000 6.000000 10.000000 3.000000 4.000000 6.000000 8.000000 
50.912350 91.857766 0.000000 6.000000 3.000000 5.000000 9.000000 5.000000 6.000000 2.000000 9.000000 7.000000 9.000000 8.000000 12.000000 
49.413175 97.537229 0.000000 6.000000 1.000000 3.000000 23.000000 6.000000 5.000000 1.000000 4.000000 2.000000 5.000000 11.000000 14.000000 
52.591983 107.601836 0.000000 12.000000 9.000000 5.000000 13.000000 2.000000 5.000000 6.000000 6.000000 3.000000 3.000000 3.000000 14.000000 
50.955950 117.687440 0.000000 5.000000 2.000000 6.000000 6.000000 1.000000 4.000000 10.000000 10.000000 5.000000 8.000000 15.000000 9.000000 
52.000000 125.689680 0.000000 14.000000 6.000000 13.000000 7.000000 6.000000 4.000000 3.000000 2.000000 1.000000 4.000000 10.000000 11.000000 
52.010345 133.298656 0.000000 12.000000 1.000000 8.000000 6.000000 5.000000 5.000000 6.000000 3.000000 3.000000 4.000000 8.000000 20.000000 
53.000000 139.689680 0.000000 15.000000 5.000000 4.000000 9.000000 4.000000 4.000000 5.000000 1.000000 5.000000 7.000000 10.000000 12.000000 
53.649537 148.322241 0.000000 22.000000 3.000000 6.000000 14.000000 5.000000 6.000000 2.000000 0.000000 1.000000 1.000000 10.000000 11.000000 
57.000000 155.689680 0.000000 21.000000 8.000000 5.000000 5.000000 2.000000 3.000000 1.000000 3.000000 7.000000 7.000000 7.000000 12.000000 
53.847630 165.077094 0.000000 28.000000 6.000000 7.000000 1.000000 4.000000 8.000000 6.000000 3.000000 2.000000 4.000000 6.000000 6.000000 
52.416858 171.951852 0.000000 27.000000 3.000000 8.000000 1.000000 2.000000 1.000000 4.000000 6.000000 5.000000 12.000000 10.000000 2.000000 
53.718117 179.011939 0.000000 11.000000 11.000000 9.000000 6.000000 1.000000 3.000000 1.000000 4.000000 9.000000 10.000000 12.000000 4.000000 
53.352141 187.687440 0.000000 7.000000 20.000000 9.000000 13.000000 2.000000 3.000000 2.000000 7.000000 4.000000 6.000000 6.000000 2.000000 
51.943637 197.820711 0.000000 8.000000 2.000000 8.000000 7.000000 6.000000 3.000000 7.000000 1.000000 8.000000 18.000000 9.000000 4.000000 
57.031492 203.507185 0.000000 8.000000 9.000000 8.000000 6.000000 1.000000 5.000000 2.000000 2.000000 2.000000 12.000000 14.000000 12.000000 
52.406034 210.649752 0.000000 8.000000 6.000000 4.000000 6.000000 3.000000 2.000000 5.000000 8.000000 6.000000 12.000000 9.000000 12.000000 
49.236061 220.966116 0.000000 15.000000 7.000000 5.000000 10.000000 6.000000 5.000000 8.000000 4.000000 6.000000 2.000000 7.000000 6.000000 
50.000000 227.689680 0.000000 18.000000 5.000000 5.000000 4.000000 1.000000 8.000000 6.000000 7.000000 4.000000 8.000000 5.000000 10.000000 
51.709161 236.711588 27.000000 7.000000 4.000000 4.000000 5.000000 2.000000 3.000000 3.000000 2.000000 2.000000 4.000000 6.000000 3.000000 
60.000000 5.324652 39.000000 14.000000 4.000000 3.000000 0.000000 1.000000 1.000000 2.000000 2.000000 0.000000 1.000000 7.000000 7.000000 
60.000000 13.324652 18.000000 9.000000 7.000000 5.000000 10.000000 2.000000 3.000000 4.000000 4.000000 3.000000 5.000000 6.000000 5.000000 
61.564962 21.814083 18.000000 14.000000 7.000000 2.000000 7.000000 5.000000 6.000000 3.000000 1.000000 1.000000 6.000000 8.000000 3.000000 
61.095240 28.806771 18.000000 8.000000 7.000000 6.000000 7.000000 5.000000 5.000000 4.000000 2.000000 3.000000 10.000000 4.000000 2.000000 
61.550498 36.343111 18.000000 8.000000 4.000000 4.000000 1.000000 4.000000 3.000000 4.000000 3.000000 5.000000 12.000000 10.000000 5.000000 
60.000000 45.734700 18.000000 5.000000 1.000000 0.000000 0.000000 4.000000 10.000000 8.000000 4.000000 7.000000 16.000000 3.000000 5.000000 
60.000000 53.324652 18.000000 7.000000 7.000000 4.000000 4.000000 5.000000 6.000000 11.000000 5.000000 5.000000 3.000000 3.000000 3.000000 
60.000000 61.324652 18.000000 2.000000 5.000000 6.000000 3.000000 3.000000 9.000000 5.000000 7.000000 7.000000 11.000000 3.000000 2.000000 
60.000000 69.002590 18.000000 6.000000 2.000000 3.000000 7.000000 8.000000 12.000000 13.000000 8.000000 1.000000 0.000000 1.000000 2.000000 
59.504271 77.060637 18.000000 5.000000 2.000000 3.000000 5.000000 4.000000 9.000000 18.000000 7.000000 0.000000 0.000000 5.000000 5.000000 
59.702493 85.027146 18.000000 7.000000 4.000000 4.000000 0.000000 4.000000 6.000000 9.000000 10.000000 3.000000 5.000000 6.000000 5.000000 
60.000000 93.324652 18.000000 10.000000 5.000000 4.000000 5.000000 4.000000 5.000000 6.000000 9.000000 3.000000 2.000000 2.000000 8.000000 
59.469218 100.793870 18.000000 4.000000 11.000000 5.000000 3.000000 4.000000 7.000000 10.000000 6.000000 3.000000 3.000000 4.000000 3.000000 
60.000000 109.324652 18.000000 8.000000 2.000000 7.000000 4.000000 2.000000 7.000000 5.000000 5.000000 4.000000 8.000000 6.000000 5.000000 
60.000000 117.324652 18.000000 8.000000 1.000000 4.000000 5.000000 5.000000 10.000000 5.000000 4.000000 5.000000 3.000000 7.000000 6.000000 
59.632503 125.324652 18.000000 5.000000 5.000000 6.000000 4.000000 4.000000 8.000000 5.000000 5.000000 2.000000 6.000000 8.000000 5.000000 
60.000000 133.324652 18.000000 11.000000 2.000000 10.000000 1.000000 5.000000 7.000000 1.000000 2.000000 0.000000 0.000000 9.000000 15.000000 
60.000000 141.324652 18.000000 11.000000 6.000000 3.000000 1.000000 5.000000 1.000000 4.000000 4.000000 5.000000 4.000000 4.000000 15.000000 
60.000000 149.324652 18.000000 11.000000 3.000000 11.000000 7.000000 4.000000 5.000000 1.000000 3.000000 1.000000 3.000000 2.000000 12.000000 
62.046200 156.865029 18.000000 20.000000 3.000000 1.000000 2.000000 3.000000 2.000000 1.000000 6.000000 6.000000 3.000000 6.000000 10.000000 
60.000000 165.324652 18.000000 15.000000 8.000000 4.000000 3.000000 4.000000 7.000000 1.000000 4.000000 1.000000 2.000000 3.000000 11.000000 
60.000000 173.324652 18.000000 12.000000 4.000000 4.000000 5.000000 2.000000 4.000000 4.000000 1.000000 3.000000 9.000000 7.000000 8.000000 
60.000000 181.324652 18.000000 15.000000 10.000000 5.000000 2.000000 1.000000 2.000000 4.000000 5.000000 6.000000 6.000000 2.000000 5.000000 
60.442034 188.882619 18.000000 5.000000 17.000000 3.000000 4.000000 1.000000 4.000000 3.000000 4.000000 3.000000 4.000000 13.000000 2.000000 
59.700123 197.324652 18.000000 1.000000 9.000000 11.000000 16.000000 0.000000 1.000000 2.000000 5.000000 4.000000 6.000000 7.000000 1.000000 
62.001232 205.324652 18.000000 8.000000 5.000000 2.000000 5.000000 1.000000 5.000000 2.000000 4.000000 2.000000 7.000000 11.000000 11.000000 
60.329841 212.994812 18.000000 3.000000 2.000000 7.000000 9.000000 6.000000 5.000000 6.000000 7.000000 3.000000 1.000000 3.000000 11.000000 
59.726277 221.598376 18.000000 4.000000 4.000000 5.000000 5.000000 6.000000 5.000000 0.000000 7.000000 6.000000 5.000000 7.000000 9.000000 
59.718211 228.608737 18.000000 16.000000 5.000000 3.000000 7.000000 3.000000 3.000000 2.000000 1.000000 2.000000 5.000000 8.000000 8.000000 
60.000000 236.000000 35.000000 4.000000 1.000000 1.000000 2.000000 1.000000 0.000000 2.000000 1.000000 3.000000 5.000000 6.000000 2.000000 
