240
5.000000 5.689680 39.000000 1.000000 0.000000 3.000000 1.000000 0.000000 0.000000 0.000000 0.000000 1.000000 9.000000 5.000000 4.000000 
3.093197 13.814593 27.000000 11.000000 3.000000 3.000000 2.000000 0.000000 1.000000 2.000000 1.000000 1.000000 2.000000 3.000000 7.000000 
3.586825 20.545835 27.000000 8.000000 7.000000 0.000000 3.000000 2.000000 4.000000 1.000000 3.000000 2.000000 3.000000 0.000000 3.000000 
2.711526 29.324652 27.000000 9.000000 0.000000 3.000000 1.000000 1.000000 1.000000 0.000000 2.000000 4.000000 10.000000 4.000000 1.000000 
4.322413 37.002240 27.000000 7.000000 5.000000 6.000000 3.000000 2.000000 3.000000 1.000000 2.000000 1.000000 3.000000 3.000000 0.000000 
4.324652 45.324652 27.000000 6.000000 6.000000 4.000000 6.000000 2.000000 0.000000 0.000000 4.000000 1.000000 1.000000 3.000000 3.000000 
3.586825 52.911477 27.000000 7.000000 3.000000 4.000000 2.000000 2.000000 1.000000 2.000000 1.000000 3.000000 4.000000 2.000000 5.000000 
4.000000 61.689680 27.000000 4.000000 7.000000 3.000000 10.000000 0.000000 3.000000 1.000000 1.000000 0.000000 1.000000 3.000000 3.000000 
2.733630 68.911477 27.000000 7.000000 1.000000 4.000000 6.000000 1.000000 0.000000 0.000000 1.000000 0.000000 5.000000 5.000000 6.000000 
4.322413 77.002240 27.000000 7.000000 3.000000 5.000000 4.000000 0.000000 0.000000 2.000000 1.000000 1.000000 3.000000 6.000000 4.000000 
4.324652 85.324652 27.000000 1.000000 4.000000 3.000000 7.000000 2.000000 2.000000 0.000000 0.000000 1.000000 6.000000 6.000000 4.000000 
2.241804 92.497717 27.000000 12.000000 0.000000 0.000000 1.000000 1.000000 1.000000 2.000000 4.000000 1.000000 10.000000 2.000000 2.000000 
3.959897 101.689408 27.000000 3.000000 2.000000 3.000000 5.000000 1.000000 0.000000 2.000000 5.000000 0.000000 3.000000 3.000000 9.000000 
4.000000 108.959625 27.000000 4.000000 5.000000 3.000000 6.000000 0.000000 0.000000 0.000000 1.000000 0.000000 3.000000 2.000000 12.000000 
4.635368 117.647065 27.000000 5.000000 2.000000 6.000000 7.000000 1.000000 0.000000 0.000000 0.000000 0.000000 5.000000 6.000000 4.000000 
4.273776 125.963456 27.000000 10.000000 0.000000 3.000000 7.000000 0.000000 0.000000 0.000000 2.000000 1.000000 8.000000 4.000000 1.000000 
4.308624 132.377256 27.000000 6.000000 8.000000 3.000000 5.000000 1.000000 0.000000 2.000000 1.000000 1.000000 4.000000 4.000000 1.000000 
5.257315 139.886304 27.000000 10.000000 4.000000 3.000000 4.000000 0.000000 0.000000 1.000000 2.000000 1.000000 6.000000 3.000000 2.000000 
4.299735 148.659890 27.000000 9.000000 2.000000 3.000000 9.000000 1.000000 1.000000 0.000000 3.000000 3.000000 2.000000 2.000000 1.000000 
3.942681 158.026298 27.000000 1.000000 0.000000 5.000000 1.000000 2.000000 1.000000 3.000000 1.000000 2.000000 2.000000 2.000000 16.000000 
4.324652 165.324652 27.000000 6.000000 3.000000 0.000000 6.000000 2.000000 1.000000 1.000000 1.000000 1.000000 2.000000 4.000000 9.000000 
4.900587 172.424066 27.000000 10.000000 0.000000 0.000000 1.000000 0.000000 3.000000 6.000000 6.000000 5.000000 2.000000 0.000000 3.000000 
3.127184 180.911477 27.000000 5.000000 12.000000 3.000000 3.000000 0.000000 3.000000 1.000000 0.000000 1.000000 3.000000 2.000000 3.000000 
4.617407 188.707245 27.000000 1.000000 6.000000 6.000000 4.000000 1.000000 0.000000 0.000000 0.000000 1.000000 12.000000 1.000000 4.000000 
4.000000 198.069610 27.000000 1.000000 3.000000 5.000000 4.000000 3.000000 2.000000 3.000000 1.000000 3.000000 7.000000 3.000000 1.000000 
2.553775 205.737828 27.000000 10.000000 4.000000 2.000000 0.000000 0.000000 1.000000 2.000000 4.000000 4.000000 4.000000 2.000000 3.000000 
3.142850 213.324652 27.000000 6.000000 2.000000 3.000000 0.000000 3.000000 4.000000 5.000000 3.000000 2.000000 1.000000 2.000000 5.000000 
3.934887 220.563415 27.000000 5.000000 4.000000 0.000000 3.000000 2.000000 8.000000 4.000000 3.000000 0.000000 2.000000 3.000000 2.000000 
3.951852 228.196288 27.000000 8.000000 1.000000 4.000000 4.000000 0.000000 1.000000 1.000000 1.000000 4.000000 1.000000 7.000000 4.000000 
5.000000 236.365028 36.000000 2.000000 0.000000 3.000000 4.000000 0.000000 1.000000 0.000000 1.000000 1.000000 3.000000 2.000000 3.000000 
11.230423 5.769577 27.000000 4.000000 3.000000 4.000000 7.000000 7.000000 6.000000 5.000000 3.000000 1.000000 8.000000 3.000000 3.000000 
9.173650 11.732721 0.000000 21.000000 9.000000 7.000000 8.000000 2.000000 3.000000 9.000000 5.000000 5.000000 2.000000 3.000000 7.000000 
10.631101 17.436258 0.000000 10.000000 16.000000 3.000000 2.000000 0.000000 7.000000 7.000000 4.000000 4.000000 8.000000 8.000000 12.000000 
9.413175 28.283572 0.000000 8.000000 7.000000 6.000000 10.000000 1.000000 3.000000 3.000000 6.000000 5.000000 20.000000 7.000000 5.000000 
12.201317 35.413175 0.000000 13.000000 8.000000 7.000000 6.000000 3.000000 3.000000 1.000000 6.000000 5.000000 12.000000 10.000000 7.000000 
12.586825 43.221797 0.000000 9.000000 7.000000 6.000000 6.000000 7.000000 10.000000 9.000000 3.000000 2.000000 5.000000 7.000000 10.000000 
11.324652 51.324652 0.000000 12.000000 6.000000 13.000000 3.000000 4.000000 6.000000 7.000000 3.000000 7.000000 8.000000 4.000000 8.000000 
9.419878 60.586825 0.000000 23.000000 9.000000 4.000000 4.000000 1.000000 4.000000 8.000000 5.000000 4.000000 9.000000 7.000000 3.000000 
9.413175 66.951852 0.000000 11.000000 4.000000 7.000000 10.000000 3.000000 3.000000 2.000000 3.000000 7.000000 18.000000 7.000000 6.000000 
13.414127 75.368646 0.000000 10.000000 8.000000 8.000000 7.000000 7.000000 6.000000 6.000000 4.000000 3.000000 7.000000 8.000000 7.000000 
11.917501 82.551116 0.000000 5.000000 8.000000 3.000000 7.000000 5.000000 12.000000 12.000000 2.000000 1.000000 11.000000 8.000000 7.000000 
8.361195 90.924538 0.000000 23.000000 7.000000 2.000000 8.000000 4.000000 6.000000 7.000000 3.000000 1.000000 11.000000 6.000000 3.000000 
11.729388 99.959833 0.000000 10.000000 3.000000 8.000000 5.000000 2.000000 5.000000 8.000000 2.000000 4.000000 10.000000 15.000000 9.000000 
12.103423 107.031032 0.000000 10.000000 7.000000 5.000000 12.000000 1.000000 3.000000 5.000000 9.000000 4.000000 8.000000 5.000000 12.000000 
13.962302 117.286955 0.000000 3.000000 0.000000 5.000000 10.000000 3.000000 8.000000 15.000000 7.000000 5.000000 17.000000 3.000000 5.000000 
13.750359 124.146638 0.000000 9.000000 7.000000 8.000000 12.000000 1.000000 4.000000 18.000000 5.000000 2.000000 5.000000 5.000000 5.000000 
14.753850 126.995090 0.000000 6.000000 5.000000 5.000000 7.000000 1.000000 2.000000 23.000000 8.000000 2.000000 11.000000 7.000000 4.000000 
18.294787 134.343857 0.000000 6.000000 5.000000 7.000000 5.000000 1.000000 3.000000 3.000000 9.000000 8.000000 22.000000 6.000000 6.000000 
15.141999 147.158625 0.000000 10.000000 5.000000 2.000000 7.000000 4.000000 10.000000 13.000000 9.000000 7.000000 3.000000 7.000000 4.000000 
13.016148 158.651120 0.000000 19.000000 0.000000 4.000000 8.000000 9.000000 6.000000 4.000000 3.000000 3.000000 2.000000 4.000000 19.000000 
14.365310 162.860171 0.000000 19.000000 4.000000 5.000000 21.000000 3.000000 5.000000 2.000000 0.000000 0.000000 1.000000 2.000000 19.000000 
13.897376 169.378047 0.000000 13.000000 6.000000 2.000000 9.000000 0.000000 4.000000 5.000000 4.000000 3.000000 15.000000 6.000000 14.000000 
9.498942 178.983696 0.000000 7.000000 22.000000 6.000000 6.000000 1.000000 9.000000 5.000000 5.000000 3.000000 7.000000 2.000000 8.000000 
12.083548 185.064802 0.000000 8.000000 9.000000 2.000000 11.000000 2.000000 2.000000 7.000000 15.000000 11.000000 6.000000 4.000000 4.000000 
10.835700 199.044687 0.000000 9.000000 9.000000 16.000000 7.000000 2.000000 5.000000 11.000000 5.000000 5.000000 1.000000 6.000000 5.000000 
7.805293 204.586825 0.000000 20.000000 9.000000 8.000000 2.000000 4.000000 1.000000 3.000000 4.000000 8.000000 5.000000 3.000000 14.000000 
10.225157 210.863995 0.000000 10.000000 2.000000 3.000000 1.000000 3.000000 7.000000 8.000000 5.000000 8.000000 13.000000 6.000000 15.000000 
11.459461 216.971364 0.000000 13.000000 4.000000 2.000000 4.000000 4.000000 7.000000 13.000000 5.000000 4.000000 7.000000 7.000000 11.000000 
11.336176 225.623449 0.000000 7.000000 3.000000 4.000000 19.000000 4.000000 3.000000 2.000000 4.000000 2.000000 7.000000 11.000000 15.000000 
12.000000 237.125992 27.000000 10.000000 3.000000 5.000000 2.000000 1.000000 5.000000 4.000000 1.000000 5.000000 3.000000 2.000000 4.000000 
19.586825 4.951852 27.000000 9.000000 4.000000 5.000000 5.000000 2.000000 4.000000 1.000000 3.000000 1.000000 11.000000 5.000000 4.000000 
20.095462 10.489244 0.000000 5.000000 7.000000 11.000000 4.000000 3.000000 3.000000 3.000000 3.000000 2.000000 13.000000 14.000000 13.000000 
22.324652 18.236271 0.000000 7.000000 10.000000 14.000000 10.000000 4.000000 3.000000 5.000000 8.000000 3.000000 5.000000 6.000000 6.000000 
18.717323 30.000000 0.000000 12.000000 8.000000 8.000000 7.000000 10.000000 7.000000 5.000000 2.000000 6.000000 5.000000 6.000000 5.000000 
19.322413 36.715861 0.000000 9.000000 15.000000 12.000000 2.000000 5.000000 8.000000 3.000000 4.000000 4.000000 4.000000 6.000000 9.000000 
19.500883 42.135855 0.000000 15.000000 10.000000 2.000000 5.000000 5.000000 7.000000 5.000000 2.000000 6.000000 5.000000 9.000000 10.000000 
19.900524 52.365028 0.000000 15.000000 7.000000 7.000000 6.000000 2.000000 4.000000 4.000000 4.000000 6.000000 12.000000 7.000000 7.000000 
16.714653 59.370272 0.000000 21.000000 5.000000 3.000000 4.000000 4.000000 4.000000 8.000000 6.000000 1.000000 6.000000 9.000000 10.000000 
19.698244 69.786408 0.000000 1.000000 3.000000 4.000000 12.000000 13.000000 10.000000 10.000000 5.000000 4.000000 3.000000 5.000000 11.000000 
21.976021 75.780766 0.000000 11.000000 9.000000 7.000000 4.000000 4.000000 0.000000 5.000000 7.000000 9.000000 9.000000 7.000000 9.000000 
21.953585 82.931262 0.000000 14.000000 5.000000 8.000000 14.000000 4.000000 3.000000 4.000000 1.000000 5.000000 12.000000 7.000000 4.000000 
21.584399 93.367069 0.000000 20.000000 5.000000 2.000000 5.000000 8.000000 5.000000 8.000000 4.000000 4.000000 5.000000 7.000000 8.000000 
22.330759 98.504409 0.000000 15.000000 9.000000 10.000000 5.000000 9.000000 5.000000 6.000000 4.000000 2.000000 4.000000 5.000000 7.000000 
19.909237 105.909237 0.000000 8.000000 12.000000 10.000000 10.000000 7.000000 5.000000 3.000000 1.000000 0.000000 8.000000 8.000000 9.000000 
19.440627 114.917713 0.000000 14.000000 3.000000 5.000000 7.000000 3.000000 3.000000 8.000000 5.000000 4.000000 12.000000 3.000000 14.000000 
21.469052 123.461741 0.000000 18.000000 6.000000 7.000000 13.000000 2.000000 4.000000 5.000000 3.000000 3.000000 4.000000 6.000000 10.000000 
18.648691 131.079445 0.000000 6.000000 8.000000 9.000000 5.000000 1.000000 3.000000 2.000000 4.000000 2.000000 27.000000 6.000000 8.000000 
23.571665 139.296217 0.000000 4.000000 2.000000 9.000000 12.000000 5.000000 7.000000 8.000000 5.000000 3.000000 8.000000 6.000000 12.000000 
25.051722 154.898199 0.000000 8.000000 10.000000 9.000000 6.000000 1.000000 2.000000 3.000000 1.000000 3.000000 28.000000 6.000000 4.000000 
22.506227 159.682731 0.000000 4.000000 7.000000 16.000000 8.000000 4.000000 2.000000 1.000000 4.000000 5.000000 19.000000 7.000000 4.000000 
19.828500 163.605149 0.000000 13.000000 4.000000 8.000000 9.000000 6.000000 3.000000 4.000000 2.000000 3.000000 11.000000 7.000000 11.000000 
17.428050 175.094688 0.000000 16.000000 8.000000 9.000000 10.000000 1.000000 4.000000 13.000000 8.000000 0.000000 4.000000 4.000000 4.000000 
14.136042 181.266522 0.000000 6.000000 9.000000 8.000000 22.000000 2.000000 0.000000 2.000000 3.000000 2.000000 9.000000 9.000000 9.000000 
16.826745 186.690187 0.000000 9.000000 9.000000 3.000000 24.000000 8.000000 2.000000 1.000000 5.000000 2.000000 2.000000 9.000000 7.000000 
19.694535 198.930608 0.000000 7.000000 5.000000 16.000000 3.000000 3.000000 4.000000 1.000000 5.000000 4.000000 20.000000 8.000000 5.000000 
19.513620 202.915675 0.000000 11.000000 12.000000 6.000000 3.000000 3.000000 4.000000 2.000000 4.000000 3.000000 13.000000 7.000000 13.000000 
22.416021 210.852947 0.000000 9.000000 2.000000 9.000000 16.000000 8.000000 4.000000 4.000000 4.000000 4.000000 4.000000 3.000000 14.000000 
21.632311 218.275479 0.000000 6.000000 7.000000 12.000000 16.000000 7.000000 2.000000 4.000000 4.000000 7.000000 5.000000 3.000000 8.000000 
20.671847 226.289605 0.000000 15.000000 8.000000 4.000000 2.000000 2.000000 2.000000 3.000000 2.000000 7.000000 14.000000 10.000000 12.000000 
20.000000 237.365028 27.000000 15.000000 3.000000 6.000000 4.000000 1.000000 4.000000 3.000000 3.000000 1.000000 3.000000 1.000000 1.000000 
28.767546 5.365028 27.000000 9.000000 7.000000 1.000000 1.000000 7.000000 5.000000 2.000000 6.000000 4.000000 4.000000 2.000000 6.000000 
30.365028 11.924304 0.000000 12.000000 6.000000 6.000000 7.000000 5.000000 3.000000 5.000000 7.000000 6.000000 8.000000 5.000000 11.000000 
28.479151 18.909237 0.000000 14.000000 2.000000 1.000000 12.000000 6.000000 4.000000 5.000000 10.000000 4.000000 14.000000 4.000000 5.000000 
26.413175 25.802496 0.000000 10.000000 2.000000 4.000000 4.000000 6.000000 3.000000 3.000000 10.000000 3.000000 18.000000 9.000000 9.000000 
27.846325 34.239756 0.000000 8.000000 7.000000 5.000000 11.000000 5.000000 6.000000 5.000000 2.000000 4.000000 7.000000 9.000000 12.000000 
26.582102 42.906754 0.000000 13.000000 6.000000 6.000000 13.000000 5.000000 5.000000 1.000000 1.000000 5.000000 12.000000 8.000000 6.000000 
28.051201 50.964150 0.000000 9.000000 9.000000 11.000000 12.000000 9.000000 1.000000 2.000000 1.000000 4.000000 13.000000 5.000000 5.000000 
27.814119 56.728717 0.000000 13.000000 9.000000 7.000000 5.000000 1.000000 3.000000 4.000000 1.000000 7.000000 16.000000 9.000000 6.000000 
27.684121 68.428575 0.000000 7.000000 4.000000 6.000000 16.000000 7.000000 4.000000 3.000000 9.000000 6.000000 13.000000 3.000000 3.000000 
28.685837 75.787792 0.000000 15.000000 6.000000 8.000000 4.000000 6.000000 4.000000 3.000000 7.000000 5.000000 6.000000 8.000000 9.000000 
29.396300 85.000000 0.000000 9.000000 8.000000 5.000000 10.000000 4.000000 4.000000 5.000000 3.000000 6.000000 15.000000 5.000000 7.000000 
29.326782 92.307507 0.000000 14.000000 6.000000 7.000000 6.000000 4.000000 2.000000 6.000000 3.000000 3.000000 16.000000 6.000000 8.000000 
29.731595 102.117407 0.000000 17.000000 8.000000 8.000000 6.000000 5.000000 7.000000 3.000000 3.000000 1.000000 6.000000 5.000000 12.000000 
29.349096 109.706158 0.000000 5.000000 4.000000 4.000000 6.000000 2.000000 7.000000 5.000000 8.000000 5.000000 9.000000 16.000000 10.000000 
32.076920 118.365028 0.000000 14.000000 6.000000 10.000000 5.000000 4.000000 4.000000 6.000000 4.000000 4.000000 12.000000 7.000000 5.000000 
33.604236 124.129228 0.000000 15.000000 10.000000 7.000000 10.000000 2.000000 5.000000 9.000000 2.000000 4.000000 12.000000 5.000000 0.000000 
29.665417 130.563167 0.000000 6.000000 12.000000 3.000000 10.000000 3.000000 7.000000 7.000000 2.000000 4.000000 15.000000 6.000000 6.000000 
29.948115 140.981918 0.000000 5.000000 4.000000 2.000000 11.000000 1.000000 6.000000 9.000000 10.000000 10.000000 14.000000 3.000000 6.000000 
30.367903 153.251142 0.000000 2.000000 7.000000 8.000000 15.000000 3.000000 3.000000 1.000000 3.000000 4.000000 27.000000 4.000000 4.000000 
23.155012 155.130452 0.000000 8.000000 10.000000 9.000000 6.000000 0.000000 3.000000 1.000000 2.000000 3.000000 30.000000 5.000000 4.000000 
25.902867 163.680271 0.000000 9.000000 8.000000 6.000000 13.000000 8.000000 5.000000 4.000000 4.000000 7.000000 7.000000 3.000000 7.000000 
27.281380 172.946584 0.000000 4.000000 2.000000 6.000000 5.000000 11.000000 11.000000 11.000000 3.000000 1.000000 20.000000 5.000000 2.000000 
27.119203 180.462273 0.000000 13.000000 6.000000 6.000000 13.000000 9.000000 5.000000 5.000000 4.000000 3.000000 4.000000 5.000000 8.000000 
29.124061 191.794768 0.000000 13.000000 7.000000 3.000000 9.000000 5.000000 0.000000 5.000000 3.000000 11.000000 13.000000 4.000000 8.000000 
29.000000 201.449253 0.000000 5.000000 8.000000 7.000000 32.000000 3.000000 2.000000 6.000000 2.000000 2.000000 5.000000 3.000000 6.000000 
28.587898 206.262392 0.000000 5.000000 7.000000 4.000000 15.000000 3.000000 5.000000 6.000000 2.000000 6.000000 17.000000 4.000000 7.000000 
29.691112 211.387344 0.000000 24.000000 2.000000 7.000000 9.000000 6.000000 1.000000 1.000000 1.000000 2.000000 5.000000 6.000000 17.000000 
29.311464 220.096933 0.000000 11.000000 11.000000 9.000000 10.000000 7.000000 3.000000 4.000000 3.000000 3.000000 8.000000 6.000000 6.000000 
28.892774 228.647065 0.000000 13.000000 10.000000 4.000000 9.000000 3.000000 1.000000 5.000000 6.000000 7.000000 5.000000 9.000000 9.000000 
28.000000 237.365028 27.000000 10.000000 2.000000 6.000000 6.000000 3.000000 3.000000 4.000000 3.000000 1.000000 1.000000 2.000000 4.000000 
36.000000 5.689680 27.000000 18.000000 8.000000 2.000000 5.000000 3.000000 3.000000 2.000000 2.000000 2.000000 3.000000 1.000000 5.000000 
37.403593 13.322413 0.000000 13.000000 15.000000 3.000000 12.000000 3.000000 2.000000 0.000000 4.000000 5.000000 11.000000 7.000000 6.000000 
37.862919 19.671633 0.000000 7.000000 6.000000 3.000000 9.000000 6.000000 5.000000 7.000000 4.000000 3.000000 22.000000 6.000000 3.000000 
36.486869 25.990649 0.000000 9.000000 8.000000 7.000000 13.000000 4.000000 6.000000 8.000000 3.000000 4.000000 7.000000 7.000000 5.000000 
38.233521 36.650383 0.000000 16.000000 7.000000 6.000000 9.000000 0.000000 2.000000 3.000000 6.000000 6.000000 12.000000 5.000000 9.000000 
39.470725 45.173650 0.000000 9.000000 9.000000 4.000000 12.000000 9.000000 4.000000 5.000000 3.000000 4.000000 3.000000 7.000000 12.000000 
39.761110 49.805647 0.000000 3.000000 5.000000 2.000000 14.000000 8.000000 9.000000 3.000000 7.000000 10.000000 4.000000 8.000000 8.000000 
39.763504 57.264545 0.000000 6.000000 6.000000 4.000000 3.000000 6.000000 11.000000 14.000000 9.000000 5.000000 12.000000 1.000000 4.000000 
38.244476 69.125625 0.000000 8.000000 3.000000 10.000000 2.000000 2.000000 10.000000 4.000000 10.000000 8.000000 18.000000 4.000000 2.000000 
37.275109 76.365028 0.000000 12.000000 13.000000 14.000000 4.000000 5.000000 4.000000 0.000000 7.000000 7.000000 6.000000 4.000000 5.000000 
33.586825 83.951852 0.000000 5.000000 10.000000 4.000000 8.000000 5.000000 7.000000 3.000000 4.000000 5.000000 13.000000 2.000000 15.000000 
35.420126 92.147526 0.000000 6.000000 6.000000 6.000000 11.000000 7.000000 6.000000 6.000000 7.000000 5.000000 7.000000 3.000000 11.000000 
36.000000 102.689680 0.000000 20.000000 5.000000 5.000000 3.000000 1.000000 3.000000 5.000000 5.000000 6.000000 9.000000 8.000000 11.000000 
36.000000 110.106542 0.000000 7.000000 18.000000 7.000000 3.000000 4.000000 5.000000 5.000000 2.000000 3.000000 12.000000 8.000000 7.000000 
37.446953 118.093259 0.000000 16.000000 7.000000 4.000000 5.000000 3.000000 6.000000 10.000000 4.000000 7.000000 12.000000 4.000000 3.000000 
38.353095 122.535538 0.000000 17.000000 6.000000 7.000000 14.000000 4.000000 4.000000 8.000000 4.000000 3.000000 10.000000 4.000000 0.000000 
36.770182 130.443024 0.000000 9.000000 8.000000 4.000000 14.000000 5.000000 2.000000 8.000000 1.000000 2.000000 13.000000 7.000000 8.000000 
32.536760 141.119898 0.000000 7.000000 2.000000 4.000000 25.000000 2.000000 0.000000 6.000000 6.000000 6.000000 13.000000 1.000000 9.000000 
32.853962 144.692479 0.000000 7.000000 7.000000 6.000000 18.000000 0.000000 1.000000 0.000000 1.000000 5.000000 15.000000 12.000000 9.000000 
28.959625 152.000000 0.000000 1.000000 7.000000 11.000000 13.000000 1.000000 5.000000 1.000000 4.000000 4.000000 25.000000 5.000000 4.000000 
34.576094 163.056645 0.000000 11.000000 7.000000 6.000000 10.000000 7.000000 4.000000 2.000000 4.000000 5.000000 9.000000 9.000000 7.000000 
37.625617 172.687440 0.000000 9.000000 12.000000 6.000000 10.000000 5.000000 5.000000 13.000000 2.000000 3.000000 8.000000 4.000000 4.000000 
34.687446 181.970595 0.000000 6.000000 5.000000 6.000000 7.000000 3.000000 10.000000 6.000000 2.000000 4.000000 6.000000 12.000000 14.000000 
35.661286 190.488248 0.000000 5.000000 2.000000 9.000000 17.000000 11.000000 3.000000 5.000000 4.000000 3.000000 8.000000 6.000000 8.000000 
34.994357 199.706886 0.000000 11.000000 3.000000 5.000000 5.000000 3.000000 2.000000 5.000000 4.000000 2.000000 7.000000 24.000000 10.000000 
35.205937 205.499860 0.000000 4.000000 4.000000 8.000000 27.000000 10.000000 5.000000 1.000000 2.000000 4.000000 3.000000 5.000000 8.000000 
39.385516 209.228260 0.000000 8.000000 1.000000 4.000000 20.000000 8.000000 3.000000 4.000000 5.000000 4.000000 4.000000 8.000000 12.000000 
35.499529 221.933865 0.000000 4.000000 3.000000 10.000000 14.000000 5.000000 2.000000 9.000000 6.000000 5.000000 2.000000 9.000000 12.000000 
36.000000 229.689680 0.000000 13.000000 9.000000 9.000000 0.000000 5.000000 3.000000 5.000000 5.000000 5.000000 5.000000 10.000000 12.000000 
35.616884 237.365028 27.000000 10.000000 3.000000 5.000000 5.000000 3.000000 1.000000 4.000000 5.000000 1.000000 0.000000 2.000000 6.000000 
44.812558 5.365028 27.000000 12.000000 3.000000 2.000000 0.000000 1.000000 2.000000 5.000000 6.000000 4.000000 5.000000 7.000000 7.000000 
46.279863 11.950873 0.000000 19.000000 4.000000 6.000000 6.000000 6.000000 5.000000 5.000000 6.000000 1.000000 6.000000 9.000000 8.000000 
48.810598 19.264226 0.000000 22.000000 9.000000 5.000000 5.000000 5.000000 1.000000 6.000000 4.000000 3.000000 6.000000 9.000000 6.000000 
44.316331 28.813338 0.000000 11.000000 4.000000 10.000000 7.000000 1.000000 3.000000 11.000000 8.000000 3.000000 7.000000 9.000000 7.000000 
42.609533 34.799202 0.000000 19.000000 3.000000 9.000000 5.000000 1.000000 3.000000 8.000000 7.000000 6.000000 9.000000 7.000000 4.000000 
42.814567 41.814567 0.000000 20.000000 11.000000 6.000000 9.000000 7.000000 4.000000 3.000000 3.000000 1.000000 2.000000 8.000000 7.000000 
45.126198 50.186619 0.000000 9.000000 6.000000 8.000000 13.000000 2.000000 8.000000 3.000000 6.000000 5.000000 9.000000 4.000000 8.000000 
44.666427 57.408534 0.000000 11.000000 4.000000 3.000000 4.000000 4.000000 7.000000 11.000000 7.000000 3.000000 17.000000 3.000000 7.000000 
43.992302 68.708545 0.000000 15.000000 8.000000 5.000000 5.000000 7.000000 10.000000 3.000000 2.000000 2.000000 8.000000 10.000000 6.000000 
44.749335 77.969294 0.000000 17.000000 5.000000 7.000000 1.000000 4.000000 5.000000 2.000000 6.000000 5.000000 10.000000 9.000000 10.000000 
45.625767 85.654942 0.000000 10.000000 8.000000 3.000000 20.000000 4.000000 5.000000 8.000000 5.000000 1.000000 8.000000 7.000000 2.000000 
47.000000 94.689680 0.000000 11.000000 12.000000 10.000000 8.000000 3.000000 4.000000 2.000000 4.000000 6.000000 7.000000 4.000000 10.000000 
44.405946 101.723260 0.000000 17.000000 11.000000 11.000000 3.000000 1.000000 4.000000 5.000000 5.000000 2.000000 7.000000 4.000000 11.000000 
44.849038 109.625116 0.000000 25.000000 7.000000 2.000000 3.000000 2.000000 6.000000 5.000000 0.000000 2.000000 13.000000 7.000000 9.000000 
44.322413 119.002240 0.000000 13.000000 7.000000 7.000000 16.000000 6.000000 4.000000 8.000000 2.000000 3.000000 8.000000 6.000000 1.000000 
44.832149 126.418760 0.000000 14.000000 1.000000 6.000000 5.000000 2.000000 3.000000 6.000000 4.000000 6.000000 19.000000 6.000000 9.000000 
45.425001 130.264412 0.000000 7.000000 7.000000 6.000000 11.000000 6.000000 4.000000 5.000000 1.000000 4.000000 19.000000 3.000000 8.000000 
44.993335 139.256564 0.000000 10.000000 8.000000 4.000000 3.000000 7.000000 4.000000 3.000000 4.000000 7.000000 10.000000 6.000000 15.000000 
47.687440 147.878728 0.000000 6.000000 9.000000 15.000000 6.000000 3.000000 3.000000 4.000000 3.000000 3.000000 6.000000 9.000000 14.000000 
45.882037 155.605638 0.000000 14.000000 16.000000 4.000000 7.000000 4.000000 9.000000 2.000000 4.000000 1.000000 3.000000 7.000000 10.000000 
46.000000 165.285425 0.000000 7.000000 5.000000 6.000000 6.000000 8.000000 10.000000 16.000000 4.000000 7.000000 5.000000 4.000000 3.000000 
44.769643 172.584827 0.000000 10.000000 5.000000 5.000000 7.000000 3.000000 6.000000 17.000000 7.000000 3.000000 8.000000 4.000000 6.000000 
43.324652 182.324652 0.000000 18.000000 3.000000 10.000000 5.000000 4.000000 2.000000 7.000000 5.000000 3.000000 7.000000 8.000000 9.000000 
42.109428 188.192664 0.000000 21.000000 1.000000 1.000000 12.000000 5.000000 1.000000 6.000000 6.000000 5.000000 2.000000 9.000000 12.000000 
44.400006 197.070491 0.000000 12.000000 4.000000 4.000000 8.000000 6.000000 7.000000 5.000000 3.000000 7.000000 5.000000 9.000000 11.000000 
42.056197 209.022465 0.000000 6.000000 2.000000 7.000000 27.000000 10.000000 3.000000 3.000000 1.000000 5.000000 2.000000 5.000000 10.000000 
43.964605 215.622140 0.000000 4.000000 2.000000 6.000000 22.000000 2.000000 4.000000 3.000000 5.000000 11.000000 12.000000 7.000000 3.000000 
45.195441 220.753943 0.000000 8.000000 5.000000 6.000000 3.000000 2.000000 1.000000 2.000000 6.000000 7.000000 14.000000 14.000000 13.000000 
41.803026 229.737828 0.000000 10.000000 4.000000 11.000000 24.000000 7.000000 2.000000 3.000000 4.000000 5.000000 3.000000 2.000000 6.000000 
44.000000 237.365028 27.000000 7.000000 4.000000 6.000000 4.000000 2.000000 4.000000 3.000000 3.000000 2.000000 2.000000 3.000000 5.000000 
51.202137 5.365028 27.000000 9.000000 7.000000 5.000000 5.000000 1.000000 1.000000 4.000000 0.000000 3.000000 6.000000 11.000000 2.000000 
51.196681 11.568377 0.000000 23.000000 3.000000 10.000000 9.000000 2.000000 3.000000 1.000000 1.000000 1.000000 12.000000 10.000000 6.000000 
54.759661 18.998823 0.000000 11.000000 5.000000 4.000000 5.000000 4.000000 2.000000 7.000000 4.000000 5.000000 17.000000 8.000000 9.000000 
49.010871 28.729133 0.000000 18.000000 7.000000 5.000000 2.000000 1.000000 3.000000 7.000000 2.000000 3.000000 11.000000 13.000000 9.000000 
48.191110 34.556138 0.000000 25.000000 4.000000 6.000000 7.000000 2.000000 2.000000 3.000000 3.000000 2.000000 8.000000 14.000000 5.000000 
50.001983 42.365028 0.000000 11.000000 4.000000 6.000000 10.000000 2.000000 4.000000 7.000000 11.000000 3.000000 9.000000 7.000000 7.000000 
51.852507 51.217534 0.000000 15.000000 9.000000 7.000000 5.000000 5.000000 6.000000 8.000000 6.000000 5.000000 4.000000 3.000000 8.000000 
50.475882 57.948166 0.000000 15.000000 5.000000 12.000000 3.000000 3.000000 8.000000 12.000000 2.000000 4.000000 1.000000 8.000000 8.000000 
52.036350 67.652787 0.000000 6.000000 12.000000 5.000000 4.000000 1.000000 6.000000 8.000000 4.000000 11.000000 10.000000 6.000000 8.000000 
54.178975 78.272395 0.000000 14.000000 6.000000 8.000000 8.000000 12.000000 7.000000 5.000000 4.000000 2.000000 3.000000 2.000000 10.000000 
55.000000 84.689680 0.000000 7.000000 3.000000 6.000000 9.000000 4.000000 6.000000 8.000000 6.000000 9.000000 5.000000 4.000000 14.000000 
53.236338 93.092124 0.000000 11.000000 4.000000 12.000000 8.000000 7.000000 5.000000 3.000000 7.000000 6.000000 3.000000 3.000000 12.000000 
52.089910 98.951852 0.000000 12.000000 10.000000 8.000000 5.000000 9.000000 7.000000 4.000000 5.000000 1.000000 3.000000 5.000000 12.000000 
55.413175 106.951852 0.000000 22.000000 10.000000 3.000000 6.000000 7.000000 8.000000 3.000000 3.000000 1.000000 5.000000 6.000000 7.000000 
53.960505 116.837478 0.000000 12.000000 1.000000 3.000000 11.000000 10.000000 4.000000 7.000000 7.000000 6.000000 11.000000 4.000000 5.000000 
54.462722 126.951852 0.000000 9.000000 4.000000 9.000000 19.000000 4.000000 5.000000 5.000000 1.000000 1.000000 7.000000 9.000000 8.000000 
57.027216 131.073939 0.000000 7.000000 4.000000 4.000000 21.000000 0.000000 4.000000 4.000000 3.000000 1.000000 10.000000 11.000000 12.000000 
56.413175 137.231946 0.000000 1.000000 3.000000 8.000000 6.000000 4.000000 5.000000 10.000000 9.000000 8.000000 14.000000 13.000000 0.000000 
54.048633 145.393554 0.000000 5.000000 14.000000 17.000000 6.000000 3.000000 6.000000 4.000000 4.000000 6.000000 4.000000 8.000000 4.000000 
53.000000 158.492588 0.000000 5.000000 8.000000 8.000000 6.000000 2.000000 8.000000 4.000000 7.000000 6.000000 6.000000 13.000000 8.000000 
52.413175 168.951852 0.000000 9.000000 4.000000 1.000000 17.000000 9.000000 9.000000 5.000000 3.000000 8.000000 4.000000 6.000000 6.000000 
53.365028 173.565848 0.000000 6.000000 8.000000 6.000000 12.000000 4.000000 7.000000 6.000000 8.000000 7.000000 5.000000 8.000000 4.000000 
51.122595 179.887625 0.000000 12.000000 5.000000 7.000000 7.000000 4.000000 2.000000 10.000000 5.000000 10.000000 12.000000 5.000000 2.000000 
49.000000 186.941090 0.000000 18.000000 3.000000 5.000000 7.000000 5.000000 3.000000 6.000000 4.000000 4.000000 9.000000 7.000000 10.000000 
52.149629 198.689680 0.000000 16.000000 4.000000 5.000000 6.000000 2.000000 3.000000 8.000000 7.000000 4.000000 7.000000 12.000000 7.000000 
51.023817 207.013175 0.000000 8.000000 2.000000 10.000000 9.000000 2.000000 2.000000 1.000000 5.000000 2.000000 8.000000 13.000000 19.000000 
49.000000 214.948166 0.000000 9.000000 2.000000 7.000000 36.000000 3.000000 2.000000 4.000000 4.000000 4.000000 3.000000 2.000000 5.000000 
49.836932 220.676980 0.000000 8.000000 1.000000 0.000000 27.000000 3.000000 1.000000 3.000000 3.000000 5.000000 11.000000 13.000000 6.000000 
48.000000 229.689680 0.000000 11.000000 1.000000 2.000000 25.000000 7.000000 5.000000 3.000000 8.000000 2.000000 3.000000 5.000000 9.000000 
50.882639 237.002427 27.000000 12.000000 4.000000 3.000000 4.000000 4.000000 3.000000 2.000000 2.000000 0.000000 2.000000 5.000000 4.000000 
60.000000 5.324652 39.000000 5.000000 5.000000 4.000000 2.000000 3.000000 4.000000 2.000000 1.000000 5.000000 5.000000 4.000000 2.000000 
59.701975 13.324652 18.000000 10.000000 2.000000 7.000000 4.000000 3.000000 5.000000 5.000000 7.000000 4.000000 4.000000 7.000000 5.000000 
60.879278 20.870761 18.000000 11.000000 6.000000 0.000000 1.000000 6.000000 8.000000 6.000000 4.000000 4.000000 9.000000 3.000000 5.000000 
59.730964 29.861870 18.000000 12.000000 10.000000 1.000000 1.000000 7.000000 8.000000 13.000000 3.000000 0.000000 1.000000 0.000000 7.000000 
59.510145 37.324652 18.000000 1.000000 4.000000 8.000000 5.000000 6.000000 9.000000 15.000000 4.000000 3.000000 3.000000 0.000000 5.000000 
59.716321 45.040973 18.000000 4.000000 0.000000 3.000000 3.000000 3.000000 9.000000 22.000000 11.000000 4.000000 0.000000 1.000000 3.000000 
60.000000 53.324652 18.000000 7.000000 2.000000 2.000000 0.000000 4.000000 9.000000 17.000000 6.000000 7.000000 2.000000 4.000000 3.000000 
59.732686 61.057339 18.000000 6.000000 4.000000 1.000000 0.000000 1.000000 7.000000 7.000000 13.000000 6.000000 5.000000 7.000000 6.000000 
60.000000 69.324652 18.000000 5.000000 4.000000 4.000000 6.000000 6.000000 5.000000 13.000000 7.000000 2.000000 0.000000 5.000000 6.000000 
60.000000 77.751254 18.000000 5.000000 3.000000 6.000000 3.000000 10.000000 5.000000 13.000000 7.000000 3.000000 2.000000 2.000000 4.000000 
60.974932 84.854260 18.000000 11.000000 0.000000 4.000000 2.000000 1.000000 5.000000 5.000000 7.000000 4.000000 6.000000 6.000000 12.000000 
60.000000 93.324652 18.000000 9.000000 5.000000 6.000000 2.000000 7.000000 7.000000 4.000000 7.000000 5.000000 1.000000 3.000000 7.000000 
60.000000 101.324652 18.000000 10.000000 2.000000 4.000000 4.000000 6.000000 6.000000 7.000000 6.000000 2.000000 7.000000 2.000000 7.000000 
60.965824 109.324652 18.000000 15.000000 8.000000 4.000000 3.000000 3.000000 2.000000 9.000000 3.000000 1.000000 4.000000 4.000000 7.000000 
60.000000 117.324652 18.000000 4.000000 4.000000 4.000000 9.000000 5.000000 4.000000 4.000000 2.000000 3.000000 18.000000 4.000000 2.000000 
60.000000 126.195125 18.000000 12.000000 8.000000 9.000000 12.000000 0.000000 0.000000 0.000000 0.000000 2.000000 6.000000 10.000000 4.000000 
61.081743 133.324652 18.000000 7.000000 1.000000 0.000000 18.000000 2.000000 3.000000 4.000000 4.000000 0.000000 5.000000 8.000000 11.000000 
61.423377 140.882344 18.000000 0.000000 10.000000 10.000000 2.000000 4.000000 3.000000 6.000000 6.000000 6.000000 7.000000 5.000000 4.000000 
60.000000 148.466255 18.000000 10.000000 11.000000 8.000000 6.000000 3.000000 3.000000 4.000000 1.000000 4.000000 7.000000 3.000000 3.000000 
60.000000 157.324652 18.000000 9.000000 6.000000 4.000000 0.000000 2.000000 7.000000 7.000000 2.000000 4.000000 10.000000 9.000000 3.000000 
60.000000 166.838660 18.000000 12.000000 2.000000 3.000000 3.000000 2.000000 7.000000 7.000000 4.000000 4.000000 9.000000 5.000000 5.000000 
60.000000 173.324652 18.000000 10.000000 6.000000 3.000000 11.000000 1.000000 1.000000 1.000000 2.000000 5.000000 9.000000 5.000000 9.000000 
60.000000 181.324652 18.000000 8.000000 11.000000 7.000000 7.000000 1.000000 0.000000 2.000000 2.000000 3.000000 6.000000 7.000000 9.000000 
59.470428 189.050115 18.000000 7.000000 6.000000 3.000000 9.000000 4.000000 5.000000 3.000000 1.000000 6.000000 5.000000 7.000000 7.000000 
60.000000 197.687253 18.000000 6.000000 4.000000 5.000000 6.000000 6.000000 4.000000 2.000000 4.000000 6.000000 8.000000 7.000000 5.000000 
60.399947 205.324652 18.000000 6.000000 8.000000 5.000000 6.000000 1.000000 2.000000 6.000000 6.000000 3.000000 4.000000 6.000000 10.000000 
59.453811 213.904005 18.000000 7.000000 0.000000 3.000000 6.000000 6.000000 4.000000 4.000000 0.000000 1.000000 2.000000 15.000000 15.000000 
60.000000 221.324652 18.000000 3.000000 5.000000 3.000000 14.000000 8.000000 3.000000 0.000000 0.000000 3.000000 10.000000 9.000000 5.000000 
59.214556 228.890526 18.000000 6.000000 9.000000 1.000000 5.000000 6.000000 2.000000 4.000000 8.000000 3.000000 2.000000 5.000000 12.000000 
60.000000 236.000000 35.000000 11.000000 5.000000 1.000000 2.000000 2.000000 2.000000 1.000000 0.000000 1.000000 1.000000 0.000000 2.000000 
