240
5.000000 5.689680 39.000000 4.000000 0.000000 5.000000 4.000000 0.000000 0.000000 1.000000 0.000000 1.000000 3.000000 1.000000 5.000000 
3.957135 12.636962 27.000000 4.000000 6.000000 3.000000 8.000000 1.000000 0.000000 2.000000 1.000000 3.000000 4.000000 1.000000 3.000000 
4.324652 21.324652 27.000000 7.000000 4.000000 3.000000 6.000000 2.000000 0.000000 0.000000 3.000000 3.000000 4.000000 1.000000 3.000000 
3.118237 29.324652 27.000000 10.000000 3.000000 1.000000 1.000000 0.000000 1.000000 0.000000 1.000000 2.000000 10.000000 2.000000 5.000000 
2.623133 38.291264 27.000000 2.000000 2.000000 1.000000 8.000000 1.000000 2.000000 0.000000 0.000000 0.000000 11.000000 2.000000 7.000000 
3.188052 44.512705 27.000000 5.000000 5.000000 4.000000 2.000000 0.000000 1.000000 0.000000 0.000000 1.000000 8.000000 4.000000 6.000000 
4.322413 53.647065 27.000000 5.000000 2.000000 1.000000 9.000000 2.000000 2.000000 0.000000 0.000000 0.000000 5.000000 7.000000 3.000000 
2.626410 61.684565 27.000000 2.000000 1.000000 2.000000 15.000000 0.000000 0.000000 0.000000 1.000000 0.000000 2.000000 6.000000 7.000000 
3.185251 68.509903 27.000000 8.000000 6.000000 5.000000 5.000000 0.000000 0.000000 0.000000 1.000000 0.000000 5.000000 5.000000 1.000000 
3.586825 76.550827 27.000000 7.000000 5.000000 3.000000 2.000000 0.000000 0.000000 2.000000 3.000000 1.000000 6.000000 7.000000 0.000000 
4.000000 85.689680 27.000000 6.000000 5.000000 4.000000 5.000000 1.000000 0.000000 1.000000 0.000000 1.000000 1.000000 6.000000 6.000000 
4.622206 92.702447 27.000000 0.000000 1.000000 1.000000 8.000000 2.000000 0.000000 1.000000 0.000000 2.000000 9.000000 6.000000 6.000000 
3.586825 101.737828 27.000000 4.000000 2.000000 3.000000 9.000000 0.000000 0.000000 0.000000 0.000000 0.000000 4.000000 5.000000 9.000000 
4.322413 109.002240 27.000000 9.000000 3.000000 1.000000 0.000000 2.000000 1.000000 5.000000 2.000000 1.000000 9.000000 3.000000 0.000000 
3.192287 116.516940 27.000000 7.000000 3.000000 1.000000 1.000000 6.000000 3.000000 6.000000 2.000000 2.000000 1.000000 1.000000 3.000000 
4.634008 125.313835 27.000000 7.000000 2.000000 0.000000 4.000000 3.000000 3.000000 3.000000 4.000000 7.000000 1.000000 0.000000 2.000000 
4.000000 133.689680 27.000000 3.000000 1.000000 1.000000 6.000000 3.000000 3.000000 0.000000 5.000000 3.000000 0.000000 3.000000 8.000000 
3.173956 140.915471 27.000000 8.000000 2.000000 2.000000 1.000000 2.000000 1.000000 2.000000 1.000000 4.000000 5.000000 4.000000 4.000000 
4.322413 149.002240 27.000000 6.000000 5.000000 2.000000 7.000000 3.000000 2.000000 0.000000 0.000000 0.000000 4.000000 6.000000 1.000000 
4.639501 157.984766 27.000000 2.000000 8.000000 4.000000 5.000000 2.000000 0.000000 1.000000 2.000000 2.000000 6.000000 3.000000 1.000000 
4.322413 165.002240 27.000000 1.000000 1.000000 3.000000 2.000000 1.000000 0.000000 0.000000 0.000000 4.000000 13.000000 7.000000 4.000000 
4.322413 173.002240 27.000000 7.000000 2.000000 6.000000 1.000000 1.000000 0.000000 3.000000 4.000000 2.000000 6.000000 2.000000 2.000000 
4.322413 181.002240 27.000000 7.000000 4.000000 2.000000 4.000000 2.000000 1.000000 1.000000 2.000000 3.000000 4.000000 4.000000 2.000000 
4.793483 189.269469 27.000000 5.000000 7.000000 3.000000 3.000000 2.000000 1.000000 0.000000 0.000000 2.000000 2.000000 8.000000 3.000000 
4.449982 196.195695 27.000000 7.000000 4.000000 5.000000 5.000000 1.000000 0.000000 0.000000 2.000000 3.000000 5.000000 1.000000 3.000000 
4.324652 205.324652 27.000000 3.000000 3.000000 5.000000 5.000000 1.000000 0.000000 0.000000 3.000000 1.000000 7.000000 3.000000 5.000000 
4.322413 213.002240 27.000000 8.000000 2.000000 4.000000 2.000000 2.000000 3.000000 2.000000 1.000000 1.000000 6.000000 1.000000 4.000000 
4.324652 221.324652 27.000000 12.000000 3.000000 5.000000 11.000000 1.000000 1.000000 2.000000 1.000000 0.000000 0.000000 0.000000 0.000000 
5.274664 228.677587 27.000000 8.000000 6.000000 0.000000 5.000000 1.000000 0.000000 0.000000 1.000000 0.000000 9.000000 3.000000 3.000000 
5.000000 236.365028 36.000000 6.000000 2.000000 1.000000 7.000000 2.000000 0.000000 0.000000 0.000000 0.000000 2.000000 0.000000 0.000000 
11.909134 4.447811 27.000000 13.000000 2.000000 2.000000 3.000000 3.000000 1.000000 6.000000 2.000000 4.000000 7.000000 6.000000 5.000000 
11.455312 10.413175 0.000000 17.000000 2.000000 8.000000 8.000000 4.000000 6.000000 6.000000 6.000000 6.000000 9.000000 6.000000 3.000000 
12.003885 20.077636 0.000000 12.000000 4.000000 5.000000 4.000000 2.000000 4.000000 8.000000 8.000000 9.000000 14.000000 6.000000 5.000000 
8.909167 29.357322 0.000000 16.000000 12.000000 8.000000 5.000000 5.000000 6.000000 2.000000 3.000000 3.000000 7.000000 7.000000 7.000000 
8.441369 37.658266 0.000000 6.000000 8.000000 1.000000 16.000000 1.000000 2.000000 0.000000 1.000000 5.000000 27.000000 8.000000 6.000000 
10.511679 43.205589 0.000000 6.000000 8.000000 8.000000 4.000000 2.000000 0.000000 2.000000 5.000000 6.000000 19.000000 12.000000 9.000000 
12.076824 53.385442 0.000000 9.000000 10.000000 5.000000 8.000000 9.000000 11.000000 7.000000 3.000000 2.000000 6.000000 2.000000 9.000000 
8.337207 60.618406 0.000000 11.000000 1.000000 6.000000 26.000000 3.000000 6.000000 4.000000 2.000000 1.000000 5.000000 6.000000 10.000000 
9.022129 64.012672 0.000000 12.000000 4.000000 1.000000 21.000000 3.000000 5.000000 5.000000 4.000000 2.000000 12.000000 10.000000 2.000000 
11.324652 74.324652 0.000000 6.000000 21.000000 5.000000 5.000000 4.000000 5.000000 4.000000 5.000000 6.000000 8.000000 9.000000 3.000000 
12.476536 84.667371 0.000000 17.000000 8.000000 6.000000 4.000000 4.000000 2.000000 9.000000 4.000000 3.000000 8.000000 6.000000 10.000000 
13.677587 90.687440 0.000000 9.000000 6.000000 9.000000 11.000000 4.000000 5.000000 6.000000 8.000000 6.000000 7.000000 6.000000 4.000000 
12.030380 99.969620 0.000000 5.000000 2.000000 9.000000 8.000000 4.000000 3.000000 7.000000 4.000000 4.000000 9.000000 15.000000 11.000000 
11.781849 106.198711 0.000000 9.000000 3.000000 9.000000 14.000000 2.000000 3.000000 11.000000 4.000000 7.000000 7.000000 4.000000 8.000000 
10.729040 114.604489 0.000000 16.000000 1.000000 7.000000 3.000000 4.000000 5.000000 13.000000 10.000000 3.000000 6.000000 4.000000 9.000000 
13.586825 123.462225 0.000000 14.000000 6.000000 4.000000 8.000000 4.000000 3.000000 2.000000 2.000000 3.000000 21.000000 3.000000 11.000000 
11.740420 133.105448 0.000000 9.000000 4.000000 4.000000 16.000000 7.000000 8.000000 8.000000 7.000000 3.000000 2.000000 5.000000 8.000000 
10.000000 138.173650 0.000000 14.000000 9.000000 4.000000 10.000000 3.000000 3.000000 9.000000 6.000000 8.000000 4.000000 7.000000 4.000000 
12.881364 147.726070 0.000000 10.000000 6.000000 4.000000 12.000000 8.000000 5.000000 10.000000 6.000000 2.000000 5.000000 9.000000 4.000000 
13.496348 158.503652 0.000000 9.000000 11.000000 4.000000 6.000000 5.000000 4.000000 2.000000 4.000000 7.000000 19.000000 5.000000 5.000000 
13.949359 163.489188 0.000000 10.000000 7.000000 8.000000 7.000000 4.000000 1.000000 4.000000 6.000000 7.000000 18.000000 3.000000 6.000000 
14.333706 171.224168 0.000000 6.000000 2.000000 8.000000 14.000000 3.000000 5.000000 4.000000 8.000000 5.000000 10.000000 12.000000 4.000000 
14.183661 179.301043 0.000000 10.000000 3.000000 4.000000 11.000000 5.000000 8.000000 3.000000 6.000000 5.000000 9.000000 10.000000 7.000000 
16.289018 185.536329 0.000000 12.000000 9.000000 5.000000 5.000000 4.000000 9.000000 7.000000 3.000000 2.000000 5.000000 3.000000 17.000000 
15.886919 191.367844 0.000000 22.000000 8.000000 8.000000 5.000000 4.000000 4.000000 5.000000 2.000000 5.000000 6.000000 4.000000 8.000000 
13.935248 203.150440 0.000000 9.000000 6.000000 8.000000 13.000000 6.000000 6.000000 4.000000 4.000000 3.000000 13.000000 5.000000 4.000000 
13.689680 211.000000 0.000000 12.000000 5.000000 5.000000 10.000000 11.000000 6.000000 4.000000 3.000000 1.000000 9.000000 7.000000 8.000000 
12.657880 218.114007 0.000000 16.000000 3.000000 9.000000 7.000000 0.000000 2.000000 3.000000 8.000000 9.000000 14.000000 3.000000 7.000000 
15.000000 226.959625 0.000000 12.000000 9.000000 9.000000 6.000000 4.000000 4.000000 2.000000 8.000000 5.000000 10.000000 4.000000 8.000000 
12.526526 237.365028 27.000000 8.000000 8.000000 3.000000 5.000000 1.000000 3.000000 2.000000 2.000000 6.000000 2.000000 2.000000 3.000000 
19.282998 5.687440 27.000000 16.000000 4.000000 9.000000 4.000000 1.000000 1.000000 2.000000 2.000000 5.000000 6.000000 3.000000 1.000000 
18.719861 12.774171 0.000000 11.000000 3.000000 8.000000 6.000000 2.000000 2.000000 7.000000 5.000000 7.000000 21.000000 5.000000 4.000000 
20.237830 21.301633 0.000000 2.000000 11.000000 6.000000 16.000000 4.000000 5.000000 7.000000 3.000000 7.000000 11.000000 7.000000 2.000000 
20.644825 31.053696 0.000000 15.000000 7.000000 7.000000 16.000000 6.000000 4.000000 8.000000 2.000000 5.000000 1.000000 3.000000 7.000000 
22.070060 37.942090 0.000000 9.000000 5.000000 7.000000 4.000000 4.000000 2.000000 5.000000 6.000000 4.000000 16.000000 6.000000 13.000000 
23.647065 44.322413 0.000000 13.000000 4.000000 13.000000 9.000000 2.000000 1.000000 7.000000 5.000000 7.000000 8.000000 8.000000 4.000000 
22.564976 53.984052 0.000000 7.000000 7.000000 5.000000 12.000000 3.000000 3.000000 4.000000 2.000000 3.000000 19.000000 9.000000 7.000000 
19.227679 60.739574 0.000000 24.000000 13.000000 4.000000 10.000000 1.000000 1.000000 1.000000 2.000000 2.000000 6.000000 5.000000 12.000000 
19.598474 65.807078 0.000000 12.000000 5.000000 6.000000 19.000000 4.000000 5.000000 4.000000 4.000000 4.000000 8.000000 3.000000 7.000000 
18.518467 75.082536 0.000000 13.000000 11.000000 6.000000 12.000000 4.000000 4.000000 3.000000 3.000000 5.000000 3.000000 5.000000 12.000000 
19.000000 87.380879 0.000000 9.000000 4.000000 9.000000 5.000000 2.000000 3.000000 1.000000 5.000000 2.000000 8.000000 12.000000 21.000000 
19.933668 93.541597 0.000000 17.000000 3.000000 5.000000 10.000000 4.000000 3.000000 3.000000 5.000000 5.000000 6.000000 5.000000 15.000000 
18.624171 98.095757 0.000000 15.000000 4.000000 10.000000 5.000000 4.000000 3.000000 6.000000 6.000000 6.000000 8.000000 8.000000 6.000000 
19.322413 109.264517 0.000000 4.000000 5.000000 5.000000 9.000000 4.000000 5.000000 7.000000 3.000000 4.000000 28.000000 5.000000 2.000000 
19.586825 117.416824 0.000000 10.000000 7.000000 7.000000 9.000000 3.000000 5.000000 2.000000 1.000000 4.000000 21.000000 6.000000 6.000000 
18.909237 121.909237 0.000000 14.000000 8.000000 8.000000 3.000000 6.000000 6.000000 0.000000 1.000000 3.000000 23.000000 5.000000 4.000000 
20.173650 131.503362 0.000000 10.000000 9.000000 4.000000 13.000000 5.000000 3.000000 1.000000 4.000000 5.000000 16.000000 7.000000 4.000000 
18.945492 139.000799 0.000000 18.000000 3.000000 5.000000 14.000000 5.000000 9.000000 1.000000 4.000000 4.000000 9.000000 6.000000 3.000000 
18.338179 150.026848 0.000000 2.000000 8.000000 9.000000 8.000000 3.000000 11.000000 1.000000 10.000000 9.000000 14.000000 2.000000 4.000000 
19.331677 158.324652 0.000000 11.000000 4.000000 7.000000 10.000000 2.000000 2.000000 1.000000 6.000000 5.000000 21.000000 5.000000 7.000000 
20.481813 167.445719 0.000000 11.000000 8.000000 4.000000 27.000000 11.000000 3.000000 1.000000 1.000000 3.000000 6.000000 4.000000 2.000000 
23.655694 174.324652 0.000000 8.000000 8.000000 4.000000 1.000000 2.000000 2.000000 6.000000 8.000000 2.000000 8.000000 10.000000 22.000000 
21.990436 179.921081 0.000000 18.000000 7.000000 10.000000 9.000000 2.000000 4.000000 4.000000 4.000000 1.000000 5.000000 8.000000 9.000000 
23.287065 186.000377 0.000000 11.000000 13.000000 8.000000 2.000000 3.000000 4.000000 5.000000 2.000000 3.000000 11.000000 5.000000 14.000000 
25.671867 193.957385 0.000000 13.000000 10.000000 7.000000 9.000000 3.000000 3.000000 3.000000 4.000000 4.000000 12.000000 11.000000 2.000000 
21.837803 205.655728 0.000000 17.000000 5.000000 8.000000 12.000000 8.000000 4.000000 1.000000 3.000000 3.000000 6.000000 8.000000 6.000000 
18.271744 209.781484 0.000000 14.000000 5.000000 2.000000 2.000000 3.000000 1.000000 1.000000 3.000000 10.000000 21.000000 12.000000 7.000000 
17.000000 216.218110 0.000000 19.000000 7.000000 11.000000 12.000000 1.000000 0.000000 1.000000 1.000000 4.000000 11.000000 10.000000 4.000000 
20.451297 226.415980 0.000000 14.000000 5.000000 6.000000 6.000000 4.000000 9.000000 8.000000 2.000000 4.000000 10.000000 5.000000 8.000000 
20.000000 237.365028 27.000000 3.000000 2.000000 1.000000 5.000000 5.000000 1.000000 9.000000 4.000000 1.000000 5.000000 4.000000 5.000000 
29.378146 4.447410 27.000000 13.000000 3.000000 6.000000 3.000000 2.000000 0.000000 2.000000 4.000000 4.000000 7.000000 6.000000 4.000000 
32.392903 9.585510 0.000000 5.000000 3.000000 4.000000 4.000000 6.000000 11.000000 9.000000 4.000000 6.000000 17.000000 7.000000 5.000000 
31.254199 19.644825 0.000000 6.000000 8.000000 7.000000 6.000000 10.000000 2.000000 9.000000 7.000000 4.000000 10.000000 6.000000 6.000000 
29.722451 28.720697 0.000000 14.000000 4.000000 1.000000 5.000000 8.000000 6.000000 4.000000 5.000000 9.000000 12.000000 3.000000 10.000000 
27.931352 33.948009 0.000000 6.000000 5.000000 6.000000 8.000000 8.000000 6.000000 4.000000 5.000000 6.000000 10.000000 5.000000 12.000000 
30.600779 44.486412 0.000000 17.000000 8.000000 9.000000 5.000000 4.000000 1.000000 6.000000 5.000000 6.000000 3.000000 6.000000 11.000000 
27.633317 51.584197 0.000000 9.000000 3.000000 6.000000 7.000000 7.000000 6.000000 4.000000 7.000000 6.000000 8.000000 5.000000 13.000000 
23.699883 59.525018 0.000000 22.000000 14.000000 6.000000 6.000000 3.000000 2.000000 3.000000 7.000000 2.000000 7.000000 2.000000 7.000000 
23.274075 66.706079 0.000000 9.000000 8.000000 4.000000 12.000000 2.000000 1.000000 6.000000 5.000000 5.000000 18.000000 3.000000 8.000000 
24.445580 75.274079 0.000000 19.000000 11.000000 12.000000 5.000000 8.000000 2.000000 0.000000 2.000000 4.000000 4.000000 4.000000 10.000000 
26.890492 87.333067 0.000000 13.000000 16.000000 8.000000 3.000000 2.000000 2.000000 2.000000 2.000000 3.000000 3.000000 12.000000 15.000000 
24.211344 93.468936 0.000000 20.000000 8.000000 2.000000 5.000000 2.000000 3.000000 2.000000 4.000000 5.000000 12.000000 5.000000 13.000000 
23.167011 99.368012 0.000000 19.000000 9.000000 6.000000 7.000000 4.000000 4.000000 4.000000 2.000000 3.000000 2.000000 10.000000 11.000000 
27.097788 110.737828 0.000000 18.000000 5.000000 3.000000 10.000000 7.000000 9.000000 3.000000 3.000000 5.000000 4.000000 4.000000 10.000000 
26.323110 117.423999 0.000000 25.000000 8.000000 2.000000 3.000000 1.000000 0.000000 5.000000 7.000000 4.000000 10.000000 6.000000 10.000000 
26.828728 122.655698 0.000000 21.000000 6.000000 8.000000 11.000000 1.000000 0.000000 1.000000 2.000000 3.000000 16.000000 6.000000 6.000000 
27.680475 130.365028 0.000000 14.000000 10.000000 5.000000 2.000000 1.000000 2.000000 6.000000 7.000000 7.000000 18.000000 6.000000 3.000000 
29.070294 140.324652 0.000000 14.000000 8.000000 5.000000 2.000000 1.000000 5.000000 6.000000 8.000000 5.000000 14.000000 4.000000 9.000000 
29.850555 149.322413 0.000000 8.000000 4.000000 9.000000 6.000000 7.000000 9.000000 3.000000 5.000000 3.000000 18.000000 6.000000 3.000000 
30.869046 156.803863 0.000000 9.000000 8.000000 6.000000 13.000000 4.000000 6.000000 11.000000 9.000000 2.000000 8.000000 3.000000 2.000000 
30.786676 168.225537 0.000000 6.000000 9.000000 4.000000 24.000000 6.000000 5.000000 3.000000 3.000000 3.000000 3.000000 4.000000 11.000000 
30.935938 172.778399 0.000000 6.000000 4.000000 7.000000 20.000000 7.000000 1.000000 7.000000 5.000000 2.000000 1.000000 6.000000 15.000000 
29.100544 177.676389 0.000000 16.000000 4.000000 5.000000 13.000000 6.000000 2.000000 5.000000 7.000000 1.000000 6.000000 9.000000 7.000000 
28.354258 189.948166 0.000000 24.000000 8.000000 14.000000 4.000000 2.000000 0.000000 0.000000 1.000000 3.000000 9.000000 11.000000 5.000000 
28.631370 196.704574 0.000000 12.000000 9.000000 11.000000 14.000000 6.000000 1.000000 3.000000 5.000000 4.000000 7.000000 7.000000 2.000000 
26.116366 205.388543 0.000000 15.000000 2.000000 3.000000 2.000000 2.000000 3.000000 4.000000 6.000000 10.000000 21.000000 4.000000 9.000000 
24.583138 209.583138 0.000000 5.000000 4.000000 2.000000 5.000000 6.000000 3.000000 4.000000 6.000000 8.000000 23.000000 10.000000 5.000000 
27.718427 218.599827 0.000000 0.000000 6.000000 4.000000 12.000000 9.000000 11.000000 9.000000 1.000000 6.000000 8.000000 8.000000 7.000000 
28.610712 227.935364 0.000000 11.000000 0.000000 4.000000 7.000000 9.000000 6.000000 3.000000 2.000000 5.000000 10.000000 14.000000 10.000000 
28.000000 237.365028 27.000000 5.000000 2.000000 2.000000 5.000000 2.000000 6.000000 2.000000 0.000000 2.000000 11.000000 6.000000 2.000000 
36.737692 5.272161 27.000000 13.000000 5.000000 0.000000 3.000000 0.000000 2.000000 3.000000 5.000000 4.000000 5.000000 7.000000 7.000000 
39.013723 11.898862 0.000000 20.000000 9.000000 5.000000 9.000000 6.000000 7.000000 6.000000 3.000000 5.000000 3.000000 3.000000 5.000000 
38.322413 21.647065 0.000000 6.000000 7.000000 3.000000 8.000000 7.000000 4.000000 9.000000 4.000000 7.000000 13.000000 6.000000 7.000000 
35.559004 28.264412 0.000000 4.000000 8.000000 7.000000 4.000000 4.000000 5.000000 7.000000 6.000000 6.000000 8.000000 5.000000 17.000000 
33.322413 35.647065 0.000000 11.000000 5.000000 6.000000 1.000000 3.000000 9.000000 8.000000 8.000000 5.000000 9.000000 4.000000 12.000000 
34.972953 44.951852 0.000000 16.000000 4.000000 8.000000 6.000000 6.000000 3.000000 8.000000 10.000000 6.000000 3.000000 5.000000 6.000000 
33.943290 50.267943 0.000000 13.000000 4.000000 7.000000 8.000000 1.000000 8.000000 7.000000 10.000000 3.000000 12.000000 3.000000 5.000000 
32.970626 59.752438 0.000000 13.000000 5.000000 11.000000 5.000000 3.000000 6.000000 5.000000 7.000000 4.000000 7.000000 3.000000 12.000000 
32.690088 70.106950 0.000000 7.000000 11.000000 6.000000 2.000000 4.000000 7.000000 7.000000 5.000000 2.000000 4.000000 9.000000 17.000000 
38.471823 79.281286 0.000000 5.000000 5.000000 5.000000 7.000000 4.000000 5.000000 5.000000 8.000000 7.000000 16.000000 8.000000 6.000000 
36.882493 85.219155 0.000000 11.000000 5.000000 8.000000 10.000000 11.000000 5.000000 2.000000 3.000000 4.000000 6.000000 7.000000 9.000000 
34.819643 93.536481 0.000000 13.000000 5.000000 8.000000 5.000000 8.000000 9.000000 4.000000 2.000000 3.000000 5.000000 10.000000 9.000000 
31.824198 103.306989 0.000000 19.000000 8.000000 7.000000 8.000000 6.000000 4.000000 7.000000 3.000000 3.000000 8.000000 5.000000 3.000000 
31.777161 108.616965 0.000000 20.000000 11.000000 4.000000 6.000000 6.000000 10.000000 3.000000 2.000000 5.000000 4.000000 6.000000 4.000000 
33.547292 117.457628 0.000000 13.000000 10.000000 1.000000 9.000000 5.000000 2.000000 4.000000 3.000000 6.000000 4.000000 9.000000 15.000000 
35.843966 128.444527 0.000000 22.000000 12.000000 3.000000 3.000000 4.000000 4.000000 4.000000 5.000000 5.000000 4.000000 7.000000 8.000000 
35.626542 133.620891 0.000000 16.000000 10.000000 7.000000 8.000000 1.000000 6.000000 5.000000 6.000000 10.000000 8.000000 2.000000 2.000000 
33.178717 140.260413 0.000000 17.000000 5.000000 4.000000 3.000000 2.000000 3.000000 13.000000 2.000000 5.000000 13.000000 4.000000 10.000000 
36.934954 148.909237 0.000000 8.000000 7.000000 3.000000 16.000000 9.000000 4.000000 3.000000 5.000000 7.000000 9.000000 4.000000 6.000000 
38.952868 154.299575 0.000000 11.000000 8.000000 3.000000 17.000000 8.000000 2.000000 0.000000 2.000000 3.000000 9.000000 7.000000 11.000000 
40.937793 165.280317 0.000000 4.000000 2.000000 3.000000 24.000000 9.000000 4.000000 4.000000 4.000000 4.000000 4.000000 8.000000 11.000000 
34.598082 173.326023 0.000000 6.000000 2.000000 10.000000 22.000000 9.000000 6.000000 3.000000 2.000000 4.000000 5.000000 6.000000 6.000000 
34.595376 178.324652 0.000000 12.000000 3.000000 7.000000 7.000000 13.000000 10.000000 6.000000 1.000000 4.000000 7.000000 6.000000 5.000000 
35.614150 190.816917 0.000000 16.000000 4.000000 9.000000 5.000000 3.000000 4.000000 4.000000 3.000000 5.000000 7.000000 10.000000 11.000000 
33.248459 199.322413 0.000000 5.000000 5.000000 6.000000 16.000000 5.000000 2.000000 3.000000 5.000000 6.000000 19.000000 4.000000 5.000000 
36.813788 206.508684 0.000000 7.000000 12.000000 15.000000 9.000000 6.000000 4.000000 0.000000 2.000000 5.000000 8.000000 7.000000 6.000000 
36.079333 212.585242 0.000000 6.000000 6.000000 19.000000 7.000000 3.000000 4.000000 3.000000 6.000000 6.000000 6.000000 9.000000 6.000000 
39.229221 223.229221 0.000000 1.000000 6.000000 6.000000 16.000000 10.000000 1.000000 6.000000 10.000000 8.000000 10.000000 4.000000 3.000000 
38.445398 230.027084 0.000000 14.000000 6.000000 4.000000 3.000000 5.000000 8.000000 8.000000 7.000000 4.000000 8.000000 8.000000 6.000000 
36.383337 237.748365 27.000000 2.000000 0.000000 5.000000 5.000000 4.000000 8.000000 3.000000 1.000000 3.000000 10.000000 2.000000 2.000000 
43.911328 4.911328 27.000000 19.000000 5.000000 4.000000 5.000000 1.000000 2.000000 3.000000 1.000000 0.000000 2.000000 5.000000 7.000000 
44.322413 11.687440 0.000000 19.000000 6.000000 13.000000 13.000000 3.000000 2.000000 0.000000 2.000000 2.000000 11.000000 5.000000 5.000000 
46.735100 19.930923 0.000000 9.000000 4.000000 10.000000 2.000000 6.000000 2.000000 1.000000 6.000000 10.000000 18.000000 7.000000 6.000000 
45.644825 27.000000 0.000000 6.000000 6.000000 11.000000 8.000000 0.000000 2.000000 3.000000 4.000000 6.000000 12.000000 10.000000 13.000000 
45.181959 37.968846 0.000000 13.000000 5.000000 8.000000 7.000000 5.000000 1.000000 9.000000 6.000000 8.000000 8.000000 7.000000 4.000000 
43.911477 44.586825 0.000000 6.000000 5.000000 10.000000 19.000000 8.000000 3.000000 6.000000 4.000000 2.000000 4.000000 9.000000 5.000000 
44.695739 52.491741 0.000000 9.000000 8.000000 7.000000 5.000000 4.000000 5.000000 7.000000 8.000000 4.000000 6.000000 11.000000 7.000000 
47.022339 63.990196 0.000000 17.000000 8.000000 7.000000 8.000000 5.000000 2.000000 11.000000 5.000000 3.000000 3.000000 5.000000 7.000000 
45.314989 70.967965 0.000000 17.000000 8.000000 10.000000 12.000000 5.000000 4.000000 8.000000 5.000000 1.000000 4.000000 3.000000 4.000000 
46.296078 79.195341 0.000000 21.000000 8.000000 5.000000 7.000000 2.000000 2.000000 2.000000 4.000000 3.000000 15.000000 8.000000 4.000000 
44.322413 85.325732 0.000000 8.000000 8.000000 6.000000 9.000000 7.000000 3.000000 10.000000 7.000000 4.000000 5.000000 5.000000 9.000000 
43.909237 91.643630 0.000000 12.000000 10.000000 6.000000 1.000000 2.000000 10.000000 3.000000 4.000000 6.000000 7.000000 10.000000 10.000000 
46.069447 103.264412 0.000000 22.000000 5.000000 11.000000 6.000000 6.000000 2.000000 3.000000 2.000000 0.000000 8.000000 5.000000 11.000000 
45.442123 108.779938 0.000000 11.000000 1.000000 5.000000 9.000000 9.000000 3.000000 10.000000 4.000000 5.000000 9.000000 6.000000 9.000000 
43.795701 119.891835 0.000000 14.000000 6.000000 3.000000 5.000000 7.000000 2.000000 10.000000 6.000000 9.000000 5.000000 5.000000 9.000000 
42.893262 127.769688 0.000000 13.000000 11.000000 11.000000 8.000000 5.000000 5.000000 6.000000 4.000000 3.000000 2.000000 3.000000 10.000000 
42.118498 133.076532 0.000000 9.000000 4.000000 8.000000 6.000000 8.000000 9.000000 4.000000 5.000000 7.000000 8.000000 4.000000 9.000000 
41.350976 139.413288 0.000000 9.000000 6.000000 4.000000 5.000000 5.000000 8.000000 12.000000 7.000000 7.000000 9.000000 2.000000 7.000000 
45.692405 148.091565 0.000000 5.000000 3.000000 2.000000 14.000000 10.000000 8.000000 7.000000 8.000000 11.000000 6.000000 4.000000 3.000000 
44.772210 154.036412 0.000000 5.000000 1.000000 2.000000 10.000000 5.000000 2.000000 8.000000 9.000000 14.000000 11.000000 6.000000 8.000000 
46.318239 165.081143 0.000000 4.000000 3.000000 6.000000 27.000000 11.000000 4.000000 1.000000 4.000000 3.000000 7.000000 3.000000 8.000000 
44.660123 174.931551 0.000000 15.000000 3.000000 3.000000 4.000000 5.000000 9.000000 3.000000 1.000000 2.000000 14.000000 8.000000 14.000000 
44.412419 180.707669 0.000000 15.000000 10.000000 6.000000 5.000000 4.000000 2.000000 7.000000 5.000000 2.000000 11.000000 6.000000 8.000000 
40.367791 191.353443 0.000000 33.000000 5.000000 4.000000 8.000000 2.000000 2.000000 0.000000 2.000000 2.000000 7.000000 9.000000 7.000000 
39.162941 197.239656 0.000000 16.000000 12.000000 6.000000 15.000000 2.000000 2.000000 1.000000 7.000000 8.000000 7.000000 5.000000 0.000000 
44.237922 206.872895 0.000000 13.000000 20.000000 7.000000 6.000000 2.000000 2.000000 5.000000 5.000000 9.000000 7.000000 1.000000 4.000000 
44.044859 212.334430 0.000000 11.000000 15.000000 12.000000 10.000000 1.000000 6.000000 2.000000 4.000000 5.000000 8.000000 4.000000 3.000000 
43.964951 220.104009 0.000000 7.000000 4.000000 7.000000 12.000000 3.000000 5.000000 2.000000 6.000000 6.000000 14.000000 8.000000 7.000000 
44.324652 226.324652 0.000000 9.000000 7.000000 9.000000 17.000000 5.000000 3.000000 12.000000 7.000000 3.000000 1.000000 3.000000 5.000000 
44.000000 237.113611 27.000000 5.000000 3.000000 1.000000 2.000000 5.000000 4.000000 3.000000 3.000000 5.000000 8.000000 4.000000 2.000000 
52.000000 5.689680 27.000000 5.000000 3.000000 4.000000 2.000000 9.000000 2.000000 5.000000 5.000000 3.000000 8.000000 3.000000 5.000000 
53.296604 12.531632 0.000000 18.000000 7.000000 8.000000 6.000000 2.000000 2.000000 1.000000 5.000000 9.000000 10.000000 5.000000 8.000000 
56.413175 18.951852 0.000000 15.000000 8.000000 2.000000 16.000000 5.000000 4.000000 7.000000 4.000000 2.000000 4.000000 3.000000 11.000000 
54.577377 27.616283 0.000000 5.000000 12.000000 14.000000 3.000000 1.000000 9.000000 6.000000 4.000000 8.000000 6.000000 8.000000 5.000000 
54.365028 38.365028 0.000000 12.000000 5.000000 4.000000 1.000000 2.000000 6.000000 2.000000 7.000000 11.000000 18.000000 7.000000 6.000000 
54.127035 45.442441 0.000000 6.000000 3.000000 3.000000 4.000000 5.000000 7.000000 5.000000 5.000000 7.000000 15.000000 9.000000 12.000000 
53.267212 54.567712 0.000000 13.000000 7.000000 6.000000 9.000000 8.000000 8.000000 9.000000 8.000000 1.000000 4.000000 4.000000 4.000000 
51.640820 63.214552 0.000000 22.000000 10.000000 6.000000 2.000000 3.000000 4.000000 5.000000 7.000000 5.000000 5.000000 2.000000 10.000000 
53.028695 71.731295 0.000000 18.000000 5.000000 8.000000 6.000000 2.000000 2.000000 8.000000 6.000000 8.000000 3.000000 5.000000 10.000000 
52.322413 78.623705 0.000000 10.000000 6.000000 8.000000 10.000000 7.000000 4.000000 8.000000 4.000000 2.000000 14.000000 5.000000 3.000000 
52.586825 85.782721 0.000000 9.000000 5.000000 5.000000 8.000000 4.000000 1.000000 9.000000 6.000000 4.000000 14.000000 7.000000 9.000000 
51.756870 90.951852 0.000000 8.000000 12.000000 11.000000 13.000000 5.000000 4.000000 3.000000 4.000000 4.000000 4.000000 7.000000 6.000000 
54.413175 99.592197 0.000000 17.000000 8.000000 9.000000 10.000000 5.000000 4.000000 4.000000 4.000000 2.000000 3.000000 9.000000 6.000000 
52.689128 108.160110 0.000000 12.000000 1.000000 2.000000 2.000000 3.000000 4.000000 7.000000 7.000000 8.000000 13.000000 13.000000 9.000000 
49.941985 120.307012 0.000000 16.000000 6.000000 8.000000 10.000000 12.000000 6.000000 5.000000 2.000000 2.000000 0.000000 5.000000 9.000000 
54.839148 128.040185 0.000000 13.000000 8.000000 5.000000 13.000000 2.000000 3.000000 0.000000 0.000000 1.000000 8.000000 7.000000 21.000000 
54.312728 133.316144 0.000000 9.000000 0.000000 3.000000 10.000000 4.000000 4.000000 3.000000 3.000000 2.000000 33.000000 5.000000 5.000000 
52.413175 137.194392 0.000000 9.000000 5.000000 8.000000 12.000000 1.000000 5.000000 2.000000 4.000000 2.000000 23.000000 3.000000 7.000000 
52.000963 146.639875 0.000000 9.000000 3.000000 5.000000 16.000000 4.000000 2.000000 2.000000 5.000000 11.000000 14.000000 5.000000 5.000000 
50.365028 156.365028 0.000000 5.000000 3.000000 14.000000 23.000000 2.000000 2.000000 0.000000 7.000000 8.000000 7.000000 7.000000 3.000000 
52.395537 165.825522 0.000000 6.000000 3.000000 5.000000 6.000000 6.000000 4.000000 2.000000 7.000000 5.000000 14.000000 14.000000 9.000000 
51.000000 176.689680 0.000000 21.000000 7.000000 9.000000 6.000000 5.000000 4.000000 5.000000 3.000000 3.000000 5.000000 10.000000 3.000000 
49.742622 183.732706 0.000000 17.000000 9.000000 11.000000 4.000000 4.000000 3.000000 5.000000 3.000000 4.000000 10.000000 7.000000 4.000000 
43.536117 190.463984 0.000000 32.000000 4.000000 6.000000 6.000000 4.000000 2.000000 2.000000 6.000000 2.000000 4.000000 8.000000 5.000000 
44.040591 195.401324 0.000000 17.000000 11.000000 5.000000 15.000000 2.000000 3.000000 0.000000 6.000000 7.000000 9.000000 6.000000 0.000000 
50.376319 204.397757 0.000000 19.000000 15.000000 5.000000 8.000000 9.000000 2.000000 5.000000 6.000000 1.000000 5.000000 5.000000 1.000000 
51.630383 211.823135 0.000000 4.000000 3.000000 8.000000 9.000000 9.000000 2.000000 2.000000 2.000000 4.000000 20.000000 12.000000 6.000000 
52.365028 223.365028 0.000000 7.000000 4.000000 8.000000 22.000000 1.000000 4.000000 6.000000 5.000000 5.000000 7.000000 4.000000 8.000000 
53.000000 229.320049 0.000000 9.000000 8.000000 3.000000 12.000000 1.000000 5.000000 12.000000 10.000000 7.000000 4.000000 3.000000 7.000000 
52.000000 237.002427 27.000000 0.000000 2.000000 2.000000 5.000000 5.000000 8.000000 4.000000 5.000000 6.000000 7.000000 0.000000 1.000000 
60.000000 5.324652 39.000000 0.000000 2.000000 4.000000 6.000000 7.000000 7.000000 7.000000 2.000000 3.000000 2.000000 1.000000 1.000000 
60.000000 13.324652 18.000000 13.000000 9.000000 4.000000 0.000000 2.000000 4.000000 4.000000 2.000000 3.000000 7.000000 4.000000 11.000000 
61.516210 20.856391 18.000000 10.000000 5.000000 2.000000 5.000000 3.000000 2.000000 8.000000 5.000000 6.000000 9.000000 1.000000 7.000000 
60.000000 29.324652 18.000000 6.000000 4.000000 4.000000 1.000000 4.000000 4.000000 8.000000 9.000000 7.000000 4.000000 4.000000 8.000000 
60.488568 37.813221 18.000000 13.000000 3.000000 4.000000 0.000000 3.000000 6.000000 9.000000 11.000000 1.000000 8.000000 2.000000 3.000000 
60.000000 45.324652 18.000000 6.000000 2.000000 7.000000 3.000000 6.000000 9.000000 8.000000 4.000000 4.000000 7.000000 2.000000 5.000000 
60.447983 53.726796 18.000000 6.000000 3.000000 3.000000 0.000000 6.000000 7.000000 7.000000 6.000000 6.000000 11.000000 6.000000 2.000000 
59.649044 62.039082 18.000000 4.000000 5.000000 1.000000 6.000000 4.000000 6.000000 12.000000 9.000000 7.000000 1.000000 5.000000 3.000000 
60.000000 69.740073 18.000000 16.000000 3.000000 11.000000 5.000000 2.000000 3.000000 5.000000 4.000000 4.000000 2.000000 5.000000 3.000000 
60.000000 78.087791 18.000000 2.000000 4.000000 4.000000 2.000000 7.000000 3.000000 15.000000 6.000000 4.000000 8.000000 4.000000 4.000000 
60.000000 85.324652 18.000000 9.000000 0.000000 3.000000 0.000000 4.000000 3.000000 12.000000 13.000000 2.000000 7.000000 3.000000 7.000000 
60.000000 93.324652 18.000000 8.000000 0.000000 4.000000 1.000000 1.000000 6.000000 8.000000 15.000000 9.000000 2.000000 2.000000 7.000000 
60.468262 101.324652 18.000000 12.000000 1.000000 7.000000 3.000000 0.000000 3.000000 5.000000 9.000000 4.000000 4.000000 8.000000 7.000000 
60.000000 109.324652 18.000000 6.000000 6.000000 8.000000 4.000000 3.000000 3.000000 11.000000 6.000000 4.000000 2.000000 4.000000 6.000000 
59.038773 118.040171 18.000000 11.000000 5.000000 6.000000 1.000000 4.000000 3.000000 1.000000 7.000000 3.000000 4.000000 11.000000 7.000000 
60.997513 126.322165 18.000000 6.000000 6.000000 3.000000 3.000000 5.000000 4.000000 5.000000 4.000000 5.000000 3.000000 5.000000 14.000000 
60.495226 133.819879 18.000000 3.000000 1.000000 2.000000 4.000000 3.000000 3.000000 7.000000 8.000000 6.000000 15.000000 5.000000 6.000000 
59.657234 140.585362 18.000000 4.000000 6.000000 10.000000 3.000000 4.000000 7.000000 5.000000 5.000000 3.000000 8.000000 5.000000 3.000000 
60.000000 149.324652 18.000000 4.000000 5.000000 4.000000 10.000000 5.000000 8.000000 5.000000 6.000000 4.000000 3.000000 5.000000 4.000000 
59.701901 157.622751 18.000000 4.000000 3.000000 6.000000 8.000000 5.000000 3.000000 2.000000 9.000000 7.000000 7.000000 7.000000 2.000000 
60.000000 165.324652 18.000000 5.000000 2.000000 7.000000 3.000000 11.000000 8.000000 3.000000 8.000000 2.000000 2.000000 4.000000 8.000000 
59.684157 174.324108 18.000000 10.000000 3.000000 2.000000 1.000000 8.000000 5.000000 3.000000 2.000000 6.000000 12.000000 7.000000 4.000000 
60.000000 181.324652 18.000000 6.000000 4.000000 5.000000 2.000000 4.000000 7.000000 12.000000 6.000000 2.000000 10.000000 2.000000 3.000000 
59.090964 189.769836 18.000000 6.000000 10.000000 2.000000 5.000000 4.000000 7.000000 12.000000 5.000000 4.000000 1.000000 5.000000 2.000000 
58.723672 197.039237 18.000000 7.000000 5.000000 2.000000 6.000000 7.000000 10.000000 8.000000 4.000000 4.000000 4.000000 3.000000 3.000000 
59.701363 205.026016 18.000000 7.000000 10.000000 7.000000 9.000000 4.000000 2.000000 2.000000 4.000000 2.000000 4.000000 4.000000 8.000000 
60.000000 213.324652 18.000000 2.000000 0.000000 5.000000 4.000000 6.000000 6.000000 3.000000 4.000000 6.000000 14.000000 6.000000 7.000000 
60.000000 222.082902 18.000000 5.000000 4.000000 4.000000 3.000000 4.000000 4.000000 5.000000 4.000000 12.000000 9.000000 7.000000 2.000000 
60.000000 228.890526 18.000000 5.000000 2.000000 3.000000 20.000000 5.000000 4.000000 4.000000 3.000000 3.000000 3.000000 4.000000 7.000000 
60.000000 236.000000 35.000000 1.000000 1.000000 1.000000 5.000000 4.000000 1.000000 3.000000 4.000000 5.000000 3.000000 0.000000 0.000000 
