240
5.000000 5.689680 39.000000 4.000000 2.000000 0.000000 6.000000 0.000000 0.000000 2.000000 0.000000 2.000000 2.000000 1.000000 5.000000 
3.649767 12.685846 27.000000 4.000000 4.000000 4.000000 10.000000 2.000000 1.000000 0.000000 0.000000 1.000000 4.000000 2.000000 4.000000 
4.322413 21.002240 27.000000 11.000000 0.000000 2.000000 7.000000 2.000000 1.000000 1.000000 0.000000 2.000000 8.000000 1.000000 1.000000 
3.138419 29.324652 27.000000 9.000000 3.000000 4.000000 2.000000 1.000000 0.000000 0.000000 0.000000 2.000000 5.000000 8.000000 2.000000 
3.586825 36.911477 27.000000 5.000000 3.000000 1.000000 6.000000 2.000000 0.000000 1.000000 1.000000 0.000000 9.000000 5.000000 3.000000 
4.322413 45.647065 27.000000 7.000000 2.000000 7.000000 5.000000 0.000000 0.000000 0.000000 0.000000 2.000000 7.000000 3.000000 3.000000 
3.586825 53.737828 27.000000 7.000000 2.000000 1.000000 9.000000 3.000000 3.000000 2.000000 0.000000 0.000000 0.000000 2.000000 7.000000 
5.140815 62.216763 27.000000 5.000000 1.000000 4.000000 6.000000 4.000000 3.000000 4.000000 0.000000 0.000000 1.000000 2.000000 6.000000 
4.000000 68.959625 27.000000 11.000000 5.000000 0.000000 0.000000 1.000000 0.000000 0.000000 3.000000 2.000000 5.000000 2.000000 7.000000 
4.322413 77.647065 27.000000 4.000000 5.000000 2.000000 6.000000 5.000000 0.000000 2.000000 0.000000 1.000000 5.000000 3.000000 3.000000 
2.241083 84.392086 27.000000 16.000000 1.000000 6.000000 3.000000 1.000000 0.000000 1.000000 1.000000 3.000000 1.000000 1.000000 2.000000 
4.324652 93.324652 27.000000 0.000000 2.000000 3.000000 6.000000 1.000000 1.000000 2.000000 1.000000 3.000000 3.000000 5.000000 9.000000 
3.586825 100.911477 27.000000 9.000000 4.000000 0.000000 2.000000 2.000000 1.000000 3.000000 2.000000 2.000000 1.000000 2.000000 8.000000 
4.322413 109.002240 27.000000 10.000000 3.000000 7.000000 0.000000 0.000000 0.000000 0.000000 0.000000 1.000000 5.000000 4.000000 6.000000 
3.583138 117.324652 27.000000 10.000000 5.000000 1.000000 7.000000 3.000000 2.000000 0.000000 0.000000 0.000000 1.000000 4.000000 3.000000 
4.000000 125.689680 27.000000 5.000000 7.000000 1.000000 6.000000 1.000000 0.000000 0.000000 0.000000 5.000000 8.000000 1.000000 2.000000 
4.322413 133.002240 27.000000 1.000000 0.000000 5.000000 10.000000 4.000000 0.000000 0.000000 1.000000 2.000000 3.000000 3.000000 7.000000 
4.615707 141.002240 27.000000 9.000000 3.000000 2.000000 3.000000 1.000000 0.000000 3.000000 1.000000 2.000000 5.000000 2.000000 5.000000 
4.636646 149.961299 27.000000 3.000000 6.000000 1.000000 3.000000 1.000000 1.000000 1.000000 1.000000 2.000000 7.000000 5.000000 5.000000 
4.694352 156.585445 27.000000 4.000000 8.000000 2.000000 8.000000 2.000000 2.000000 2.000000 2.000000 1.000000 2.000000 0.000000 3.000000 
4.930858 164.564555 27.000000 5.000000 6.000000 4.000000 0.000000 0.000000 1.000000 0.000000 1.000000 0.000000 18.000000 2.000000 8.000000 
4.315864 174.124439 27.000000 7.000000 7.000000 4.000000 7.000000 0.000000 0.000000 0.000000 0.000000 0.000000 5.000000 1.000000 5.000000 
2.182953 181.756805 27.000000 7.000000 2.000000 5.000000 9.000000 0.000000 0.000000 0.000000 0.000000 0.000000 11.000000 1.000000 1.000000 
4.000000 190.040612 27.000000 3.000000 7.000000 3.000000 4.000000 2.000000 1.000000 1.000000 0.000000 1.000000 7.000000 3.000000 4.000000 
4.000000 197.689680 27.000000 4.000000 5.000000 3.000000 5.000000 1.000000 2.000000 0.000000 0.000000 1.000000 9.000000 4.000000 2.000000 
4.594384 206.171574 27.000000 7.000000 1.000000 2.000000 5.000000 0.000000 1.000000 0.000000 0.000000 1.000000 6.000000 7.000000 6.000000 
4.828841 212.495812 27.000000 11.000000 3.000000 3.000000 6.000000 2.000000 0.000000 2.000000 0.000000 0.000000 6.000000 1.000000 2.000000 
4.322413 222.002796 27.000000 7.000000 7.000000 1.000000 7.000000 1.000000 2.000000 3.000000 1.000000 0.000000 2.000000 4.000000 1.000000 
4.365028 229.365028 27.000000 3.000000 3.000000 1.000000 5.000000 1.000000 0.000000 4.000000 5.000000 0.000000 3.000000 5.000000 6.000000 
5.000000 236.365028 36.000000 6.000000 1.000000 3.000000 3.000000 0.000000 0.000000 3.000000 0.000000 0.000000 1.000000 2.000000 1.000000 
11.261217 4.369439 27.000000 19.000000 3.000000 1.000000 3.000000 3.000000 5.000000 2.000000 3.000000 5.000000 2.000000 3.000000 5.000000 
10.135385 8.843060 0.000000 19.000000 5.000000 4.000000 8.000000 7.000000 8.000000 5.000000 4.000000 5.000000 2.000000 5.000000 9.000000 
12.075122 19.038064 0.000000 13.000000 7.000000 5.000000 3.000000 3.000000 3.000000 6.000000 8.000000 5.000000 14.000000 9.000000 5.000000 
10.136064 27.909237 0.000000 20.000000 8.000000 8.000000 6.000000 9.000000 5.000000 0.000000 2.000000 3.000000 4.000000 10.000000 6.000000 
11.531895 35.000000 0.000000 14.000000 5.000000 7.000000 5.000000 5.000000 4.000000 6.000000 4.000000 5.000000 15.000000 4.000000 7.000000 
12.264412 44.909237 0.000000 9.000000 9.000000 6.000000 1.000000 2.000000 1.000000 6.000000 9.000000 8.000000 10.000000 11.000000 9.000000 
12.268415 54.329114 0.000000 15.000000 12.000000 3.000000 13.000000 7.000000 6.000000 10.000000 2.000000 4.000000 4.000000 3.000000 2.000000 
16.000000 62.948166 0.000000 5.000000 3.000000 3.000000 17.000000 4.000000 4.000000 6.000000 5.000000 2.000000 18.000000 10.000000 4.000000 
14.091505 68.628223 0.000000 13.000000 1.000000 2.000000 14.000000 7.000000 3.000000 1.000000 3.000000 8.000000 11.000000 6.000000 12.000000 
11.106330 75.751155 0.000000 9.000000 12.000000 6.000000 14.000000 12.000000 4.000000 3.000000 2.000000 3.000000 6.000000 6.000000 4.000000 
8.365028 83.001921 0.000000 28.000000 3.000000 7.000000 8.000000 3.000000 3.000000 6.000000 4.000000 7.000000 3.000000 4.000000 5.000000 
10.994721 89.994721 0.000000 12.000000 6.000000 10.000000 6.000000 7.000000 6.000000 6.000000 6.000000 6.000000 10.000000 3.000000 3.000000 
12.077645 98.926642 0.000000 11.000000 6.000000 9.000000 9.000000 3.000000 6.000000 3.000000 2.000000 7.000000 9.000000 5.000000 11.000000 
12.218110 107.000000 0.000000 17.000000 7.000000 8.000000 13.000000 1.000000 2.000000 5.000000 2.000000 4.000000 5.000000 7.000000 10.000000 
10.586825 115.911477 0.000000 7.000000 8.000000 3.000000 19.000000 7.000000 1.000000 2.000000 2.000000 7.000000 8.000000 9.000000 8.000000 
11.528365 124.189526 0.000000 25.000000 10.000000 4.000000 2.000000 2.000000 0.000000 1.000000 4.000000 4.000000 20.000000 3.000000 6.000000 
12.746062 130.173650 0.000000 11.000000 4.000000 3.000000 16.000000 9.000000 3.000000 5.000000 7.000000 4.000000 4.000000 5.000000 10.000000 
13.640201 139.171898 0.000000 10.000000 13.000000 3.000000 6.000000 7.000000 4.000000 6.000000 5.000000 2.000000 13.000000 9.000000 3.000000 
12.520928 149.099727 0.000000 13.000000 8.000000 5.000000 11.000000 7.000000 3.000000 3.000000 3.000000 4.000000 19.000000 3.000000 2.000000 
11.834598 156.446047 0.000000 13.000000 10.000000 1.000000 2.000000 7.000000 4.000000 4.000000 4.000000 7.000000 14.000000 7.000000 8.000000 
9.646338 164.986338 0.000000 8.000000 11.000000 8.000000 3.000000 3.000000 6.000000 11.000000 5.000000 2.000000 15.000000 4.000000 5.000000 
11.404289 175.249029 0.000000 9.000000 8.000000 9.000000 5.000000 2.000000 4.000000 4.000000 7.000000 8.000000 7.000000 12.000000 6.000000 
8.264315 182.012129 0.000000 9.000000 4.000000 7.000000 12.000000 3.000000 4.000000 1.000000 4.000000 5.000000 21.000000 4.000000 7.000000 
10.923586 191.766010 0.000000 24.000000 10.000000 8.000000 3.000000 5.000000 7.000000 3.000000 6.000000 2.000000 4.000000 6.000000 3.000000 
10.734440 197.499310 0.000000 21.000000 7.000000 4.000000 5.000000 7.000000 7.000000 2.000000 5.000000 5.000000 11.000000 3.000000 4.000000 
16.166184 206.180689 0.000000 12.000000 6.000000 6.000000 24.000000 6.000000 4.000000 2.000000 0.000000 2.000000 2.000000 9.000000 8.000000 
15.644825 209.920061 0.000000 5.000000 4.000000 6.000000 17.000000 4.000000 6.000000 3.000000 2.000000 3.000000 9.000000 10.000000 12.000000 
12.266393 220.334467 0.000000 4.000000 3.000000 3.000000 12.000000 6.000000 1.000000 3.000000 4.000000 6.000000 23.000000 6.000000 10.000000 
11.158106 230.110801 0.000000 13.000000 7.000000 6.000000 18.000000 4.000000 2.000000 4.000000 3.000000 4.000000 10.000000 6.000000 4.000000 
12.000000 237.365028 27.000000 3.000000 6.000000 4.000000 2.000000 1.000000 3.000000 3.000000 2.000000 2.000000 3.000000 8.000000 8.000000 
18.399757 4.420156 27.000000 21.000000 5.000000 2.000000 5.000000 2.000000 1.000000 0.000000 1.000000 6.000000 7.000000 2.000000 2.000000 
17.644825 10.000000 0.000000 16.000000 4.000000 3.000000 9.000000 5.000000 5.000000 2.000000 3.000000 9.000000 11.000000 2.000000 12.000000 
20.241724 20.653615 0.000000 6.000000 9.000000 1.000000 17.000000 7.000000 4.000000 5.000000 1.000000 8.000000 13.000000 5.000000 5.000000 
23.922499 28.909237 0.000000 14.000000 7.000000 6.000000 7.000000 7.000000 7.000000 2.000000 3.000000 1.000000 8.000000 11.000000 8.000000 
21.586825 34.951852 0.000000 6.000000 12.000000 7.000000 7.000000 6.000000 2.000000 3.000000 6.000000 8.000000 8.000000 8.000000 8.000000 
19.921329 44.089991 0.000000 7.000000 8.000000 5.000000 14.000000 5.000000 6.000000 6.000000 1.000000 2.000000 8.000000 6.000000 13.000000 
20.620269 54.273836 0.000000 13.000000 4.000000 7.000000 11.000000 1.000000 3.000000 4.000000 3.000000 2.000000 13.000000 10.000000 10.000000 
21.718641 61.563997 0.000000 18.000000 6.000000 5.000000 12.000000 0.000000 1.000000 0.000000 2.000000 1.000000 15.000000 10.000000 11.000000 
21.206533 67.967117 0.000000 18.000000 7.000000 3.000000 14.000000 7.000000 2.000000 5.000000 3.000000 3.000000 8.000000 4.000000 7.000000 
19.000000 75.443608 0.000000 14.000000 7.000000 6.000000 12.000000 2.000000 4.000000 2.000000 4.000000 6.000000 1.000000 4.000000 19.000000 
19.691277 86.691277 0.000000 14.000000 9.000000 6.000000 2.000000 3.000000 3.000000 3.000000 3.000000 1.000000 4.000000 13.000000 20.000000 
20.067549 92.750773 0.000000 11.000000 11.000000 3.000000 14.000000 9.000000 5.000000 4.000000 2.000000 1.000000 5.000000 3.000000 13.000000 
19.109744 100.089235 0.000000 11.000000 17.000000 3.000000 2.000000 3.000000 4.000000 4.000000 3.000000 8.000000 10.000000 2.000000 14.000000 
19.530775 108.451293 0.000000 12.000000 3.000000 6.000000 19.000000 7.000000 1.000000 3.000000 5.000000 7.000000 11.000000 2.000000 5.000000 
18.173650 115.177330 0.000000 12.000000 9.000000 3.000000 3.000000 9.000000 4.000000 1.000000 2.000000 5.000000 15.000000 6.000000 12.000000 
17.226738 122.951852 0.000000 19.000000 3.000000 3.000000 6.000000 6.000000 3.000000 2.000000 4.000000 5.000000 27.000000 0.000000 3.000000 
16.126335 131.363939 0.000000 13.000000 12.000000 6.000000 13.000000 4.000000 4.000000 2.000000 6.000000 5.000000 5.000000 3.000000 8.000000 
17.331590 138.352607 0.000000 16.000000 8.000000 2.000000 1.000000 2.000000 3.000000 7.000000 8.000000 6.000000 13.000000 7.000000 8.000000 
17.322413 147.957704 0.000000 10.000000 7.000000 5.000000 8.000000 3.000000 2.000000 3.000000 4.000000 5.000000 21.000000 10.000000 3.000000 
18.746643 156.864503 0.000000 9.000000 7.000000 6.000000 7.000000 7.000000 0.000000 1.000000 3.000000 6.000000 18.000000 5.000000 12.000000 
20.562707 161.473783 0.000000 16.000000 1.000000 4.000000 12.000000 9.000000 2.000000 0.000000 3.000000 8.000000 16.000000 4.000000 6.000000 
23.182161 173.073716 0.000000 14.000000 5.000000 6.000000 4.000000 4.000000 2.000000 7.000000 7.000000 4.000000 3.000000 12.000000 13.000000 
21.727458 182.540852 0.000000 10.000000 6.000000 8.000000 16.000000 5.000000 6.000000 1.000000 1.000000 3.000000 4.000000 8.000000 13.000000 
18.076932 190.468439 0.000000 29.000000 7.000000 4.000000 4.000000 1.000000 1.000000 4.000000 5.000000 2.000000 4.000000 7.000000 13.000000 
15.735126 194.976044 0.000000 23.000000 4.000000 9.000000 7.000000 3.000000 6.000000 2.000000 5.000000 6.000000 9.000000 4.000000 3.000000 
21.004601 207.753379 0.000000 18.000000 4.000000 3.000000 16.000000 5.000000 3.000000 7.000000 2.000000 1.000000 11.000000 6.000000 5.000000 
20.353049 209.957748 0.000000 3.000000 1.000000 2.000000 10.000000 7.000000 4.000000 4.000000 1.000000 5.000000 24.000000 8.000000 12.000000 
17.403815 216.931493 0.000000 5.000000 5.000000 7.000000 6.000000 7.000000 3.000000 1.000000 3.000000 4.000000 23.000000 8.000000 9.000000 
18.346453 228.525072 0.000000 9.000000 6.000000 5.000000 13.000000 8.000000 7.000000 7.000000 3.000000 2.000000 13.000000 3.000000 5.000000 
19.655677 237.365028 27.000000 3.000000 3.000000 3.000000 5.000000 7.000000 3.000000 6.000000 3.000000 1.000000 5.000000 3.000000 3.000000 
28.413175 4.951852 27.000000 6.000000 5.000000 3.000000 2.000000 1.000000 3.000000 3.000000 6.000000 1.000000 13.000000 2.000000 9.000000 
26.320003 11.030293 0.000000 6.000000 11.000000 6.000000 12.000000 3.000000 5.000000 5.000000 1.000000 5.000000 8.000000 4.000000 15.000000 
27.859554 19.687440 0.000000 5.000000 1.000000 2.000000 15.000000 10.000000 7.000000 4.000000 1.000000 4.000000 11.000000 10.000000 11.000000 
31.322413 29.647065 0.000000 15.000000 10.000000 5.000000 3.000000 4.000000 2.000000 1.000000 4.000000 7.000000 14.000000 9.000000 7.000000 
30.222078 37.552677 0.000000 12.000000 9.000000 3.000000 11.000000 7.000000 5.000000 4.000000 6.000000 8.000000 8.000000 5.000000 3.000000 
30.233521 47.973429 0.000000 17.000000 5.000000 10.000000 7.000000 6.000000 4.000000 5.000000 1.000000 8.000000 9.000000 4.000000 5.000000 
29.512132 54.577413 0.000000 10.000000 4.000000 5.000000 4.000000 5.000000 10.000000 4.000000 3.000000 5.000000 17.000000 5.000000 9.000000 
29.151363 58.109898 0.000000 10.000000 10.000000 5.000000 7.000000 5.000000 5.000000 4.000000 3.000000 3.000000 7.000000 9.000000 13.000000 
30.322413 65.905551 0.000000 7.000000 10.000000 4.000000 17.000000 4.000000 2.000000 5.000000 12.000000 7.000000 3.000000 6.000000 4.000000 
28.191409 75.453416 0.000000 16.000000 4.000000 9.000000 5.000000 6.000000 3.000000 4.000000 5.000000 1.000000 11.000000 6.000000 11.000000 
29.995456 86.222620 0.000000 11.000000 8.000000 5.000000 15.000000 3.000000 6.000000 3.000000 4.000000 3.000000 2.000000 10.000000 11.000000 
26.896503 91.764146 0.000000 13.000000 7.000000 4.000000 3.000000 3.000000 3.000000 9.000000 10.000000 3.000000 10.000000 13.000000 3.000000 
23.181483 97.996904 0.000000 18.000000 22.000000 3.000000 3.000000 4.000000 5.000000 6.000000 4.000000 6.000000 7.000000 1.000000 2.000000 
29.882982 110.621016 0.000000 19.000000 4.000000 7.000000 8.000000 4.000000 6.000000 4.000000 6.000000 13.000000 2.000000 2.000000 6.000000 
28.665541 118.720340 0.000000 21.000000 6.000000 9.000000 5.000000 2.000000 1.000000 8.000000 6.000000 6.000000 8.000000 5.000000 4.000000 
25.765561 126.148418 0.000000 23.000000 6.000000 8.000000 12.000000 3.000000 2.000000 1.000000 0.000000 0.000000 11.000000 5.000000 10.000000 
25.662593 133.201270 0.000000 11.000000 7.000000 8.000000 3.000000 4.000000 5.000000 6.000000 3.000000 5.000000 21.000000 4.000000 4.000000 
28.952003 139.947437 0.000000 12.000000 9.000000 6.000000 6.000000 6.000000 7.000000 8.000000 5.000000 5.000000 9.000000 2.000000 6.000000 
28.505551 149.387614 0.000000 7.000000 3.000000 7.000000 11.000000 7.000000 9.000000 4.000000 8.000000 4.000000 15.000000 2.000000 4.000000 
28.492752 158.613217 0.000000 8.000000 4.000000 5.000000 10.000000 6.000000 5.000000 6.000000 5.000000 7.000000 15.000000 7.000000 3.000000 
30.668015 166.091934 0.000000 11.000000 8.000000 8.000000 21.000000 6.000000 6.000000 1.000000 3.000000 1.000000 2.000000 7.000000 7.000000 
29.835124 174.758365 0.000000 9.000000 2.000000 5.000000 1.000000 2.000000 2.000000 3.000000 7.000000 4.000000 6.000000 12.000000 28.000000 
32.679748 181.735588 0.000000 15.000000 6.000000 10.000000 10.000000 3.000000 5.000000 2.000000 5.000000 3.000000 7.000000 7.000000 8.000000 
31.052652 189.322413 0.000000 19.000000 6.000000 14.000000 3.000000 1.000000 2.000000 3.000000 3.000000 9.000000 5.000000 13.000000 3.000000 
24.978068 198.058254 0.000000 5.000000 15.000000 4.000000 19.000000 6.000000 10.000000 7.000000 5.000000 2.000000 2.000000 4.000000 2.000000 
24.858988 205.078923 0.000000 18.000000 6.000000 3.000000 6.000000 1.000000 2.000000 4.000000 5.000000 2.000000 25.000000 6.000000 3.000000 
25.390834 209.940720 0.000000 4.000000 4.000000 2.000000 11.000000 2.000000 1.000000 11.000000 3.000000 3.000000 27.000000 5.000000 8.000000 
28.570321 221.874469 0.000000 2.000000 5.000000 9.000000 11.000000 1.000000 7.000000 2.000000 11.000000 7.000000 16.000000 5.000000 5.000000 
28.254250 228.573400 0.000000 10.000000 5.000000 11.000000 5.000000 4.000000 4.000000 4.000000 8.000000 2.000000 13.000000 7.000000 8.000000 
28.000000 237.365028 27.000000 1.000000 1.000000 5.000000 7.000000 3.000000 5.000000 3.000000 8.000000 4.000000 5.000000 3.000000 0.000000 
35.342317 6.022711 27.000000 5.000000 5.000000 1.000000 1.000000 1.000000 3.000000 5.000000 4.000000 4.000000 12.000000 3.000000 10.000000 
35.191915 14.270886 0.000000 14.000000 8.000000 5.000000 17.000000 2.000000 5.000000 1.000000 2.000000 4.000000 2.000000 8.000000 13.000000 
36.870409 22.027763 0.000000 5.000000 8.000000 6.000000 6.000000 7.000000 6.000000 11.000000 5.000000 2.000000 13.000000 5.000000 7.000000 
37.341326 29.000000 0.000000 23.000000 10.000000 7.000000 0.000000 2.000000 4.000000 4.000000 2.000000 4.000000 13.000000 3.000000 9.000000 
35.754106 34.535996 0.000000 8.000000 10.000000 16.000000 4.000000 6.000000 2.000000 6.000000 3.000000 7.000000 7.000000 5.000000 7.000000 
35.445210 45.400276 0.000000 17.000000 4.000000 11.000000 3.000000 4.000000 5.000000 2.000000 8.000000 6.000000 6.000000 5.000000 10.000000 
36.126241 52.782812 0.000000 6.000000 3.000000 7.000000 5.000000 3.000000 6.000000 5.000000 6.000000 6.000000 18.000000 9.000000 7.000000 
36.909237 61.735588 0.000000 18.000000 6.000000 6.000000 7.000000 6.000000 5.000000 4.000000 2.000000 6.000000 9.000000 7.000000 5.000000 
36.677673 69.370017 0.000000 18.000000 5.000000 3.000000 9.000000 4.000000 10.000000 8.000000 5.000000 2.000000 4.000000 4.000000 9.000000 
36.028020 77.644825 0.000000 16.000000 11.000000 4.000000 6.000000 3.000000 4.000000 5.000000 5.000000 6.000000 11.000000 5.000000 5.000000 
38.684640 85.283488 0.000000 11.000000 4.000000 8.000000 9.000000 5.000000 7.000000 5.000000 3.000000 2.000000 3.000000 10.000000 14.000000 
36.398882 89.957760 0.000000 9.000000 4.000000 6.000000 9.000000 5.000000 6.000000 10.000000 5.000000 3.000000 4.000000 9.000000 11.000000 
34.641434 98.732105 0.000000 13.000000 7.000000 4.000000 4.000000 6.000000 6.000000 13.000000 6.000000 7.000000 4.000000 1.000000 10.000000 
38.128271 109.020742 0.000000 8.000000 11.000000 10.000000 8.000000 6.000000 5.000000 5.000000 2.000000 6.000000 7.000000 9.000000 4.000000 
36.725911 116.288397 0.000000 10.000000 6.000000 9.000000 4.000000 4.000000 10.000000 6.000000 8.000000 3.000000 9.000000 4.000000 8.000000 
35.104122 126.214619 0.000000 8.000000 7.000000 3.000000 5.000000 5.000000 2.000000 5.000000 2.000000 5.000000 16.000000 9.000000 14.000000 
36.999507 135.356638 0.000000 16.000000 5.000000 8.000000 7.000000 4.000000 6.000000 3.000000 6.000000 2.000000 12.000000 7.000000 5.000000 
37.810495 143.609890 0.000000 18.000000 16.000000 8.000000 4.000000 2.000000 3.000000 2.000000 3.000000 4.000000 7.000000 4.000000 10.000000 
37.901341 151.735093 0.000000 7.000000 10.000000 11.000000 10.000000 7.000000 7.000000 5.000000 5.000000 5.000000 7.000000 2.000000 5.000000 
38.919670 159.048884 0.000000 11.000000 6.000000 4.000000 16.000000 7.000000 3.000000 4.000000 6.000000 9.000000 4.000000 4.000000 7.000000 
38.175606 162.221797 0.000000 12.000000 5.000000 4.000000 11.000000 4.000000 4.000000 3.000000 5.000000 8.000000 8.000000 7.000000 10.000000 
35.352840 173.146664 0.000000 5.000000 3.000000 5.000000 16.000000 6.000000 7.000000 4.000000 3.000000 3.000000 15.000000 3.000000 11.000000 
37.297850 180.677587 0.000000 28.000000 8.000000 4.000000 7.000000 5.000000 6.000000 4.000000 4.000000 4.000000 1.000000 5.000000 5.000000 
37.466591 188.324652 0.000000 28.000000 4.000000 2.000000 5.000000 6.000000 1.000000 2.000000 5.000000 7.000000 2.000000 11.000000 8.000000 
36.745579 196.677587 0.000000 6.000000 12.000000 8.000000 6.000000 6.000000 1.000000 2.000000 3.000000 8.000000 20.000000 5.000000 4.000000 
37.861707 204.439580 0.000000 3.000000 16.000000 11.000000 14.000000 3.000000 5.000000 4.000000 2.000000 8.000000 5.000000 5.000000 5.000000 
36.120019 210.588420 0.000000 2.000000 12.000000 14.000000 7.000000 2.000000 6.000000 4.000000 6.000000 11.000000 3.000000 9.000000 5.000000 
36.118939 222.233416 0.000000 2.000000 3.000000 2.000000 12.000000 4.000000 4.000000 4.000000 7.000000 15.000000 21.000000 4.000000 3.000000 
36.000000 229.628093 0.000000 25.000000 3.000000 2.000000 3.000000 4.000000 1.000000 2.000000 4.000000 9.000000 8.000000 3.000000 17.000000 
36.000000 237.761291 27.000000 10.000000 0.000000 0.000000 9.000000 2.000000 1.000000 5.000000 4.000000 3.000000 3.000000 1.000000 7.000000 
46.158910 5.283806 27.000000 2.000000 3.000000 2.000000 1.000000 9.000000 5.000000 5.000000 5.000000 5.000000 7.000000 3.000000 7.000000 
51.274764 12.644825 0.000000 19.000000 16.000000 8.000000 7.000000 1.000000 1.000000 3.000000 4.000000 8.000000 4.000000 7.000000 3.000000 
47.603911 21.995333 0.000000 12.000000 9.000000 8.000000 2.000000 1.000000 2.000000 4.000000 6.000000 5.000000 21.000000 5.000000 6.000000 
41.118000 28.566573 0.000000 24.000000 9.000000 5.000000 5.000000 4.000000 4.000000 6.000000 1.000000 4.000000 4.000000 8.000000 7.000000 
42.322413 35.687440 0.000000 13.000000 5.000000 7.000000 7.000000 7.000000 4.000000 4.000000 4.000000 6.000000 11.000000 8.000000 5.000000 
45.367370 45.366435 0.000000 8.000000 8.000000 7.000000 13.000000 9.000000 4.000000 4.000000 7.000000 4.000000 5.000000 3.000000 9.000000 
45.002240 54.322413 0.000000 20.000000 7.000000 7.000000 1.000000 2.000000 4.000000 5.000000 5.000000 1.000000 13.000000 6.000000 10.000000 
42.264412 61.300231 0.000000 25.000000 12.000000 3.000000 4.000000 4.000000 1.000000 3.000000 4.000000 4.000000 10.000000 8.000000 3.000000 
42.909237 70.082079 0.000000 19.000000 12.000000 6.000000 8.000000 6.000000 5.000000 3.000000 2.000000 1.000000 4.000000 7.000000 8.000000 
46.102365 77.694820 0.000000 20.000000 10.000000 3.000000 4.000000 1.000000 4.000000 4.000000 4.000000 6.000000 10.000000 8.000000 7.000000 
47.422305 84.444253 0.000000 10.000000 7.000000 6.000000 11.000000 2.000000 8.000000 3.000000 3.000000 4.000000 3.000000 14.000000 10.000000 
45.853519 90.365028 0.000000 13.000000 10.000000 7.000000 7.000000 2.000000 4.000000 4.000000 5.000000 1.000000 7.000000 11.000000 10.000000 
45.262349 99.920837 0.000000 11.000000 4.000000 8.000000 12.000000 6.000000 8.000000 8.000000 1.000000 4.000000 14.000000 3.000000 2.000000 
45.644825 110.967238 0.000000 5.000000 2.000000 4.000000 12.000000 3.000000 6.000000 4.000000 13.000000 6.000000 8.000000 15.000000 3.000000 
46.689444 119.712288 0.000000 19.000000 12.000000 9.000000 5.000000 1.000000 3.000000 3.000000 2.000000 5.000000 4.000000 8.000000 10.000000 
46.519297 127.490555 0.000000 13.000000 16.000000 6.000000 8.000000 4.000000 8.000000 7.000000 1.000000 3.000000 8.000000 2.000000 5.000000 
44.839010 136.153152 0.000000 6.000000 7.000000 5.000000 9.000000 4.000000 3.000000 5.000000 12.000000 7.000000 16.000000 3.000000 4.000000 
43.094432 143.230327 0.000000 20.000000 9.000000 11.000000 4.000000 2.000000 5.000000 8.000000 3.000000 2.000000 4.000000 5.000000 8.000000 
43.166997 151.730446 0.000000 3.000000 6.000000 8.000000 4.000000 2.000000 1.000000 6.000000 8.000000 8.000000 20.000000 7.000000 8.000000 
42.595468 158.905551 0.000000 12.000000 6.000000 5.000000 27.000000 4.000000 3.000000 0.000000 3.000000 1.000000 5.000000 6.000000 9.000000 
41.525132 164.153179 0.000000 7.000000 6.000000 3.000000 27.000000 5.000000 4.000000 2.000000 4.000000 2.000000 5.000000 8.000000 8.000000 
47.605265 178.605265 0.000000 29.000000 4.000000 4.000000 7.000000 2.000000 3.000000 7.000000 3.000000 1.000000 9.000000 6.000000 6.000000 
44.226850 181.521982 0.000000 24.000000 2.000000 5.000000 5.000000 1.000000 7.000000 10.000000 2.000000 3.000000 10.000000 2.000000 10.000000 
41.287229 188.081366 0.000000 27.000000 11.000000 8.000000 6.000000 5.000000 0.000000 0.000000 3.000000 2.000000 5.000000 7.000000 7.000000 
45.583567 194.822307 0.000000 16.000000 14.000000 6.000000 12.000000 5.000000 4.000000 5.000000 5.000000 6.000000 4.000000 1.000000 3.000000 
45.222731 207.365028 0.000000 5.000000 22.000000 6.000000 4.000000 2.000000 9.000000 2.000000 2.000000 7.000000 11.000000 8.000000 3.000000 
42.414335 212.170128 0.000000 6.000000 13.000000 16.000000 6.000000 2.000000 7.000000 2.000000 0.000000 6.000000 9.000000 6.000000 8.000000 
42.322413 218.765075 0.000000 5.000000 5.000000 5.000000 8.000000 5.000000 6.000000 3.000000 4.000000 6.000000 21.000000 6.000000 7.000000 
45.140250 225.704141 0.000000 12.000000 4.000000 10.000000 17.000000 8.000000 4.000000 1.000000 5.000000 7.000000 4.000000 1.000000 8.000000 
44.000000 237.123536 27.000000 5.000000 1.000000 0.000000 5.000000 4.000000 4.000000 3.000000 4.000000 6.000000 11.000000 0.000000 2.000000 
52.322413 5.687440 27.000000 14.000000 6.000000 1.000000 2.000000 1.000000 1.000000 10.000000 4.000000 4.000000 7.000000 1.000000 3.000000 
56.015615 13.758401 0.000000 26.000000 16.000000 4.000000 5.000000 1.000000 0.000000 3.000000 4.000000 7.000000 2.000000 8.000000 5.000000 
53.610687 21.365028 0.000000 17.000000 12.000000 2.000000 7.000000 0.000000 3.000000 6.000000 4.000000 5.000000 14.000000 3.000000 8.000000 
51.079212 28.689680 0.000000 8.000000 21.000000 8.000000 6.000000 3.000000 5.000000 4.000000 7.000000 4.000000 5.000000 4.000000 6.000000 
52.084959 37.084959 0.000000 10.000000 7.000000 5.000000 4.000000 6.000000 7.000000 2.000000 7.000000 6.000000 8.000000 8.000000 11.000000 
53.365028 44.365028 0.000000 9.000000 5.000000 4.000000 11.000000 4.000000 3.000000 2.000000 2.000000 8.000000 14.000000 10.000000 9.000000 
52.586825 52.322204 0.000000 13.000000 8.000000 1.000000 15.000000 10.000000 2.000000 0.000000 2.000000 2.000000 12.000000 6.000000 10.000000 
50.677587 59.949951 0.000000 11.000000 11.000000 3.000000 5.000000 3.000000 6.000000 8.000000 7.000000 7.000000 5.000000 9.000000 6.000000 
51.365028 70.365028 0.000000 14.000000 11.000000 2.000000 8.000000 7.000000 3.000000 3.000000 7.000000 4.000000 5.000000 6.000000 11.000000 
54.238884 76.000064 0.000000 13.000000 11.000000 4.000000 6.000000 4.000000 7.000000 7.000000 4.000000 6.000000 3.000000 6.000000 10.000000 
55.827813 83.084573 0.000000 8.000000 3.000000 9.000000 9.000000 7.000000 6.000000 8.000000 2.000000 4.000000 6.000000 6.000000 13.000000 
52.584319 92.246200 0.000000 15.000000 6.000000 8.000000 8.000000 2.000000 2.000000 5.000000 5.000000 1.000000 7.000000 4.000000 18.000000 
52.322413 99.687440 0.000000 10.000000 6.000000 4.000000 11.000000 9.000000 5.000000 3.000000 6.000000 6.000000 7.000000 7.000000 7.000000 
54.026115 110.691567 0.000000 2.000000 3.000000 3.000000 7.000000 5.000000 5.000000 9.000000 12.000000 7.000000 13.000000 11.000000 4.000000 
53.684136 120.005544 0.000000 20.000000 5.000000 7.000000 6.000000 5.000000 6.000000 6.000000 3.000000 4.000000 6.000000 4.000000 9.000000 
51.592142 127.096101 0.000000 25.000000 11.000000 1.000000 7.000000 4.000000 7.000000 2.000000 6.000000 6.000000 6.000000 2.000000 4.000000 
52.645091 131.589990 0.000000 24.000000 8.000000 3.000000 6.000000 5.000000 6.000000 7.000000 5.000000 4.000000 11.000000 0.000000 2.000000 
56.012743 135.014095 0.000000 19.000000 5.000000 4.000000 8.000000 4.000000 6.000000 3.000000 2.000000 4.000000 20.000000 2.000000 4.000000 
55.646781 147.244158 0.000000 4.000000 4.000000 10.000000 6.000000 8.000000 4.000000 5.000000 4.000000 11.000000 15.000000 8.000000 2.000000 
51.922061 156.843634 0.000000 7.000000 2.000000 4.000000 13.000000 4.000000 3.000000 12.000000 15.000000 4.000000 8.000000 6.000000 3.000000 
45.908395 162.918248 0.000000 8.000000 6.000000 5.000000 29.000000 7.000000 4.000000 2.000000 4.000000 1.000000 3.000000 7.000000 5.000000 
50.686558 175.316876 0.000000 23.000000 2.000000 7.000000 5.000000 6.000000 5.000000 5.000000 3.000000 2.000000 6.000000 7.000000 10.000000 
47.887531 180.109318 0.000000 30.000000 4.000000 3.000000 7.000000 2.000000 6.000000 7.000000 6.000000 1.000000 4.000000 7.000000 4.000000 
46.100544 188.465572 0.000000 23.000000 8.000000 6.000000 5.000000 6.000000 1.000000 5.000000 5.000000 3.000000 3.000000 8.000000 8.000000 
48.745235 195.133012 0.000000 11.000000 10.000000 5.000000 7.000000 7.000000 4.000000 5.000000 7.000000 6.000000 8.000000 7.000000 4.000000 
53.232253 205.811657 0.000000 17.000000 17.000000 9.000000 4.000000 4.000000 6.000000 4.000000 3.000000 3.000000 2.000000 10.000000 2.000000 
55.322413 213.043337 0.000000 5.000000 3.000000 6.000000 6.000000 3.000000 5.000000 3.000000 6.000000 8.000000 26.000000 7.000000 3.000000 
55.267385 221.465572 0.000000 11.000000 2.000000 11.000000 19.000000 1.000000 3.000000 3.000000 8.000000 2.000000 7.000000 5.000000 9.000000 
56.000000 226.689680 0.000000 5.000000 5.000000 7.000000 25.000000 8.000000 6.000000 6.000000 8.000000 1.000000 0.000000 3.000000 7.000000 
52.793578 236.745158 27.000000 0.000000 1.000000 1.000000 14.000000 9.000000 7.000000 1.000000 8.000000 2.000000 2.000000 0.000000 0.000000 
60.000000 5.324652 39.000000 10.000000 1.000000 3.000000 3.000000 3.000000 6.000000 8.000000 3.000000 0.000000 1.000000 2.000000 2.000000 
60.000000 13.324652 18.000000 16.000000 2.000000 2.000000 2.000000 1.000000 4.000000 12.000000 6.000000 2.000000 2.000000 7.000000 7.000000 
60.449922 21.324652 18.000000 16.000000 7.000000 3.000000 9.000000 7.000000 5.000000 6.000000 0.000000 4.000000 1.000000 0.000000 5.000000 
60.000000 29.324652 18.000000 10.000000 7.000000 0.000000 3.000000 5.000000 9.000000 5.000000 8.000000 2.000000 3.000000 3.000000 8.000000 
60.000000 37.324652 18.000000 8.000000 4.000000 2.000000 0.000000 1.000000 5.000000 5.000000 8.000000 6.000000 8.000000 11.000000 5.000000 
60.000000 45.324652 18.000000 8.000000 3.000000 4.000000 1.000000 2.000000 8.000000 12.000000 8.000000 4.000000 4.000000 4.000000 5.000000 
60.000000 53.324652 18.000000 4.000000 1.000000 2.000000 2.000000 5.000000 10.000000 14.000000 8.000000 5.000000 3.000000 4.000000 5.000000 
60.000000 61.324652 18.000000 11.000000 3.000000 5.000000 7.000000 5.000000 6.000000 6.000000 4.000000 2.000000 2.000000 6.000000 6.000000 
60.000000 69.661819 18.000000 4.000000 4.000000 5.000000 2.000000 5.000000 8.000000 9.000000 6.000000 9.000000 5.000000 5.000000 1.000000 
60.000000 77.324652 18.000000 12.000000 5.000000 4.000000 1.000000 2.000000 5.000000 7.000000 3.000000 7.000000 7.000000 6.000000 4.000000 
61.030771 84.830324 18.000000 9.000000 2.000000 2.000000 1.000000 4.000000 6.000000 12.000000 3.000000 5.000000 9.000000 3.000000 7.000000 
60.000000 93.324652 18.000000 7.000000 9.000000 5.000000 3.000000 2.000000 2.000000 6.000000 5.000000 5.000000 4.000000 5.000000 10.000000 
60.000000 101.324652 18.000000 9.000000 0.000000 3.000000 9.000000 8.000000 2.000000 6.000000 4.000000 1.000000 2.000000 10.000000 9.000000 
60.000000 109.324652 18.000000 6.000000 5.000000 5.000000 5.000000 4.000000 1.000000 4.000000 3.000000 0.000000 7.000000 10.000000 13.000000 
60.463400 118.198056 18.000000 18.000000 1.000000 13.000000 4.000000 1.000000 3.000000 3.000000 1.000000 1.000000 4.000000 5.000000 9.000000 
59.679498 125.645155 18.000000 17.000000 6.000000 6.000000 6.000000 3.000000 2.000000 8.000000 3.000000 2.000000 5.000000 2.000000 3.000000 
60.000000 133.324652 18.000000 15.000000 4.000000 3.000000 2.000000 0.000000 1.000000 0.000000 1.000000 7.000000 19.000000 4.000000 7.000000 
60.917290 139.549915 18.000000 5.000000 8.000000 10.000000 9.000000 1.000000 2.000000 1.000000 5.000000 2.000000 14.000000 5.000000 1.000000 
61.015169 148.846878 18.000000 5.000000 4.000000 8.000000 9.000000 3.000000 2.000000 1.000000 3.000000 5.000000 14.000000 8.000000 1.000000 
60.453119 157.324652 18.000000 4.000000 3.000000 4.000000 10.000000 2.000000 1.000000 4.000000 7.000000 6.000000 6.000000 10.000000 6.000000 
58.852604 164.611024 18.000000 3.000000 3.000000 8.000000 12.000000 3.000000 6.000000 3.000000 2.000000 4.000000 4.000000 7.000000 8.000000 
60.314081 173.638734 18.000000 10.000000 2.000000 3.000000 5.000000 5.000000 4.000000 0.000000 3.000000 6.000000 15.000000 6.000000 4.000000 
59.499675 181.296945 18.000000 7.000000 3.000000 3.000000 5.000000 3.000000 7.000000 12.000000 4.000000 2.000000 3.000000 6.000000 8.000000 
59.094341 189.288860 18.000000 3.000000 7.000000 7.000000 7.000000 1.000000 3.000000 6.000000 6.000000 4.000000 4.000000 8.000000 7.000000 
59.725462 197.050115 18.000000 6.000000 7.000000 5.000000 8.000000 9.000000 2.000000 6.000000 7.000000 2.000000 2.000000 2.000000 7.000000 
60.000000 205.324652 18.000000 7.000000 10.000000 9.000000 13.000000 3.000000 2.000000 1.000000 2.000000 2.000000 4.000000 2.000000 8.000000 
61.013522 212.835046 18.000000 1.000000 4.000000 3.000000 1.000000 3.000000 6.000000 6.000000 6.000000 6.000000 14.000000 11.000000 2.000000 
60.000000 221.761978 18.000000 7.000000 3.000000 4.000000 5.000000 4.000000 6.000000 6.000000 7.000000 10.000000 5.000000 3.000000 3.000000 
61.449878 228.449714 18.000000 1.000000 3.000000 2.000000 17.000000 7.000000 11.000000 8.000000 4.000000 5.000000 1.000000 3.000000 1.000000 
60.000000 236.000000 35.000000 5.000000 0.000000 0.000000 1.000000 0.000000 2.000000 2.000000 4.000000 5.000000 3.000000 5.000000 1.000000 
