240
5.000000 5.689680 39.000000 1.000000 5.000000 9.000000 3.000000 1.000000 0.000000 0.000000 1.000000 0.000000 3.000000 1.000000 0.000000 
4.000000 13.689680 27.000000 2.000000 3.000000 4.000000 3.000000 2.000000 0.000000 0.000000 1.000000 1.000000 11.000000 5.000000 4.000000 
3.222310 21.014154 27.000000 6.000000 3.000000 1.000000 6.000000 2.000000 2.000000 4.000000 3.000000 5.000000 2.000000 0.000000 2.000000 
4.595283 29.054021 27.000000 5.000000 6.000000 4.000000 2.000000 1.000000 1.000000 2.000000 2.000000 2.000000 4.000000 4.000000 3.000000 
4.604840 37.647065 27.000000 5.000000 5.000000 2.000000 1.000000 1.000000 0.000000 0.000000 2.000000 3.000000 6.000000 5.000000 6.000000 
4.322413 45.002240 27.000000 6.000000 3.000000 4.000000 5.000000 2.000000 1.000000 3.000000 1.000000 1.000000 3.000000 0.000000 7.000000 
2.692193 52.016845 27.000000 7.000000 3.000000 0.000000 3.000000 1.000000 0.000000 0.000000 0.000000 1.000000 12.000000 3.000000 6.000000 
4.000000 61.689680 27.000000 6.000000 0.000000 2.000000 9.000000 1.000000 0.000000 0.000000 0.000000 0.000000 10.000000 4.000000 4.000000 
2.592075 69.737828 27.000000 10.000000 3.000000 5.000000 6.000000 0.000000 2.000000 0.000000 0.000000 1.000000 3.000000 1.000000 5.000000 
3.104359 76.911477 27.000000 9.000000 0.000000 3.000000 6.000000 2.000000 1.000000 0.000000 2.000000 5.000000 3.000000 1.000000 4.000000 
2.709726 85.779460 27.000000 8.000000 5.000000 4.000000 3.000000 0.000000 0.000000 1.000000 1.000000 1.000000 5.000000 4.000000 4.000000 
4.322413 92.700627 27.000000 6.000000 7.000000 5.000000 4.000000 0.000000 2.000000 1.000000 4.000000 0.000000 2.000000 1.000000 4.000000 
4.322413 100.679257 27.000000 6.000000 1.000000 2.000000 5.000000 1.000000 3.000000 5.000000 2.000000 2.000000 4.000000 4.000000 1.000000 
2.225002 108.393115 27.000000 7.000000 5.000000 1.000000 7.000000 2.000000 5.000000 1.000000 0.000000 2.000000 1.000000 3.000000 2.000000 
3.565401 117.255082 27.000000 7.000000 0.000000 1.000000 1.000000 4.000000 3.000000 6.000000 3.000000 3.000000 1.000000 4.000000 3.000000 
3.586825 124.539570 27.000000 5.000000 2.000000 0.000000 1.000000 2.000000 2.000000 7.000000 2.000000 6.000000 5.000000 1.000000 3.000000 
3.586825 132.911477 27.000000 7.000000 3.000000 5.000000 3.000000 1.000000 0.000000 0.000000 0.000000 2.000000 9.000000 3.000000 3.000000 
4.607137 141.931789 27.000000 4.000000 0.000000 4.000000 0.000000 5.000000 4.000000 9.000000 1.000000 1.000000 5.000000 2.000000 1.000000 
4.560117 149.689680 27.000000 3.000000 0.000000 1.000000 0.000000 0.000000 5.000000 15.000000 6.000000 3.000000 0.000000 0.000000 3.000000 
4.322413 157.002240 27.000000 2.000000 2.000000 3.000000 8.000000 3.000000 0.000000 3.000000 6.000000 0.000000 5.000000 1.000000 3.000000 
4.984304 164.600658 27.000000 7.000000 2.000000 1.000000 2.000000 0.000000 2.000000 1.000000 0.000000 1.000000 9.000000 5.000000 6.000000 
4.322413 172.706304 27.000000 2.000000 0.000000 2.000000 1.000000 4.000000 4.000000 3.000000 2.000000 1.000000 4.000000 9.000000 4.000000 
4.324652 181.324652 27.000000 10.000000 1.000000 8.000000 3.000000 3.000000 2.000000 1.000000 2.000000 1.000000 1.000000 2.000000 2.000000 
3.583138 189.324652 27.000000 2.000000 3.000000 1.000000 7.000000 0.000000 2.000000 4.000000 4.000000 4.000000 4.000000 1.000000 4.000000 
3.133346 198.191306 27.000000 4.000000 6.000000 3.000000 6.000000 1.000000 0.000000 0.000000 1.000000 4.000000 5.000000 2.000000 4.000000 
3.154477 204.479130 27.000000 6.000000 3.000000 1.000000 7.000000 0.000000 0.000000 0.000000 1.000000 2.000000 9.000000 3.000000 4.000000 
4.000000 213.689680 27.000000 3.000000 4.000000 2.000000 4.000000 0.000000 1.000000 2.000000 2.000000 1.000000 7.000000 7.000000 3.000000 
2.143033 221.808459 27.000000 8.000000 6.000000 3.000000 0.000000 0.000000 0.000000 2.000000 2.000000 1.000000 5.000000 3.000000 6.000000 
3.026284 228.557153 27.000000 3.000000 1.000000 2.000000 4.000000 3.000000 3.000000 1.000000 3.000000 0.000000 2.000000 3.000000 11.000000 
5.000000 236.365028 36.000000 1.000000 2.000000 3.000000 2.000000 1.000000 2.000000 2.000000 1.000000 2.000000 1.000000 0.000000 3.000000 
12.000000 5.689680 27.000000 10.000000 3.000000 3.000000 5.000000 2.000000 4.000000 6.000000 4.000000 5.000000 3.000000 4.000000 5.000000 
11.223058 13.828555 0.000000 8.000000 10.000000 2.000000 14.000000 6.000000 7.000000 6.000000 10.000000 7.000000 4.000000 2.000000 5.000000 
10.258753 18.279924 0.000000 8.000000 19.000000 5.000000 6.000000 6.000000 2.000000 4.000000 7.000000 6.000000 8.000000 3.000000 7.000000 
14.464100 27.673503 0.000000 7.000000 6.000000 7.000000 5.000000 9.000000 7.000000 11.000000 6.000000 5.000000 8.000000 6.000000 4.000000 
14.413175 37.350790 0.000000 11.000000 3.000000 4.000000 6.000000 7.000000 4.000000 5.000000 6.000000 9.000000 8.000000 9.000000 9.000000 
12.671708 41.864643 0.000000 9.000000 3.000000 5.000000 16.000000 7.000000 3.000000 3.000000 4.000000 5.000000 10.000000 9.000000 7.000000 
8.191619 48.911477 0.000000 11.000000 5.000000 7.000000 2.000000 4.000000 6.000000 6.000000 2.000000 5.000000 21.000000 6.000000 6.000000 
10.053762 61.309852 0.000000 8.000000 5.000000 8.000000 7.000000 5.000000 5.000000 17.000000 5.000000 5.000000 6.000000 6.000000 4.000000 
8.148805 68.644437 0.000000 21.000000 7.000000 9.000000 11.000000 6.000000 3.000000 0.000000 2.000000 2.000000 4.000000 7.000000 9.000000 
7.793080 76.087415 0.000000 10.000000 0.000000 7.000000 21.000000 7.000000 1.000000 0.000000 2.000000 6.000000 11.000000 5.000000 11.000000 
9.691468 84.498266 0.000000 17.000000 4.000000 6.000000 8.000000 2.000000 0.000000 2.000000 2.000000 3.000000 11.000000 12.000000 14.000000 
12.966488 90.001246 0.000000 8.000000 5.000000 8.000000 14.000000 11.000000 2.000000 2.000000 5.000000 4.000000 4.000000 5.000000 13.000000 
11.991709 97.993400 0.000000 7.000000 5.000000 3.000000 8.000000 7.000000 5.000000 7.000000 4.000000 4.000000 10.000000 7.000000 14.000000 
7.904917 105.904917 0.000000 16.000000 7.000000 5.000000 16.000000 8.000000 4.000000 5.000000 2.000000 3.000000 2.000000 6.000000 7.000000 
9.080036 114.362689 0.000000 4.000000 4.000000 5.000000 20.000000 6.000000 2.000000 6.000000 3.000000 3.000000 10.000000 11.000000 7.000000 
10.269118 120.904090 0.000000 4.000000 2.000000 2.000000 5.000000 4.000000 6.000000 9.000000 4.000000 11.000000 17.000000 8.000000 9.000000 
11.869330 130.658271 0.000000 7.000000 12.000000 8.000000 3.000000 5.000000 6.000000 9.000000 6.000000 5.000000 9.000000 6.000000 5.000000 
15.602850 142.298716 0.000000 3.000000 6.000000 7.000000 13.000000 6.000000 4.000000 1.000000 5.000000 6.000000 22.000000 6.000000 2.000000 
14.735588 148.264412 0.000000 10.000000 16.000000 9.000000 16.000000 2.000000 3.000000 5.000000 1.000000 2.000000 6.000000 6.000000 5.000000 
15.660287 153.965264 0.000000 3.000000 6.000000 6.000000 9.000000 8.000000 6.000000 6.000000 9.000000 10.000000 14.000000 2.000000 2.000000 
17.095725 159.539060 0.000000 8.000000 7.000000 2.000000 15.000000 4.000000 5.000000 5.000000 5.000000 3.000000 12.000000 7.000000 8.000000 
14.922684 170.534084 0.000000 4.000000 4.000000 9.000000 16.000000 6.000000 6.000000 10.000000 1.000000 3.000000 7.000000 7.000000 8.000000 
12.218110 179.705820 0.000000 8.000000 8.000000 6.000000 8.000000 2.000000 5.000000 6.000000 6.000000 2.000000 4.000000 12.000000 14.000000 
9.933957 189.066043 0.000000 11.000000 2.000000 3.000000 8.000000 3.000000 7.000000 20.000000 6.000000 8.000000 5.000000 4.000000 4.000000 
9.407825 197.083172 0.000000 14.000000 17.000000 8.000000 8.000000 3.000000 2.000000 4.000000 4.000000 4.000000 8.000000 3.000000 6.000000 
9.586825 201.591804 0.000000 11.000000 10.000000 7.000000 13.000000 2.000000 4.000000 5.000000 1.000000 3.000000 16.000000 6.000000 3.000000 
10.389480 213.775747 0.000000 3.000000 9.000000 11.000000 7.000000 6.000000 8.000000 7.000000 4.000000 3.000000 5.000000 8.000000 10.000000 
7.768596 219.847880 0.000000 18.000000 13.000000 6.000000 1.000000 1.000000 1.000000 4.000000 7.000000 2.000000 12.000000 5.000000 11.000000 
8.942855 227.647065 0.000000 8.000000 4.000000 7.000000 12.000000 5.000000 5.000000 2.000000 6.000000 2.000000 3.000000 10.000000 17.000000 
11.411929 237.073527 27.000000 11.000000 1.000000 5.000000 4.000000 5.000000 3.000000 0.000000 1.000000 1.000000 5.000000 6.000000 3.000000 
20.322413 6.673183 27.000000 13.000000 3.000000 5.000000 4.000000 1.000000 5.000000 6.000000 3.000000 0.000000 3.000000 7.000000 4.000000 
20.586825 15.951852 0.000000 8.000000 3.000000 10.000000 7.000000 1.000000 3.000000 2.000000 2.000000 5.000000 21.000000 9.000000 10.000000 
19.276202 20.965066 0.000000 9.000000 11.000000 8.000000 13.000000 3.000000 5.000000 0.000000 1.000000 3.000000 13.000000 7.000000 8.000000 
21.434089 29.609218 0.000000 10.000000 11.000000 9.000000 4.000000 1.000000 1.000000 3.000000 4.000000 9.000000 6.000000 11.000000 12.000000 
20.689680 38.000000 0.000000 4.000000 5.000000 9.000000 16.000000 8.000000 5.000000 0.000000 6.000000 8.000000 5.000000 6.000000 9.000000 
20.210131 44.790098 0.000000 15.000000 0.000000 3.000000 11.000000 5.000000 2.000000 4.000000 4.000000 4.000000 9.000000 13.000000 11.000000 
17.719383 51.039556 0.000000 7.000000 10.000000 8.000000 16.000000 6.000000 4.000000 2.000000 5.000000 2.000000 7.000000 4.000000 10.000000 
18.727984 61.257323 0.000000 19.000000 6.000000 1.000000 1.000000 4.000000 5.000000 4.000000 5.000000 5.000000 11.000000 13.000000 7.000000 
19.962194 68.640747 0.000000 7.000000 3.000000 7.000000 19.000000 2.000000 0.000000 5.000000 12.000000 7.000000 5.000000 6.000000 8.000000 
19.176554 77.933630 0.000000 4.000000 4.000000 4.000000 7.000000 4.000000 10.000000 8.000000 3.000000 4.000000 10.000000 6.000000 17.000000 
20.832988 85.824906 0.000000 1.000000 9.000000 5.000000 8.000000 8.000000 7.000000 7.000000 5.000000 3.000000 12.000000 10.000000 6.000000 
21.086653 92.605057 0.000000 2.000000 9.000000 5.000000 11.000000 6.000000 6.000000 7.000000 1.000000 5.000000 6.000000 12.000000 11.000000 
20.817068 103.421675 0.000000 18.000000 8.000000 8.000000 13.000000 4.000000 2.000000 2.000000 0.000000 2.000000 16.000000 3.000000 5.000000 
19.029775 107.566660 0.000000 14.000000 3.000000 4.000000 6.000000 9.000000 9.000000 2.000000 3.000000 7.000000 11.000000 7.000000 6.000000 
18.172560 114.444807 0.000000 14.000000 5.000000 4.000000 12.000000 7.000000 4.000000 0.000000 0.000000 4.000000 19.000000 6.000000 6.000000 
20.049339 121.258156 0.000000 9.000000 10.000000 11.000000 17.000000 4.000000 3.000000 3.000000 2.000000 4.000000 8.000000 7.000000 3.000000 
22.208817 130.222551 0.000000 8.000000 11.000000 12.000000 6.000000 2.000000 5.000000 4.000000 4.000000 2.000000 8.000000 10.000000 9.000000 
21.836866 136.961455 0.000000 12.000000 10.000000 5.000000 1.000000 1.000000 3.000000 3.000000 7.000000 4.000000 17.000000 11.000000 7.000000 
22.412079 147.036661 0.000000 10.000000 11.000000 9.000000 5.000000 2.000000 1.000000 2.000000 5.000000 2.000000 10.000000 12.000000 12.000000 
20.493291 156.961803 0.000000 2.000000 3.000000 5.000000 18.000000 5.000000 2.000000 4.000000 4.000000 5.000000 21.000000 7.000000 5.000000 
23.314586 161.941165 0.000000 14.000000 8.000000 8.000000 14.000000 5.000000 4.000000 4.000000 2.000000 4.000000 7.000000 6.000000 5.000000 
21.748081 174.113108 0.000000 10.000000 8.000000 3.000000 14.000000 4.000000 4.000000 4.000000 4.000000 1.000000 8.000000 5.000000 16.000000 
18.752479 180.397305 0.000000 13.000000 5.000000 12.000000 3.000000 1.000000 2.000000 3.000000 4.000000 3.000000 4.000000 7.000000 24.000000 
19.365028 189.365028 0.000000 14.000000 10.000000 4.000000 7.000000 8.000000 2.000000 7.000000 6.000000 6.000000 8.000000 5.000000 4.000000 
20.327579 195.761093 0.000000 10.000000 4.000000 8.000000 9.000000 6.000000 1.000000 3.000000 13.000000 5.000000 10.000000 7.000000 5.000000 
18.953422 202.643102 0.000000 12.000000 5.000000 9.000000 8.000000 2.000000 4.000000 5.000000 11.000000 11.000000 6.000000 3.000000 5.000000 
22.360747 211.780884 0.000000 7.000000 5.000000 5.000000 5.000000 7.000000 7.000000 5.000000 9.000000 6.000000 15.000000 8.000000 2.000000 
24.981628 215.663197 0.000000 3.000000 5.000000 9.000000 7.000000 5.000000 7.000000 6.000000 4.000000 5.000000 15.000000 7.000000 8.000000 
21.159567 228.834973 0.000000 15.000000 3.000000 8.000000 9.000000 4.000000 2.000000 4.000000 2.000000 8.000000 13.000000 6.000000 7.000000 
20.000000 237.365028 27.000000 11.000000 5.000000 4.000000 4.000000 2.000000 7.000000 3.000000 2.000000 1.000000 1.000000 0.000000 5.000000 
28.000000 5.689680 27.000000 9.000000 2.000000 8.000000 1.000000 5.000000 1.000000 2.000000 6.000000 2.000000 1.000000 13.000000 4.000000 
26.919817 12.416535 0.000000 21.000000 21.000000 3.000000 1.000000 6.000000 3.000000 4.000000 3.000000 3.000000 6.000000 5.000000 5.000000 
30.678310 20.647065 0.000000 12.000000 5.000000 9.000000 4.000000 4.000000 3.000000 1.000000 3.000000 2.000000 17.000000 10.000000 11.000000 
28.734645 29.847285 0.000000 12.000000 6.000000 6.000000 8.000000 3.000000 4.000000 3.000000 5.000000 5.000000 9.000000 7.000000 13.000000 
28.586825 36.538355 0.000000 13.000000 7.000000 9.000000 9.000000 2.000000 5.000000 1.000000 2.000000 6.000000 13.000000 9.000000 5.000000 
27.951852 46.826487 0.000000 19.000000 12.000000 6.000000 6.000000 6.000000 4.000000 2.000000 2.000000 5.000000 3.000000 7.000000 9.000000 
28.294086 52.062306 0.000000 6.000000 9.000000 4.000000 5.000000 8.000000 10.000000 6.000000 1.000000 5.000000 7.000000 10.000000 10.000000 
27.715100 63.035927 0.000000 13.000000 4.000000 12.000000 5.000000 3.000000 4.000000 5.000000 5.000000 5.000000 8.000000 3.000000 14.000000 
31.762603 67.055721 0.000000 17.000000 5.000000 11.000000 7.000000 5.000000 5.000000 6.000000 2.000000 1.000000 6.000000 5.000000 11.000000 
31.769885 73.091607 0.000000 23.000000 10.000000 8.000000 6.000000 3.000000 5.000000 1.000000 2.000000 0.000000 5.000000 5.000000 13.000000 
30.763429 82.437926 0.000000 9.000000 2.000000 4.000000 10.000000 8.000000 3.000000 4.000000 5.000000 6.000000 8.000000 11.000000 11.000000 
29.514390 90.053931 0.000000 4.000000 5.000000 7.000000 5.000000 5.000000 12.000000 7.000000 8.000000 3.000000 7.000000 4.000000 14.000000 
26.173650 102.173650 0.000000 26.000000 6.000000 6.000000 7.000000 4.000000 4.000000 6.000000 4.000000 2.000000 12.000000 1.000000 3.000000 
26.763456 106.538712 0.000000 16.000000 5.000000 6.000000 10.000000 7.000000 9.000000 5.000000 4.000000 2.000000 8.000000 2.000000 7.000000 
30.690750 113.365028 0.000000 21.000000 2.000000 7.000000 4.000000 2.000000 2.000000 2.000000 3.000000 3.000000 23.000000 3.000000 9.000000 
30.230278 124.118569 0.000000 13.000000 3.000000 7.000000 13.000000 8.000000 5.000000 4.000000 4.000000 3.000000 4.000000 4.000000 13.000000 
29.571035 130.251021 0.000000 1.000000 1.000000 4.000000 10.000000 5.000000 4.000000 5.000000 4.000000 11.000000 22.000000 9.000000 5.000000 
27.461371 134.131837 0.000000 4.000000 3.000000 7.000000 3.000000 8.000000 8.000000 4.000000 3.000000 8.000000 21.000000 7.000000 5.000000 
27.451244 145.989310 0.000000 4.000000 3.000000 3.000000 4.000000 2.000000 9.000000 13.000000 5.000000 8.000000 16.000000 9.000000 5.000000 
26.218110 158.000000 0.000000 5.000000 3.000000 7.000000 15.000000 9.000000 7.000000 3.000000 9.000000 7.000000 8.000000 4.000000 4.000000 
25.931186 162.689770 0.000000 9.000000 3.000000 8.000000 22.000000 4.000000 3.000000 1.000000 3.000000 5.000000 7.000000 7.000000 9.000000 
25.678868 170.043895 0.000000 10.000000 4.000000 4.000000 9.000000 1.000000 4.000000 5.000000 6.000000 7.000000 6.000000 7.000000 18.000000 
26.566962 178.324652 0.000000 8.000000 6.000000 12.000000 11.000000 8.000000 8.000000 5.000000 3.000000 2.000000 1.000000 7.000000 10.000000 
28.397167 189.097109 0.000000 6.000000 7.000000 4.000000 11.000000 5.000000 2.000000 5.000000 6.000000 9.000000 8.000000 6.000000 12.000000 
28.000000 198.093315 0.000000 3.000000 2.000000 4.000000 6.000000 7.000000 1.000000 11.000000 9.000000 9.000000 9.000000 12.000000 8.000000 
27.218110 204.671738 0.000000 8.000000 9.000000 4.000000 14.000000 5.000000 6.000000 5.000000 6.000000 7.000000 8.000000 5.000000 4.000000 
29.356553 212.687904 0.000000 3.000000 10.000000 6.000000 7.000000 4.000000 5.000000 4.000000 2.000000 4.000000 17.000000 12.000000 7.000000 
31.550487 217.451295 0.000000 2.000000 9.000000 9.000000 9.000000 4.000000 7.000000 6.000000 7.000000 5.000000 5.000000 7.000000 11.000000 
27.841724 228.300666 0.000000 8.000000 1.000000 5.000000 8.000000 8.000000 13.000000 6.000000 2.000000 4.000000 10.000000 6.000000 10.000000 
28.000000 237.365028 27.000000 4.000000 0.000000 1.000000 0.000000 0.000000 3.000000 5.000000 6.000000 5.000000 7.000000 5.000000 9.000000 
34.072945 3.437973 27.000000 11.000000 8.000000 5.000000 2.000000 5.000000 1.000000 2.000000 2.000000 4.000000 6.000000 3.000000 5.000000 
32.598292 8.687440 0.000000 17.000000 11.000000 8.000000 7.000000 5.000000 2.000000 1.000000 6.000000 7.000000 8.000000 0.000000 9.000000 
36.698699 21.636957 0.000000 17.000000 8.000000 5.000000 3.000000 4.000000 7.000000 5.000000 1.000000 5.000000 9.000000 9.000000 8.000000 
35.911477 30.586825 0.000000 2.000000 3.000000 4.000000 23.000000 5.000000 4.000000 6.000000 5.000000 6.000000 9.000000 8.000000 6.000000 
34.706019 37.139701 0.000000 13.000000 6.000000 0.000000 10.000000 3.000000 3.000000 2.000000 3.000000 5.000000 8.000000 8.000000 20.000000 
34.465505 45.848353 0.000000 10.000000 9.000000 15.000000 8.000000 2.000000 2.000000 8.000000 9.000000 4.000000 1.000000 7.000000 6.000000 
34.465522 50.367969 0.000000 10.000000 6.000000 11.000000 3.000000 2.000000 4.000000 13.000000 10.000000 9.000000 3.000000 6.000000 4.000000 
32.959625 65.000000 0.000000 18.000000 7.000000 10.000000 3.000000 4.000000 3.000000 4.000000 1.000000 3.000000 12.000000 8.000000 8.000000 
34.702973 69.799236 0.000000 22.000000 5.000000 7.000000 2.000000 4.000000 7.000000 3.000000 2.000000 4.000000 10.000000 6.000000 9.000000 
35.873130 72.756711 0.000000 28.000000 6.000000 3.000000 10.000000 5.000000 8.000000 2.000000 3.000000 4.000000 3.000000 2.000000 7.000000 
36.297565 82.863919 0.000000 13.000000 5.000000 7.000000 16.000000 3.000000 3.000000 2.000000 4.000000 6.000000 5.000000 5.000000 12.000000 
35.226667 90.816410 0.000000 6.000000 4.000000 4.000000 14.000000 4.000000 8.000000 3.000000 6.000000 4.000000 10.000000 8.000000 10.000000 
34.592889 98.899230 0.000000 14.000000 6.000000 7.000000 7.000000 4.000000 4.000000 7.000000 6.000000 4.000000 6.000000 7.000000 9.000000 
35.812753 108.409010 0.000000 17.000000 1.000000 7.000000 4.000000 2.000000 4.000000 5.000000 7.000000 8.000000 14.000000 3.000000 9.000000 
36.129285 116.460611 0.000000 25.000000 6.000000 9.000000 1.000000 2.000000 5.000000 2.000000 3.000000 5.000000 14.000000 1.000000 8.000000 
36.507832 123.618621 0.000000 19.000000 3.000000 2.000000 8.000000 1.000000 4.000000 5.000000 5.000000 6.000000 15.000000 2.000000 11.000000 
39.084895 133.092484 0.000000 5.000000 4.000000 10.000000 14.000000 2.000000 6.000000 5.000000 3.000000 4.000000 15.000000 8.000000 5.000000 
36.199866 139.874395 0.000000 10.000000 3.000000 1.000000 4.000000 4.000000 3.000000 4.000000 2.000000 5.000000 26.000000 13.000000 6.000000 
34.411103 144.548522 0.000000 9.000000 1.000000 2.000000 16.000000 3.000000 3.000000 5.000000 3.000000 4.000000 25.000000 6.000000 4.000000 
33.884056 156.081695 0.000000 8.000000 10.000000 14.000000 3.000000 3.000000 3.000000 3.000000 5.000000 4.000000 9.000000 10.000000 9.000000 
33.206737 162.531390 0.000000 3.000000 3.000000 9.000000 13.000000 5.000000 3.000000 2.000000 5.000000 7.000000 15.000000 9.000000 7.000000 
37.209978 173.400040 0.000000 8.000000 12.000000 7.000000 9.000000 2.000000 2.000000 6.000000 4.000000 5.000000 15.000000 3.000000 8.000000 
38.980285 179.664540 0.000000 8.000000 4.000000 10.000000 9.000000 6.000000 7.000000 8.000000 1.000000 1.000000 11.000000 9.000000 7.000000 
37.034601 189.071445 0.000000 13.000000 3.000000 6.000000 3.000000 7.000000 6.000000 9.000000 5.000000 9.000000 7.000000 4.000000 9.000000 
34.790750 198.844223 0.000000 6.000000 5.000000 6.000000 4.000000 9.000000 4.000000 9.000000 7.000000 10.000000 13.000000 5.000000 3.000000 
36.534254 205.686446 0.000000 11.000000 8.000000 2.000000 9.000000 4.000000 3.000000 1.000000 2.000000 6.000000 19.000000 7.000000 9.000000 
39.833049 215.070733 0.000000 9.000000 10.000000 8.000000 16.000000 7.000000 2.000000 6.000000 4.000000 6.000000 1.000000 8.000000 4.000000 
38.943723 220.488529 0.000000 5.000000 6.000000 4.000000 5.000000 2.000000 6.000000 5.000000 2.000000 5.000000 13.000000 17.000000 11.000000 
35.322413 225.408816 0.000000 4.000000 3.000000 11.000000 14.000000 3.000000 7.000000 6.000000 4.000000 5.000000 13.000000 7.000000 4.000000 
36.000000 237.124007 27.000000 10.000000 2.000000 1.000000 6.000000 0.000000 0.000000 1.000000 2.000000 0.000000 2.000000 14.000000 7.000000 
44.000000 5.689680 27.000000 10.000000 1.000000 4.000000 6.000000 4.000000 5.000000 7.000000 1.000000 3.000000 4.000000 2.000000 7.000000 
42.479605 12.861214 0.000000 8.000000 10.000000 4.000000 4.000000 3.000000 2.000000 6.000000 6.000000 4.000000 10.000000 14.000000 10.000000 
41.555628 21.016951 0.000000 15.000000 11.000000 8.000000 9.000000 7.000000 5.000000 6.000000 2.000000 2.000000 4.000000 7.000000 5.000000 
45.850940 29.492346 0.000000 15.000000 4.000000 5.000000 6.000000 0.000000 2.000000 3.000000 5.000000 12.000000 16.000000 8.000000 5.000000 
45.431997 38.982442 0.000000 16.000000 12.000000 7.000000 6.000000 4.000000 3.000000 3.000000 2.000000 3.000000 9.000000 8.000000 8.000000 
43.137943 45.956851 0.000000 10.000000 6.000000 8.000000 11.000000 3.000000 2.000000 2.000000 1.000000 6.000000 20.000000 11.000000 1.000000 
44.345891 49.192786 0.000000 13.000000 6.000000 3.000000 3.000000 0.000000 3.000000 7.000000 2.000000 7.000000 15.000000 12.000000 10.000000 
42.739824 61.485902 0.000000 8.000000 8.000000 11.000000 6.000000 3.000000 4.000000 6.000000 5.000000 6.000000 11.000000 6.000000 7.000000 
46.322413 70.687440 0.000000 18.000000 6.000000 6.000000 6.000000 4.000000 5.000000 4.000000 4.000000 5.000000 2.000000 9.000000 12.000000 
44.712468 78.920721 0.000000 21.000000 2.000000 2.000000 8.000000 8.000000 5.000000 5.000000 5.000000 8.000000 7.000000 7.000000 3.000000 
42.119457 87.090078 0.000000 7.000000 8.000000 6.000000 5.000000 2.000000 4.000000 5.000000 7.000000 4.000000 9.000000 7.000000 17.000000 
43.297577 93.702423 0.000000 18.000000 9.000000 3.000000 12.000000 3.000000 6.000000 6.000000 4.000000 4.000000 2.000000 5.000000 9.000000 
46.270860 99.691194 0.000000 10.000000 8.000000 7.000000 10.000000 3.000000 7.000000 5.000000 8.000000 2.000000 3.000000 7.000000 11.000000 
46.059904 114.085052 0.000000 27.000000 10.000000 0.000000 13.000000 3.000000 5.000000 4.000000 2.000000 3.000000 8.000000 1.000000 5.000000 
44.156353 119.771665 0.000000 31.000000 13.000000 0.000000 6.000000 1.000000 3.000000 2.000000 2.000000 1.000000 6.000000 4.000000 12.000000 
45.363263 124.266492 0.000000 16.000000 15.000000 8.000000 6.000000 3.000000 2.000000 5.000000 6.000000 3.000000 5.000000 6.000000 6.000000 
46.649955 135.322413 0.000000 8.000000 7.000000 4.000000 2.000000 2.000000 1.000000 8.000000 4.000000 10.000000 19.000000 10.000000 6.000000 
43.180351 141.049552 0.000000 0.000000 3.000000 5.000000 7.000000 7.000000 5.000000 8.000000 5.000000 10.000000 18.000000 11.000000 2.000000 
47.000000 146.814637 0.000000 7.000000 7.000000 7.000000 4.000000 11.000000 7.000000 10.000000 5.000000 6.000000 5.000000 5.000000 7.000000 
44.012543 156.576272 0.000000 7.000000 3.000000 8.000000 17.000000 3.000000 3.000000 8.000000 4.000000 7.000000 9.000000 6.000000 6.000000 
42.877029 162.979118 0.000000 11.000000 9.000000 7.000000 9.000000 5.000000 5.000000 3.000000 2.000000 3.000000 7.000000 6.000000 14.000000 
47.000000 172.724289 0.000000 8.000000 5.000000 11.000000 9.000000 5.000000 4.000000 4.000000 4.000000 3.000000 13.000000 10.000000 5.000000 
45.772311 179.433725 0.000000 15.000000 6.000000 6.000000 6.000000 4.000000 8.000000 4.000000 1.000000 6.000000 13.000000 5.000000 7.000000 
40.926646 189.247003 0.000000 15.000000 6.000000 6.000000 3.000000 2.000000 7.000000 17.000000 5.000000 5.000000 5.000000 5.000000 5.000000 
41.951852 197.586825 0.000000 4.000000 6.000000 2.000000 10.000000 8.000000 6.000000 7.000000 2.000000 3.000000 11.000000 15.000000 7.000000 
43.762264 204.359410 0.000000 9.000000 3.000000 6.000000 5.000000 8.000000 5.000000 5.000000 6.000000 6.000000 5.000000 12.000000 11.000000 
43.038891 211.865241 0.000000 18.000000 7.000000 5.000000 11.000000 2.000000 1.000000 2.000000 5.000000 8.000000 2.000000 8.000000 12.000000 
45.122928 218.900516 0.000000 3.000000 2.000000 6.000000 16.000000 5.000000 4.000000 5.000000 5.000000 4.000000 1.000000 14.000000 16.000000 
45.000000 224.959625 0.000000 6.000000 6.000000 7.000000 4.000000 3.000000 6.000000 7.000000 4.000000 9.000000 4.000000 13.000000 12.000000 
44.000000 236.908573 27.000000 6.000000 6.000000 4.000000 5.000000 4.000000 9.000000 4.000000 3.000000 2.000000 1.000000 0.000000 1.000000 
52.000000 5.689680 27.000000 18.000000 2.000000 1.000000 2.000000 3.000000 0.000000 6.000000 4.000000 1.000000 8.000000 0.000000 9.000000 
51.267443 13.277296 0.000000 20.000000 10.000000 6.000000 5.000000 4.000000 5.000000 5.000000 3.000000 4.000000 6.000000 7.000000 6.000000 
51.205853 20.632241 0.000000 10.000000 13.000000 11.000000 1.000000 1.000000 7.000000 6.000000 6.000000 3.000000 13.000000 9.000000 1.000000 
57.551796 30.010970 0.000000 11.000000 11.000000 5.000000 4.000000 4.000000 4.000000 12.000000 10.000000 3.000000 4.000000 8.000000 5.000000 
56.659398 39.381002 0.000000 18.000000 7.000000 7.000000 8.000000 11.000000 4.000000 8.000000 7.000000 4.000000 0.000000 2.000000 5.000000 
51.848320 46.381180 0.000000 15.000000 3.000000 10.000000 13.000000 7.000000 3.000000 5.000000 3.000000 2.000000 6.000000 4.000000 10.000000 
50.780937 50.433334 0.000000 14.000000 4.000000 11.000000 7.000000 5.000000 4.000000 6.000000 3.000000 4.000000 7.000000 5.000000 11.000000 
48.000000 60.689680 0.000000 4.000000 5.000000 10.000000 9.000000 4.000000 4.000000 5.000000 1.000000 2.000000 17.000000 13.000000 7.000000 
51.609161 70.215849 0.000000 18.000000 11.000000 8.000000 9.000000 3.000000 5.000000 5.000000 4.000000 0.000000 4.000000 6.000000 8.000000 
52.923277 77.441751 0.000000 15.000000 5.000000 5.000000 27.000000 7.000000 2.000000 0.000000 2.000000 2.000000 7.000000 7.000000 2.000000 
54.202007 82.163021 0.000000 17.000000 3.000000 8.000000 14.000000 4.000000 1.000000 2.000000 2.000000 3.000000 7.000000 13.000000 7.000000 
54.558468 90.808124 0.000000 11.000000 2.000000 13.000000 9.000000 5.000000 10.000000 5.000000 3.000000 3.000000 5.000000 7.000000 8.000000 
56.561079 100.287713 0.000000 19.000000 3.000000 7.000000 5.000000 6.000000 3.000000 6.000000 4.000000 3.000000 9.000000 4.000000 12.000000 
50.234834 115.064081 0.000000 29.000000 2.000000 0.000000 3.000000 6.000000 3.000000 7.000000 3.000000 4.000000 7.000000 2.000000 15.000000 
47.832924 117.428291 0.000000 35.000000 4.000000 1.000000 5.000000 3.000000 5.000000 6.000000 1.000000 2.000000 7.000000 4.000000 8.000000 
49.365028 123.365028 0.000000 26.000000 7.000000 8.000000 6.000000 4.000000 1.000000 3.000000 4.000000 5.000000 7.000000 6.000000 4.000000 
52.967008 132.835067 0.000000 6.000000 6.000000 3.000000 3.000000 0.000000 3.000000 4.000000 7.000000 7.000000 26.000000 6.000000 10.000000 
50.000000 141.689680 0.000000 7.000000 3.000000 6.000000 14.000000 8.000000 8.000000 6.000000 2.000000 9.000000 5.000000 7.000000 6.000000 
53.348590 148.015029 0.000000 16.000000 5.000000 4.000000 9.000000 8.000000 4.000000 6.000000 2.000000 5.000000 6.000000 9.000000 7.000000 
54.000000 155.689680 0.000000 10.000000 5.000000 7.000000 4.000000 3.000000 2.000000 5.000000 9.000000 7.000000 12.000000 6.000000 11.000000 
51.585528 163.812794 0.000000 12.000000 6.000000 9.000000 9.000000 2.000000 8.000000 7.000000 6.000000 4.000000 8.000000 4.000000 6.000000 
51.544101 169.948166 0.000000 6.000000 5.000000 11.000000 7.000000 5.000000 4.000000 4.000000 4.000000 4.000000 14.000000 10.000000 7.000000 
51.586825 178.628123 0.000000 9.000000 9.000000 7.000000 9.000000 5.000000 2.000000 5.000000 9.000000 8.000000 10.000000 4.000000 4.000000 
50.282820 186.951852 0.000000 13.000000 4.000000 3.000000 14.000000 5.000000 5.000000 5.000000 6.000000 2.000000 8.000000 3.000000 13.000000 
50.685135 196.256797 0.000000 8.000000 4.000000 9.000000 9.000000 3.000000 5.000000 2.000000 4.000000 4.000000 11.000000 5.000000 17.000000 
51.677587 206.687440 0.000000 14.000000 3.000000 10.000000 1.000000 7.000000 6.000000 2.000000 0.000000 5.000000 8.000000 6.000000 19.000000 
50.260387 213.077072 0.000000 10.000000 11.000000 7.000000 2.000000 2.000000 2.000000 4.000000 3.000000 7.000000 9.000000 13.000000 11.000000 
51.000000 218.948166 0.000000 11.000000 1.000000 7.000000 15.000000 7.000000 6.000000 3.000000 4.000000 0.000000 4.000000 9.000000 14.000000 
52.000000 226.885913 0.000000 16.000000 6.000000 9.000000 7.000000 0.000000 2.000000 2.000000 2.000000 6.000000 9.000000 8.000000 14.000000 
52.000000 237.002427 27.000000 6.000000 8.000000 2.000000 6.000000 3.000000 2.000000 2.000000 1.000000 2.000000 8.000000 2.000000 3.000000 
60.000000 5.324652 39.000000 10.000000 6.000000 5.000000 2.000000 2.000000 1.000000 3.000000 7.000000 0.000000 0.000000 3.000000 3.000000 
60.000000 13.324652 18.000000 9.000000 2.000000 6.000000 3.000000 8.000000 7.000000 5.000000 10.000000 7.000000 3.000000 0.000000 3.000000 
59.702493 21.027146 18.000000 8.000000 7.000000 7.000000 6.000000 3.000000 6.000000 10.000000 3.000000 3.000000 2.000000 5.000000 3.000000 
61.624034 29.367541 18.000000 8.000000 9.000000 2.000000 1.000000 1.000000 7.000000 13.000000 8.000000 3.000000 3.000000 5.000000 3.000000 
61.991713 37.788053 18.000000 21.000000 4.000000 1.000000 0.000000 2.000000 4.000000 13.000000 6.000000 5.000000 2.000000 3.000000 2.000000 
59.695004 45.977992 18.000000 11.000000 2.000000 6.000000 4.000000 6.000000 3.000000 6.000000 2.000000 6.000000 6.000000 6.000000 5.000000 
60.319956 53.004697 18.000000 11.000000 6.000000 3.000000 4.000000 4.000000 2.000000 9.000000 5.000000 4.000000 2.000000 6.000000 7.000000 
59.213586 61.038868 18.000000 10.000000 4.000000 4.000000 7.000000 2.000000 9.000000 6.000000 6.000000 2.000000 4.000000 6.000000 3.000000 
60.000000 69.324652 18.000000 10.000000 8.000000 2.000000 7.000000 1.000000 2.000000 7.000000 13.000000 8.000000 2.000000 1.000000 2.000000 
60.000000 77.710780 18.000000 8.000000 2.000000 1.000000 5.000000 2.000000 3.000000 12.000000 17.000000 6.000000 4.000000 1.000000 2.000000 
60.442309 84.882344 18.000000 7.000000 3.000000 4.000000 6.000000 3.000000 7.000000 12.000000 6.000000 4.000000 3.000000 4.000000 4.000000 
60.000000 93.324652 18.000000 19.000000 3.000000 3.000000 4.000000 1.000000 6.000000 5.000000 6.000000 2.000000 1.000000 4.000000 9.000000 
61.950318 101.427015 18.000000 18.000000 1.000000 5.000000 6.000000 4.000000 1.000000 4.000000 2.000000 3.000000 7.000000 4.000000 8.000000 
59.424445 110.155744 18.000000 11.000000 11.000000 5.000000 5.000000 1.000000 1.000000 1.000000 3.000000 3.000000 7.000000 4.000000 11.000000 
59.487471 117.288156 18.000000 8.000000 12.000000 10.000000 7.000000 2.000000 5.000000 1.000000 2.000000 3.000000 3.000000 1.000000 9.000000 
59.431729 124.756381 18.000000 8.000000 3.000000 5.000000 6.000000 5.000000 2.000000 5.000000 4.000000 5.000000 9.000000 8.000000 3.000000 
60.000000 133.324652 18.000000 5.000000 8.000000 8.000000 3.000000 2.000000 4.000000 4.000000 2.000000 5.000000 12.000000 4.000000 6.000000 
59.713734 141.324652 18.000000 7.000000 5.000000 3.000000 11.000000 7.000000 6.000000 7.000000 6.000000 2.000000 3.000000 2.000000 4.000000 
60.000000 149.324652 18.000000 4.000000 1.000000 1.000000 12.000000 6.000000 2.000000 4.000000 9.000000 9.000000 3.000000 6.000000 6.000000 
60.459624 156.865029 18.000000 11.000000 1.000000 6.000000 5.000000 1.000000 2.000000 3.000000 5.000000 7.000000 8.000000 10.000000 4.000000 
60.000000 165.324652 18.000000 5.000000 5.000000 4.000000 2.000000 3.000000 3.000000 5.000000 8.000000 12.000000 12.000000 2.000000 2.000000 
60.000000 173.023929 18.000000 11.000000 10.000000 8.000000 5.000000 2.000000 4.000000 1.000000 3.000000 3.000000 11.000000 3.000000 2.000000 
60.000000 181.324652 18.000000 9.000000 2.000000 12.000000 12.000000 3.000000 6.000000 6.000000 0.000000 0.000000 2.000000 5.000000 6.000000 
60.000000 189.324652 18.000000 5.000000 6.000000 4.000000 7.000000 2.000000 4.000000 3.000000 1.000000 2.000000 17.000000 6.000000 6.000000 
60.000000 197.324652 18.000000 4.000000 6.000000 8.000000 6.000000 7.000000 5.000000 6.000000 1.000000 3.000000 6.000000 5.000000 6.000000 
60.000000 205.673139 18.000000 6.000000 5.000000 7.000000 5.000000 4.000000 1.000000 3.000000 7.000000 3.000000 9.000000 2.000000 11.000000 
60.000000 213.324652 18.000000 3.000000 8.000000 9.000000 7.000000 5.000000 3.000000 7.000000 5.000000 2.000000 1.000000 4.000000 9.000000 
60.000000 221.324652 18.000000 6.000000 5.000000 6.000000 9.000000 7.000000 5.000000 2.000000 1.000000 1.000000 3.000000 6.000000 12.000000 
60.000000 228.890526 18.000000 6.000000 3.000000 1.000000 4.000000 7.000000 9.000000 6.000000 4.000000 6.000000 3.000000 3.000000 11.000000 
60.000000 236.000000 35.000000 1.000000 2.000000 1.000000 1.000000 1.000000 0.000000 3.000000 6.000000 5.000000 3.000000 1.000000 4.000000 
