240
5.000000 5.689680 39.000000 3.000000 2.000000 2.000000 1.000000 2.000000 2.000000 4.000000 0.000000 0.000000 6.000000 1.000000 1.000000 
4.000000 12.959625 27.000000 5.000000 2.000000 3.000000 4.000000 1.000000 3.000000 3.000000 1.000000 4.000000 5.000000 2.000000 3.000000 
4.548110 21.733652 27.000000 6.000000 0.000000 3.000000 5.000000 2.000000 2.000000 5.000000 0.000000 2.000000 7.000000 1.000000 3.000000 
4.599285 28.725368 27.000000 0.000000 9.000000 6.000000 2.000000 2.000000 2.000000 2.000000 1.000000 0.000000 3.000000 4.000000 5.000000 
4.000000 37.689680 27.000000 2.000000 3.000000 1.000000 8.000000 2.000000 1.000000 1.000000 1.000000 2.000000 2.000000 5.000000 8.000000 
3.586825 44.911477 27.000000 7.000000 4.000000 7.000000 3.000000 2.000000 1.000000 0.000000 0.000000 1.000000 4.000000 2.000000 5.000000 
2.256192 51.580845 27.000000 10.000000 3.000000 1.000000 1.000000 0.000000 0.000000 0.000000 0.000000 3.000000 13.000000 1.000000 4.000000 
2.584791 60.757959 27.000000 8.000000 1.000000 1.000000 11.000000 2.000000 0.000000 1.000000 0.000000 2.000000 4.000000 0.000000 6.000000 
4.000000 69.689680 27.000000 6.000000 4.000000 2.000000 8.000000 0.000000 0.000000 0.000000 2.000000 3.000000 5.000000 4.000000 2.000000 
4.000000 77.689680 27.000000 6.000000 3.000000 0.000000 4.000000 2.000000 2.000000 6.000000 6.000000 5.000000 2.000000 0.000000 0.000000 
2.221241 85.371130 27.000000 4.000000 3.000000 2.000000 5.000000 0.000000 0.000000 0.000000 1.000000 1.000000 11.000000 6.000000 3.000000 
3.586825 92.911477 27.000000 5.000000 8.000000 3.000000 1.000000 2.000000 2.000000 1.000000 1.000000 0.000000 7.000000 2.000000 4.000000 
4.000000 101.689680 27.000000 1.000000 6.000000 2.000000 12.000000 1.000000 2.000000 1.000000 1.000000 1.000000 2.000000 5.000000 2.000000 
3.586825 109.737828 27.000000 12.000000 3.000000 1.000000 3.000000 0.000000 2.000000 1.000000 1.000000 1.000000 4.000000 3.000000 5.000000 
4.324652 117.324652 27.000000 6.000000 3.000000 2.000000 4.000000 0.000000 4.000000 2.000000 1.000000 1.000000 3.000000 6.000000 4.000000 
4.633583 125.015722 27.000000 6.000000 5.000000 3.000000 4.000000 2.000000 2.000000 1.000000 0.000000 1.000000 6.000000 3.000000 3.000000 
4.000000 133.689680 27.000000 4.000000 0.000000 4.000000 7.000000 1.000000 1.000000 1.000000 0.000000 1.000000 10.000000 5.000000 2.000000 
4.000000 142.061615 27.000000 3.000000 0.000000 4.000000 2.000000 7.000000 11.000000 5.000000 0.000000 0.000000 2.000000 0.000000 2.000000 
2.737225 148.502071 27.000000 1.000000 2.000000 3.000000 1.000000 1.000000 3.000000 13.000000 2.000000 2.000000 4.000000 3.000000 1.000000 
3.583138 157.324652 27.000000 2.000000 2.000000 4.000000 3.000000 2.000000 0.000000 6.000000 3.000000 4.000000 7.000000 1.000000 2.000000 
5.344268 166.293675 27.000000 2.000000 5.000000 4.000000 12.000000 3.000000 2.000000 2.000000 0.000000 0.000000 1.000000 2.000000 3.000000 
6.322413 172.628748 27.000000 1.000000 1.000000 3.000000 27.000000 0.000000 0.000000 0.000000 0.000000 2.000000 4.000000 3.000000 4.000000 
2.474563 180.911477 27.000000 5.000000 2.000000 5.000000 10.000000 1.000000 0.000000 0.000000 0.000000 1.000000 5.000000 4.000000 3.000000 
2.618559 189.422277 27.000000 3.000000 3.000000 0.000000 1.000000 1.000000 0.000000 0.000000 0.000000 1.000000 21.000000 5.000000 1.000000 
4.322413 197.002240 27.000000 10.000000 6.000000 1.000000 3.000000 0.000000 1.000000 1.000000 2.000000 1.000000 5.000000 3.000000 3.000000 
4.000000 205.689680 27.000000 4.000000 5.000000 3.000000 4.000000 1.000000 1.000000 0.000000 0.000000 0.000000 11.000000 3.000000 4.000000 
3.104359 212.911477 27.000000 5.000000 8.000000 4.000000 2.000000 0.000000 0.000000 1.000000 1.000000 2.000000 7.000000 5.000000 1.000000 
2.637748 220.828515 27.000000 6.000000 1.000000 3.000000 4.000000 2.000000 3.000000 2.000000 4.000000 3.000000 3.000000 1.000000 4.000000 
4.687440 229.675119 27.000000 0.000000 0.000000 2.000000 7.000000 1.000000 2.000000 2.000000 0.000000 2.000000 10.000000 7.000000 3.000000 
5.000000 236.365028 36.000000 3.000000 0.000000 5.000000 6.000000 0.000000 0.000000 0.000000 0.000000 1.000000 1.000000 2.000000 2.000000 
12.000000 4.948166 27.000000 3.000000 2.000000 0.000000 9.000000 6.000000 5.000000 7.000000 4.000000 6.000000 4.000000 2.000000 6.000000 
12.221607 11.642534 0.000000 13.000000 2.000000 6.000000 8.000000 4.000000 6.000000 8.000000 4.000000 6.000000 9.000000 5.000000 10.000000 
15.210725 20.434100 0.000000 12.000000 7.000000 4.000000 6.000000 1.000000 3.000000 10.000000 10.000000 5.000000 8.000000 9.000000 6.000000 
15.104462 26.550260 0.000000 10.000000 11.000000 9.000000 9.000000 9.000000 2.000000 12.000000 5.000000 3.000000 1.000000 6.000000 4.000000 
11.492004 37.046673 0.000000 14.000000 7.000000 5.000000 4.000000 4.000000 1.000000 7.000000 9.000000 9.000000 7.000000 9.000000 5.000000 
9.798310 41.153485 0.000000 3.000000 13.000000 6.000000 15.000000 8.000000 4.000000 7.000000 4.000000 3.000000 14.000000 3.000000 1.000000 
7.168396 48.108413 0.000000 8.000000 8.000000 4.000000 4.000000 6.000000 5.000000 6.000000 1.000000 7.000000 25.000000 4.000000 3.000000 
8.065448 58.390100 0.000000 15.000000 7.000000 2.000000 9.000000 4.000000 4.000000 12.000000 4.000000 5.000000 4.000000 4.000000 11.000000 
11.220522 69.183495 0.000000 15.000000 9.000000 6.000000 5.000000 4.000000 2.000000 6.000000 10.000000 5.000000 11.000000 4.000000 4.000000 
10.359169 76.340452 0.000000 7.000000 4.000000 6.000000 22.000000 4.000000 2.000000 3.000000 6.000000 7.000000 13.000000 4.000000 3.000000 
8.158464 83.264412 0.000000 9.000000 4.000000 3.000000 6.000000 1.000000 2.000000 2.000000 7.000000 6.000000 20.000000 10.000000 11.000000 
10.962165 91.192765 0.000000 15.000000 6.000000 7.000000 11.000000 12.000000 2.000000 3.000000 2.000000 4.000000 7.000000 7.000000 5.000000 
11.304112 100.583909 0.000000 5.000000 7.000000 6.000000 10.000000 3.000000 7.000000 3.000000 4.000000 5.000000 18.000000 7.000000 6.000000 
11.365028 108.311457 0.000000 12.000000 11.000000 8.000000 14.000000 3.000000 5.000000 2.000000 2.000000 3.000000 3.000000 11.000000 7.000000 
14.052531 115.312496 0.000000 11.000000 3.000000 6.000000 13.000000 3.000000 4.000000 8.000000 6.000000 5.000000 9.000000 7.000000 6.000000 
13.586825 123.737828 0.000000 9.000000 3.000000 5.000000 7.000000 5.000000 0.000000 7.000000 10.000000 6.000000 16.000000 5.000000 8.000000 
11.896063 132.926748 0.000000 8.000000 2.000000 5.000000 9.000000 12.000000 4.000000 4.000000 5.000000 7.000000 9.000000 7.000000 9.000000 
10.827245 141.384074 0.000000 4.000000 3.000000 4.000000 3.000000 5.000000 15.000000 10.000000 2.000000 2.000000 25.000000 5.000000 3.000000 
9.197198 145.390418 0.000000 4.000000 7.000000 5.000000 5.000000 3.000000 12.000000 7.000000 3.000000 3.000000 21.000000 6.000000 5.000000 
11.493323 157.040671 0.000000 7.000000 2.000000 7.000000 22.000000 5.000000 3.000000 4.000000 9.000000 4.000000 10.000000 6.000000 2.000000 
14.000000 165.688898 0.000000 2.000000 4.000000 4.000000 3.000000 6.000000 5.000000 5.000000 5.000000 7.000000 24.000000 11.000000 5.000000 
11.207470 170.861842 0.000000 3.000000 5.000000 6.000000 8.000000 3.000000 4.000000 4.000000 4.000000 6.000000 19.000000 12.000000 7.000000 
7.153452 179.264190 0.000000 13.000000 8.000000 7.000000 21.000000 2.000000 1.000000 4.000000 2.000000 5.000000 6.000000 5.000000 7.000000 
8.220542 187.190413 0.000000 3.000000 3.000000 3.000000 21.000000 5.000000 2.000000 5.000000 4.000000 3.000000 25.000000 4.000000 3.000000 
12.463364 196.844176 0.000000 20.000000 11.000000 9.000000 4.000000 3.000000 2.000000 6.000000 3.000000 4.000000 4.000000 9.000000 6.000000 
10.781947 204.173650 0.000000 6.000000 14.000000 8.000000 12.000000 4.000000 6.000000 5.000000 2.000000 3.000000 11.000000 7.000000 3.000000 
9.096972 211.355941 0.000000 15.000000 18.000000 9.000000 2.000000 0.000000 1.000000 1.000000 7.000000 4.000000 12.000000 9.000000 3.000000 
8.473753 219.613896 0.000000 12.000000 4.000000 3.000000 8.000000 2.000000 6.000000 2.000000 5.000000 7.000000 15.000000 8.000000 9.000000 
12.756239 229.715863 0.000000 2.000000 5.000000 5.000000 9.000000 7.000000 9.000000 7.000000 5.000000 7.000000 13.000000 9.000000 3.000000 
12.000000 237.757976 27.000000 4.000000 3.000000 4.000000 4.000000 2.000000 2.000000 5.000000 2.000000 8.000000 3.000000 4.000000 4.000000 
19.630418 5.689680 27.000000 6.000000 1.000000 2.000000 7.000000 7.000000 6.000000 4.000000 4.000000 4.000000 1.000000 8.000000 4.000000 
20.389737 14.389737 0.000000 14.000000 6.000000 6.000000 8.000000 3.000000 1.000000 0.000000 3.000000 3.000000 15.000000 12.000000 10.000000 
22.381102 21.273894 0.000000 11.000000 7.000000 10.000000 18.000000 4.000000 2.000000 3.000000 3.000000 3.000000 7.000000 7.000000 6.000000 
21.263708 30.234594 0.000000 9.000000 7.000000 4.000000 6.000000 2.000000 0.000000 2.000000 5.000000 5.000000 17.000000 12.000000 12.000000 
19.735588 37.909237 0.000000 12.000000 6.000000 6.000000 27.000000 5.000000 3.000000 0.000000 0.000000 1.000000 3.000000 7.000000 11.000000 
21.162790 44.122203 0.000000 9.000000 3.000000 4.000000 5.000000 6.000000 7.000000 5.000000 6.000000 8.000000 13.000000 6.000000 9.000000 
19.151947 52.151947 0.000000 15.000000 5.000000 13.000000 5.000000 2.000000 5.000000 7.000000 3.000000 2.000000 6.000000 8.000000 10.000000 
18.097812 59.088405 0.000000 13.000000 4.000000 6.000000 1.000000 1.000000 2.000000 5.000000 2.000000 9.000000 21.000000 9.000000 8.000000 
20.494378 68.343375 0.000000 10.000000 9.000000 10.000000 13.000000 6.000000 1.000000 3.000000 6.000000 5.000000 3.000000 5.000000 10.000000 
21.070982 73.264412 0.000000 10.000000 10.000000 11.000000 4.000000 2.000000 2.000000 4.000000 7.000000 8.000000 6.000000 7.000000 10.000000 
22.526170 82.649886 0.000000 8.000000 2.000000 2.000000 18.000000 6.000000 8.000000 7.000000 7.000000 5.000000 9.000000 2.000000 7.000000 
24.088145 86.929572 0.000000 8.000000 0.000000 4.000000 18.000000 2.000000 2.000000 4.000000 6.000000 6.000000 18.000000 7.000000 6.000000 
18.342846 96.545368 0.000000 9.000000 7.000000 5.000000 19.000000 6.000000 5.000000 3.000000 0.000000 5.000000 8.000000 4.000000 10.000000 
20.000000 106.000000 0.000000 7.000000 9.000000 13.000000 6.000000 3.000000 9.000000 4.000000 9.000000 2.000000 2.000000 7.000000 10.000000 
20.264412 114.581042 0.000000 5.000000 3.000000 4.000000 14.000000 3.000000 10.000000 11.000000 5.000000 5.000000 8.000000 8.000000 5.000000 
19.684192 124.340197 0.000000 4.000000 6.000000 14.000000 8.000000 4.000000 3.000000 7.000000 7.000000 8.000000 8.000000 7.000000 5.000000 
19.322413 130.957385 0.000000 1.000000 9.000000 13.000000 12.000000 6.000000 6.000000 4.000000 6.000000 7.000000 5.000000 6.000000 6.000000 
21.595519 141.251485 0.000000 6.000000 6.000000 11.000000 3.000000 5.000000 13.000000 3.000000 0.000000 4.000000 20.000000 5.000000 5.000000 
21.380560 145.380560 0.000000 5.000000 7.000000 9.000000 5.000000 3.000000 6.000000 9.000000 4.000000 8.000000 15.000000 7.000000 3.000000 
19.981987 155.425733 0.000000 4.000000 3.000000 7.000000 9.000000 5.000000 6.000000 6.000000 3.000000 7.000000 19.000000 8.000000 4.000000 
19.246120 164.995903 0.000000 3.000000 5.000000 7.000000 13.000000 7.000000 3.000000 4.000000 4.000000 4.000000 12.000000 14.000000 5.000000 
20.185111 173.459715 0.000000 8.000000 1.000000 3.000000 3.000000 5.000000 13.000000 12.000000 3.000000 4.000000 9.000000 14.000000 6.000000 
18.599242 180.623446 0.000000 14.000000 6.000000 6.000000 3.000000 5.000000 5.000000 8.000000 1.000000 4.000000 8.000000 9.000000 12.000000 
17.946884 188.825705 0.000000 13.000000 12.000000 10.000000 6.000000 3.000000 5.000000 5.000000 6.000000 3.000000 5.000000 8.000000 5.000000 
19.169963 198.586825 0.000000 6.000000 5.000000 2.000000 5.000000 8.000000 6.000000 6.000000 7.000000 14.000000 17.000000 5.000000 0.000000 
19.583805 204.590325 0.000000 8.000000 7.000000 6.000000 3.000000 2.000000 5.000000 4.000000 9.000000 11.000000 13.000000 9.000000 4.000000 
19.806257 213.586825 0.000000 4.000000 4.000000 5.000000 13.000000 11.000000 9.000000 4.000000 5.000000 5.000000 8.000000 6.000000 7.000000 
17.270422 219.245792 0.000000 4.000000 5.000000 5.000000 16.000000 6.000000 9.000000 6.000000 8.000000 5.000000 5.000000 5.000000 7.000000 
19.652640 228.088257 0.000000 5.000000 7.000000 9.000000 6.000000 5.000000 4.000000 6.000000 2.000000 8.000000 16.000000 8.000000 5.000000 
20.000000 237.365028 27.000000 4.000000 3.000000 3.000000 7.000000 7.000000 4.000000 5.000000 1.000000 2.000000 4.000000 3.000000 2.000000 
29.257641 6.622668 27.000000 2.000000 2.000000 2.000000 4.000000 4.000000 3.000000 8.000000 3.000000 4.000000 10.000000 8.000000 4.000000 
32.413175 15.951852 0.000000 9.000000 4.000000 5.000000 23.000000 5.000000 6.000000 7.000000 5.000000 2.000000 4.000000 3.000000 8.000000 
28.267140 18.267140 0.000000 10.000000 3.000000 6.000000 14.000000 4.000000 3.000000 8.000000 5.000000 5.000000 9.000000 8.000000 6.000000 
27.375108 27.375108 0.000000 6.000000 7.000000 7.000000 10.000000 3.000000 4.000000 10.000000 4.000000 5.000000 13.000000 8.000000 4.000000 
29.708277 37.611477 0.000000 14.000000 6.000000 5.000000 10.000000 4.000000 3.000000 5.000000 6.000000 2.000000 11.000000 7.000000 8.000000 
30.322413 45.687440 0.000000 11.000000 8.000000 4.000000 14.000000 5.000000 7.000000 4.000000 2.000000 1.000000 0.000000 14.000000 11.000000 
29.362821 53.689680 0.000000 11.000000 6.000000 5.000000 9.000000 6.000000 5.000000 7.000000 4.000000 3.000000 6.000000 10.000000 9.000000 
28.341669 61.393504 0.000000 13.000000 7.000000 4.000000 6.000000 7.000000 5.000000 4.000000 2.000000 6.000000 10.000000 10.000000 7.000000 
29.462030 68.173650 0.000000 12.000000 10.000000 7.000000 7.000000 7.000000 4.000000 5.000000 5.000000 4.000000 9.000000 5.000000 6.000000 
27.485196 75.343943 0.000000 9.000000 3.000000 6.000000 11.000000 5.000000 4.000000 5.000000 4.000000 4.000000 12.000000 10.000000 8.000000 
26.874338 82.391872 0.000000 9.000000 5.000000 4.000000 25.000000 2.000000 3.000000 6.000000 4.000000 4.000000 9.000000 5.000000 5.000000 
28.271574 86.909237 0.000000 8.000000 9.000000 4.000000 16.000000 3.000000 3.000000 6.000000 5.000000 5.000000 9.000000 9.000000 4.000000 
25.461252 98.884451 0.000000 10.000000 7.000000 7.000000 20.000000 5.000000 4.000000 2.000000 5.000000 1.000000 4.000000 7.000000 9.000000 
26.481251 107.616345 0.000000 8.000000 5.000000 4.000000 16.000000 4.000000 4.000000 7.000000 4.000000 3.000000 7.000000 12.000000 7.000000 
28.010105 115.280413 0.000000 16.000000 2.000000 6.000000 18.000000 2.000000 11.000000 5.000000 2.000000 2.000000 4.000000 7.000000 6.000000 
28.497453 123.080591 0.000000 5.000000 6.000000 3.000000 14.000000 3.000000 8.000000 6.000000 2.000000 3.000000 6.000000 12.000000 13.000000 
27.636265 132.387576 0.000000 8.000000 14.000000 10.000000 4.000000 6.000000 3.000000 4.000000 5.000000 5.000000 7.000000 9.000000 6.000000 
27.266452 141.943659 0.000000 8.000000 3.000000 8.000000 9.000000 4.000000 3.000000 2.000000 2.000000 2.000000 27.000000 9.000000 4.000000 
26.375709 145.559223 0.000000 10.000000 13.000000 14.000000 7.000000 0.000000 0.000000 4.000000 1.000000 4.000000 17.000000 6.000000 5.000000 
26.000000 154.689680 0.000000 4.000000 5.000000 7.000000 7.000000 5.000000 1.000000 3.000000 1.000000 3.000000 32.000000 8.000000 5.000000 
29.196194 163.633365 0.000000 6.000000 3.000000 6.000000 3.000000 7.000000 5.000000 4.000000 2.000000 11.000000 10.000000 11.000000 13.000000 
30.586825 168.951852 0.000000 6.000000 7.000000 3.000000 10.000000 3.000000 2.000000 8.000000 6.000000 4.000000 7.000000 10.000000 15.000000 
28.899015 179.610056 0.000000 12.000000 6.000000 9.000000 4.000000 3.000000 3.000000 5.000000 4.000000 4.000000 8.000000 11.000000 12.000000 
30.253482 190.618510 0.000000 10.000000 8.000000 7.000000 6.000000 3.000000 3.000000 0.000000 4.000000 8.000000 10.000000 10.000000 12.000000 
28.604236 197.410512 0.000000 2.000000 6.000000 7.000000 6.000000 7.000000 3.000000 3.000000 8.000000 6.000000 14.000000 11.000000 8.000000 
29.835686 204.243096 0.000000 8.000000 11.000000 6.000000 15.000000 10.000000 4.000000 4.000000 2.000000 4.000000 7.000000 8.000000 2.000000 
26.713882 210.972804 0.000000 5.000000 11.000000 9.000000 4.000000 3.000000 5.000000 6.000000 4.000000 2.000000 16.000000 11.000000 5.000000 
25.586825 219.911477 0.000000 2.000000 8.000000 11.000000 8.000000 7.000000 6.000000 7.000000 5.000000 6.000000 7.000000 8.000000 6.000000 
27.301315 229.737828 0.000000 2.000000 2.000000 9.000000 5.000000 5.000000 14.000000 9.000000 3.000000 6.000000 11.000000 7.000000 8.000000 
28.000000 237.365028 27.000000 3.000000 1.000000 3.000000 1.000000 0.000000 1.000000 5.000000 6.000000 6.000000 7.000000 8.000000 4.000000 
36.000000 5.689680 27.000000 0.000000 4.000000 3.000000 6.000000 3.000000 4.000000 3.000000 9.000000 7.000000 9.000000 2.000000 4.000000 
35.588955 12.953982 0.000000 17.000000 8.000000 8.000000 13.000000 3.000000 2.000000 2.000000 5.000000 4.000000 5.000000 6.000000 8.000000 
32.465567 16.022709 0.000000 19.000000 5.000000 4.000000 18.000000 4.000000 3.000000 7.000000 2.000000 3.000000 2.000000 2.000000 12.000000 
35.030325 25.548285 0.000000 3.000000 14.000000 5.000000 14.000000 9.000000 9.000000 4.000000 4.000000 4.000000 5.000000 7.000000 3.000000 
37.000000 35.959625 0.000000 16.000000 8.000000 6.000000 6.000000 2.000000 4.000000 5.000000 4.000000 1.000000 8.000000 10.000000 11.000000 
36.491792 45.689680 0.000000 12.000000 4.000000 1.000000 8.000000 6.000000 5.000000 13.000000 6.000000 1.000000 9.000000 7.000000 9.000000 
35.634972 53.365028 0.000000 11.000000 5.000000 4.000000 5.000000 1.000000 1.000000 5.000000 8.000000 4.000000 15.000000 14.000000 8.000000 
34.190164 60.255857 0.000000 12.000000 7.000000 8.000000 23.000000 3.000000 2.000000 1.000000 2.000000 2.000000 3.000000 7.000000 11.000000 
33.604167 67.322413 0.000000 17.000000 7.000000 8.000000 5.000000 2.000000 4.000000 3.000000 7.000000 3.000000 11.000000 6.000000 8.000000 
33.951852 75.586825 0.000000 6.000000 10.000000 5.000000 16.000000 5.000000 4.000000 3.000000 7.000000 5.000000 8.000000 8.000000 4.000000 
36.772241 84.687440 0.000000 11.000000 2.000000 1.000000 1.000000 7.000000 3.000000 4.000000 5.000000 8.000000 15.000000 11.000000 13.000000 
38.698795 91.320052 0.000000 5.000000 3.000000 9.000000 23.000000 9.000000 5.000000 6.000000 4.000000 2.000000 7.000000 5.000000 3.000000 
39.398415 99.506938 0.000000 12.000000 5.000000 5.000000 5.000000 5.000000 2.000000 4.000000 5.000000 4.000000 15.000000 9.000000 10.000000 
37.376739 105.570022 0.000000 13.000000 7.000000 7.000000 6.000000 8.000000 3.000000 3.000000 6.000000 4.000000 9.000000 6.000000 9.000000 
35.543186 113.998811 0.000000 15.000000 8.000000 7.000000 6.000000 1.000000 3.000000 3.000000 6.000000 3.000000 15.000000 4.000000 10.000000 
32.677587 120.957385 0.000000 8.000000 8.000000 7.000000 20.000000 3.000000 7.000000 7.000000 2.000000 3.000000 5.000000 6.000000 5.000000 
37.304591 134.227597 0.000000 5.000000 3.000000 1.000000 5.000000 7.000000 3.000000 7.000000 4.000000 7.000000 27.000000 8.000000 4.000000 
42.201480 143.025208 0.000000 6.000000 7.000000 3.000000 7.000000 3.000000 4.000000 4.000000 7.000000 5.000000 26.000000 7.000000 2.000000 
39.750272 146.511974 0.000000 4.000000 13.000000 6.000000 8.000000 2.000000 3.000000 5.000000 5.000000 4.000000 23.000000 3.000000 5.000000 
36.506499 157.508046 0.000000 3.000000 15.000000 9.000000 8.000000 5.000000 4.000000 6.000000 5.000000 9.000000 4.000000 9.000000 4.000000 
36.322413 165.647065 0.000000 6.000000 7.000000 6.000000 12.000000 3.000000 3.000000 6.000000 7.000000 6.000000 8.000000 5.000000 12.000000 
37.705240 173.263107 0.000000 5.000000 12.000000 6.000000 0.000000 4.000000 6.000000 9.000000 4.000000 5.000000 9.000000 12.000000 9.000000 
39.996142 182.671490 0.000000 7.000000 4.000000 3.000000 9.000000 4.000000 4.000000 12.000000 8.000000 4.000000 17.000000 4.000000 5.000000 
40.106553 190.000936 0.000000 10.000000 3.000000 5.000000 9.000000 5.000000 6.000000 15.000000 5.000000 3.000000 4.000000 9.000000 7.000000 
39.999761 198.538698 0.000000 3.000000 1.000000 9.000000 7.000000 4.000000 6.000000 8.000000 5.000000 4.000000 9.000000 11.000000 14.000000 
39.586825 205.221797 0.000000 5.000000 4.000000 5.000000 6.000000 6.000000 5.000000 8.000000 6.000000 4.000000 11.000000 8.000000 13.000000 
35.295721 212.096102 0.000000 8.000000 8.000000 4.000000 16.000000 3.000000 5.000000 5.000000 6.000000 1.000000 9.000000 10.000000 6.000000 
34.356708 219.971139 0.000000 10.000000 6.000000 7.000000 11.000000 6.000000 3.000000 0.000000 3.000000 4.000000 18.000000 6.000000 7.000000 
35.322413 229.647065 0.000000 7.000000 5.000000 9.000000 18.000000 2.000000 5.000000 2.000000 2.000000 4.000000 13.000000 7.000000 7.000000 
36.000000 237.365028 27.000000 11.000000 3.000000 4.000000 7.000000 1.000000 0.000000 0.000000 1.000000 0.000000 4.000000 5.000000 9.000000 
44.000000 5.689680 27.000000 1.000000 0.000000 3.000000 8.000000 6.000000 7.000000 12.000000 1.000000 5.000000 7.000000 3.000000 1.000000 
45.492831 14.430747 0.000000 15.000000 9.000000 3.000000 5.000000 5.000000 6.000000 12.000000 1.000000 8.000000 6.000000 4.000000 7.000000 
48.997375 21.367652 0.000000 22.000000 5.000000 4.000000 8.000000 3.000000 2.000000 7.000000 5.000000 4.000000 6.000000 8.000000 7.000000 
46.577503 25.739245 0.000000 4.000000 7.000000 4.000000 3.000000 2.000000 0.000000 13.000000 13.000000 7.000000 18.000000 6.000000 4.000000 
43.829197 35.864290 0.000000 10.000000 11.000000 6.000000 11.000000 6.000000 4.000000 5.000000 3.000000 3.000000 9.000000 7.000000 6.000000 
44.000000 45.689680 0.000000 13.000000 16.000000 5.000000 6.000000 2.000000 4.000000 2.000000 4.000000 2.000000 8.000000 12.000000 7.000000 
44.627831 53.330296 0.000000 6.000000 4.000000 13.000000 16.000000 8.000000 4.000000 3.000000 7.000000 7.000000 4.000000 5.000000 4.000000 
43.035841 61.035841 0.000000 9.000000 2.000000 4.000000 10.000000 1.000000 1.000000 18.000000 16.000000 6.000000 10.000000 1.000000 3.000000 
44.655174 69.693914 0.000000 7.000000 5.000000 2.000000 0.000000 3.000000 6.000000 13.000000 12.000000 9.000000 12.000000 8.000000 4.000000 
43.508566 75.061546 0.000000 20.000000 2.000000 5.000000 8.000000 3.000000 8.000000 9.000000 8.000000 6.000000 5.000000 3.000000 4.000000 
44.930262 84.434766 0.000000 16.000000 7.000000 5.000000 9.000000 5.000000 3.000000 3.000000 6.000000 7.000000 5.000000 6.000000 9.000000 
46.263070 90.314905 0.000000 12.000000 6.000000 3.000000 6.000000 5.000000 3.000000 2.000000 3.000000 4.000000 14.000000 10.000000 13.000000 
45.196902 100.221797 0.000000 19.000000 10.000000 7.000000 7.000000 5.000000 3.000000 1.000000 2.000000 4.000000 9.000000 2.000000 12.000000 
41.909237 106.264412 0.000000 18.000000 6.000000 6.000000 3.000000 4.000000 1.000000 3.000000 3.000000 5.000000 10.000000 10.000000 12.000000 
42.665125 114.515003 0.000000 13.000000 10.000000 7.000000 17.000000 4.000000 5.000000 6.000000 1.000000 1.000000 9.000000 5.000000 3.000000 
44.548663 122.818607 0.000000 8.000000 4.000000 6.000000 3.000000 2.000000 6.000000 9.000000 4.000000 3.000000 23.000000 6.000000 7.000000 
47.993494 135.365028 0.000000 8.000000 2.000000 11.000000 0.000000 0.000000 0.000000 1.000000 5.000000 5.000000 26.000000 14.000000 9.000000 
46.960160 138.798490 0.000000 11.000000 6.000000 1.000000 3.000000 3.000000 3.000000 3.000000 6.000000 7.000000 26.000000 9.000000 3.000000 
42.802534 142.167562 0.000000 6.000000 7.000000 3.000000 7.000000 3.000000 4.000000 4.000000 7.000000 5.000000 26.000000 7.000000 2.000000 
44.273204 157.314810 0.000000 8.000000 8.000000 11.000000 12.000000 1.000000 1.000000 4.000000 4.000000 9.000000 11.000000 8.000000 4.000000 
44.108892 164.850406 0.000000 6.000000 9.000000 12.000000 6.000000 3.000000 5.000000 3.000000 3.000000 7.000000 13.000000 10.000000 4.000000 
44.687440 173.671291 0.000000 20.000000 7.000000 12.000000 8.000000 2.000000 1.000000 4.000000 2.000000 6.000000 3.000000 12.000000 4.000000 
45.188726 180.896278 0.000000 13.000000 7.000000 8.000000 4.000000 4.000000 10.000000 4.000000 1.000000 1.000000 19.000000 7.000000 3.000000 
44.288341 189.364326 0.000000 7.000000 3.000000 4.000000 6.000000 3.000000 13.000000 14.000000 7.000000 3.000000 6.000000 6.000000 9.000000 
44.095181 198.033493 0.000000 15.000000 2.000000 5.000000 11.000000 9.000000 2.000000 0.000000 0.000000 3.000000 3.000000 12.000000 19.000000 
44.421821 205.205912 0.000000 8.000000 6.000000 6.000000 4.000000 4.000000 3.000000 5.000000 5.000000 4.000000 10.000000 7.000000 19.000000 
43.000000 215.333785 0.000000 5.000000 7.000000 7.000000 17.000000 6.000000 3.000000 4.000000 5.000000 8.000000 6.000000 9.000000 4.000000 
43.953725 222.766142 0.000000 5.000000 3.000000 12.000000 10.000000 1.000000 7.000000 6.000000 5.000000 1.000000 4.000000 16.000000 11.000000 
44.586825 229.373458 0.000000 3.000000 1.000000 4.000000 13.000000 5.000000 9.000000 14.000000 5.000000 9.000000 6.000000 6.000000 6.000000 
44.000000 237.365028 27.000000 7.000000 7.000000 7.000000 5.000000 5.000000 5.000000 6.000000 1.000000 1.000000 0.000000 1.000000 0.000000 
52.000000 6.014333 27.000000 10.000000 4.000000 4.000000 7.000000 3.000000 6.000000 7.000000 1.000000 3.000000 1.000000 0.000000 8.000000 
52.000000 14.689680 0.000000 20.000000 5.000000 3.000000 3.000000 4.000000 2.000000 6.000000 4.000000 5.000000 12.000000 7.000000 10.000000 
53.250900 21.995809 0.000000 23.000000 2.000000 3.000000 4.000000 7.000000 7.000000 7.000000 8.000000 4.000000 6.000000 4.000000 6.000000 
51.216330 27.401318 0.000000 10.000000 7.000000 6.000000 4.000000 4.000000 3.000000 17.000000 10.000000 3.000000 6.000000 3.000000 8.000000 
51.000000 38.689680 0.000000 19.000000 13.000000 9.000000 2.000000 3.000000 4.000000 1.000000 4.000000 6.000000 15.000000 2.000000 3.000000 
52.878875 45.400079 0.000000 16.000000 12.000000 9.000000 3.000000 4.000000 4.000000 4.000000 3.000000 4.000000 4.000000 14.000000 4.000000 
52.874361 50.239389 0.000000 14.000000 4.000000 6.000000 9.000000 6.000000 5.000000 3.000000 3.000000 4.000000 9.000000 10.000000 8.000000 
49.254928 57.944608 0.000000 11.000000 5.000000 11.000000 9.000000 3.000000 3.000000 5.000000 2.000000 4.000000 9.000000 9.000000 10.000000 
54.084419 69.721546 0.000000 10.000000 8.000000 13.000000 20.000000 3.000000 4.000000 3.000000 6.000000 2.000000 3.000000 4.000000 5.000000 
55.000000 75.689680 0.000000 15.000000 2.000000 11.000000 18.000000 3.000000 1.000000 5.000000 4.000000 3.000000 6.000000 8.000000 5.000000 
52.213782 85.077094 0.000000 16.000000 7.000000 3.000000 0.000000 4.000000 7.000000 5.000000 8.000000 6.000000 14.000000 5.000000 6.000000 
51.508237 91.439929 0.000000 21.000000 4.000000 4.000000 6.000000 7.000000 6.000000 8.000000 2.000000 3.000000 2.000000 5.000000 13.000000 
52.832993 99.371670 0.000000 13.000000 6.000000 3.000000 3.000000 6.000000 4.000000 13.000000 8.000000 5.000000 4.000000 5.000000 11.000000 
52.752847 107.689680 0.000000 8.000000 3.000000 5.000000 9.000000 6.000000 5.000000 9.000000 6.000000 9.000000 10.000000 7.000000 4.000000 
52.000000 116.948166 0.000000 14.000000 10.000000 5.000000 3.000000 4.000000 2.000000 8.000000 5.000000 5.000000 7.000000 9.000000 9.000000 
52.291438 123.689680 0.000000 10.000000 11.000000 6.000000 10.000000 3.000000 4.000000 8.000000 2.000000 5.000000 11.000000 3.000000 8.000000 
54.303205 133.841883 0.000000 9.000000 6.000000 7.000000 0.000000 0.000000 0.000000 3.000000 6.000000 8.000000 29.000000 6.000000 7.000000 
53.451258 139.689680 0.000000 7.000000 3.000000 2.000000 10.000000 6.000000 9.000000 5.000000 7.000000 5.000000 12.000000 11.000000 4.000000 
51.346933 148.566933 0.000000 7.000000 14.000000 4.000000 2.000000 6.000000 7.000000 5.000000 10.000000 8.000000 5.000000 6.000000 7.000000 
49.181702 157.911757 0.000000 5.000000 4.000000 8.000000 23.000000 8.000000 3.000000 4.000000 7.000000 5.000000 7.000000 5.000000 2.000000 
50.322413 163.968906 0.000000 13.000000 7.000000 11.000000 9.000000 1.000000 4.000000 6.000000 3.000000 3.000000 5.000000 9.000000 10.000000 
52.356687 174.988072 0.000000 8.000000 6.000000 14.000000 7.000000 2.000000 4.000000 7.000000 5.000000 5.000000 4.000000 13.000000 6.000000 
49.349210 183.782121 0.000000 2.000000 5.000000 6.000000 9.000000 1.000000 14.000000 16.000000 5.000000 2.000000 3.000000 8.000000 10.000000 
50.048541 191.703104 0.000000 9.000000 4.000000 13.000000 15.000000 4.000000 1.000000 6.000000 6.000000 7.000000 9.000000 3.000000 4.000000 
52.912941 197.452087 0.000000 9.000000 7.000000 9.000000 8.000000 11.000000 5.000000 3.000000 3.000000 5.000000 8.000000 6.000000 7.000000 
51.337740 205.285905 0.000000 12.000000 7.000000 8.000000 4.000000 5.000000 0.000000 2.000000 3.000000 8.000000 11.000000 7.000000 14.000000 
51.622696 211.557335 0.000000 10.000000 10.000000 13.000000 11.000000 3.000000 4.000000 1.000000 4.000000 3.000000 8.000000 4.000000 10.000000 
50.586825 219.336107 0.000000 5.000000 3.000000 8.000000 11.000000 9.000000 4.000000 2.000000 6.000000 2.000000 2.000000 15.000000 14.000000 
51.000000 227.689680 0.000000 9.000000 3.000000 5.000000 7.000000 6.000000 2.000000 4.000000 8.000000 5.000000 8.000000 13.000000 11.000000 
52.000000 237.002427 27.000000 9.000000 5.000000 2.000000 5.000000 5.000000 1.000000 6.000000 1.000000 2.000000 4.000000 3.000000 2.000000 
60.000000 5.324652 39.000000 8.000000 2.000000 2.000000 8.000000 2.000000 3.000000 3.000000 3.000000 1.000000 2.000000 2.000000 6.000000 
60.000000 13.687253 18.000000 12.000000 4.000000 1.000000 4.000000 5.000000 8.000000 11.000000 5.000000 6.000000 3.000000 0.000000 4.000000 
60.000000 21.324652 18.000000 11.000000 3.000000 5.000000 5.000000 10.000000 6.000000 8.000000 5.000000 5.000000 2.000000 1.000000 2.000000 
60.000000 29.324652 18.000000 17.000000 4.000000 5.000000 0.000000 2.000000 9.000000 6.000000 7.000000 3.000000 1.000000 5.000000 4.000000 
60.000000 37.645155 18.000000 4.000000 4.000000 4.000000 3.000000 5.000000 6.000000 5.000000 7.000000 7.000000 6.000000 2.000000 10.000000 
60.000000 45.324652 18.000000 13.000000 3.000000 4.000000 3.000000 2.000000 7.000000 5.000000 6.000000 6.000000 5.000000 3.000000 6.000000 
60.425387 53.324652 18.000000 9.000000 1.000000 3.000000 0.000000 3.000000 7.000000 7.000000 8.000000 6.000000 2.000000 10.000000 7.000000 
59.470125 60.794778 18.000000 5.000000 2.000000 7.000000 4.000000 1.000000 7.000000 19.000000 6.000000 4.000000 0.000000 5.000000 3.000000 
60.431924 69.756577 18.000000 6.000000 4.000000 5.000000 5.000000 2.000000 4.000000 12.000000 8.000000 8.000000 4.000000 4.000000 1.000000 
60.957160 76.865029 18.000000 5.000000 2.000000 3.000000 15.000000 9.000000 4.000000 8.000000 8.000000 2.000000 3.000000 2.000000 2.000000 
60.000000 85.324652 18.000000 14.000000 4.000000 5.000000 12.000000 5.000000 1.000000 4.000000 1.000000 4.000000 2.000000 6.000000 5.000000 
60.000000 93.324652 18.000000 9.000000 6.000000 8.000000 4.000000 1.000000 0.000000 6.000000 1.000000 4.000000 11.000000 6.000000 7.000000 
60.000000 101.324652 18.000000 8.000000 10.000000 4.000000 13.000000 1.000000 1.000000 4.000000 4.000000 3.000000 0.000000 4.000000 11.000000 
60.000000 109.324652 18.000000 14.000000 7.000000 0.000000 6.000000 3.000000 3.000000 5.000000 4.000000 3.000000 5.000000 8.000000 5.000000 
60.000000 117.324652 18.000000 6.000000 10.000000 7.000000 12.000000 3.000000 8.000000 6.000000 1.000000 3.000000 2.000000 1.000000 4.000000 
60.000000 125.324652 18.000000 6.000000 4.000000 3.000000 6.000000 2.000000 2.000000 9.000000 1.000000 8.000000 11.000000 8.000000 3.000000 
60.463061 133.324652 18.000000 10.000000 6.000000 6.000000 3.000000 3.000000 2.000000 2.000000 5.000000 4.000000 16.000000 3.000000 3.000000 
60.000000 141.324652 18.000000 6.000000 5.000000 3.000000 7.000000 4.000000 6.000000 4.000000 8.000000 4.000000 8.000000 3.000000 5.000000 
60.000000 149.324652 18.000000 2.000000 11.000000 5.000000 10.000000 5.000000 2.000000 1.000000 7.000000 7.000000 3.000000 6.000000 4.000000 
59.728050 157.596602 18.000000 9.000000 3.000000 2.000000 1.000000 0.000000 5.000000 4.000000 7.000000 7.000000 13.000000 4.000000 8.000000 
59.706796 165.031449 18.000000 10.000000 5.000000 3.000000 3.000000 1.000000 6.000000 4.000000 8.000000 6.000000 7.000000 6.000000 4.000000 
60.000000 173.734700 18.000000 10.000000 7.000000 9.000000 4.000000 0.000000 3.000000 1.000000 4.000000 5.000000 2.000000 7.000000 11.000000 
59.440405 181.589025 18.000000 10.000000 1.000000 4.000000 11.000000 3.000000 5.000000 3.000000 3.000000 2.000000 8.000000 3.000000 10.000000 
59.689959 189.975578 18.000000 8.000000 3.000000 2.000000 12.000000 7.000000 1.000000 2.000000 4.000000 6.000000 9.000000 3.000000 6.000000 
60.451895 197.776548 18.000000 10.000000 3.000000 4.000000 3.000000 6.000000 6.000000 4.000000 4.000000 3.000000 7.000000 6.000000 7.000000 
60.000000 205.324652 18.000000 7.000000 8.000000 4.000000 5.000000 4.000000 5.000000 8.000000 2.000000 7.000000 5.000000 3.000000 5.000000 
60.000000 213.324652 18.000000 8.000000 7.000000 2.000000 4.000000 6.000000 7.000000 5.000000 3.000000 5.000000 6.000000 5.000000 5.000000 
60.000000 221.324652 18.000000 11.000000 2.000000 2.000000 11.000000 6.000000 3.000000 3.000000 3.000000 2.000000 6.000000 6.000000 8.000000 
60.000000 228.890526 18.000000 6.000000 2.000000 1.000000 9.000000 9.000000 5.000000 4.000000 4.000000 1.000000 6.000000 5.000000 11.000000 
60.000000 236.000000 35.000000 3.000000 2.000000 1.000000 0.000000 0.000000 1.000000 5.000000 2.000000 4.000000 3.000000 3.000000 4.000000 
