240
5.000000 5.689680 39.000000 1.000000 5.000000 0.000000 1.000000 1.000000 3.000000 1.000000 2.000000 4.000000 0.000000 0.000000 6.000000 
4.000000 12.623823 27.000000 4.000000 6.000000 3.000000 4.000000 1.000000 5.000000 4.000000 0.000000 4.000000 2.000000 0.000000 3.000000 
2.703773 20.911477 27.000000 2.000000 3.000000 2.000000 1.000000 1.000000 0.000000 2.000000 3.000000 4.000000 11.000000 1.000000 6.000000 
4.000000 30.414572 27.000000 3.000000 4.000000 5.000000 0.000000 0.000000 0.000000 1.000000 2.000000 2.000000 5.000000 5.000000 9.000000 
4.608650 37.933303 27.000000 5.000000 4.000000 1.000000 4.000000 2.000000 0.000000 0.000000 2.000000 3.000000 7.000000 2.000000 6.000000 
4.000000 44.959625 27.000000 6.000000 6.000000 5.000000 1.000000 2.000000 0.000000 0.000000 1.000000 2.000000 6.000000 4.000000 3.000000 
4.322413 53.002240 27.000000 6.000000 8.000000 3.000000 8.000000 3.000000 2.000000 1.000000 1.000000 0.000000 2.000000 1.000000 1.000000 
3.583138 61.324652 27.000000 3.000000 5.000000 2.000000 0.000000 0.000000 3.000000 6.000000 7.000000 2.000000 2.000000 2.000000 4.000000 
3.924488 69.324652 27.000000 4.000000 8.000000 3.000000 2.000000 1.000000 2.000000 1.000000 6.000000 3.000000 3.000000 1.000000 2.000000 
4.000000 77.689680 27.000000 3.000000 0.000000 1.000000 13.000000 5.000000 1.000000 1.000000 1.000000 2.000000 4.000000 3.000000 2.000000 
4.000000 84.959625 27.000000 3.000000 2.000000 1.000000 2.000000 3.000000 4.000000 5.000000 3.000000 3.000000 1.000000 6.000000 3.000000 
3.882933 92.328650 27.000000 5.000000 0.000000 0.000000 2.000000 6.000000 4.000000 7.000000 2.000000 0.000000 1.000000 4.000000 5.000000 
4.322413 101.002240 27.000000 5.000000 5.000000 2.000000 6.000000 3.000000 2.000000 1.000000 1.000000 0.000000 3.000000 5.000000 3.000000 
5.108360 109.933303 27.000000 3.000000 3.000000 8.000000 7.000000 1.000000 0.000000 0.000000 2.000000 2.000000 1.000000 4.000000 5.000000 
4.000000 116.959625 27.000000 7.000000 2.000000 0.000000 2.000000 0.000000 3.000000 5.000000 2.000000 1.000000 3.000000 3.000000 8.000000 
4.000000 125.689680 27.000000 4.000000 1.000000 2.000000 2.000000 3.000000 2.000000 5.000000 5.000000 2.000000 3.000000 5.000000 2.000000 
4.322413 133.002240 27.000000 5.000000 3.000000 0.000000 5.000000 5.000000 2.000000 2.000000 1.000000 5.000000 2.000000 1.000000 5.000000 
3.583138 141.324652 27.000000 3.000000 2.000000 2.000000 2.000000 4.000000 5.000000 4.000000 1.000000 3.000000 6.000000 3.000000 1.000000 
4.000000 149.689680 27.000000 4.000000 2.000000 3.000000 3.000000 1.000000 2.000000 1.000000 1.000000 3.000000 5.000000 6.000000 5.000000 
4.322413 157.647065 27.000000 4.000000 2.000000 4.000000 4.000000 2.000000 1.000000 4.000000 2.000000 5.000000 1.000000 2.000000 5.000000 
4.000000 166.042899 27.000000 6.000000 3.000000 2.000000 7.000000 3.000000 0.000000 1.000000 3.000000 2.000000 5.000000 2.000000 2.000000 
4.000000 172.959625 27.000000 4.000000 2.000000 5.000000 7.000000 2.000000 1.000000 2.000000 0.000000 1.000000 8.000000 1.000000 3.000000 
2.617551 182.707102 27.000000 4.000000 1.000000 6.000000 9.000000 0.000000 1.000000 0.000000 0.000000 0.000000 3.000000 4.000000 8.000000 
2.663878 188.503941 27.000000 3.000000 3.000000 1.000000 0.000000 0.000000 1.000000 0.000000 0.000000 2.000000 16.000000 5.000000 5.000000 
4.925816 196.723489 27.000000 0.000000 6.000000 9.000000 10.000000 0.000000 0.000000 0.000000 0.000000 0.000000 4.000000 2.000000 5.000000 
3.583138 205.324652 27.000000 4.000000 2.000000 3.000000 4.000000 1.000000 1.000000 0.000000 1.000000 2.000000 5.000000 6.000000 7.000000 
4.607395 214.736971 27.000000 5.000000 1.000000 3.000000 1.000000 1.000000 5.000000 8.000000 2.000000 1.000000 8.000000 0.000000 1.000000 
4.619043 221.324652 27.000000 1.000000 1.000000 1.000000 4.000000 2.000000 6.000000 5.000000 3.000000 2.000000 6.000000 2.000000 3.000000 
4.310204 228.620524 27.000000 1.000000 3.000000 3.000000 8.000000 1.000000 0.000000 2.000000 3.000000 1.000000 2.000000 6.000000 6.000000 
5.000000 236.365028 36.000000 3.000000 2.000000 1.000000 2.000000 0.000000 1.000000 1.000000 0.000000 0.000000 2.000000 3.000000 5.000000 
12.000000 4.365213 27.000000 5.000000 7.000000 3.000000 4.000000 3.000000 5.000000 5.000000 3.000000 2.000000 4.000000 11.000000 2.000000 
12.065057 9.264412 0.000000 7.000000 12.000000 4.000000 10.000000 4.000000 6.000000 2.000000 3.000000 2.000000 10.000000 13.000000 8.000000 
9.322413 20.161714 0.000000 4.000000 5.000000 7.000000 6.000000 2.000000 2.000000 5.000000 5.000000 7.000000 22.000000 6.000000 10.000000 
12.246584 31.246584 0.000000 10.000000 2.000000 4.000000 7.000000 2.000000 5.000000 14.000000 11.000000 1.000000 6.000000 9.000000 10.000000 
14.322413 37.712176 0.000000 13.000000 6.000000 7.000000 8.000000 2.000000 5.000000 13.000000 5.000000 1.000000 3.000000 10.000000 8.000000 
12.885374 43.424051 0.000000 11.000000 8.000000 5.000000 8.000000 4.000000 3.000000 15.000000 2.000000 4.000000 5.000000 6.000000 10.000000 
13.299084 51.000000 0.000000 15.000000 7.000000 5.000000 4.000000 7.000000 7.000000 7.000000 2.000000 4.000000 15.000000 5.000000 3.000000 
11.027650 59.634972 0.000000 17.000000 6.000000 3.000000 9.000000 5.000000 8.000000 15.000000 5.000000 1.000000 4.000000 4.000000 4.000000 
11.583138 68.324652 0.000000 17.000000 8.000000 8.000000 3.000000 6.000000 4.000000 5.000000 8.000000 3.000000 3.000000 9.000000 7.000000 
11.981656 76.905551 0.000000 9.000000 13.000000 10.000000 4.000000 4.000000 1.000000 3.000000 5.000000 6.000000 19.000000 4.000000 3.000000 
11.159481 81.371674 0.000000 20.000000 8.000000 3.000000 8.000000 4.000000 3.000000 1.000000 6.000000 4.000000 8.000000 5.000000 11.000000 
13.592656 88.586825 0.000000 15.000000 7.000000 6.000000 12.000000 3.000000 2.000000 6.000000 7.000000 4.000000 7.000000 3.000000 9.000000 
14.013036 98.592152 0.000000 14.000000 16.000000 2.000000 4.000000 3.000000 4.000000 2.000000 4.000000 2.000000 10.000000 11.000000 9.000000 
16.322413 109.260725 0.000000 9.000000 6.000000 4.000000 4.000000 1.000000 0.000000 7.000000 8.000000 4.000000 20.000000 11.000000 7.000000 
13.856773 115.808308 0.000000 15.000000 4.000000 4.000000 4.000000 4.000000 4.000000 12.000000 2.000000 4.000000 11.000000 9.000000 8.000000 
12.376535 123.905359 0.000000 6.000000 7.000000 10.000000 9.000000 2.000000 3.000000 8.000000 4.000000 2.000000 6.000000 11.000000 13.000000 
13.250206 131.322413 0.000000 12.000000 7.000000 4.000000 7.000000 8.000000 3.000000 6.000000 3.000000 4.000000 12.000000 4.000000 11.000000 
11.000000 140.689680 0.000000 5.000000 10.000000 9.000000 6.000000 7.000000 4.000000 5.000000 1.000000 1.000000 15.000000 11.000000 7.000000 
12.647065 149.322413 0.000000 8.000000 5.000000 11.000000 6.000000 3.000000 5.000000 4.000000 2.000000 4.000000 4.000000 16.000000 13.000000 
13.629385 157.678160 0.000000 16.000000 6.000000 5.000000 9.000000 1.000000 7.000000 6.000000 1.000000 2.000000 5.000000 9.000000 14.000000 
12.624301 165.583138 0.000000 23.000000 4.000000 6.000000 9.000000 6.000000 1.000000 3.000000 3.000000 3.000000 12.000000 3.000000 8.000000 
12.345109 172.458349 0.000000 13.000000 7.000000 5.000000 15.000000 6.000000 8.000000 3.000000 4.000000 5.000000 7.000000 2.000000 6.000000 
8.293876 181.755754 0.000000 12.000000 5.000000 6.000000 27.000000 1.000000 1.000000 1.000000 3.000000 3.000000 6.000000 3.000000 13.000000 
8.563632 185.581177 0.000000 4.000000 2.000000 0.000000 32.000000 0.000000 3.000000 1.000000 3.000000 5.000000 16.000000 7.000000 8.000000 
14.005075 193.309101 0.000000 12.000000 13.000000 15.000000 1.000000 1.000000 4.000000 3.000000 3.000000 8.000000 9.000000 9.000000 3.000000 
12.416413 204.930590 0.000000 9.000000 5.000000 6.000000 18.000000 10.000000 5.000000 5.000000 5.000000 3.000000 4.000000 6.000000 5.000000 
15.217844 216.205507 0.000000 8.000000 10.000000 9.000000 9.000000 3.000000 1.000000 1.000000 2.000000 4.000000 17.000000 9.000000 8.000000 
13.054589 220.394130 0.000000 7.000000 4.000000 2.000000 12.000000 7.000000 3.000000 10.000000 4.000000 5.000000 14.000000 3.000000 10.000000 
13.504076 227.647065 0.000000 12.000000 1.000000 3.000000 13.000000 6.000000 6.000000 1.000000 4.000000 5.000000 14.000000 5.000000 11.000000 
11.703413 237.068440 27.000000 2.000000 2.000000 3.000000 5.000000 3.000000 3.000000 3.000000 3.000000 3.000000 8.000000 6.000000 4.000000 
21.744329 4.951852 27.000000 10.000000 4.000000 2.000000 1.000000 2.000000 1.000000 5.000000 5.000000 4.000000 8.000000 7.000000 5.000000 
24.322413 10.957385 0.000000 13.000000 11.000000 7.000000 5.000000 6.000000 4.000000 4.000000 2.000000 5.000000 6.000000 5.000000 13.000000 
20.511304 20.173650 0.000000 18.000000 11.000000 6.000000 6.000000 3.000000 4.000000 6.000000 3.000000 3.000000 6.000000 7.000000 8.000000 
20.001167 27.866807 0.000000 12.000000 3.000000 5.000000 6.000000 4.000000 6.000000 10.000000 5.000000 6.000000 10.000000 4.000000 10.000000 
20.511861 35.344787 0.000000 12.000000 6.000000 7.000000 11.000000 7.000000 7.000000 7.000000 6.000000 5.000000 3.000000 8.000000 2.000000 
19.881755 46.349930 0.000000 5.000000 7.000000 9.000000 8.000000 4.000000 5.000000 5.000000 8.000000 7.000000 5.000000 13.000000 5.000000 
21.075833 51.583138 0.000000 14.000000 11.000000 9.000000 9.000000 5.000000 2.000000 2.000000 4.000000 2.000000 8.000000 9.000000 6.000000 
20.035690 58.634972 0.000000 13.000000 4.000000 6.000000 5.000000 9.000000 3.000000 9.000000 3.000000 3.000000 8.000000 10.000000 8.000000 
19.239113 68.687440 0.000000 22.000000 5.000000 6.000000 3.000000 3.000000 2.000000 2.000000 8.000000 4.000000 7.000000 8.000000 11.000000 
20.487518 77.280648 0.000000 9.000000 8.000000 4.000000 3.000000 3.000000 5.000000 16.000000 6.000000 8.000000 12.000000 0.000000 7.000000 
19.685869 83.668794 0.000000 12.000000 15.000000 7.000000 11.000000 5.000000 2.000000 4.000000 3.000000 3.000000 2.000000 8.000000 9.000000 
23.586825 91.221797 0.000000 8.000000 4.000000 7.000000 12.000000 4.000000 6.000000 2.000000 5.000000 7.000000 15.000000 4.000000 7.000000 
20.542320 98.898414 0.000000 8.000000 9.000000 11.000000 9.000000 7.000000 8.000000 2.000000 4.000000 4.000000 8.000000 8.000000 3.000000 
23.528606 108.009202 0.000000 15.000000 7.000000 4.000000 3.000000 2.000000 3.000000 3.000000 8.000000 2.000000 21.000000 4.000000 9.000000 
22.664544 115.483906 0.000000 6.000000 10.000000 6.000000 8.000000 4.000000 3.000000 4.000000 6.000000 7.000000 16.000000 4.000000 7.000000 
21.324835 122.649132 0.000000 4.000000 5.000000 5.000000 5.000000 4.000000 6.000000 9.000000 6.000000 7.000000 15.000000 6.000000 9.000000 
22.638277 133.002240 0.000000 13.000000 5.000000 6.000000 10.000000 5.000000 3.000000 6.000000 6.000000 7.000000 12.000000 6.000000 2.000000 
20.283127 141.765090 0.000000 9.000000 4.000000 3.000000 9.000000 9.000000 8.000000 3.000000 2.000000 5.000000 12.000000 7.000000 10.000000 
22.069610 148.000000 0.000000 11.000000 5.000000 8.000000 12.000000 6.000000 5.000000 6.000000 2.000000 1.000000 3.000000 13.000000 9.000000 
23.040608 155.677587 0.000000 15.000000 4.000000 9.000000 14.000000 5.000000 10.000000 3.000000 3.000000 0.000000 2.000000 3.000000 13.000000 
23.772222 164.796190 0.000000 16.000000 1.000000 2.000000 15.000000 5.000000 7.000000 6.000000 2.000000 2.000000 7.000000 4.000000 14.000000 
26.646269 171.951852 0.000000 21.000000 8.000000 2.000000 13.000000 6.000000 4.000000 7.000000 6.000000 6.000000 3.000000 5.000000 0.000000 
23.691026 179.149337 0.000000 25.000000 6.000000 5.000000 6.000000 4.000000 1.000000 2.000000 0.000000 2.000000 5.000000 20.000000 5.000000 
18.632637 186.543045 0.000000 11.000000 6.000000 4.000000 4.000000 2.000000 3.000000 7.000000 3.000000 11.000000 22.000000 4.000000 4.000000 
19.671333 192.251613 0.000000 10.000000 13.000000 14.000000 12.000000 6.000000 6.000000 2.000000 1.000000 5.000000 4.000000 6.000000 2.000000 
21.570884 203.149899 0.000000 17.000000 2.000000 7.000000 7.000000 4.000000 3.000000 3.000000 2.000000 6.000000 15.000000 10.000000 5.000000 
19.392275 209.104663 0.000000 16.000000 9.000000 5.000000 14.000000 7.000000 4.000000 5.000000 1.000000 3.000000 8.000000 7.000000 2.000000 
19.288214 219.072578 0.000000 11.000000 5.000000 5.000000 14.000000 4.000000 1.000000 4.000000 6.000000 3.000000 9.000000 9.000000 10.000000 
26.678310 229.647065 0.000000 17.000000 6.000000 3.000000 2.000000 10.000000 6.000000 4.000000 9.000000 3.000000 10.000000 5.000000 6.000000 
21.688193 237.365028 27.000000 3.000000 2.000000 3.000000 8.000000 6.000000 5.000000 2.000000 3.000000 1.000000 5.000000 4.000000 3.000000 
28.000000 4.948166 27.000000 13.000000 4.000000 1.000000 12.000000 3.000000 6.000000 4.000000 3.000000 3.000000 1.000000 0.000000 4.000000 
29.945683 10.004983 0.000000 17.000000 8.000000 10.000000 0.000000 1.000000 3.000000 5.000000 2.000000 4.000000 9.000000 11.000000 11.000000 
27.905470 19.580818 0.000000 13.000000 9.000000 4.000000 5.000000 4.000000 6.000000 8.000000 6.000000 4.000000 8.000000 4.000000 10.000000 
29.479137 29.909237 0.000000 11.000000 9.000000 11.000000 2.000000 4.000000 2.000000 1.000000 10.000000 7.000000 5.000000 11.000000 8.000000 
26.013267 35.502678 0.000000 10.000000 5.000000 8.000000 12.000000 3.000000 5.000000 2.000000 5.000000 6.000000 10.000000 3.000000 12.000000 
25.557536 46.677587 0.000000 17.000000 7.000000 8.000000 3.000000 7.000000 3.000000 3.000000 7.000000 3.000000 4.000000 14.000000 5.000000 
25.483737 52.999617 0.000000 13.000000 10.000000 5.000000 10.000000 3.000000 7.000000 4.000000 4.000000 3.000000 6.000000 9.000000 7.000000 
28.521982 59.928437 0.000000 4.000000 2.000000 8.000000 5.000000 4.000000 9.000000 5.000000 4.000000 7.000000 10.000000 10.000000 13.000000 
29.322449 70.012129 0.000000 11.000000 7.000000 9.000000 6.000000 4.000000 3.000000 5.000000 6.000000 6.000000 5.000000 9.000000 10.000000 
30.048504 79.373157 0.000000 6.000000 7.000000 10.000000 18.000000 10.000000 5.000000 12.000000 3.000000 1.000000 4.000000 3.000000 2.000000 
28.308698 85.672254 0.000000 13.000000 4.000000 3.000000 3.000000 5.000000 3.000000 6.000000 5.000000 6.000000 20.000000 9.000000 4.000000 
29.582230 92.489367 0.000000 9.000000 7.000000 5.000000 6.000000 10.000000 7.000000 3.000000 3.000000 4.000000 11.000000 9.000000 7.000000 
28.946061 101.621408 0.000000 14.000000 6.000000 3.000000 5.000000 10.000000 5.000000 7.000000 5.000000 4.000000 7.000000 3.000000 12.000000 
30.311843 110.302555 0.000000 17.000000 8.000000 7.000000 6.000000 5.000000 3.000000 7.000000 5.000000 0.000000 4.000000 7.000000 12.000000 
30.410644 118.516938 0.000000 17.000000 5.000000 6.000000 12.000000 3.000000 0.000000 7.000000 5.000000 3.000000 10.000000 5.000000 8.000000 
30.259342 125.221797 0.000000 9.000000 6.000000 17.000000 13.000000 6.000000 2.000000 3.000000 1.000000 3.000000 7.000000 4.000000 10.000000 
31.209211 132.033849 0.000000 12.000000 4.000000 10.000000 7.000000 3.000000 2.000000 8.000000 4.000000 4.000000 10.000000 9.000000 8.000000 
27.687440 141.677587 0.000000 5.000000 7.000000 5.000000 13.000000 5.000000 7.000000 5.000000 3.000000 7.000000 11.000000 8.000000 5.000000 
29.351976 148.777342 0.000000 11.000000 4.000000 6.000000 11.000000 3.000000 4.000000 4.000000 3.000000 6.000000 7.000000 11.000000 11.000000 
29.384400 155.878320 0.000000 14.000000 4.000000 3.000000 16.000000 6.000000 7.000000 6.000000 4.000000 3.000000 3.000000 4.000000 11.000000 
28.000000 167.374071 0.000000 31.000000 4.000000 3.000000 3.000000 0.000000 4.000000 3.000000 3.000000 1.000000 11.000000 5.000000 13.000000 
30.215500 173.087890 0.000000 32.000000 7.000000 0.000000 12.000000 4.000000 3.000000 5.000000 4.000000 7.000000 4.000000 1.000000 2.000000 
28.307227 178.877471 0.000000 23.000000 5.000000 5.000000 10.000000 2.000000 1.000000 4.000000 4.000000 2.000000 4.000000 13.000000 8.000000 
25.788525 185.686057 0.000000 15.000000 9.000000 10.000000 6.000000 0.000000 5.000000 7.000000 5.000000 5.000000 7.000000 4.000000 8.000000 
25.232804 191.908152 0.000000 19.000000 13.000000 9.000000 9.000000 3.000000 4.000000 3.000000 0.000000 6.000000 2.000000 7.000000 6.000000 
26.798291 202.515041 0.000000 11.000000 3.000000 7.000000 6.000000 5.000000 6.000000 7.000000 4.000000 3.000000 15.000000 9.000000 5.000000 
26.105484 210.963739 0.000000 10.000000 7.000000 8.000000 8.000000 7.000000 6.000000 4.000000 3.000000 4.000000 11.000000 8.000000 5.000000 
27.644328 221.048395 0.000000 8.000000 2.000000 2.000000 2.000000 5.000000 5.000000 8.000000 8.000000 11.000000 2.000000 12.000000 16.000000 
31.322589 229.255821 0.000000 18.000000 6.000000 1.000000 4.000000 7.000000 5.000000 7.000000 11.000000 5.000000 11.000000 1.000000 5.000000 
28.377640 237.365028 27.000000 0.000000 1.000000 1.000000 3.000000 5.000000 4.000000 3.000000 7.000000 2.000000 8.000000 6.000000 5.000000 
37.409171 4.432703 27.000000 3.000000 6.000000 4.000000 5.000000 2.000000 4.000000 4.000000 3.000000 6.000000 9.000000 3.000000 5.000000 
39.687440 9.677587 0.000000 18.000000 6.000000 7.000000 5.000000 6.000000 4.000000 4.000000 5.000000 6.000000 5.000000 6.000000 9.000000 
37.448943 19.246606 0.000000 6.000000 9.000000 7.000000 6.000000 4.000000 2.000000 9.000000 7.000000 6.000000 6.000000 9.000000 10.000000 
38.599986 29.282211 0.000000 9.000000 6.000000 12.000000 9.000000 1.000000 4.000000 4.000000 8.000000 4.000000 3.000000 12.000000 9.000000 
37.996313 34.586825 0.000000 11.000000 4.000000 7.000000 9.000000 5.000000 1.000000 3.000000 2.000000 6.000000 11.000000 13.000000 9.000000 
35.588758 42.741382 0.000000 6.000000 13.000000 9.000000 6.000000 4.000000 5.000000 4.000000 2.000000 4.000000 17.000000 4.000000 7.000000 
35.920309 55.623661 0.000000 7.000000 3.000000 8.000000 17.000000 9.000000 3.000000 8.000000 7.000000 4.000000 4.000000 5.000000 6.000000 
38.386274 63.768946 0.000000 16.000000 3.000000 5.000000 5.000000 4.000000 7.000000 10.000000 12.000000 4.000000 5.000000 6.000000 4.000000 
37.509547 70.474179 0.000000 15.000000 3.000000 4.000000 4.000000 4.000000 6.000000 11.000000 9.000000 5.000000 7.000000 7.000000 6.000000 
37.468361 76.853862 0.000000 13.000000 7.000000 1.000000 4.000000 1.000000 2.000000 9.000000 4.000000 6.000000 9.000000 10.000000 15.000000 
33.824348 83.666043 0.000000 9.000000 4.000000 5.000000 21.000000 5.000000 2.000000 2.000000 2.000000 4.000000 9.000000 12.000000 6.000000 
35.987569 93.644990 0.000000 17.000000 13.000000 4.000000 3.000000 6.000000 6.000000 7.000000 7.000000 6.000000 3.000000 6.000000 3.000000 
36.508769 100.719194 0.000000 13.000000 11.000000 4.000000 8.000000 7.000000 6.000000 3.000000 4.000000 3.000000 6.000000 5.000000 11.000000 
37.368423 108.968823 0.000000 7.000000 6.000000 5.000000 12.000000 7.000000 4.000000 4.000000 3.000000 2.000000 9.000000 10.000000 12.000000 
36.000000 117.948166 0.000000 23.000000 7.000000 2.000000 8.000000 7.000000 3.000000 2.000000 2.000000 4.000000 6.000000 8.000000 9.000000 
38.118917 123.502061 0.000000 16.000000 10.000000 11.000000 6.000000 5.000000 4.000000 7.000000 2.000000 5.000000 5.000000 5.000000 5.000000 
38.833638 130.334515 0.000000 19.000000 8.000000 9.000000 4.000000 5.000000 2.000000 6.000000 0.000000 6.000000 8.000000 6.000000 8.000000 
37.625370 140.534125 0.000000 4.000000 0.000000 2.000000 4.000000 6.000000 8.000000 5.000000 14.000000 7.000000 15.000000 10.000000 6.000000 
36.156863 152.088724 0.000000 9.000000 7.000000 9.000000 22.000000 9.000000 4.000000 1.000000 2.000000 2.000000 5.000000 5.000000 6.000000 
36.457867 158.045570 0.000000 10.000000 10.000000 3.000000 5.000000 5.000000 2.000000 2.000000 3.000000 2.000000 5.000000 13.000000 21.000000 
36.000000 167.284862 0.000000 25.000000 5.000000 7.000000 8.000000 6.000000 3.000000 1.000000 3.000000 3.000000 5.000000 5.000000 10.000000 
35.909237 172.364036 0.000000 27.000000 6.000000 4.000000 4.000000 4.000000 4.000000 3.000000 3.000000 6.000000 4.000000 8.000000 8.000000 
33.781963 179.173650 0.000000 28.000000 4.000000 4.000000 7.000000 3.000000 4.000000 2.000000 3.000000 6.000000 2.000000 12.000000 6.000000 
35.365028 187.402792 0.000000 5.000000 16.000000 8.000000 7.000000 5.000000 4.000000 4.000000 6.000000 6.000000 4.000000 8.000000 8.000000 
35.300802 193.877518 0.000000 9.000000 7.000000 7.000000 13.000000 5.000000 0.000000 1.000000 1.000000 5.000000 19.000000 10.000000 4.000000 
35.324652 202.324652 0.000000 9.000000 8.000000 5.000000 5.000000 5.000000 2.000000 7.000000 4.000000 4.000000 9.000000 13.000000 10.000000 
36.591928 209.432907 0.000000 3.000000 5.000000 7.000000 8.000000 10.000000 5.000000 5.000000 1.000000 2.000000 14.000000 8.000000 13.000000 
36.215888 216.016466 0.000000 8.000000 6.000000 5.000000 3.000000 4.000000 5.000000 6.000000 1.000000 4.000000 20.000000 13.000000 6.000000 
34.585500 228.483791 0.000000 24.000000 5.000000 3.000000 11.000000 10.000000 4.000000 3.000000 5.000000 3.000000 8.000000 0.000000 5.000000 
35.670355 237.035382 27.000000 2.000000 2.000000 5.000000 12.000000 5.000000 3.000000 4.000000 1.000000 1.000000 8.000000 2.000000 0.000000 
44.413175 4.951852 27.000000 7.000000 1.000000 2.000000 6.000000 8.000000 4.000000 2.000000 9.000000 3.000000 6.000000 3.000000 3.000000 
43.096914 9.319707 0.000000 23.000000 4.000000 6.000000 7.000000 3.000000 7.000000 3.000000 7.000000 3.000000 3.000000 9.000000 6.000000 
43.644825 18.000000 0.000000 8.000000 5.000000 1.000000 20.000000 3.000000 8.000000 6.000000 7.000000 2.000000 4.000000 9.000000 8.000000 
44.394707 29.542846 0.000000 14.000000 7.000000 4.000000 10.000000 9.000000 1.000000 1.000000 4.000000 4.000000 9.000000 7.000000 11.000000 
41.945663 34.355464 0.000000 21.000000 7.000000 4.000000 8.000000 4.000000 1.000000 0.000000 2.000000 4.000000 11.000000 6.000000 13.000000 
40.978921 41.841354 0.000000 12.000000 10.000000 10.000000 11.000000 2.000000 3.000000 2.000000 4.000000 3.000000 21.000000 2.000000 1.000000 
43.601351 52.541295 0.000000 8.000000 2.000000 0.000000 9.000000 1.000000 2.000000 3.000000 4.000000 8.000000 24.000000 7.000000 13.000000 
44.583138 62.324652 0.000000 15.000000 7.000000 4.000000 6.000000 5.000000 4.000000 11.000000 10.000000 9.000000 2.000000 3.000000 5.000000 
44.479626 68.129355 0.000000 8.000000 5.000000 7.000000 23.000000 3.000000 2.000000 3.000000 7.000000 5.000000 8.000000 4.000000 6.000000 
45.242322 73.264412 0.000000 3.000000 3.000000 5.000000 31.000000 3.000000 4.000000 5.000000 5.000000 3.000000 9.000000 3.000000 7.000000 
42.181881 81.909048 0.000000 7.000000 8.000000 4.000000 4.000000 2.000000 6.000000 6.000000 2.000000 3.000000 15.000000 11.000000 13.000000 
45.909237 89.909237 0.000000 8.000000 8.000000 5.000000 10.000000 6.000000 5.000000 8.000000 1.000000 2.000000 5.000000 9.000000 14.000000 
45.788003 101.727276 0.000000 18.000000 5.000000 3.000000 6.000000 6.000000 3.000000 3.000000 6.000000 6.000000 6.000000 3.000000 16.000000 
46.586825 110.911477 0.000000 10.000000 5.000000 2.000000 15.000000 5.000000 3.000000 4.000000 2.000000 10.000000 11.000000 3.000000 11.000000 
46.878280 117.446562 0.000000 19.000000 6.000000 3.000000 12.000000 6.000000 7.000000 5.000000 2.000000 1.000000 5.000000 3.000000 12.000000 
46.988734 121.390074 0.000000 11.000000 1.000000 5.000000 16.000000 3.000000 5.000000 5.000000 4.000000 7.000000 13.000000 6.000000 5.000000 
45.129457 129.456629 0.000000 21.000000 4.000000 8.000000 6.000000 2.000000 3.000000 5.000000 10.000000 5.000000 6.000000 4.000000 7.000000 
44.870851 142.216390 0.000000 6.000000 4.000000 5.000000 20.000000 10.000000 7.000000 5.000000 5.000000 4.000000 8.000000 3.000000 4.000000 
42.322413 151.260725 0.000000 8.000000 3.000000 7.000000 26.000000 9.000000 6.000000 2.000000 5.000000 2.000000 1.000000 5.000000 7.000000 
43.148555 157.720856 0.000000 21.000000 4.000000 5.000000 16.000000 3.000000 5.000000 1.000000 3.000000 5.000000 7.000000 3.000000 8.000000 
44.644825 166.335386 0.000000 22.000000 3.000000 1.000000 5.000000 7.000000 7.000000 4.000000 4.000000 4.000000 6.000000 9.000000 9.000000 
42.191988 173.416037 0.000000 32.000000 3.000000 10.000000 9.000000 4.000000 2.000000 0.000000 2.000000 0.000000 1.000000 12.000000 6.000000 
41.583138 179.324652 0.000000 22.000000 7.000000 11.000000 8.000000 5.000000 1.000000 2.000000 2.000000 4.000000 3.000000 15.000000 1.000000 
43.617777 188.909237 0.000000 20.000000 13.000000 4.000000 10.000000 6.000000 3.000000 4.000000 2.000000 5.000000 11.000000 2.000000 1.000000 
43.687440 194.677587 0.000000 6.000000 6.000000 9.000000 8.000000 9.000000 7.000000 4.000000 3.000000 7.000000 12.000000 4.000000 6.000000 
44.739796 201.091817 0.000000 4.000000 8.000000 3.000000 12.000000 9.000000 5.000000 4.000000 5.000000 3.000000 16.000000 6.000000 6.000000 
47.936948 209.365028 0.000000 10.000000 7.000000 2.000000 12.000000 1.000000 3.000000 4.000000 6.000000 8.000000 10.000000 7.000000 11.000000 
47.222398 220.828455 0.000000 9.000000 6.000000 10.000000 9.000000 5.000000 4.000000 3.000000 8.000000 9.000000 9.000000 3.000000 6.000000 
46.324883 229.959625 0.000000 21.000000 9.000000 4.000000 5.000000 4.000000 7.000000 6.000000 5.000000 5.000000 5.000000 2.000000 8.000000 
44.383337 237.748365 27.000000 10.000000 1.000000 0.000000 2.000000 6.000000 6.000000 1.000000 3.000000 7.000000 3.000000 4.000000 2.000000 
49.776671 4.951852 27.000000 9.000000 2.000000 4.000000 6.000000 4.000000 3.000000 3.000000 4.000000 6.000000 4.000000 4.000000 5.000000 
47.413175 10.951852 0.000000 19.000000 8.000000 10.000000 2.000000 3.000000 5.000000 4.000000 4.000000 2.000000 3.000000 12.000000 9.000000 
51.454674 19.658878 0.000000 12.000000 12.000000 7.000000 12.000000 6.000000 2.000000 5.000000 2.000000 5.000000 11.000000 3.000000 4.000000 
51.586825 29.951852 0.000000 8.000000 4.000000 6.000000 8.000000 4.000000 2.000000 3.000000 6.000000 5.000000 23.000000 8.000000 4.000000 
51.498833 36.680702 0.000000 9.000000 4.000000 6.000000 6.000000 10.000000 3.000000 4.000000 5.000000 3.000000 13.000000 5.000000 13.000000 
55.289326 46.851679 0.000000 6.000000 5.000000 6.000000 8.000000 7.000000 12.000000 9.000000 5.000000 2.000000 5.000000 4.000000 12.000000 
55.200460 51.365028 0.000000 6.000000 10.000000 8.000000 7.000000 12.000000 10.000000 9.000000 5.000000 2.000000 1.000000 4.000000 7.000000 
51.694205 60.096772 0.000000 16.000000 10.000000 5.000000 6.000000 2.000000 3.000000 10.000000 5.000000 5.000000 4.000000 12.000000 3.000000 
51.750166 66.951852 0.000000 12.000000 6.000000 7.000000 5.000000 4.000000 4.000000 4.000000 4.000000 7.000000 14.000000 7.000000 7.000000 
53.021156 75.365028 0.000000 4.000000 5.000000 3.000000 12.000000 8.000000 6.000000 6.000000 5.000000 9.000000 15.000000 3.000000 5.000000 
48.586825 83.951852 0.000000 15.000000 4.000000 4.000000 7.000000 2.000000 3.000000 10.000000 2.000000 4.000000 11.000000 4.000000 15.000000 
50.375935 90.826066 0.000000 18.000000 9.000000 5.000000 6.000000 6.000000 4.000000 4.000000 5.000000 5.000000 8.000000 6.000000 5.000000 
50.586825 99.951852 0.000000 17.000000 13.000000 4.000000 6.000000 2.000000 7.000000 9.000000 0.000000 5.000000 10.000000 3.000000 5.000000 
52.600525 108.270537 0.000000 6.000000 11.000000 8.000000 14.000000 2.000000 3.000000 8.000000 4.000000 7.000000 13.000000 3.000000 2.000000 
53.586825 115.951852 0.000000 17.000000 4.000000 7.000000 5.000000 4.000000 6.000000 9.000000 4.000000 3.000000 11.000000 5.000000 6.000000 
51.552204 122.344482 0.000000 17.000000 2.000000 11.000000 8.000000 6.000000 6.000000 13.000000 7.000000 3.000000 2.000000 4.000000 2.000000 
49.322413 132.189355 0.000000 11.000000 11.000000 5.000000 2.000000 2.000000 7.000000 6.000000 5.000000 7.000000 7.000000 8.000000 10.000000 
52.747492 140.619956 0.000000 10.000000 8.000000 7.000000 17.000000 10.000000 7.000000 1.000000 3.000000 2.000000 4.000000 8.000000 4.000000 
52.407565 148.779079 0.000000 15.000000 2.000000 8.000000 4.000000 7.000000 4.000000 5.000000 2.000000 2.000000 7.000000 12.000000 13.000000 
51.413175 157.951852 0.000000 17.000000 7.000000 4.000000 23.000000 4.000000 5.000000 3.000000 3.000000 2.000000 4.000000 1.000000 8.000000 
51.805628 164.519082 0.000000 10.000000 6.000000 4.000000 14.000000 7.000000 6.000000 3.000000 5.000000 5.000000 9.000000 9.000000 3.000000 
47.634972 173.365028 0.000000 28.000000 4.000000 6.000000 7.000000 0.000000 5.000000 2.000000 4.000000 5.000000 5.000000 13.000000 2.000000 
49.873532 180.687440 0.000000 8.000000 3.000000 8.000000 18.000000 3.000000 7.000000 4.000000 2.000000 12.000000 4.000000 9.000000 3.000000 
53.413175 188.951852 0.000000 13.000000 12.000000 5.000000 4.000000 0.000000 2.000000 5.000000 4.000000 6.000000 11.000000 8.000000 11.000000 
51.946704 194.676760 0.000000 5.000000 10.000000 11.000000 10.000000 5.000000 2.000000 4.000000 1.000000 5.000000 10.000000 11.000000 7.000000 
49.000000 202.689680 0.000000 6.000000 2.000000 1.000000 16.000000 3.000000 1.000000 2.000000 6.000000 9.000000 19.000000 8.000000 8.000000 
52.091215 212.182176 0.000000 9.000000 5.000000 7.000000 6.000000 7.000000 9.000000 6.000000 3.000000 8.000000 6.000000 5.000000 10.000000 
52.112574 220.948166 0.000000 6.000000 3.000000 10.000000 20.000000 4.000000 2.000000 4.000000 9.000000 8.000000 8.000000 3.000000 4.000000 
52.448485 228.138166 0.000000 15.000000 7.000000 11.000000 16.000000 4.000000 6.000000 4.000000 4.000000 1.000000 8.000000 0.000000 5.000000 
52.000000 237.002427 27.000000 13.000000 1.000000 3.000000 5.000000 4.000000 1.000000 1.000000 1.000000 1.000000 4.000000 9.000000 2.000000 
60.000000 5.324652 39.000000 14.000000 4.000000 3.000000 3.000000 3.000000 2.000000 3.000000 2.000000 3.000000 3.000000 2.000000 0.000000 
58.975438 13.324652 18.000000 10.000000 7.000000 3.000000 1.000000 4.000000 7.000000 3.000000 8.000000 3.000000 11.000000 5.000000 1.000000 
60.000000 21.324652 18.000000 3.000000 7.000000 6.000000 3.000000 3.000000 9.000000 11.000000 6.000000 2.000000 5.000000 3.000000 5.000000 
60.000000 29.672996 18.000000 0.000000 3.000000 3.000000 3.000000 1.000000 9.000000 19.000000 6.000000 6.000000 11.000000 1.000000 1.000000 
60.000000 37.324652 18.000000 4.000000 3.000000 4.000000 5.000000 13.000000 11.000000 11.000000 2.000000 2.000000 4.000000 1.000000 3.000000 
60.968754 46.153343 18.000000 4.000000 1.000000 4.000000 5.000000 4.000000 5.000000 5.000000 5.000000 3.000000 15.000000 4.000000 8.000000 
60.911793 52.860117 18.000000 5.000000 5.000000 7.000000 9.000000 8.000000 6.000000 0.000000 2.000000 2.000000 9.000000 6.000000 4.000000 
60.000000 61.324652 18.000000 11.000000 10.000000 13.000000 9.000000 2.000000 2.000000 2.000000 1.000000 2.000000 3.000000 5.000000 3.000000 
60.000000 69.324652 18.000000 7.000000 8.000000 3.000000 9.000000 6.000000 4.000000 2.000000 1.000000 4.000000 8.000000 9.000000 2.000000 
60.434968 77.324652 18.000000 4.000000 1.000000 3.000000 9.000000 4.000000 3.000000 7.000000 6.000000 5.000000 10.000000 7.000000 4.000000 
59.485240 85.324652 18.000000 3.000000 1.000000 3.000000 8.000000 11.000000 5.000000 7.000000 5.000000 9.000000 2.000000 6.000000 3.000000 
60.000000 93.324652 18.000000 10.000000 5.000000 3.000000 1.000000 4.000000 4.000000 6.000000 8.000000 9.000000 1.000000 7.000000 5.000000 
60.000000 101.324652 18.000000 6.000000 3.000000 3.000000 12.000000 3.000000 8.000000 7.000000 4.000000 5.000000 0.000000 5.000000 7.000000 
60.000000 109.324652 18.000000 9.000000 3.000000 3.000000 1.000000 3.000000 5.000000 13.000000 9.000000 7.000000 3.000000 2.000000 5.000000 
60.440516 117.324652 18.000000 10.000000 4.000000 6.000000 3.000000 4.000000 6.000000 7.000000 6.000000 5.000000 6.000000 2.000000 4.000000 
60.000000 125.324652 18.000000 7.000000 8.000000 6.000000 10.000000 3.000000 3.000000 2.000000 2.000000 3.000000 7.000000 7.000000 5.000000 
59.429472 133.027146 18.000000 6.000000 1.000000 3.000000 6.000000 4.000000 3.000000 5.000000 5.000000 5.000000 13.000000 6.000000 6.000000 
60.000000 141.324652 18.000000 9.000000 5.000000 4.000000 14.000000 2.000000 4.000000 3.000000 3.000000 1.000000 4.000000 5.000000 9.000000 
60.000000 149.324652 18.000000 13.000000 2.000000 4.000000 3.000000 1.000000 3.000000 1.000000 2.000000 4.000000 4.000000 11.000000 15.000000 
60.000000 157.665537 18.000000 11.000000 3.000000 6.000000 9.000000 7.000000 5.000000 1.000000 3.000000 3.000000 2.000000 5.000000 8.000000 
60.000000 165.324652 18.000000 11.000000 3.000000 3.000000 5.000000 5.000000 7.000000 2.000000 6.000000 6.000000 4.000000 7.000000 4.000000 
59.248711 173.324652 18.000000 4.000000 3.000000 4.000000 3.000000 1.000000 10.000000 7.000000 8.000000 1.000000 7.000000 4.000000 11.000000 
60.000000 181.324652 18.000000 9.000000 1.000000 5.000000 3.000000 2.000000 3.000000 6.000000 7.000000 4.000000 7.000000 9.000000 7.000000 
60.000000 189.324652 18.000000 3.000000 3.000000 8.000000 8.000000 5.000000 8.000000 3.000000 3.000000 6.000000 4.000000 7.000000 5.000000 
60.000000 197.324652 18.000000 3.000000 11.000000 8.000000 2.000000 3.000000 4.000000 2.000000 3.000000 6.000000 10.000000 8.000000 3.000000 
59.464532 204.789185 18.000000 8.000000 5.000000 11.000000 9.000000 6.000000 5.000000 4.000000 3.000000 4.000000 2.000000 2.000000 4.000000 
60.000000 213.324652 18.000000 5.000000 5.000000 5.000000 8.000000 1.000000 8.000000 2.000000 1.000000 3.000000 18.000000 5.000000 2.000000 
60.000000 221.324652 18.000000 6.000000 2.000000 3.000000 13.000000 4.000000 1.000000 2.000000 5.000000 3.000000 6.000000 9.000000 9.000000 
60.000000 228.890526 18.000000 7.000000 5.000000 0.000000 4.000000 4.000000 6.000000 8.000000 7.000000 3.000000 5.000000 4.000000 10.000000 
60.000000 236.000000 35.000000 2.000000 3.000000 1.000000 5.000000 4.000000 5.000000 3.000000 3.000000 0.000000 1.000000 1.000000 0.000000 
