240
5.000000 5.689680 39.000000 1.000000 0.000000 0.000000 6.000000 0.000000 0.000000 0.000000 0.000000 2.000000 6.000000 6.000000 3.000000 
4.892965 13.002240 27.000000 7.000000 2.000000 5.000000 5.000000 0.000000 1.000000 1.000000 1.000000 3.000000 4.000000 3.000000 4.000000 
3.164534 21.324652 27.000000 4.000000 3.000000 4.000000 12.000000 0.000000 1.000000 0.000000 2.000000 1.000000 2.000000 4.000000 3.000000 
4.606418 29.002240 27.000000 6.000000 4.000000 2.000000 4.000000 1.000000 0.000000 0.000000 1.000000 4.000000 6.000000 4.000000 4.000000 
4.000000 36.959625 27.000000 6.000000 2.000000 1.000000 6.000000 4.000000 2.000000 3.000000 0.000000 0.000000 1.000000 4.000000 7.000000 
4.322413 45.002240 27.000000 6.000000 2.000000 2.000000 0.000000 0.000000 1.000000 2.000000 1.000000 1.000000 13.000000 4.000000 4.000000 
4.322413 53.647065 27.000000 4.000000 4.000000 5.000000 2.000000 0.000000 3.000000 3.000000 2.000000 2.000000 6.000000 2.000000 3.000000 
4.593573 61.324652 27.000000 6.000000 2.000000 1.000000 5.000000 1.000000 1.000000 0.000000 2.000000 4.000000 6.000000 6.000000 2.000000 
4.593575 68.731078 27.000000 7.000000 3.000000 5.000000 8.000000 0.000000 2.000000 0.000000 0.000000 2.000000 3.000000 3.000000 3.000000 
4.000000 77.689680 27.000000 9.000000 1.000000 2.000000 5.000000 1.000000 1.000000 1.000000 0.000000 1.000000 6.000000 5.000000 4.000000 
4.000000 85.689680 27.000000 1.000000 3.000000 4.000000 4.000000 2.000000 0.000000 0.000000 2.000000 2.000000 6.000000 5.000000 7.000000 
4.982625 94.307277 27.000000 7.000000 3.000000 2.000000 2.000000 2.000000 1.000000 1.000000 3.000000 1.000000 4.000000 6.000000 4.000000 
2.656155 101.360730 27.000000 6.000000 8.000000 1.000000 1.000000 0.000000 3.000000 2.000000 3.000000 2.000000 7.000000 2.000000 1.000000 
3.175451 108.113401 27.000000 5.000000 4.000000 2.000000 3.000000 2.000000 2.000000 1.000000 0.000000 2.000000 12.000000 2.000000 1.000000 
4.000000 117.689680 27.000000 9.000000 5.000000 3.000000 0.000000 1.000000 0.000000 3.000000 0.000000 0.000000 7.000000 3.000000 5.000000 
4.000000 125.689680 27.000000 5.000000 4.000000 1.000000 1.000000 0.000000 0.000000 1.000000 2.000000 3.000000 8.000000 8.000000 3.000000 
4.000000 132.959625 27.000000 2.000000 3.000000 4.000000 14.000000 0.000000 0.000000 0.000000 0.000000 0.000000 2.000000 6.000000 5.000000 
4.322413 141.002240 27.000000 2.000000 7.000000 3.000000 6.000000 1.000000 0.000000 3.000000 1.000000 2.000000 5.000000 4.000000 2.000000 
4.324652 149.324652 27.000000 1.000000 5.000000 3.000000 4.000000 0.000000 0.000000 0.000000 0.000000 0.000000 7.000000 10.000000 6.000000 
4.000000 158.076902 27.000000 3.000000 3.000000 6.000000 12.000000 1.000000 1.000000 0.000000 0.000000 0.000000 2.000000 3.000000 5.000000 
4.000000 165.689680 27.000000 1.000000 2.000000 6.000000 10.000000 3.000000 0.000000 0.000000 0.000000 0.000000 1.000000 12.000000 1.000000 
3.519271 172.156284 27.000000 1.000000 5.000000 3.000000 8.000000 2.000000 0.000000 1.000000 0.000000 0.000000 4.000000 9.000000 3.000000 
4.000000 181.689680 27.000000 10.000000 3.000000 2.000000 1.000000 0.000000 0.000000 0.000000 0.000000 0.000000 9.000000 4.000000 7.000000 
4.000000 188.959625 27.000000 3.000000 6.000000 3.000000 11.000000 0.000000 0.000000 0.000000 0.000000 0.000000 6.000000 4.000000 3.000000 
3.207438 196.532091 27.000000 7.000000 2.000000 2.000000 9.000000 2.000000 1.000000 0.000000 0.000000 0.000000 5.000000 4.000000 4.000000 
4.322413 205.002240 27.000000 3.000000 2.000000 4.000000 8.000000 3.000000 4.000000 0.000000 1.000000 0.000000 4.000000 3.000000 4.000000 
4.324652 213.324652 27.000000 2.000000 6.000000 6.000000 9.000000 0.000000 1.000000 0.000000 0.000000 1.000000 6.000000 2.000000 3.000000 
4.322413 221.002240 27.000000 9.000000 1.000000 6.000000 2.000000 2.000000 1.000000 0.000000 0.000000 0.000000 7.000000 5.000000 3.000000 
2.456063 227.891953 27.000000 8.000000 3.000000 2.000000 2.000000 1.000000 2.000000 0.000000 0.000000 2.000000 10.000000 0.000000 6.000000 
5.000000 236.365028 36.000000 5.000000 4.000000 3.000000 0.000000 0.000000 0.000000 0.000000 1.000000 0.000000 0.000000 0.000000 7.000000 
13.326210 4.951852 27.000000 3.000000 2.000000 6.000000 17.000000 6.000000 4.000000 5.000000 3.000000 2.000000 2.000000 2.000000 2.000000 
14.647195 11.000000 0.000000 11.000000 8.000000 5.000000 6.000000 6.000000 3.000000 4.000000 3.000000 5.000000 19.000000 4.000000 7.000000 
11.127002 20.583485 0.000000 8.000000 13.000000 6.000000 13.000000 4.000000 7.000000 7.000000 4.000000 3.000000 4.000000 9.000000 3.000000 
14.000000 26.218110 0.000000 8.000000 10.000000 4.000000 7.000000 5.000000 9.000000 12.000000 1.000000 3.000000 6.000000 13.000000 3.000000 
13.085005 34.586825 0.000000 11.000000 7.000000 8.000000 5.000000 5.000000 3.000000 4.000000 7.000000 1.000000 17.000000 3.000000 10.000000 
12.909237 42.909237 0.000000 10.000000 9.000000 2.000000 10.000000 11.000000 7.000000 8.000000 2.000000 3.000000 7.000000 8.000000 4.000000 
14.088598 52.677587 0.000000 12.000000 3.000000 7.000000 8.000000 5.000000 4.000000 12.000000 6.000000 6.000000 10.000000 5.000000 3.000000 
14.794303 59.850523 0.000000 2.000000 2.000000 9.000000 17.000000 4.000000 5.000000 6.000000 3.000000 1.000000 7.000000 15.000000 10.000000 
14.322413 66.002240 0.000000 4.000000 2.000000 5.000000 13.000000 2.000000 3.000000 11.000000 13.000000 7.000000 4.000000 10.000000 7.000000 
12.550753 77.418724 0.000000 9.000000 7.000000 4.000000 7.000000 3.000000 6.000000 2.000000 7.000000 6.000000 18.000000 5.000000 7.000000 
12.554105 86.380455 0.000000 6.000000 3.000000 6.000000 11.000000 11.000000 6.000000 4.000000 4.000000 5.000000 7.000000 9.000000 9.000000 
11.809528 96.339463 0.000000 12.000000 8.000000 8.000000 3.000000 1.000000 4.000000 4.000000 3.000000 3.000000 21.000000 6.000000 8.000000 
8.763367 99.301224 0.000000 20.000000 9.000000 1.000000 1.000000 0.000000 3.000000 1.000000 8.000000 5.000000 19.000000 8.000000 6.000000 
10.322413 105.913051 0.000000 16.000000 8.000000 8.000000 5.000000 6.000000 3.000000 2.000000 2.000000 4.000000 18.000000 5.000000 4.000000 
12.336079 116.191917 0.000000 6.000000 4.000000 6.000000 5.000000 5.000000 9.000000 15.000000 4.000000 3.000000 9.000000 3.000000 12.000000 
12.000000 124.218110 0.000000 9.000000 6.000000 4.000000 8.000000 6.000000 1.000000 24.000000 6.000000 9.000000 1.000000 5.000000 2.000000 
12.413175 130.951852 0.000000 7.000000 2.000000 2.000000 13.000000 5.000000 3.000000 17.000000 8.000000 6.000000 6.000000 6.000000 6.000000 
14.366219 138.647379 0.000000 5.000000 7.000000 7.000000 10.000000 2.000000 7.000000 9.000000 13.000000 10.000000 2.000000 4.000000 5.000000 
13.000000 149.001235 0.000000 8.000000 7.000000 9.000000 11.000000 3.000000 1.000000 8.000000 10.000000 7.000000 6.000000 3.000000 8.000000 
11.192287 156.844908 0.000000 2.000000 4.000000 3.000000 12.000000 4.000000 1.000000 8.000000 22.000000 2.000000 6.000000 9.000000 8.000000 
11.962554 163.483190 0.000000 2.000000 10.000000 4.000000 11.000000 6.000000 1.000000 0.000000 10.000000 7.000000 16.000000 9.000000 5.000000 
11.052475 170.205397 0.000000 5.000000 11.000000 6.000000 16.000000 3.000000 0.000000 1.000000 1.000000 2.000000 17.000000 12.000000 7.000000 
11.989930 179.634535 0.000000 13.000000 8.000000 2.000000 4.000000 9.000000 7.000000 7.000000 4.000000 0.000000 12.000000 9.000000 6.000000 
12.573469 185.723905 0.000000 6.000000 5.000000 2.000000 11.000000 5.000000 4.000000 7.000000 8.000000 9.000000 5.000000 6.000000 13.000000 
11.517917 194.310545 0.000000 17.000000 15.000000 5.000000 10.000000 7.000000 4.000000 3.000000 5.000000 3.000000 1.000000 6.000000 5.000000 
13.841072 201.761050 0.000000 5.000000 6.000000 6.000000 14.000000 8.000000 6.000000 2.000000 4.000000 5.000000 12.000000 6.000000 7.000000 
13.824526 212.784467 0.000000 4.000000 12.000000 11.000000 9.000000 3.000000 3.000000 4.000000 6.000000 8.000000 9.000000 9.000000 3.000000 
11.363352 218.374510 0.000000 10.000000 9.000000 6.000000 9.000000 5.000000 6.000000 7.000000 3.000000 5.000000 8.000000 5.000000 8.000000 
8.000000 226.689680 0.000000 13.000000 5.000000 9.000000 4.000000 8.000000 3.000000 3.000000 3.000000 5.000000 19.000000 3.000000 6.000000 
10.717817 236.462866 27.000000 5.000000 2.000000 5.000000 0.000000 1.000000 2.000000 10.000000 1.000000 1.000000 5.000000 4.000000 9.000000 
20.365028 5.365028 27.000000 9.000000 9.000000 2.000000 3.000000 2.000000 2.000000 7.000000 2.000000 1.000000 10.000000 2.000000 5.000000 
22.444948 12.530388 0.000000 8.000000 10.000000 7.000000 12.000000 7.000000 4.000000 5.000000 1.000000 5.000000 10.000000 6.000000 6.000000 
20.000000 23.316471 0.000000 2.000000 11.000000 9.000000 13.000000 5.000000 5.000000 3.000000 2.000000 6.000000 17.000000 8.000000 0.000000 
19.957153 28.122195 0.000000 7.000000 3.000000 6.000000 5.000000 2.000000 2.000000 1.000000 2.000000 7.000000 17.000000 20.000000 9.000000 
20.169963 35.586825 0.000000 5.000000 8.000000 9.000000 12.000000 7.000000 7.000000 3.000000 6.000000 5.000000 6.000000 7.000000 6.000000 
19.735588 42.264412 0.000000 5.000000 6.000000 3.000000 5.000000 7.000000 7.000000 6.000000 9.000000 5.000000 8.000000 11.000000 9.000000 
21.697704 52.271912 0.000000 14.000000 8.000000 5.000000 6.000000 3.000000 9.000000 4.000000 5.000000 8.000000 7.000000 8.000000 4.000000 
20.737828 61.586825 0.000000 9.000000 2.000000 9.000000 3.000000 6.000000 5.000000 15.000000 7.000000 2.000000 8.000000 6.000000 9.000000 
20.849484 67.378480 0.000000 9.000000 6.000000 7.000000 14.000000 6.000000 2.000000 15.000000 5.000000 3.000000 3.000000 4.000000 7.000000 
21.299939 77.000000 0.000000 6.000000 5.000000 4.000000 4.000000 7.000000 6.000000 7.000000 4.000000 15.000000 12.000000 5.000000 6.000000 
18.094445 85.611230 0.000000 6.000000 6.000000 6.000000 11.000000 4.000000 4.000000 7.000000 4.000000 7.000000 4.000000 15.000000 7.000000 
16.931493 95.286667 0.000000 5.000000 6.000000 10.000000 6.000000 3.000000 3.000000 5.000000 4.000000 6.000000 25.000000 3.000000 5.000000 
19.953082 102.891680 0.000000 15.000000 15.000000 9.000000 7.000000 3.000000 1.000000 8.000000 5.000000 4.000000 6.000000 5.000000 3.000000 
22.603483 108.147646 0.000000 10.000000 12.000000 4.000000 2.000000 5.000000 4.000000 6.000000 1.000000 1.000000 16.000000 11.000000 9.000000 
22.000000 113.948166 0.000000 8.000000 11.000000 3.000000 6.000000 7.000000 7.000000 7.000000 2.000000 4.000000 14.000000 6.000000 6.000000 
20.288492 123.401188 0.000000 12.000000 9.000000 6.000000 9.000000 5.000000 4.000000 7.000000 4.000000 2.000000 6.000000 10.000000 7.000000 
21.217982 132.923083 0.000000 1.000000 3.000000 7.000000 12.000000 7.000000 6.000000 3.000000 3.000000 3.000000 12.000000 16.000000 8.000000 
23.000000 139.689680 0.000000 1.000000 3.000000 7.000000 14.000000 7.000000 6.000000 2.000000 2.000000 5.000000 11.000000 17.000000 6.000000 
20.282569 147.476602 0.000000 3.000000 4.000000 3.000000 27.000000 2.000000 1.000000 4.000000 8.000000 10.000000 14.000000 2.000000 3.000000 
18.413175 151.695912 0.000000 5.000000 2.000000 5.000000 19.000000 5.000000 3.000000 3.000000 3.000000 6.000000 16.000000 9.000000 5.000000 
21.484834 162.412697 0.000000 7.000000 4.000000 5.000000 7.000000 13.000000 10.000000 3.000000 2.000000 4.000000 9.000000 9.000000 8.000000 
20.000000 174.741755 0.000000 4.000000 5.000000 1.000000 3.000000 5.000000 13.000000 6.000000 2.000000 5.000000 26.000000 7.000000 4.000000 
22.602997 180.226033 0.000000 3.000000 5.000000 9.000000 5.000000 8.000000 7.000000 10.000000 5.000000 9.000000 16.000000 2.000000 2.000000 
28.575472 187.468941 0.000000 16.000000 10.000000 9.000000 2.000000 2.000000 5.000000 7.000000 6.000000 3.000000 10.000000 9.000000 2.000000 
27.545670 197.961279 0.000000 23.000000 15.000000 6.000000 11.000000 1.000000 1.000000 3.000000 6.000000 6.000000 3.000000 1.000000 5.000000 
24.866639 203.045088 0.000000 7.000000 8.000000 2.000000 19.000000 2.000000 2.000000 6.000000 14.000000 12.000000 6.000000 2.000000 1.000000 
20.897061 214.537816 0.000000 7.000000 7.000000 6.000000 14.000000 7.000000 3.000000 9.000000 8.000000 3.000000 6.000000 7.000000 4.000000 
19.467501 220.931292 0.000000 4.000000 2.000000 8.000000 9.000000 5.000000 4.000000 12.000000 14.000000 4.000000 10.000000 5.000000 4.000000 
18.861145 228.144225 0.000000 10.000000 4.000000 10.000000 14.000000 6.000000 5.000000 2.000000 4.000000 4.000000 8.000000 8.000000 6.000000 
20.000000 237.365028 27.000000 3.000000 3.000000 7.000000 7.000000 3.000000 4.000000 8.000000 0.000000 3.000000 1.000000 4.000000 2.000000 
28.806972 4.923083 27.000000 6.000000 7.000000 5.000000 1.000000 1.000000 5.000000 8.000000 5.000000 2.000000 7.000000 3.000000 4.000000 
30.000000 12.012383 0.000000 11.000000 11.000000 9.000000 4.000000 0.000000 8.000000 12.000000 6.000000 6.000000 5.000000 5.000000 4.000000 
27.584976 22.056670 0.000000 7.000000 7.000000 2.000000 5.000000 1.000000 5.000000 5.000000 7.000000 14.000000 14.000000 6.000000 8.000000 
26.192804 28.557832 0.000000 9.000000 5.000000 6.000000 16.000000 0.000000 6.000000 7.000000 3.000000 5.000000 6.000000 10.000000 8.000000 
27.837583 34.987191 0.000000 10.000000 7.000000 6.000000 8.000000 2.000000 6.000000 2.000000 7.000000 7.000000 5.000000 12.000000 9.000000 
29.157712 43.157712 0.000000 7.000000 5.000000 5.000000 4.000000 6.000000 7.000000 10.000000 11.000000 5.000000 7.000000 6.000000 8.000000 
29.424868 54.601395 0.000000 17.000000 7.000000 4.000000 7.000000 10.000000 6.000000 5.000000 1.000000 4.000000 6.000000 8.000000 6.000000 
26.710057 60.842639 0.000000 15.000000 5.000000 5.000000 7.000000 4.000000 4.000000 7.000000 3.000000 3.000000 13.000000 6.000000 9.000000 
28.404453 66.681672 0.000000 7.000000 15.000000 7.000000 4.000000 1.000000 2.000000 7.000000 7.000000 6.000000 9.000000 10.000000 6.000000 
30.413175 74.951852 0.000000 10.000000 8.000000 4.000000 5.000000 6.000000 8.000000 4.000000 8.000000 6.000000 6.000000 7.000000 9.000000 
30.780781 83.585915 0.000000 12.000000 9.000000 11.000000 9.000000 2.000000 2.000000 4.000000 2.000000 7.000000 6.000000 9.000000 8.000000 
27.240547 91.112314 0.000000 6.000000 4.000000 7.000000 12.000000 11.000000 4.000000 2.000000 7.000000 7.000000 8.000000 6.000000 7.000000 
25.757471 99.865282 0.000000 21.000000 10.000000 3.000000 4.000000 2.000000 2.000000 5.000000 8.000000 4.000000 9.000000 4.000000 9.000000 
30.178231 105.416449 0.000000 15.000000 7.000000 5.000000 3.000000 4.000000 6.000000 7.000000 7.000000 5.000000 8.000000 7.000000 7.000000 
28.606979 116.222481 0.000000 14.000000 10.000000 4.000000 7.000000 5.000000 5.000000 7.000000 3.000000 6.000000 10.000000 4.000000 6.000000 
28.322413 125.002240 0.000000 2.000000 6.000000 8.000000 15.000000 3.000000 8.000000 9.000000 6.000000 8.000000 4.000000 2.000000 10.000000 
28.636313 133.960966 0.000000 7.000000 3.000000 1.000000 14.000000 6.000000 14.000000 7.000000 7.000000 4.000000 3.000000 9.000000 6.000000 
28.754237 140.078927 0.000000 2.000000 0.000000 5.000000 14.000000 2.000000 7.000000 1.000000 4.000000 5.000000 13.000000 23.000000 5.000000 
30.733229 151.631375 0.000000 3.000000 2.000000 6.000000 15.000000 7.000000 4.000000 6.000000 7.000000 2.000000 8.000000 18.000000 3.000000 
27.874659 157.794950 0.000000 5.000000 4.000000 8.000000 20.000000 4.000000 4.000000 1.000000 4.000000 3.000000 12.000000 14.000000 2.000000 
29.101234 165.878540 0.000000 9.000000 4.000000 1.000000 19.000000 8.000000 3.000000 2.000000 0.000000 1.000000 5.000000 11.000000 18.000000 
29.074985 174.364595 0.000000 3.000000 6.000000 3.000000 21.000000 7.000000 3.000000 2.000000 3.000000 3.000000 6.000000 13.000000 11.000000 
29.996313 181.586825 0.000000 17.000000 11.000000 7.000000 3.000000 3.000000 7.000000 4.000000 2.000000 3.000000 9.000000 10.000000 5.000000 
33.171708 188.303067 0.000000 15.000000 4.000000 9.000000 3.000000 4.000000 4.000000 8.000000 8.000000 4.000000 10.000000 10.000000 2.000000 
31.232773 198.265410 0.000000 23.000000 14.000000 3.000000 6.000000 4.000000 1.000000 4.000000 6.000000 7.000000 4.000000 2.000000 7.000000 
29.766670 205.002366 0.000000 1.000000 5.000000 8.000000 24.000000 3.000000 3.000000 3.000000 7.000000 12.000000 13.000000 1.000000 1.000000 
28.192575 213.130990 0.000000 3.000000 2.000000 10.000000 14.000000 5.000000 4.000000 4.000000 0.000000 5.000000 14.000000 15.000000 5.000000 
26.810460 219.772678 0.000000 6.000000 1.000000 7.000000 12.000000 11.000000 9.000000 6.000000 2.000000 6.000000 7.000000 5.000000 9.000000 
28.322413 227.002240 0.000000 8.000000 5.000000 5.000000 7.000000 3.000000 11.000000 10.000000 8.000000 4.000000 8.000000 3.000000 9.000000 
28.000000 237.365028 27.000000 9.000000 1.000000 3.000000 2.000000 5.000000 6.000000 3.000000 4.000000 3.000000 1.000000 4.000000 4.000000 
36.000000 5.689680 27.000000 5.000000 4.000000 1.000000 6.000000 4.000000 5.000000 4.000000 4.000000 4.000000 3.000000 4.000000 10.000000 
34.943330 12.936871 0.000000 13.000000 7.000000 3.000000 5.000000 3.000000 4.000000 5.000000 5.000000 10.000000 12.000000 9.000000 5.000000 
37.597608 20.264804 0.000000 5.000000 8.000000 4.000000 8.000000 7.000000 6.000000 2.000000 6.000000 9.000000 8.000000 11.000000 7.000000 
39.040616 29.415395 0.000000 6.000000 9.000000 11.000000 1.000000 3.000000 5.000000 9.000000 7.000000 2.000000 13.000000 5.000000 10.000000 
39.205912 33.909237 0.000000 5.000000 12.000000 7.000000 3.000000 4.000000 5.000000 4.000000 8.000000 6.000000 15.000000 5.000000 7.000000 
35.255890 42.632021 0.000000 11.000000 3.000000 5.000000 8.000000 3.000000 8.000000 5.000000 6.000000 4.000000 17.000000 6.000000 5.000000 
32.907065 52.677587 0.000000 18.000000 5.000000 2.000000 5.000000 10.000000 4.000000 9.000000 3.000000 5.000000 7.000000 5.000000 8.000000 
31.545750 59.140275 0.000000 17.000000 9.000000 3.000000 1.000000 4.000000 4.000000 13.000000 5.000000 2.000000 11.000000 2.000000 10.000000 
37.586825 64.444725 0.000000 8.000000 7.000000 4.000000 14.000000 3.000000 6.000000 8.000000 8.000000 3.000000 5.000000 4.000000 11.000000 
37.257721 77.244194 0.000000 11.000000 3.000000 5.000000 5.000000 7.000000 8.000000 5.000000 4.000000 8.000000 6.000000 12.000000 7.000000 
37.974607 86.967776 0.000000 18.000000 2.000000 6.000000 5.000000 5.000000 9.000000 5.000000 2.000000 5.000000 1.000000 11.000000 12.000000 
35.565049 92.535139 0.000000 7.000000 5.000000 5.000000 5.000000 7.000000 8.000000 7.000000 3.000000 3.000000 7.000000 11.000000 13.000000 
37.308398 100.587216 0.000000 10.000000 5.000000 7.000000 15.000000 1.000000 6.000000 3.000000 8.000000 3.000000 11.000000 4.000000 8.000000 
39.906623 104.248976 0.000000 11.000000 7.000000 3.000000 14.000000 3.000000 5.000000 4.000000 7.000000 6.000000 8.000000 3.000000 10.000000 
37.905914 114.039264 0.000000 9.000000 6.000000 4.000000 14.000000 10.000000 12.000000 6.000000 3.000000 5.000000 4.000000 4.000000 4.000000 
37.893096 123.528069 0.000000 13.000000 5.000000 4.000000 5.000000 3.000000 2.000000 4.000000 5.000000 7.000000 18.000000 6.000000 9.000000 
37.124182 132.970887 0.000000 8.000000 5.000000 1.000000 9.000000 5.000000 8.000000 4.000000 5.000000 4.000000 18.000000 10.000000 4.000000 
34.570339 137.689739 0.000000 10.000000 6.000000 3.000000 13.000000 5.000000 3.000000 4.000000 1.000000 4.000000 15.000000 13.000000 4.000000 
37.309144 149.687440 0.000000 1.000000 3.000000 7.000000 5.000000 5.000000 3.000000 9.000000 9.000000 3.000000 8.000000 20.000000 8.000000 
32.932436 156.568742 0.000000 2.000000 6.000000 8.000000 23.000000 4.000000 7.000000 5.000000 4.000000 2.000000 6.000000 7.000000 7.000000 
34.365028 165.634972 0.000000 10.000000 6.000000 8.000000 10.000000 6.000000 0.000000 5.000000 2.000000 1.000000 5.000000 5.000000 23.000000 
36.223420 172.776580 0.000000 8.000000 7.000000 10.000000 4.000000 2.000000 3.000000 3.000000 5.000000 4.000000 13.000000 6.000000 16.000000 
35.735627 179.504458 0.000000 21.000000 7.000000 8.000000 5.000000 5.000000 4.000000 2.000000 2.000000 5.000000 6.000000 10.000000 6.000000 
34.669283 189.484725 0.000000 6.000000 7.000000 5.000000 18.000000 6.000000 3.000000 7.000000 3.000000 5.000000 6.000000 8.000000 7.000000 
34.212964 193.943019 0.000000 20.000000 3.000000 7.000000 12.000000 2.000000 6.000000 1.000000 1.000000 4.000000 3.000000 4.000000 18.000000 
36.027178 204.382352 0.000000 5.000000 1.000000 5.000000 4.000000 9.000000 5.000000 6.000000 5.000000 10.000000 18.000000 4.000000 9.000000 
35.221887 213.058991 0.000000 3.000000 10.000000 9.000000 11.000000 7.000000 10.000000 7.000000 3.000000 3.000000 6.000000 8.000000 4.000000 
33.735588 222.909237 0.000000 3.000000 3.000000 9.000000 24.000000 5.000000 2.000000 3.000000 3.000000 5.000000 14.000000 7.000000 3.000000 
36.367919 228.281386 0.000000 13.000000 5.000000 9.000000 14.000000 4.000000 2.000000 6.000000 2.000000 4.000000 12.000000 3.000000 7.000000 
36.000000 237.365028 27.000000 5.000000 7.000000 7.000000 13.000000 2.000000 4.000000 5.000000 1.000000 0.000000 0.000000 0.000000 1.000000 
42.739423 6.012093 27.000000 9.000000 5.000000 2.000000 1.000000 5.000000 3.000000 4.000000 6.000000 4.000000 2.000000 5.000000 8.000000 
40.257158 15.039957 0.000000 15.000000 7.000000 5.000000 2.000000 5.000000 3.000000 7.000000 4.000000 6.000000 7.000000 8.000000 12.000000 
42.812959 21.460594 0.000000 16.000000 6.000000 8.000000 8.000000 7.000000 8.000000 9.000000 3.000000 0.000000 7.000000 3.000000 6.000000 
43.711126 30.067343 0.000000 5.000000 9.000000 4.000000 2.000000 5.000000 5.000000 8.000000 10.000000 7.000000 10.000000 4.000000 12.000000 
46.789276 36.951852 0.000000 1.000000 8.000000 10.000000 13.000000 6.000000 4.000000 8.000000 6.000000 9.000000 1.000000 6.000000 9.000000 
45.480010 42.586825 0.000000 8.000000 10.000000 2.000000 12.000000 5.000000 11.000000 6.000000 4.000000 4.000000 11.000000 5.000000 3.000000 
42.971066 50.728687 0.000000 8.000000 15.000000 5.000000 3.000000 5.000000 3.000000 2.000000 4.000000 5.000000 19.000000 6.000000 6.000000 
41.391408 60.985387 0.000000 10.000000 7.000000 2.000000 12.000000 3.000000 2.000000 8.000000 4.000000 4.000000 5.000000 10.000000 14.000000 
41.691843 64.431170 0.000000 11.000000 7.000000 3.000000 14.000000 2.000000 6.000000 6.000000 4.000000 3.000000 6.000000 7.000000 12.000000 
42.679827 76.062000 0.000000 6.000000 13.000000 2.000000 7.000000 5.000000 7.000000 7.000000 3.000000 2.000000 13.000000 8.000000 8.000000 
42.499908 86.168836 0.000000 16.000000 9.000000 6.000000 8.000000 5.000000 6.000000 4.000000 1.000000 5.000000 4.000000 6.000000 11.000000 
42.000000 93.689680 0.000000 10.000000 3.000000 3.000000 7.000000 3.000000 1.000000 8.000000 8.000000 2.000000 8.000000 9.000000 19.000000 
44.110989 101.569781 0.000000 9.000000 5.000000 6.000000 11.000000 6.000000 6.000000 9.000000 5.000000 3.000000 6.000000 5.000000 10.000000 
47.683480 104.942757 0.000000 12.000000 4.000000 13.000000 7.000000 8.000000 9.000000 3.000000 2.000000 6.000000 3.000000 5.000000 9.000000 
47.883072 113.141557 0.000000 14.000000 4.000000 4.000000 9.000000 5.000000 5.000000 5.000000 5.000000 4.000000 5.000000 8.000000 13.000000 
44.831479 123.795360 0.000000 12.000000 6.000000 2.000000 5.000000 6.000000 4.000000 11.000000 7.000000 7.000000 6.000000 6.000000 9.000000 
43.649430 132.974083 0.000000 2.000000 4.000000 2.000000 3.000000 3.000000 7.000000 8.000000 7.000000 3.000000 27.000000 8.000000 7.000000 
44.650110 142.003377 0.000000 7.000000 20.000000 8.000000 3.000000 2.000000 4.000000 5.000000 2.000000 3.000000 13.000000 6.000000 8.000000 
41.882418 147.951517 0.000000 5.000000 3.000000 8.000000 22.000000 1.000000 1.000000 2.000000 11.000000 1.000000 10.000000 12.000000 5.000000 
42.324652 153.583138 0.000000 5.000000 5.000000 11.000000 4.000000 3.000000 6.000000 1.000000 3.000000 3.000000 12.000000 16.000000 12.000000 
42.538652 163.336579 0.000000 15.000000 1.000000 9.000000 7.000000 3.000000 6.000000 8.000000 11.000000 3.000000 5.000000 6.000000 7.000000 
44.387449 170.743084 0.000000 5.000000 2.000000 8.000000 19.000000 4.000000 2.000000 7.000000 7.000000 9.000000 5.000000 5.000000 8.000000 
42.443288 176.951036 0.000000 6.000000 5.000000 10.000000 17.000000 4.000000 1.000000 5.000000 2.000000 4.000000 7.000000 9.000000 11.000000 
39.869077 188.594959 0.000000 3.000000 3.000000 4.000000 22.000000 6.000000 5.000000 8.000000 5.000000 7.000000 6.000000 8.000000 4.000000 
40.094919 193.173650 0.000000 10.000000 1.000000 8.000000 16.000000 3.000000 6.000000 6.000000 1.000000 7.000000 6.000000 5.000000 12.000000 
42.711879 201.128741 0.000000 5.000000 7.000000 9.000000 11.000000 5.000000 7.000000 8.000000 3.000000 5.000000 5.000000 8.000000 8.000000 
42.613155 210.687440 0.000000 6.000000 9.000000 14.000000 14.000000 4.000000 3.000000 3.000000 4.000000 5.000000 3.000000 12.000000 4.000000 
44.603462 222.073912 0.000000 8.000000 8.000000 7.000000 11.000000 5.000000 5.000000 5.000000 2.000000 4.000000 3.000000 10.000000 13.000000 
44.586825 229.170423 0.000000 5.000000 5.000000 11.000000 21.000000 4.000000 6.000000 7.000000 5.000000 7.000000 6.000000 2.000000 2.000000 
44.000000 237.365028 27.000000 5.000000 6.000000 2.000000 1.000000 1.000000 1.000000 1.000000 1.000000 1.000000 11.000000 7.000000 8.000000 
52.363321 6.027454 27.000000 11.000000 5.000000 2.000000 7.000000 6.000000 3.000000 0.000000 4.000000 4.000000 3.000000 4.000000 5.000000 
53.881309 13.923083 0.000000 10.000000 5.000000 6.000000 4.000000 4.000000 9.000000 11.000000 5.000000 6.000000 8.000000 8.000000 5.000000 
55.000000 19.974404 0.000000 11.000000 6.000000 5.000000 1.000000 4.000000 5.000000 7.000000 9.000000 9.000000 8.000000 10.000000 6.000000 
52.248848 30.689680 0.000000 16.000000 6.000000 8.000000 2.000000 4.000000 6.000000 13.000000 3.000000 1.000000 8.000000 7.000000 7.000000 
52.154537 37.798614 0.000000 8.000000 5.000000 13.000000 5.000000 4.000000 4.000000 12.000000 6.000000 6.000000 7.000000 8.000000 3.000000 
50.156234 43.521262 0.000000 17.000000 7.000000 6.000000 9.000000 5.000000 3.000000 3.000000 4.000000 11.000000 7.000000 5.000000 4.000000 
51.156631 51.343473 0.000000 13.000000 5.000000 7.000000 9.000000 6.000000 6.000000 6.000000 5.000000 4.000000 6.000000 8.000000 6.000000 
56.586825 63.951852 0.000000 9.000000 8.000000 7.000000 4.000000 3.000000 8.000000 6.000000 4.000000 2.000000 18.000000 6.000000 6.000000 
53.357504 68.568267 0.000000 7.000000 7.000000 7.000000 5.000000 8.000000 4.000000 4.000000 5.000000 8.000000 8.000000 8.000000 10.000000 
53.675929 76.675929 0.000000 14.000000 10.000000 9.000000 4.000000 4.000000 3.000000 4.000000 5.000000 7.000000 10.000000 5.000000 6.000000 
54.000000 85.689680 0.000000 11.000000 5.000000 5.000000 7.000000 3.000000 2.000000 8.000000 7.000000 6.000000 9.000000 8.000000 10.000000 
51.732396 94.040536 0.000000 9.000000 7.000000 9.000000 4.000000 2.000000 5.000000 3.000000 3.000000 5.000000 13.000000 5.000000 16.000000 
50.586825 100.447058 0.000000 8.000000 5.000000 15.000000 10.000000 6.000000 5.000000 4.000000 5.000000 4.000000 4.000000 5.000000 10.000000 
52.366336 106.284316 0.000000 8.000000 4.000000 15.000000 8.000000 7.000000 8.000000 3.000000 3.000000 3.000000 4.000000 9.000000 9.000000 
55.628564 119.351985 0.000000 15.000000 11.000000 2.000000 3.000000 3.000000 6.000000 3.000000 8.000000 5.000000 11.000000 7.000000 7.000000 
52.510864 126.875891 0.000000 9.000000 5.000000 2.000000 6.000000 7.000000 8.000000 3.000000 2.000000 1.000000 23.000000 8.000000 7.000000 
50.858176 131.838316 0.000000 6.000000 4.000000 5.000000 3.000000 3.000000 11.000000 6.000000 6.000000 1.000000 25.000000 6.000000 5.000000 
53.554405 144.365028 0.000000 2.000000 7.000000 10.000000 19.000000 1.000000 2.000000 12.000000 14.000000 2.000000 7.000000 3.000000 2.000000 
48.365028 148.805896 0.000000 4.000000 2.000000 6.000000 25.000000 8.000000 3.000000 12.000000 6.000000 3.000000 6.000000 3.000000 3.000000 
50.931094 156.101837 0.000000 8.000000 8.000000 5.000000 2.000000 6.000000 7.000000 5.000000 4.000000 6.000000 18.000000 7.000000 5.000000 
50.000000 163.948166 0.000000 18.000000 9.000000 6.000000 10.000000 2.000000 6.000000 1.000000 6.000000 9.000000 6.000000 1.000000 7.000000 
50.330203 171.660597 0.000000 10.000000 7.000000 6.000000 9.000000 5.000000 6.000000 2.000000 5.000000 8.000000 7.000000 10.000000 6.000000 
48.361624 180.989371 0.000000 7.000000 4.000000 10.000000 18.000000 4.000000 6.000000 3.000000 1.000000 4.000000 12.000000 3.000000 9.000000 
52.288190 188.537605 0.000000 8.000000 6.000000 7.000000 6.000000 3.000000 5.000000 10.000000 5.000000 4.000000 5.000000 8.000000 14.000000 
48.557817 194.287872 0.000000 13.000000 8.000000 4.000000 6.000000 4.000000 6.000000 5.000000 3.000000 3.000000 7.000000 11.000000 11.000000 
51.007972 204.689680 0.000000 7.000000 7.000000 7.000000 4.000000 9.000000 1.000000 4.000000 5.000000 5.000000 18.000000 6.000000 8.000000 
53.000000 214.014189 0.000000 8.000000 10.000000 11.000000 11.000000 2.000000 6.000000 9.000000 4.000000 2.000000 6.000000 7.000000 5.000000 
51.677587 223.010970 0.000000 10.000000 7.000000 9.000000 9.000000 4.000000 5.000000 4.000000 5.000000 1.000000 5.000000 6.000000 16.000000 
51.000000 230.689680 0.000000 5.000000 8.000000 6.000000 27.000000 8.000000 7.000000 2.000000 4.000000 4.000000 3.000000 3.000000 4.000000 
52.000000 237.432530 27.000000 4.000000 6.000000 4.000000 9.000000 3.000000 5.000000 3.000000 1.000000 0.000000 1.000000 2.000000 7.000000 
60.000000 5.324652 39.000000 8.000000 3.000000 3.000000 5.000000 0.000000 1.000000 11.000000 3.000000 1.000000 2.000000 1.000000 4.000000 
60.460887 13.706325 18.000000 5.000000 5.000000 3.000000 2.000000 3.000000 3.000000 6.000000 5.000000 4.000000 11.000000 8.000000 8.000000 
60.960461 20.865029 18.000000 10.000000 3.000000 5.000000 0.000000 5.000000 6.000000 6.000000 5.000000 4.000000 6.000000 5.000000 8.000000 
60.000000 29.687253 18.000000 13.000000 5.000000 9.000000 7.000000 9.000000 6.000000 0.000000 2.000000 1.000000 6.000000 3.000000 2.000000 
60.000000 37.324652 18.000000 7.000000 4.000000 9.000000 3.000000 3.000000 0.000000 0.000000 5.000000 4.000000 17.000000 5.000000 6.000000 
60.000000 45.324652 18.000000 9.000000 4.000000 6.000000 9.000000 6.000000 2.000000 4.000000 5.000000 5.000000 5.000000 2.000000 6.000000 
59.714585 53.039237 18.000000 22.000000 8.000000 7.000000 1.000000 0.000000 0.000000 0.000000 0.000000 0.000000 8.000000 10.000000 7.000000 
61.953767 62.741790 18.000000 8.000000 6.000000 1.000000 9.000000 0.000000 0.000000 1.000000 5.000000 4.000000 17.000000 5.000000 7.000000 
60.000000 69.324652 18.000000 4.000000 6.000000 9.000000 10.000000 1.000000 6.000000 7.000000 5.000000 2.000000 5.000000 6.000000 2.000000 
60.000000 77.324652 18.000000 10.000000 4.000000 5.000000 2.000000 1.000000 6.000000 9.000000 4.000000 5.000000 6.000000 8.000000 3.000000 
60.471712 85.796364 18.000000 6.000000 6.000000 6.000000 7.000000 4.000000 2.000000 10.000000 6.000000 0.000000 8.000000 6.000000 2.000000 
60.000000 93.324652 18.000000 10.000000 5.000000 3.000000 4.000000 5.000000 6.000000 9.000000 2.000000 3.000000 4.000000 4.000000 8.000000 
60.000000 101.324652 18.000000 8.000000 6.000000 4.000000 6.000000 1.000000 3.000000 8.000000 7.000000 5.000000 7.000000 5.000000 3.000000 
60.000000 109.005157 18.000000 5.000000 4.000000 5.000000 0.000000 4.000000 10.000000 10.000000 6.000000 5.000000 6.000000 5.000000 3.000000 
61.006468 118.331121 18.000000 12.000000 2.000000 1.000000 3.000000 4.000000 5.000000 6.000000 7.000000 7.000000 7.000000 5.000000 4.000000 
60.000000 126.107032 18.000000 7.000000 3.000000 2.000000 3.000000 6.000000 6.000000 5.000000 6.000000 4.000000 9.000000 7.000000 5.000000 
59.716321 133.040973 18.000000 6.000000 7.000000 3.000000 5.000000 5.000000 6.000000 7.000000 5.000000 3.000000 10.000000 4.000000 2.000000 
60.912108 143.037974 18.000000 1.000000 5.000000 4.000000 8.000000 1.000000 6.000000 3.000000 9.000000 5.000000 16.000000 5.000000 0.000000 
59.179197 149.324652 18.000000 6.000000 5.000000 9.000000 13.000000 3.000000 6.000000 1.000000 3.000000 4.000000 6.000000 4.000000 3.000000 
60.000000 157.324652 18.000000 4.000000 3.000000 8.000000 12.000000 5.000000 7.000000 6.000000 0.000000 3.000000 7.000000 5.000000 3.000000 
59.716852 165.324652 18.000000 6.000000 3.000000 4.000000 3.000000 8.000000 3.000000 9.000000 6.000000 3.000000 1.000000 7.000000 10.000000 
60.000000 173.324652 18.000000 9.000000 0.000000 5.000000 2.000000 3.000000 10.000000 5.000000 5.000000 4.000000 10.000000 4.000000 6.000000 
59.177274 181.599040 18.000000 8.000000 1.000000 8.000000 4.000000 2.000000 1.000000 13.000000 7.000000 4.000000 5.000000 2.000000 8.000000 
60.440516 189.324652 18.000000 4.000000 6.000000 5.000000 1.000000 3.000000 2.000000 10.000000 4.000000 3.000000 4.000000 10.000000 11.000000 
59.732485 197.324652 18.000000 8.000000 7.000000 4.000000 8.000000 5.000000 4.000000 5.000000 4.000000 1.000000 4.000000 6.000000 7.000000 
60.000000 205.324652 18.000000 7.000000 3.000000 3.000000 5.000000 8.000000 3.000000 4.000000 4.000000 6.000000 4.000000 10.000000 6.000000 
60.416367 213.324652 18.000000 8.000000 5.000000 6.000000 4.000000 7.000000 4.000000 3.000000 2.000000 3.000000 5.000000 9.000000 7.000000 
60.000000 221.673139 18.000000 9.000000 6.000000 1.000000 8.000000 4.000000 8.000000 4.000000 1.000000 0.000000 6.000000 10.000000 6.000000 
60.000000 229.211028 18.000000 7.000000 1.000000 6.000000 9.000000 4.000000 4.000000 6.000000 4.000000 3.000000 4.000000 7.000000 8.000000 
60.000000 236.000000 35.000000 0.000000 2.000000 1.000000 7.000000 4.000000 4.000000 4.000000 2.000000 1.000000 1.000000 0.000000 2.000000 
