240
5.000000 5.689680 39.000000 2.000000 0.000000 1.000000 10.000000 3.000000 4.000000 0.000000 1.000000 0.000000 2.000000 1.000000 0.000000 
3.586825 14.659739 27.000000 12.000000 4.000000 1.000000 3.000000 1.000000 1.000000 0.000000 2.000000 1.000000 4.000000 2.000000 5.000000 
2.186430 20.483374 27.000000 11.000000 5.000000 2.000000 1.000000 1.000000 0.000000 3.000000 2.000000 4.000000 6.000000 1.000000 0.000000 
4.000000 29.689680 27.000000 2.000000 7.000000 0.000000 6.000000 3.000000 3.000000 6.000000 1.000000 1.000000 4.000000 2.000000 1.000000 
4.322413 37.647065 27.000000 1.000000 0.000000 0.000000 7.000000 3.000000 4.000000 6.000000 1.000000 1.000000 2.000000 3.000000 8.000000 
3.165887 44.911477 27.000000 5.000000 2.000000 1.000000 3.000000 2.000000 3.000000 3.000000 0.000000 3.000000 9.000000 2.000000 3.000000 
4.000000 54.041863 27.000000 5.000000 6.000000 2.000000 2.000000 3.000000 5.000000 4.000000 3.000000 1.000000 1.000000 2.000000 2.000000 
4.000000 62.057559 27.000000 6.000000 1.000000 1.000000 2.000000 2.000000 1.000000 6.000000 3.000000 2.000000 5.000000 2.000000 5.000000 
4.343304 68.616321 27.000000 5.000000 2.000000 3.000000 5.000000 2.000000 1.000000 4.000000 2.000000 3.000000 6.000000 1.000000 2.000000 
4.000000 77.689680 27.000000 7.000000 1.000000 2.000000 0.000000 0.000000 2.000000 2.000000 4.000000 2.000000 5.000000 4.000000 7.000000 
3.586825 84.911477 27.000000 2.000000 1.000000 5.000000 7.000000 4.000000 2.000000 2.000000 1.000000 3.000000 5.000000 2.000000 2.000000 
4.000000 93.689680 27.000000 4.000000 2.000000 5.000000 0.000000 0.000000 0.000000 4.000000 0.000000 0.000000 8.000000 5.000000 8.000000 
2.704394 101.750854 27.000000 7.000000 4.000000 2.000000 6.000000 3.000000 2.000000 4.000000 0.000000 1.000000 1.000000 3.000000 3.000000 
3.561361 108.520986 27.000000 3.000000 9.000000 3.000000 4.000000 2.000000 2.000000 1.000000 0.000000 4.000000 6.000000 0.000000 2.000000 
4.000000 116.959625 27.000000 5.000000 2.000000 4.000000 6.000000 0.000000 3.000000 1.000000 0.000000 1.000000 4.000000 4.000000 6.000000 
3.586825 124.911477 27.000000 3.000000 6.000000 2.000000 3.000000 0.000000 3.000000 0.000000 3.000000 3.000000 5.000000 3.000000 5.000000 
4.513449 132.575686 27.000000 3.000000 11.000000 1.000000 2.000000 3.000000 3.000000 3.000000 0.000000 0.000000 6.000000 2.000000 2.000000 
5.422524 141.324652 27.000000 2.000000 4.000000 4.000000 7.000000 0.000000 1.000000 4.000000 3.000000 2.000000 4.000000 3.000000 2.000000 
3.583138 149.324652 27.000000 4.000000 5.000000 5.000000 3.000000 1.000000 0.000000 2.000000 5.000000 4.000000 4.000000 1.000000 2.000000 
3.974986 156.654813 27.000000 5.000000 3.000000 3.000000 7.000000 4.000000 0.000000 0.000000 2.000000 3.000000 4.000000 1.000000 4.000000 
3.586825 164.537590 27.000000 3.000000 9.000000 2.000000 4.000000 0.000000 2.000000 0.000000 0.000000 1.000000 7.000000 5.000000 3.000000 
4.322413 173.647065 27.000000 2.000000 3.000000 2.000000 3.000000 2.000000 6.000000 3.000000 2.000000 0.000000 4.000000 6.000000 3.000000 
4.000000 181.689680 27.000000 8.000000 3.000000 2.000000 1.000000 2.000000 3.000000 3.000000 0.000000 1.000000 3.000000 8.000000 2.000000 
4.607277 189.362201 27.000000 4.000000 3.000000 4.000000 4.000000 2.000000 1.000000 4.000000 4.000000 2.000000 3.000000 4.000000 1.000000 
4.322413 197.647065 27.000000 4.000000 4.000000 2.000000 11.000000 3.000000 0.000000 4.000000 2.000000 0.000000 3.000000 1.000000 2.000000 
5.409877 205.341254 27.000000 5.000000 2.000000 2.000000 7.000000 4.000000 1.000000 0.000000 3.000000 3.000000 2.000000 1.000000 6.000000 
4.594693 212.729960 27.000000 2.000000 3.000000 2.000000 6.000000 4.000000 1.000000 1.000000 2.000000 2.000000 3.000000 3.000000 7.000000 
3.988867 220.668694 27.000000 1.000000 5.000000 3.000000 11.000000 1.000000 0.000000 1.000000 2.000000 2.000000 2.000000 3.000000 5.000000 
4.689680 229.000000 27.000000 6.000000 2.000000 1.000000 8.000000 2.000000 0.000000 0.000000 0.000000 0.000000 11.000000 4.000000 2.000000 
5.000000 236.365028 36.000000 4.000000 1.000000 1.000000 0.000000 0.000000 0.000000 0.000000 2.000000 1.000000 8.000000 1.000000 2.000000 
11.677587 6.440409 27.000000 5.000000 3.000000 4.000000 15.000000 0.000000 2.000000 2.000000 3.000000 5.000000 12.000000 2.000000 1.000000 
6.970136 13.024547 0.000000 26.000000 6.000000 6.000000 5.000000 2.000000 2.000000 0.000000 4.000000 2.000000 15.000000 2.000000 11.000000 
8.000000 18.987833 0.000000 25.000000 8.000000 4.000000 9.000000 5.000000 2.000000 5.000000 4.000000 4.000000 6.000000 3.000000 6.000000 
11.817716 28.413814 0.000000 3.000000 9.000000 4.000000 10.000000 6.000000 3.000000 6.000000 6.000000 4.000000 17.000000 8.000000 5.000000 
11.323201 35.720418 0.000000 3.000000 2.000000 6.000000 17.000000 6.000000 2.000000 6.000000 3.000000 5.000000 13.000000 7.000000 11.000000 
10.588707 43.312007 0.000000 14.000000 7.000000 5.000000 10.000000 6.000000 2.000000 4.000000 2.000000 4.000000 16.000000 8.000000 3.000000 
12.636035 55.048294 0.000000 6.000000 3.000000 5.000000 3.000000 3.000000 7.000000 5.000000 9.000000 5.000000 16.000000 11.000000 8.000000 
12.498119 61.198156 0.000000 11.000000 2.000000 8.000000 22.000000 3.000000 3.000000 0.000000 3.000000 9.000000 6.000000 8.000000 6.000000 
11.590109 65.741112 0.000000 7.000000 3.000000 3.000000 15.000000 5.000000 3.000000 11.000000 4.000000 8.000000 12.000000 4.000000 6.000000 
11.403006 76.242690 0.000000 7.000000 4.000000 15.000000 7.000000 5.000000 9.000000 4.000000 5.000000 8.000000 4.000000 6.000000 7.000000 
11.263962 84.219099 0.000000 6.000000 3.000000 10.000000 3.000000 4.000000 11.000000 6.000000 4.000000 6.000000 8.000000 10.000000 10.000000 
10.789124 93.780874 0.000000 13.000000 4.000000 9.000000 14.000000 9.000000 5.000000 5.000000 0.000000 1.000000 12.000000 5.000000 4.000000 
8.879615 99.817928 0.000000 17.000000 14.000000 2.000000 3.000000 6.000000 4.000000 5.000000 3.000000 4.000000 8.000000 9.000000 6.000000 
10.200010 106.718513 0.000000 12.000000 9.000000 4.000000 6.000000 8.000000 5.000000 3.000000 7.000000 5.000000 10.000000 4.000000 8.000000 
9.961304 113.369518 0.000000 9.000000 4.000000 1.000000 9.000000 2.000000 7.000000 12.000000 1.000000 5.000000 10.000000 5.000000 16.000000 
11.976514 122.214094 0.000000 8.000000 3.000000 6.000000 13.000000 8.000000 9.000000 11.000000 4.000000 9.000000 3.000000 3.000000 4.000000 
15.189096 130.413175 0.000000 11.000000 7.000000 6.000000 3.000000 8.000000 7.000000 5.000000 5.000000 9.000000 8.000000 9.000000 3.000000 
16.519662 139.698449 0.000000 7.000000 7.000000 9.000000 21.000000 5.000000 6.000000 3.000000 4.000000 6.000000 4.000000 6.000000 3.000000 
12.854514 145.888750 0.000000 7.000000 8.000000 9.000000 17.000000 10.000000 2.000000 1.000000 9.000000 9.000000 3.000000 3.000000 3.000000 
11.909237 152.947457 0.000000 6.000000 2.000000 4.000000 18.000000 7.000000 3.000000 4.000000 8.000000 9.000000 9.000000 6.000000 5.000000 
11.051224 162.416252 0.000000 14.000000 9.000000 3.000000 9.000000 8.000000 11.000000 8.000000 3.000000 3.000000 7.000000 1.000000 5.000000 
13.322413 173.408299 0.000000 6.000000 10.000000 13.000000 16.000000 6.000000 5.000000 2.000000 4.000000 4.000000 6.000000 4.000000 5.000000 
11.832771 180.547918 0.000000 17.000000 1.000000 5.000000 3.000000 2.000000 0.000000 6.000000 7.000000 5.000000 19.000000 6.000000 10.000000 
14.322413 188.687440 0.000000 9.000000 10.000000 10.000000 8.000000 5.000000 5.000000 7.000000 6.000000 3.000000 3.000000 7.000000 8.000000 
15.108944 196.674989 0.000000 13.000000 12.000000 6.000000 4.000000 2.000000 5.000000 5.000000 6.000000 8.000000 7.000000 5.000000 8.000000 
18.528677 202.206000 0.000000 6.000000 4.000000 4.000000 21.000000 2.000000 6.000000 6.000000 7.000000 4.000000 7.000000 5.000000 9.000000 
15.386863 207.430906 0.000000 11.000000 15.000000 4.000000 6.000000 3.000000 7.000000 7.000000 3.000000 5.000000 4.000000 9.000000 7.000000 
12.287662 218.322413 0.000000 11.000000 7.000000 10.000000 3.000000 3.000000 4.000000 7.000000 7.000000 4.000000 12.000000 9.000000 4.000000 
13.047972 229.106754 0.000000 8.000000 3.000000 4.000000 4.000000 6.000000 10.000000 6.000000 5.000000 8.000000 12.000000 5.000000 10.000000 
12.000000 237.365028 27.000000 6.000000 3.000000 3.000000 3.000000 5.000000 3.000000 5.000000 2.000000 1.000000 4.000000 6.000000 4.000000 
17.360864 4.017000 27.000000 13.000000 9.000000 2.000000 2.000000 3.000000 1.000000 2.000000 3.000000 3.000000 0.000000 8.000000 8.000000 
14.322413 9.920882 0.000000 5.000000 8.000000 10.000000 21.000000 3.000000 4.000000 7.000000 5.000000 5.000000 10.000000 2.000000 1.000000 
19.020629 20.884565 0.000000 3.000000 4.000000 7.000000 13.000000 3.000000 1.000000 8.000000 6.000000 7.000000 18.000000 10.000000 1.000000 
20.855254 25.210428 0.000000 5.000000 8.000000 10.000000 13.000000 3.000000 3.000000 4.000000 3.000000 5.000000 11.000000 6.000000 10.000000 
17.395442 33.693568 0.000000 4.000000 1.000000 2.000000 14.000000 10.000000 5.000000 2.000000 3.000000 6.000000 19.000000 13.000000 2.000000 
21.705909 42.927841 0.000000 12.000000 4.000000 7.000000 1.000000 8.000000 6.000000 2.000000 3.000000 7.000000 12.000000 5.000000 14.000000 
21.586825 52.169963 0.000000 20.000000 6.000000 7.000000 7.000000 2.000000 3.000000 8.000000 3.000000 3.000000 7.000000 5.000000 10.000000 
19.736448 60.043452 0.000000 7.000000 9.000000 9.000000 14.000000 4.000000 4.000000 5.000000 3.000000 3.000000 4.000000 10.000000 9.000000 
15.836718 67.385784 0.000000 1.000000 2.000000 6.000000 11.000000 7.000000 7.000000 16.000000 8.000000 12.000000 7.000000 3.000000 1.000000 
18.243151 75.833227 0.000000 13.000000 5.000000 7.000000 3.000000 7.000000 10.000000 3.000000 5.000000 9.000000 8.000000 7.000000 4.000000 
21.098643 87.098643 0.000000 13.000000 6.000000 5.000000 10.000000 6.000000 5.000000 4.000000 3.000000 3.000000 9.000000 5.000000 12.000000 
21.783312 93.816737 0.000000 6.000000 2.000000 5.000000 9.000000 7.000000 7.000000 9.000000 3.000000 7.000000 14.000000 9.000000 3.000000 
21.425819 100.205970 0.000000 9.000000 5.000000 4.000000 10.000000 5.000000 3.000000 9.000000 3.000000 7.000000 6.000000 9.000000 11.000000 
18.804192 108.804116 0.000000 7.000000 6.000000 7.000000 7.000000 8.000000 6.000000 8.000000 2.000000 0.000000 19.000000 7.000000 4.000000 
18.141079 113.739190 0.000000 7.000000 1.000000 5.000000 7.000000 6.000000 9.000000 8.000000 2.000000 3.000000 17.000000 7.000000 9.000000 
20.448923 123.722775 0.000000 7.000000 10.000000 8.000000 11.000000 4.000000 0.000000 9.000000 6.000000 8.000000 8.000000 4.000000 6.000000 
19.588212 133.353547 0.000000 7.000000 9.000000 12.000000 6.000000 6.000000 2.000000 6.000000 4.000000 6.000000 11.000000 10.000000 2.000000 
21.012164 137.320014 0.000000 6.000000 5.000000 13.000000 29.000000 3.000000 8.000000 0.000000 1.000000 0.000000 4.000000 6.000000 6.000000 
19.355432 142.116761 0.000000 7.000000 6.000000 8.000000 24.000000 1.000000 7.000000 3.000000 3.000000 1.000000 3.000000 14.000000 4.000000 
21.392568 153.913888 0.000000 6.000000 3.000000 10.000000 15.000000 5.000000 4.000000 2.000000 2.000000 6.000000 17.000000 3.000000 8.000000 
20.940364 164.750677 0.000000 5.000000 4.000000 4.000000 6.000000 4.000000 4.000000 3.000000 8.000000 7.000000 13.000000 13.000000 10.000000 
20.488000 173.241619 0.000000 9.000000 2.000000 6.000000 4.000000 2.000000 9.000000 10.000000 4.000000 8.000000 14.000000 9.000000 4.000000 
18.577492 179.071813 0.000000 8.000000 0.000000 7.000000 14.000000 9.000000 8.000000 7.000000 2.000000 1.000000 10.000000 8.000000 7.000000 
19.518112 189.846060 0.000000 17.000000 3.000000 9.000000 6.000000 2.000000 0.000000 4.000000 9.000000 9.000000 5.000000 6.000000 11.000000 
17.909237 196.585949 0.000000 11.000000 8.000000 11.000000 15.000000 1.000000 6.000000 4.000000 5.000000 1.000000 6.000000 6.000000 7.000000 
21.947568 199.536905 0.000000 7.000000 9.000000 6.000000 21.000000 2.000000 5.000000 3.000000 5.000000 2.000000 8.000000 5.000000 8.000000 
18.516643 208.936835 0.000000 5.000000 15.000000 5.000000 7.000000 4.000000 6.000000 5.000000 6.000000 6.000000 8.000000 11.000000 3.000000 
20.428476 221.917491 0.000000 10.000000 6.000000 5.000000 5.000000 2.000000 4.000000 8.000000 3.000000 4.000000 7.000000 14.000000 13.000000 
21.000000 230.959625 0.000000 13.000000 8.000000 8.000000 21.000000 2.000000 2.000000 6.000000 3.000000 1.000000 2.000000 5.000000 10.000000 
20.000000 238.181588 27.000000 6.000000 7.000000 3.000000 9.000000 2.000000 1.000000 4.000000 0.000000 0.000000 4.000000 5.000000 4.000000 
28.322413 5.687440 27.000000 5.000000 7.000000 4.000000 9.000000 6.000000 3.000000 5.000000 2.000000 3.000000 4.000000 5.000000 1.000000 
27.456924 12.442409 0.000000 4.000000 7.000000 5.000000 11.000000 8.000000 2.000000 4.000000 8.000000 9.000000 14.000000 4.000000 5.000000 
29.133591 21.330962 0.000000 5.000000 2.000000 9.000000 7.000000 12.000000 3.000000 4.000000 4.000000 5.000000 11.000000 10.000000 9.000000 
28.926063 28.957615 0.000000 4.000000 7.000000 11.000000 5.000000 6.000000 5.000000 4.000000 5.000000 5.000000 12.000000 9.000000 8.000000 
23.808622 36.000000 0.000000 5.000000 2.000000 3.000000 20.000000 12.000000 2.000000 7.000000 5.000000 5.000000 8.000000 7.000000 5.000000 
24.461244 43.573570 0.000000 6.000000 3.000000 6.000000 1.000000 10.000000 5.000000 5.000000 8.000000 9.000000 14.000000 8.000000 6.000000 
27.756141 51.693417 0.000000 15.000000 10.000000 5.000000 12.000000 4.000000 6.000000 7.000000 7.000000 5.000000 1.000000 3.000000 6.000000 
28.627241 62.644825 0.000000 4.000000 8.000000 4.000000 4.000000 9.000000 1.000000 7.000000 6.000000 5.000000 16.000000 10.000000 7.000000 
25.615142 68.615142 0.000000 6.000000 7.000000 3.000000 9.000000 6.000000 8.000000 3.000000 6.000000 6.000000 8.000000 7.000000 12.000000 
26.551257 74.299037 0.000000 4.000000 6.000000 10.000000 12.000000 9.000000 8.000000 3.000000 2.000000 4.000000 7.000000 6.000000 10.000000 
30.581615 84.603918 0.000000 7.000000 10.000000 12.000000 6.000000 4.000000 3.000000 7.000000 3.000000 1.000000 9.000000 10.000000 9.000000 
31.638716 93.201382 0.000000 7.000000 2.000000 7.000000 15.000000 6.000000 6.000000 13.000000 4.000000 1.000000 0.000000 9.000000 11.000000 
31.752051 101.257802 0.000000 9.000000 7.000000 9.000000 6.000000 3.000000 6.000000 5.000000 4.000000 3.000000 8.000000 14.000000 7.000000 
31.764974 107.390769 0.000000 12.000000 1.000000 7.000000 11.000000 5.000000 4.000000 8.000000 7.000000 5.000000 13.000000 3.000000 5.000000 
31.202830 114.221797 0.000000 10.000000 7.000000 9.000000 14.000000 7.000000 9.000000 6.000000 4.000000 3.000000 4.000000 5.000000 3.000000 
28.936897 123.279096 0.000000 9.000000 11.000000 6.000000 5.000000 3.000000 5.000000 4.000000 5.000000 6.000000 9.000000 7.000000 11.000000 
26.169963 133.052010 0.000000 8.000000 4.000000 6.000000 19.000000 5.000000 4.000000 5.000000 4.000000 5.000000 9.000000 7.000000 5.000000 
26.108903 136.838900 0.000000 4.000000 6.000000 6.000000 16.000000 5.000000 3.000000 2.000000 7.000000 7.000000 12.000000 7.000000 6.000000 
24.408659 145.322140 0.000000 2.000000 5.000000 10.000000 26.000000 3.000000 3.000000 4.000000 7.000000 3.000000 3.000000 13.000000 2.000000 
29.656690 153.493187 0.000000 2.000000 4.000000 8.000000 20.000000 7.000000 5.000000 4.000000 2.000000 3.000000 8.000000 10.000000 8.000000 
30.322413 164.012192 0.000000 6.000000 4.000000 4.000000 5.000000 13.000000 8.000000 7.000000 0.000000 2.000000 9.000000 10.000000 13.000000 
30.121448 172.863486 0.000000 15.000000 7.000000 5.000000 5.000000 7.000000 8.000000 2.000000 1.000000 1.000000 3.000000 14.000000 13.000000 
30.324652 179.850666 0.000000 9.000000 7.000000 9.000000 1.000000 6.000000 5.000000 9.000000 4.000000 6.000000 9.000000 7.000000 9.000000 
28.322413 191.279502 0.000000 27.000000 8.000000 5.000000 7.000000 5.000000 2.000000 2.000000 2.000000 4.000000 5.000000 7.000000 7.000000 
30.800322 197.291988 0.000000 13.000000 9.000000 9.000000 20.000000 1.000000 1.000000 3.000000 11.000000 9.000000 0.000000 5.000000 0.000000 
30.586825 201.737828 0.000000 4.000000 7.000000 8.000000 14.000000 4.000000 2.000000 2.000000 11.000000 10.000000 8.000000 7.000000 4.000000 
27.688570 210.086915 0.000000 3.000000 7.000000 6.000000 16.000000 10.000000 4.000000 2.000000 3.000000 3.000000 11.000000 7.000000 9.000000 
28.222505 219.737952 0.000000 8.000000 8.000000 4.000000 6.000000 7.000000 11.000000 6.000000 2.000000 4.000000 7.000000 8.000000 10.000000 
27.976879 228.403136 0.000000 10.000000 9.000000 5.000000 8.000000 6.000000 4.000000 10.000000 5.000000 4.000000 10.000000 6.000000 4.000000 
28.000000 237.365028 27.000000 8.000000 2.000000 6.000000 6.000000 5.000000 1.000000 2.000000 3.000000 4.000000 1.000000 0.000000 7.000000 
35.586825 4.951852 27.000000 7.000000 2.000000 1.000000 4.000000 2.000000 2.000000 3.000000 7.000000 2.000000 12.000000 7.000000 5.000000 
35.365028 11.365028 0.000000 11.000000 3.000000 6.000000 20.000000 6.000000 6.000000 1.000000 3.000000 6.000000 9.000000 4.000000 6.000000 
37.051537 20.467919 0.000000 8.000000 4.000000 5.000000 9.000000 4.000000 5.000000 7.000000 10.000000 6.000000 10.000000 7.000000 6.000000 
36.312495 31.901463 0.000000 11.000000 8.000000 6.000000 0.000000 3.000000 8.000000 8.000000 3.000000 3.000000 6.000000 14.000000 11.000000 
33.882705 39.017908 0.000000 5.000000 5.000000 9.000000 6.000000 4.000000 8.000000 14.000000 7.000000 5.000000 5.000000 7.000000 6.000000 
34.471023 46.264412 0.000000 8.000000 7.000000 7.000000 4.000000 6.000000 0.000000 1.000000 5.000000 7.000000 16.000000 11.000000 9.000000 
36.906981 52.556362 0.000000 12.000000 11.000000 7.000000 10.000000 1.000000 4.000000 8.000000 2.000000 7.000000 5.000000 6.000000 8.000000 
37.644825 62.345102 0.000000 13.000000 14.000000 7.000000 10.000000 3.000000 2.000000 3.000000 2.000000 3.000000 12.000000 9.000000 3.000000 
37.414749 67.928829 0.000000 5.000000 7.000000 6.000000 6.000000 5.000000 6.000000 5.000000 6.000000 4.000000 9.000000 11.000000 11.000000 
36.791183 73.843790 0.000000 13.000000 4.000000 12.000000 8.000000 7.000000 4.000000 6.000000 5.000000 5.000000 3.000000 5.000000 9.000000 
34.592207 82.586825 0.000000 9.000000 6.000000 8.000000 11.000000 8.000000 7.000000 7.000000 5.000000 5.000000 3.000000 5.000000 7.000000 
36.062316 91.548740 0.000000 6.000000 7.000000 3.000000 10.000000 5.000000 5.000000 11.000000 7.000000 4.000000 3.000000 9.000000 11.000000 
36.667680 100.829282 0.000000 8.000000 1.000000 5.000000 10.000000 4.000000 8.000000 8.000000 5.000000 3.000000 3.000000 12.000000 14.000000 
36.023759 107.986799 0.000000 15.000000 6.000000 6.000000 5.000000 5.000000 4.000000 4.000000 10.000000 3.000000 8.000000 5.000000 10.000000 
35.953967 114.039552 0.000000 8.000000 11.000000 8.000000 5.000000 4.000000 4.000000 6.000000 8.000000 8.000000 9.000000 5.000000 5.000000 
35.213346 125.256858 0.000000 14.000000 7.000000 2.000000 4.000000 2.000000 7.000000 5.000000 7.000000 5.000000 9.000000 6.000000 13.000000 
34.536733 132.327896 0.000000 9.000000 7.000000 7.000000 8.000000 5.000000 5.000000 9.000000 6.000000 5.000000 7.000000 6.000000 7.000000 
36.335539 139.246289 0.000000 4.000000 4.000000 7.000000 13.000000 5.000000 1.000000 10.000000 3.000000 4.000000 15.000000 8.000000 7.000000 
33.975033 148.840014 0.000000 4.000000 4.000000 7.000000 22.000000 3.000000 4.000000 0.000000 2.000000 5.000000 10.000000 11.000000 9.000000 
33.228122 154.431434 0.000000 4.000000 2.000000 7.000000 17.000000 7.000000 2.000000 2.000000 2.000000 2.000000 8.000000 12.000000 16.000000 
36.380340 163.702390 0.000000 4.000000 1.000000 4.000000 20.000000 13.000000 1.000000 5.000000 4.000000 5.000000 3.000000 8.000000 13.000000 
36.948166 170.000000 0.000000 11.000000 2.000000 9.000000 9.000000 9.000000 5.000000 1.000000 2.000000 4.000000 6.000000 8.000000 15.000000 
37.040181 178.824527 0.000000 20.000000 2.000000 7.000000 5.000000 4.000000 6.000000 4.000000 3.000000 3.000000 10.000000 3.000000 14.000000 
36.644825 188.311166 0.000000 11.000000 3.000000 10.000000 6.000000 4.000000 9.000000 8.000000 2.000000 3.000000 8.000000 9.000000 8.000000 
37.000000 197.719460 0.000000 19.000000 8.000000 8.000000 7.000000 0.000000 2.000000 0.000000 8.000000 6.000000 7.000000 6.000000 10.000000 
35.699582 201.219984 0.000000 4.000000 6.000000 5.000000 25.000000 3.000000 2.000000 1.000000 3.000000 6.000000 21.000000 3.000000 2.000000 
33.586825 206.223232 0.000000 4.000000 7.000000 5.000000 14.000000 2.000000 3.000000 1.000000 3.000000 6.000000 21.000000 11.000000 4.000000 
34.695578 217.097287 0.000000 8.000000 9.000000 6.000000 13.000000 5.000000 2.000000 5.000000 4.000000 5.000000 12.000000 4.000000 8.000000 
36.703031 229.830586 0.000000 2.000000 5.000000 18.000000 7.000000 5.000000 9.000000 5.000000 4.000000 6.000000 4.000000 5.000000 11.000000 
35.611669 237.365028 27.000000 1.000000 1.000000 6.000000 5.000000 5.000000 6.000000 1.000000 5.000000 1.000000 5.000000 3.000000 6.000000 
44.000000 5.689680 27.000000 13.000000 1.000000 4.000000 2.000000 1.000000 3.000000 5.000000 8.000000 4.000000 2.000000 7.000000 4.000000 
44.324652 12.583138 0.000000 14.000000 4.000000 4.000000 7.000000 5.000000 2.000000 11.000000 6.000000 5.000000 16.000000 2.000000 5.000000 
44.203272 19.078990 0.000000 13.000000 10.000000 2.000000 7.000000 5.000000 4.000000 9.000000 7.000000 2.000000 13.000000 7.000000 2.000000 
46.799461 29.930594 0.000000 10.000000 7.000000 6.000000 8.000000 1.000000 4.000000 15.000000 8.000000 4.000000 5.000000 3.000000 10.000000 
46.413175 35.484704 0.000000 3.000000 6.000000 4.000000 10.000000 6.000000 2.000000 12.000000 6.000000 6.000000 11.000000 6.000000 9.000000 
44.646891 43.946926 0.000000 11.000000 7.000000 7.000000 10.000000 3.000000 5.000000 4.000000 7.000000 5.000000 8.000000 6.000000 8.000000 
45.445994 53.689546 0.000000 11.000000 5.000000 6.000000 9.000000 3.000000 8.000000 2.000000 5.000000 6.000000 7.000000 10.000000 9.000000 
46.277053 60.722947 0.000000 7.000000 5.000000 7.000000 3.000000 5.000000 6.000000 14.000000 8.000000 5.000000 5.000000 8.000000 8.000000 
45.459092 64.774845 0.000000 5.000000 3.000000 4.000000 4.000000 4.000000 9.000000 11.000000 12.000000 6.000000 12.000000 3.000000 8.000000 
42.808974 73.148592 0.000000 11.000000 12.000000 9.000000 3.000000 3.000000 9.000000 8.000000 3.000000 3.000000 5.000000 9.000000 6.000000 
39.586825 82.535906 0.000000 13.000000 9.000000 9.000000 4.000000 5.000000 6.000000 5.000000 1.000000 5.000000 5.000000 8.000000 11.000000 
41.996132 89.564382 0.000000 9.000000 10.000000 4.000000 8.000000 10.000000 3.000000 6.000000 7.000000 1.000000 8.000000 8.000000 7.000000 
42.982667 98.701559 0.000000 6.000000 7.000000 6.000000 8.000000 5.000000 6.000000 9.000000 11.000000 8.000000 4.000000 5.000000 6.000000 
42.490539 107.586825 0.000000 16.000000 12.000000 4.000000 3.000000 6.000000 3.000000 2.000000 4.000000 7.000000 5.000000 5.000000 14.000000 
42.882065 115.325461 0.000000 11.000000 9.000000 2.000000 4.000000 6.000000 3.000000 5.000000 8.000000 9.000000 10.000000 4.000000 10.000000 
44.370796 128.413175 0.000000 13.000000 8.000000 5.000000 1.000000 6.000000 2.000000 6.000000 6.000000 3.000000 15.000000 9.000000 7.000000 
41.181908 132.090665 0.000000 6.000000 6.000000 7.000000 1.000000 2.000000 3.000000 2.000000 9.000000 4.000000 24.000000 7.000000 10.000000 
41.813658 137.060640 0.000000 9.000000 4.000000 6.000000 6.000000 0.000000 2.000000 3.000000 4.000000 8.000000 23.000000 10.000000 6.000000 
43.417794 147.651676 0.000000 5.000000 2.000000 14.000000 22.000000 1.000000 3.000000 2.000000 3.000000 3.000000 12.000000 10.000000 4.000000 
38.460459 154.995746 0.000000 2.000000 2.000000 7.000000 9.000000 2.000000 6.000000 3.000000 5.000000 3.000000 11.000000 11.000000 20.000000 
41.824715 165.374747 0.000000 4.000000 5.000000 8.000000 11.000000 8.000000 4.000000 5.000000 4.000000 4.000000 9.000000 5.000000 14.000000 
42.208104 171.901956 0.000000 11.000000 5.000000 11.000000 0.000000 2.000000 3.000000 8.000000 3.000000 6.000000 10.000000 3.000000 19.000000 
44.145998 180.582879 0.000000 19.000000 2.000000 6.000000 3.000000 10.000000 5.000000 3.000000 4.000000 4.000000 15.000000 4.000000 6.000000 
45.644825 189.174398 0.000000 2.000000 5.000000 6.000000 16.000000 3.000000 3.000000 3.000000 6.000000 11.000000 7.000000 9.000000 10.000000 
46.103311 195.261717 0.000000 9.000000 5.000000 9.000000 12.000000 6.000000 5.000000 4.000000 4.000000 1.000000 10.000000 5.000000 11.000000 
45.563434 203.724801 0.000000 6.000000 12.000000 14.000000 5.000000 4.000000 7.000000 3.000000 0.000000 9.000000 4.000000 7.000000 10.000000 
43.909237 211.174927 0.000000 2.000000 12.000000 6.000000 14.000000 5.000000 5.000000 3.000000 5.000000 6.000000 7.000000 9.000000 7.000000 
43.475731 219.206229 0.000000 3.000000 6.000000 11.000000 11.000000 7.000000 3.000000 8.000000 8.000000 1.000000 5.000000 9.000000 9.000000 
46.055737 230.322666 0.000000 11.000000 1.000000 5.000000 4.000000 1.000000 7.000000 5.000000 4.000000 11.000000 17.000000 7.000000 8.000000 
44.832788 237.795131 27.000000 8.000000 1.000000 3.000000 2.000000 0.000000 3.000000 4.000000 2.000000 4.000000 8.000000 7.000000 3.000000 
52.365028 5.365028 27.000000 14.000000 3.000000 11.000000 2.000000 4.000000 1.000000 7.000000 6.000000 1.000000 1.000000 3.000000 1.000000 
52.586825 11.951852 0.000000 8.000000 11.000000 2.000000 5.000000 3.000000 5.000000 12.000000 5.000000 7.000000 11.000000 5.000000 7.000000 
51.000000 19.689680 0.000000 9.000000 10.000000 7.000000 10.000000 9.000000 4.000000 5.000000 9.000000 6.000000 4.000000 4.000000 4.000000 
52.493842 30.673939 0.000000 10.000000 7.000000 9.000000 8.000000 3.000000 4.000000 14.000000 10.000000 1.000000 5.000000 6.000000 4.000000 
52.153942 37.211086 0.000000 6.000000 6.000000 10.000000 4.000000 1.000000 1.000000 8.000000 12.000000 5.000000 14.000000 7.000000 7.000000 
52.534161 45.365028 0.000000 19.000000 4.000000 12.000000 10.000000 2.000000 5.000000 4.000000 1.000000 0.000000 7.000000 8.000000 9.000000 
56.413175 51.951852 0.000000 17.000000 8.000000 3.000000 3.000000 2.000000 1.000000 2.000000 6.000000 10.000000 7.000000 11.000000 11.000000 
53.397683 59.356850 0.000000 10.000000 3.000000 9.000000 9.000000 2.000000 2.000000 12.000000 2.000000 4.000000 7.000000 12.000000 9.000000 
49.284040 67.014095 0.000000 14.000000 5.000000 4.000000 2.000000 0.000000 2.000000 10.000000 7.000000 3.000000 21.000000 6.000000 7.000000 
49.677587 75.687440 0.000000 8.000000 4.000000 10.000000 7.000000 4.000000 7.000000 15.000000 5.000000 2.000000 2.000000 7.000000 10.000000 
48.963317 85.035212 0.000000 8.000000 5.000000 7.000000 7.000000 3.000000 3.000000 13.000000 15.000000 3.000000 2.000000 9.000000 6.000000 
50.365028 92.365028 0.000000 7.000000 4.000000 3.000000 1.000000 7.000000 13.000000 15.000000 6.000000 3.000000 6.000000 7.000000 9.000000 
53.021333 100.708723 0.000000 9.000000 7.000000 7.000000 6.000000 5.000000 7.000000 7.000000 6.000000 7.000000 5.000000 6.000000 9.000000 
53.899290 107.720849 0.000000 10.000000 6.000000 10.000000 4.000000 6.000000 2.000000 9.000000 8.000000 4.000000 10.000000 6.000000 6.000000 
54.411187 115.687440 0.000000 16.000000 6.000000 3.000000 6.000000 2.000000 4.000000 8.000000 6.000000 4.000000 9.000000 5.000000 12.000000 
51.126318 126.267821 0.000000 10.000000 2.000000 3.000000 3.000000 9.000000 4.000000 6.000000 10.000000 5.000000 14.000000 10.000000 5.000000 
52.465927 133.284922 0.000000 6.000000 5.000000 3.000000 2.000000 5.000000 9.000000 13.000000 5.000000 6.000000 18.000000 7.000000 2.000000 
56.559616 140.232305 0.000000 7.000000 17.000000 6.000000 6.000000 6.000000 5.000000 6.000000 9.000000 4.000000 7.000000 5.000000 3.000000 
54.439243 146.731009 0.000000 5.000000 3.000000 8.000000 19.000000 2.000000 3.000000 4.000000 9.000000 11.000000 2.000000 7.000000 8.000000 
48.082524 152.036049 0.000000 9.000000 4.000000 8.000000 26.000000 4.000000 2.000000 0.000000 5.000000 4.000000 4.000000 7.000000 8.000000 
50.883418 165.060542 0.000000 6.000000 5.000000 8.000000 5.000000 7.000000 11.000000 13.000000 4.000000 7.000000 7.000000 3.000000 5.000000 
53.058590 173.708487 0.000000 14.000000 5.000000 3.000000 8.000000 6.000000 2.000000 8.000000 10.000000 5.000000 5.000000 8.000000 7.000000 
55.322413 181.687440 0.000000 11.000000 6.000000 12.000000 9.000000 5.000000 6.000000 1.000000 6.000000 3.000000 5.000000 6.000000 11.000000 
54.190266 189.352314 0.000000 5.000000 4.000000 8.000000 8.000000 6.000000 7.000000 4.000000 6.000000 7.000000 10.000000 6.000000 10.000000 
52.751079 195.537712 0.000000 8.000000 6.000000 6.000000 8.000000 4.000000 8.000000 6.000000 8.000000 3.000000 9.000000 6.000000 9.000000 
51.322413 206.588135 0.000000 11.000000 16.000000 10.000000 4.000000 4.000000 3.000000 2.000000 2.000000 5.000000 5.000000 9.000000 10.000000 
53.000000 213.689680 0.000000 2.000000 11.000000 15.000000 10.000000 3.000000 8.000000 5.000000 3.000000 5.000000 4.000000 11.000000 4.000000 
52.387775 221.368295 0.000000 3.000000 12.000000 9.000000 10.000000 4.000000 5.000000 2.000000 6.000000 4.000000 2.000000 11.000000 13.000000 
53.860265 229.102855 0.000000 9.000000 2.000000 2.000000 11.000000 7.000000 9.000000 15.000000 7.000000 1.000000 8.000000 7.000000 3.000000 
52.362599 236.639827 27.000000 13.000000 1.000000 3.000000 3.000000 2.000000 8.000000 1.000000 3.000000 0.000000 4.000000 5.000000 2.000000 
60.000000 5.324652 39.000000 5.000000 3.000000 7.000000 0.000000 1.000000 3.000000 10.000000 7.000000 3.000000 0.000000 1.000000 2.000000 
60.000000 13.324652 18.000000 6.000000 2.000000 2.000000 1.000000 2.000000 9.000000 15.000000 6.000000 10.000000 1.000000 4.000000 5.000000 
60.000000 21.324652 18.000000 6.000000 2.000000 3.000000 2.000000 2.000000 3.000000 11.000000 7.000000 9.000000 3.000000 4.000000 11.000000 
60.000000 29.324652 18.000000 7.000000 2.000000 2.000000 5.000000 7.000000 10.000000 3.000000 10.000000 4.000000 5.000000 3.000000 5.000000 
60.000000 37.324652 18.000000 5.000000 4.000000 3.000000 3.000000 12.000000 7.000000 3.000000 7.000000 7.000000 6.000000 2.000000 4.000000 
60.000000 45.324652 18.000000 11.000000 6.000000 0.000000 2.000000 4.000000 4.000000 7.000000 6.000000 7.000000 4.000000 3.000000 9.000000 
61.554834 53.324652 18.000000 16.000000 7.000000 2.000000 1.000000 0.000000 2.000000 3.000000 5.000000 8.000000 4.000000 7.000000 8.000000 
60.000000 61.324652 18.000000 5.000000 5.000000 2.000000 9.000000 5.000000 3.000000 4.000000 6.000000 5.000000 4.000000 10.000000 5.000000 
59.732485 69.324652 18.000000 4.000000 8.000000 6.000000 13.000000 3.000000 4.000000 2.000000 8.000000 3.000000 1.000000 2.000000 9.000000 
59.729215 77.053868 18.000000 8.000000 7.000000 5.000000 15.000000 1.000000 0.000000 0.000000 2.000000 1.000000 10.000000 8.000000 6.000000 
60.000000 85.324652 18.000000 6.000000 5.000000 4.000000 3.000000 3.000000 4.000000 6.000000 4.000000 5.000000 6.000000 5.000000 12.000000 
59.701901 93.622751 18.000000 8.000000 2.000000 5.000000 7.000000 4.000000 3.000000 4.000000 5.000000 5.000000 6.000000 7.000000 7.000000 
60.000000 101.324652 18.000000 7.000000 8.000000 6.000000 7.000000 0.000000 2.000000 1.000000 2.000000 4.000000 8.000000 7.000000 11.000000 
60.000000 109.324652 18.000000 15.000000 7.000000 3.000000 5.000000 5.000000 3.000000 3.000000 4.000000 4.000000 3.000000 4.000000 7.000000 
60.921117 116.882619 18.000000 17.000000 5.000000 2.000000 5.000000 4.000000 2.000000 0.000000 1.000000 5.000000 6.000000 7.000000 9.000000 
59.687834 125.324652 18.000000 3.000000 5.000000 1.000000 2.000000 7.000000 12.000000 4.000000 4.000000 10.000000 5.000000 4.000000 6.000000 
60.000000 133.324652 18.000000 4.000000 9.000000 7.000000 3.000000 3.000000 12.000000 10.000000 5.000000 2.000000 2.000000 4.000000 2.000000 
61.041827 140.835046 18.000000 2.000000 14.000000 0.000000 1.000000 0.000000 3.000000 4.000000 7.000000 7.000000 13.000000 9.000000 3.000000 
61.462807 148.861400 18.000000 1.000000 2.000000 10.000000 22.000000 4.000000 5.000000 4.000000 1.000000 4.000000 1.000000 3.000000 6.000000 
58.957115 156.505877 18.000000 6.000000 4.000000 4.000000 5.000000 6.000000 3.000000 4.000000 1.000000 1.000000 9.000000 11.000000 9.000000 
60.000000 165.324652 18.000000 8.000000 7.000000 2.000000 6.000000 3.000000 1.000000 6.000000 6.000000 6.000000 9.000000 5.000000 4.000000 
60.000000 173.324652 18.000000 4.000000 6.000000 8.000000 7.000000 3.000000 6.000000 0.000000 1.000000 7.000000 7.000000 8.000000 6.000000 
61.015071 181.815734 18.000000 9.000000 6.000000 4.000000 14.000000 7.000000 3.000000 4.000000 3.000000 1.000000 3.000000 5.000000 4.000000 
60.000000 189.324652 18.000000 10.000000 5.000000 5.000000 3.000000 3.000000 2.000000 4.000000 5.000000 3.000000 7.000000 7.000000 9.000000 
60.000000 197.324652 18.000000 4.000000 5.000000 10.000000 9.000000 6.000000 1.000000 1.000000 5.000000 5.000000 5.000000 4.000000 8.000000 
59.666460 205.658192 18.000000 12.000000 8.000000 6.000000 3.000000 3.000000 3.000000 2.000000 2.000000 5.000000 3.000000 7.000000 9.000000 
60.000000 213.317846 18.000000 11.000000 10.000000 10.000000 6.000000 3.000000 4.000000 3.000000 2.000000 1.000000 2.000000 7.000000 4.000000 
60.000000 221.324652 18.000000 10.000000 6.000000 2.000000 6.000000 4.000000 3.000000 3.000000 2.000000 1.000000 8.000000 3.000000 15.000000 
60.463975 228.426551 18.000000 7.000000 2.000000 3.000000 8.000000 1.000000 1.000000 7.000000 4.000000 3.000000 8.000000 10.000000 9.000000 
60.000000 236.000000 35.000000 5.000000 1.000000 5.000000 8.000000 4.000000 3.000000 1.000000 0.000000 0.000000 0.000000 1.000000 0.000000 
