240
5.000000 5.689680 39.000000 0.000000 1.000000 0.000000 12.000000 0.000000 2.000000 0.000000 0.000000 0.000000 5.000000 1.000000 3.000000 
3.119192 14.205460 27.000000 7.000000 1.000000 1.000000 1.000000 1.000000 2.000000 2.000000 4.000000 3.000000 8.000000 2.000000 4.000000 
3.142863 21.324652 27.000000 9.000000 8.000000 4.000000 1.000000 2.000000 0.000000 1.000000 3.000000 2.000000 1.000000 2.000000 3.000000 
4.329282 28.630342 27.000000 2.000000 5.000000 3.000000 5.000000 1.000000 0.000000 2.000000 2.000000 1.000000 9.000000 3.000000 3.000000 
3.583138 37.324652 27.000000 4.000000 1.000000 3.000000 5.000000 3.000000 4.000000 3.000000 3.000000 1.000000 3.000000 2.000000 4.000000 
4.322413 44.664500 27.000000 6.000000 5.000000 3.000000 1.000000 0.000000 1.000000 3.000000 3.000000 2.000000 7.000000 4.000000 1.000000 
3.599604 53.689680 27.000000 6.000000 8.000000 3.000000 3.000000 3.000000 4.000000 3.000000 0.000000 1.000000 1.000000 3.000000 1.000000 
4.829877 61.373787 27.000000 6.000000 1.000000 4.000000 4.000000 0.000000 2.000000 0.000000 0.000000 2.000000 13.000000 2.000000 2.000000 
4.617407 68.707245 27.000000 7.000000 3.000000 5.000000 10.000000 2.000000 0.000000 0.000000 1.000000 1.000000 4.000000 3.000000 0.000000 
4.000000 77.689680 27.000000 8.000000 1.000000 2.000000 5.000000 2.000000 2.000000 2.000000 0.000000 1.000000 4.000000 5.000000 4.000000 
4.322413 85.647065 27.000000 2.000000 1.000000 4.000000 1.000000 4.000000 3.000000 4.000000 2.000000 3.000000 2.000000 5.000000 5.000000 
4.322413 93.002240 27.000000 1.000000 4.000000 3.000000 0.000000 5.000000 3.000000 2.000000 2.000000 1.000000 4.000000 9.000000 2.000000 
3.586825 100.911477 27.000000 6.000000 4.000000 0.000000 4.000000 4.000000 1.000000 1.000000 5.000000 3.000000 2.000000 1.000000 5.000000 
4.000000 109.689680 27.000000 1.000000 6.000000 4.000000 1.000000 5.000000 2.000000 0.000000 2.000000 8.000000 2.000000 3.000000 2.000000 
4.000000 117.689680 27.000000 2.000000 7.000000 3.000000 0.000000 1.000000 3.000000 1.000000 6.000000 3.000000 2.000000 3.000000 5.000000 
4.322413 125.647065 27.000000 8.000000 2.000000 4.000000 5.000000 0.000000 2.000000 2.000000 2.000000 2.000000 4.000000 3.000000 2.000000 
3.586825 132.911477 27.000000 3.000000 4.000000 3.000000 8.000000 4.000000 1.000000 2.000000 3.000000 3.000000 1.000000 1.000000 3.000000 
3.991510 141.002240 27.000000 2.000000 4.000000 4.000000 6.000000 2.000000 2.000000 0.000000 1.000000 3.000000 5.000000 4.000000 3.000000 
5.413614 149.486300 27.000000 4.000000 9.000000 3.000000 3.000000 2.000000 1.000000 0.000000 0.000000 1.000000 8.000000 4.000000 1.000000 
4.000000 157.329828 27.000000 6.000000 4.000000 3.000000 6.000000 4.000000 0.000000 0.000000 3.000000 1.000000 3.000000 2.000000 4.000000 
3.143420 165.294423 27.000000 10.000000 5.000000 1.000000 1.000000 3.000000 0.000000 0.000000 4.000000 2.000000 6.000000 2.000000 2.000000 
3.586825 172.911477 27.000000 3.000000 3.000000 3.000000 7.000000 3.000000 1.000000 0.000000 3.000000 2.000000 6.000000 2.000000 3.000000 
2.606926 182.214800 27.000000 10.000000 4.000000 3.000000 5.000000 1.000000 1.000000 1.000000 2.000000 1.000000 5.000000 2.000000 1.000000 
3.105570 189.392732 27.000000 5.000000 10.000000 5.000000 4.000000 0.000000 0.000000 0.000000 0.000000 2.000000 6.000000 1.000000 3.000000 
3.586825 196.550827 27.000000 6.000000 5.000000 0.000000 6.000000 1.000000 0.000000 2.000000 2.000000 1.000000 9.000000 2.000000 2.000000 
4.299507 205.689680 27.000000 6.000000 1.000000 2.000000 10.000000 2.000000 2.000000 0.000000 3.000000 0.000000 2.000000 2.000000 6.000000 
4.322413 213.647065 27.000000 5.000000 2.000000 3.000000 8.000000 0.000000 2.000000 2.000000 2.000000 1.000000 3.000000 4.000000 4.000000 
4.263802 219.975317 27.000000 5.000000 4.000000 5.000000 8.000000 1.000000 1.000000 1.000000 1.000000 1.000000 1.000000 4.000000 4.000000 
3.506165 228.967488 27.000000 7.000000 4.000000 1.000000 8.000000 0.000000 0.000000 0.000000 0.000000 0.000000 9.000000 3.000000 4.000000 
5.000000 236.365028 36.000000 3.000000 2.000000 2.000000 3.000000 0.000000 0.000000 0.000000 0.000000 1.000000 6.000000 0.000000 3.000000 
11.349457 6.015571 27.000000 0.000000 0.000000 2.000000 9.000000 4.000000 6.000000 6.000000 5.000000 7.000000 10.000000 1.000000 4.000000 
9.197487 14.365028 0.000000 27.000000 10.000000 3.000000 4.000000 2.000000 3.000000 7.000000 3.000000 3.000000 10.000000 3.000000 6.000000 
10.486174 19.461992 0.000000 20.000000 7.000000 5.000000 7.000000 10.000000 3.000000 3.000000 7.000000 5.000000 4.000000 4.000000 6.000000 
11.764332 24.362294 0.000000 8.000000 8.000000 9.000000 4.000000 5.000000 6.000000 9.000000 5.000000 4.000000 10.000000 7.000000 6.000000 
12.023914 34.872824 0.000000 4.000000 3.000000 7.000000 17.000000 5.000000 6.000000 12.000000 4.000000 4.000000 10.000000 3.000000 6.000000 
11.826349 42.324652 0.000000 7.000000 8.000000 6.000000 15.000000 6.000000 4.000000 6.000000 4.000000 4.000000 11.000000 6.000000 4.000000 
12.222958 53.210094 0.000000 9.000000 4.000000 2.000000 0.000000 3.000000 8.000000 8.000000 4.000000 10.000000 12.000000 15.000000 6.000000 
15.904062 58.730910 0.000000 13.000000 6.000000 5.000000 10.000000 6.000000 5.000000 1.000000 4.000000 4.000000 12.000000 5.000000 10.000000 
13.502549 65.423504 0.000000 7.000000 4.000000 11.000000 9.000000 4.000000 4.000000 4.000000 6.000000 8.000000 8.000000 9.000000 7.000000 
12.874432 77.415219 0.000000 7.000000 7.000000 7.000000 5.000000 5.000000 3.000000 5.000000 6.000000 6.000000 14.000000 10.000000 6.000000 
14.353647 83.646353 0.000000 7.000000 5.000000 6.000000 10.000000 8.000000 3.000000 4.000000 8.000000 5.000000 4.000000 11.000000 10.000000 
12.911477 90.906459 0.000000 10.000000 9.000000 3.000000 8.000000 3.000000 3.000000 2.000000 6.000000 5.000000 14.000000 11.000000 7.000000 
11.889265 98.996219 0.000000 13.000000 7.000000 2.000000 8.000000 3.000000 4.000000 4.000000 5.000000 7.000000 15.000000 6.000000 7.000000 
11.586825 109.737828 0.000000 7.000000 9.000000 8.000000 3.000000 5.000000 5.000000 2.000000 8.000000 7.000000 16.000000 5.000000 6.000000 
12.644825 117.000000 0.000000 4.000000 5.000000 6.000000 4.000000 5.000000 6.000000 9.000000 1.000000 6.000000 16.000000 8.000000 11.000000 
12.911477 124.586825 0.000000 11.000000 7.000000 9.000000 5.000000 7.000000 6.000000 5.000000 6.000000 6.000000 10.000000 5.000000 4.000000 
10.622506 130.586825 0.000000 10.000000 11.000000 5.000000 3.000000 5.000000 5.000000 8.000000 5.000000 11.000000 7.000000 5.000000 6.000000 
13.900841 138.736297 0.000000 6.000000 7.000000 4.000000 9.000000 5.000000 3.000000 5.000000 4.000000 9.000000 14.000000 5.000000 10.000000 
16.586825 149.382734 0.000000 5.000000 5.000000 5.000000 23.000000 4.000000 4.000000 9.000000 2.000000 9.000000 6.000000 6.000000 3.000000 
12.020707 155.836365 0.000000 19.000000 2.000000 5.000000 14.000000 6.000000 0.000000 7.000000 2.000000 1.000000 19.000000 3.000000 3.000000 
9.586825 163.221797 0.000000 25.000000 6.000000 3.000000 8.000000 7.000000 7.000000 3.000000 6.000000 6.000000 3.000000 5.000000 2.000000 
10.310963 171.837365 0.000000 10.000000 7.000000 3.000000 6.000000 2.000000 6.000000 8.000000 10.000000 6.000000 9.000000 7.000000 7.000000 
8.498781 180.905959 0.000000 20.000000 13.000000 7.000000 5.000000 4.000000 2.000000 5.000000 4.000000 6.000000 7.000000 6.000000 2.000000 
8.206441 187.043609 0.000000 15.000000 23.000000 4.000000 8.000000 5.000000 3.000000 4.000000 2.000000 7.000000 4.000000 2.000000 4.000000 
11.591195 194.324652 0.000000 15.000000 7.000000 4.000000 2.000000 3.000000 7.000000 10.000000 6.000000 8.000000 9.000000 6.000000 4.000000 
13.644825 206.918211 0.000000 7.000000 6.000000 10.000000 6.000000 6.000000 9.000000 10.000000 5.000000 1.000000 6.000000 4.000000 11.000000 
13.558905 211.287509 0.000000 3.000000 4.000000 3.000000 2.000000 5.000000 9.000000 9.000000 6.000000 7.000000 19.000000 7.000000 7.000000 
12.694023 215.694023 0.000000 3.000000 3.000000 1.000000 2.000000 3.000000 4.000000 8.000000 8.000000 14.000000 18.000000 9.000000 8.000000 
10.830393 227.884988 0.000000 15.000000 7.000000 3.000000 6.000000 2.000000 5.000000 7.000000 7.000000 5.000000 16.000000 3.000000 5.000000 
11.683138 237.048165 27.000000 8.000000 5.000000 1.000000 1.000000 2.000000 2.000000 9.000000 6.000000 1.000000 8.000000 0.000000 2.000000 
20.000000 5.689680 27.000000 3.000000 2.000000 3.000000 0.000000 2.000000 4.000000 5.000000 8.000000 5.000000 6.000000 6.000000 10.000000 
19.729500 13.230125 0.000000 15.000000 9.000000 12.000000 12.000000 6.000000 7.000000 3.000000 4.000000 3.000000 2.000000 4.000000 4.000000 
19.019287 19.170319 0.000000 10.000000 5.000000 8.000000 3.000000 4.000000 0.000000 4.000000 4.000000 5.000000 15.000000 12.000000 11.000000 
18.365028 23.634972 0.000000 3.000000 8.000000 15.000000 7.000000 4.000000 7.000000 2.000000 2.000000 4.000000 16.000000 6.000000 7.000000 
20.389307 35.261244 0.000000 8.000000 4.000000 5.000000 8.000000 5.000000 2.000000 4.000000 4.000000 11.000000 15.000000 9.000000 6.000000 
18.995711 44.474452 0.000000 11.000000 6.000000 1.000000 16.000000 8.000000 3.000000 2.000000 2.000000 3.000000 10.000000 10.000000 9.000000 
19.342777 52.948166 0.000000 19.000000 5.000000 3.000000 8.000000 6.000000 2.000000 8.000000 3.000000 3.000000 8.000000 8.000000 8.000000 
20.642135 57.729841 0.000000 13.000000 6.000000 8.000000 6.000000 4.000000 4.000000 8.000000 5.000000 4.000000 7.000000 8.000000 8.000000 
18.322413 67.013425 0.000000 7.000000 7.000000 10.000000 14.000000 3.000000 2.000000 6.000000 6.000000 9.000000 5.000000 7.000000 5.000000 
22.118126 74.945468 0.000000 7.000000 4.000000 8.000000 15.000000 4.000000 5.000000 9.000000 8.000000 6.000000 4.000000 6.000000 5.000000 
23.365028 80.911590 0.000000 8.000000 5.000000 4.000000 16.000000 2.000000 7.000000 7.000000 8.000000 3.000000 6.000000 6.000000 9.000000 
22.914333 92.675372 0.000000 3.000000 2.000000 10.000000 17.000000 9.000000 6.000000 6.000000 5.000000 3.000000 9.000000 4.000000 7.000000 
21.187242 97.832067 0.000000 10.000000 4.000000 9.000000 5.000000 6.000000 3.000000 5.000000 5.000000 2.000000 7.000000 9.000000 16.000000 
19.929038 108.974319 0.000000 5.000000 4.000000 5.000000 5.000000 3.000000 6.000000 4.000000 6.000000 3.000000 17.000000 13.000000 10.000000 
21.365028 114.634972 0.000000 8.000000 9.000000 3.000000 7.000000 7.000000 6.000000 10.000000 4.000000 3.000000 9.000000 10.000000 5.000000 
20.959625 124.000000 0.000000 6.000000 11.000000 10.000000 7.000000 6.000000 3.000000 1.000000 7.000000 8.000000 11.000000 5.000000 6.000000 
19.737828 131.586825 0.000000 8.000000 10.000000 5.000000 12.000000 9.000000 5.000000 6.000000 8.000000 5.000000 3.000000 4.000000 6.000000 
19.455096 140.548055 0.000000 4.000000 7.000000 3.000000 10.000000 3.000000 7.000000 6.000000 5.000000 11.000000 10.000000 9.000000 6.000000 
20.577857 147.838632 0.000000 3.000000 2.000000 4.000000 35.000000 3.000000 4.000000 3.000000 5.000000 6.000000 6.000000 9.000000 1.000000 
19.942738 151.885711 0.000000 1.000000 2.000000 3.000000 29.000000 7.000000 4.000000 6.000000 3.000000 6.000000 7.000000 10.000000 3.000000 
19.881868 162.924328 0.000000 8.000000 7.000000 7.000000 7.000000 6.000000 6.000000 4.000000 2.000000 6.000000 12.000000 8.000000 8.000000 
21.466608 171.375262 0.000000 1.000000 3.000000 2.000000 11.000000 7.000000 10.000000 7.000000 5.000000 5.000000 23.000000 2.000000 5.000000 
20.586825 175.607231 0.000000 8.000000 7.000000 4.000000 4.000000 3.000000 5.000000 8.000000 6.000000 3.000000 17.000000 6.000000 10.000000 
18.657940 185.253165 0.000000 18.000000 9.000000 13.000000 8.000000 1.000000 5.000000 6.000000 7.000000 2.000000 3.000000 7.000000 2.000000 
20.905551 197.088760 0.000000 7.000000 1.000000 6.000000 16.000000 4.000000 6.000000 3.000000 3.000000 6.000000 14.000000 8.000000 7.000000 
19.802899 208.780239 0.000000 4.000000 2.000000 7.000000 4.000000 3.000000 7.000000 7.000000 6.000000 4.000000 22.000000 10.000000 5.000000 
20.006669 213.612000 0.000000 3.000000 2.000000 8.000000 5.000000 4.000000 9.000000 10.000000 4.000000 5.000000 21.000000 5.000000 5.000000 
22.356287 218.475375 0.000000 10.000000 8.000000 8.000000 7.000000 4.000000 4.000000 6.000000 6.000000 7.000000 7.000000 6.000000 8.000000 
21.583138 228.324652 0.000000 4.000000 5.000000 6.000000 11.000000 6.000000 6.000000 5.000000 2.000000 10.000000 10.000000 5.000000 11.000000 
20.317511 237.365028 27.000000 6.000000 0.000000 2.000000 8.000000 4.000000 1.000000 9.000000 0.000000 5.000000 1.000000 1.000000 8.000000 
28.000000 4.948166 27.000000 10.000000 5.000000 4.000000 6.000000 1.000000 4.000000 9.000000 3.000000 0.000000 3.000000 5.000000 4.000000 
28.956588 11.956588 0.000000 7.000000 6.000000 3.000000 7.000000 9.000000 3.000000 8.000000 10.000000 8.000000 7.000000 5.000000 8.000000 
28.100826 20.996313 0.000000 12.000000 5.000000 7.000000 9.000000 6.000000 5.000000 9.000000 6.000000 4.000000 3.000000 8.000000 7.000000 
27.641947 26.898664 0.000000 8.000000 8.000000 5.000000 3.000000 10.000000 5.000000 6.000000 8.000000 3.000000 10.000000 8.000000 7.000000 
29.842150 35.750146 0.000000 6.000000 3.000000 2.000000 12.000000 6.000000 4.000000 9.000000 10.000000 6.000000 5.000000 10.000000 8.000000 
30.920076 46.176244 0.000000 4.000000 6.000000 5.000000 4.000000 5.000000 6.000000 5.000000 6.000000 4.000000 13.000000 12.000000 11.000000 
29.075111 53.327551 0.000000 8.000000 6.000000 6.000000 12.000000 9.000000 4.000000 5.000000 3.000000 1.000000 6.000000 6.000000 15.000000 
28.583138 60.624301 0.000000 12.000000 8.000000 6.000000 1.000000 4.000000 4.000000 6.000000 6.000000 3.000000 10.000000 11.000000 10.000000 
28.000000 69.948166 0.000000 6.000000 6.000000 4.000000 7.000000 4.000000 5.000000 8.000000 8.000000 12.000000 7.000000 5.000000 9.000000 
28.000000 75.483427 0.000000 11.000000 4.000000 2.000000 9.000000 2.000000 10.000000 9.000000 5.000000 13.000000 4.000000 6.000000 6.000000 
29.247410 83.120177 0.000000 7.000000 7.000000 4.000000 11.000000 4.000000 5.000000 13.000000 6.000000 4.000000 8.000000 4.000000 8.000000 
27.714103 91.771939 0.000000 6.000000 2.000000 6.000000 14.000000 9.000000 6.000000 9.000000 7.000000 3.000000 9.000000 1.000000 9.000000 
25.000000 97.689680 0.000000 9.000000 2.000000 11.000000 9.000000 4.000000 2.000000 3.000000 5.000000 8.000000 7.000000 4.000000 17.000000 
27.768480 107.706793 0.000000 17.000000 4.000000 13.000000 14.000000 3.000000 4.000000 0.000000 4.000000 5.000000 6.000000 6.000000 5.000000 
25.244515 114.586825 0.000000 10.000000 2.000000 4.000000 17.000000 7.000000 5.000000 5.000000 1.000000 4.000000 9.000000 8.000000 9.000000 
28.951852 123.586825 0.000000 6.000000 8.000000 12.000000 9.000000 8.000000 2.000000 6.000000 5.000000 2.000000 5.000000 10.000000 8.000000 
28.719332 132.527568 0.000000 15.000000 13.000000 7.000000 4.000000 2.000000 4.000000 3.000000 4.000000 9.000000 12.000000 1.000000 7.000000 
26.414034 143.230791 0.000000 5.000000 6.000000 4.000000 23.000000 5.000000 8.000000 2.000000 1.000000 4.000000 9.000000 7.000000 7.000000 
29.839307 148.563957 0.000000 5.000000 5.000000 7.000000 16.000000 4.000000 6.000000 2.000000 4.000000 7.000000 10.000000 7.000000 8.000000 
31.872736 156.793225 0.000000 7.000000 3.000000 14.000000 4.000000 3.000000 10.000000 3.000000 5.000000 2.000000 16.000000 9.000000 5.000000 
28.715401 165.198047 0.000000 4.000000 3.000000 9.000000 6.000000 4.000000 7.000000 1.000000 9.000000 9.000000 18.000000 7.000000 4.000000 
25.007959 172.022557 0.000000 1.000000 2.000000 5.000000 9.000000 10.000000 11.000000 10.000000 1.000000 2.000000 23.000000 3.000000 4.000000 
27.871306 179.243164 0.000000 15.000000 7.000000 5.000000 8.000000 11.000000 5.000000 8.000000 2.000000 1.000000 4.000000 4.000000 11.000000 
27.461457 187.232822 0.000000 9.000000 2.000000 7.000000 7.000000 8.000000 4.000000 4.000000 8.000000 5.000000 9.000000 9.000000 9.000000 
25.882078 196.926544 0.000000 5.000000 2.000000 9.000000 18.000000 9.000000 6.000000 4.000000 6.000000 8.000000 7.000000 4.000000 3.000000 
27.120285 204.212227 0.000000 8.000000 7.000000 7.000000 30.000000 10.000000 1.000000 2.000000 3.000000 3.000000 1.000000 4.000000 5.000000 
29.327027 209.909237 0.000000 6.000000 6.000000 3.000000 19.000000 4.000000 3.000000 6.000000 4.000000 5.000000 6.000000 13.000000 6.000000 
28.008702 220.327912 0.000000 8.000000 13.000000 2.000000 7.000000 5.000000 7.000000 7.000000 0.000000 3.000000 9.000000 10.000000 10.000000 
27.507305 227.959625 0.000000 5.000000 7.000000 7.000000 10.000000 12.000000 7.000000 3.000000 1.000000 6.000000 5.000000 6.000000 12.000000 
28.000000 237.365028 27.000000 3.000000 3.000000 4.000000 6.000000 3.000000 2.000000 6.000000 1.000000 7.000000 7.000000 2.000000 1.000000 
36.673216 6.038243 27.000000 13.000000 4.000000 2.000000 4.000000 0.000000 1.000000 5.000000 3.000000 2.000000 11.000000 1.000000 8.000000 
37.353064 13.957385 0.000000 8.000000 4.000000 6.000000 12.000000 10.000000 7.000000 5.000000 5.000000 4.000000 9.000000 6.000000 5.000000 
33.922695 22.578417 0.000000 9.000000 6.000000 7.000000 5.000000 6.000000 6.000000 2.000000 4.000000 2.000000 8.000000 10.000000 16.000000 
34.482087 29.264412 0.000000 9.000000 6.000000 7.000000 3.000000 5.000000 3.000000 5.000000 8.000000 2.000000 9.000000 14.000000 10.000000 
34.282055 36.377224 0.000000 9.000000 8.000000 9.000000 5.000000 1.000000 4.000000 14.000000 13.000000 1.000000 6.000000 5.000000 6.000000 
34.666344 45.741257 0.000000 4.000000 5.000000 2.000000 4.000000 6.000000 12.000000 8.000000 1.000000 7.000000 15.000000 8.000000 9.000000 
33.594338 51.170152 0.000000 3.000000 7.000000 7.000000 5.000000 7.000000 11.000000 6.000000 3.000000 6.000000 9.000000 5.000000 12.000000 
35.584706 60.264533 0.000000 6.000000 8.000000 9.000000 8.000000 6.000000 9.000000 5.000000 0.000000 6.000000 6.000000 10.000000 8.000000 
36.000000 69.324717 0.000000 8.000000 4.000000 7.000000 4.000000 6.000000 12.000000 2.000000 3.000000 6.000000 7.000000 14.000000 8.000000 
35.586825 77.248409 0.000000 9.000000 8.000000 7.000000 12.000000 5.000000 5.000000 7.000000 3.000000 2.000000 11.000000 8.000000 4.000000 
36.324652 85.583138 0.000000 8.000000 10.000000 8.000000 1.000000 2.000000 5.000000 7.000000 4.000000 0.000000 4.000000 18.000000 14.000000 
36.322413 91.510182 0.000000 4.000000 9.000000 10.000000 13.000000 6.000000 6.000000 8.000000 4.000000 2.000000 4.000000 8.000000 7.000000 
35.913050 100.451727 0.000000 9.000000 4.000000 3.000000 10.000000 1.000000 3.000000 8.000000 8.000000 4.000000 10.000000 9.000000 12.000000 
35.045952 106.538388 0.000000 11.000000 6.000000 7.000000 13.000000 5.000000 7.000000 4.000000 4.000000 5.000000 6.000000 7.000000 6.000000 
30.094145 115.164821 0.000000 10.000000 3.000000 5.000000 24.000000 5.000000 3.000000 2.000000 3.000000 6.000000 11.000000 4.000000 5.000000 
34.519841 122.586825 0.000000 9.000000 9.000000 7.000000 1.000000 4.000000 3.000000 4.000000 6.000000 3.000000 19.000000 3.000000 13.000000 
36.662789 131.565174 0.000000 8.000000 10.000000 3.000000 7.000000 6.000000 4.000000 11.000000 9.000000 5.000000 11.000000 3.000000 4.000000 
36.644825 142.922600 0.000000 7.000000 5.000000 2.000000 19.000000 4.000000 5.000000 4.000000 4.000000 2.000000 10.000000 8.000000 11.000000 
37.173173 147.708047 0.000000 5.000000 5.000000 6.000000 10.000000 6.000000 7.000000 1.000000 4.000000 5.000000 11.000000 11.000000 10.000000 
40.800057 155.218131 0.000000 5.000000 2.000000 6.000000 19.000000 10.000000 4.000000 2.000000 2.000000 3.000000 9.000000 10.000000 9.000000 
38.101670 168.436162 0.000000 8.000000 6.000000 9.000000 5.000000 7.000000 7.000000 2.000000 1.000000 3.000000 8.000000 10.000000 15.000000 
33.592160 173.961124 0.000000 3.000000 7.000000 7.000000 3.000000 5.000000 10.000000 6.000000 2.000000 3.000000 21.000000 12.000000 2.000000 
38.542560 180.789898 0.000000 17.000000 6.000000 6.000000 9.000000 6.000000 7.000000 7.000000 6.000000 2.000000 1.000000 8.000000 6.000000 
38.633879 187.776340 0.000000 12.000000 5.000000 4.000000 12.000000 5.000000 6.000000 6.000000 5.000000 3.000000 5.000000 10.000000 8.000000 
37.102972 194.637730 0.000000 8.000000 6.000000 10.000000 15.000000 6.000000 2.000000 7.000000 9.000000 8.000000 6.000000 0.000000 4.000000 
36.260326 201.562025 0.000000 7.000000 3.000000 2.000000 6.000000 4.000000 1.000000 4.000000 9.000000 15.000000 15.000000 8.000000 7.000000 
32.786498 209.476631 0.000000 4.000000 8.000000 5.000000 27.000000 6.000000 3.000000 6.000000 4.000000 5.000000 3.000000 5.000000 5.000000 
34.000000 218.948166 0.000000 16.000000 15.000000 5.000000 4.000000 2.000000 2.000000 4.000000 2.000000 1.000000 13.000000 11.000000 6.000000 
36.546644 228.195803 0.000000 10.000000 4.000000 4.000000 11.000000 8.000000 5.000000 10.000000 4.000000 5.000000 9.000000 5.000000 6.000000 
36.000000 237.365028 27.000000 10.000000 2.000000 3.000000 4.000000 3.000000 4.000000 2.000000 0.000000 1.000000 2.000000 7.000000 7.000000 
44.000000 4.948166 27.000000 12.000000 4.000000 2.000000 2.000000 4.000000 2.000000 4.000000 3.000000 4.000000 4.000000 5.000000 8.000000 
44.738138 13.013276 0.000000 11.000000 6.000000 10.000000 7.000000 6.000000 7.000000 7.000000 8.000000 4.000000 8.000000 1.000000 6.000000 
45.413175 22.951852 0.000000 4.000000 8.000000 5.000000 7.000000 4.000000 5.000000 3.000000 9.000000 9.000000 15.000000 6.000000 6.000000 
44.642922 28.280179 0.000000 7.000000 10.000000 6.000000 5.000000 1.000000 4.000000 5.000000 7.000000 9.000000 10.000000 8.000000 9.000000 
44.294948 36.173650 0.000000 8.000000 9.000000 4.000000 9.000000 4.000000 3.000000 8.000000 9.000000 7.000000 6.000000 5.000000 9.000000 
45.883694 43.210520 0.000000 7.000000 11.000000 4.000000 10.000000 8.000000 4.000000 2.000000 9.000000 7.000000 10.000000 4.000000 5.000000 
45.453828 50.587343 0.000000 11.000000 10.000000 1.000000 5.000000 5.000000 4.000000 5.000000 5.000000 4.000000 11.000000 8.000000 12.000000 
46.000000 59.218110 0.000000 16.000000 10.000000 3.000000 2.000000 2.000000 2.000000 12.000000 8.000000 4.000000 4.000000 8.000000 10.000000 
44.533583 68.116730 0.000000 10.000000 2.000000 6.000000 10.000000 11.000000 6.000000 6.000000 9.000000 7.000000 3.000000 9.000000 2.000000 
43.687440 74.677587 0.000000 11.000000 4.000000 4.000000 5.000000 8.000000 4.000000 10.000000 6.000000 8.000000 7.000000 7.000000 7.000000 
43.965000 81.992044 0.000000 8.000000 5.000000 8.000000 9.000000 3.000000 3.000000 8.000000 8.000000 2.000000 5.000000 11.000000 11.000000 
45.980447 91.982206 0.000000 4.000000 2.000000 6.000000 11.000000 9.000000 5.000000 9.000000 7.000000 2.000000 8.000000 7.000000 11.000000 
43.111671 101.357162 0.000000 7.000000 5.000000 9.000000 8.000000 5.000000 4.000000 16.000000 9.000000 5.000000 5.000000 2.000000 6.000000 
43.919015 107.741129 0.000000 6.000000 7.000000 10.000000 5.000000 6.000000 3.000000 7.000000 6.000000 7.000000 10.000000 7.000000 7.000000 
47.881726 118.059493 0.000000 12.000000 4.000000 7.000000 8.000000 8.000000 3.000000 5.000000 6.000000 5.000000 9.000000 5.000000 9.000000 
47.626483 123.634972 0.000000 14.000000 7.000000 7.000000 13.000000 6.000000 1.000000 3.000000 4.000000 3.000000 13.000000 3.000000 7.000000 
44.257524 132.967979 0.000000 9.000000 9.000000 6.000000 9.000000 3.000000 7.000000 6.000000 3.000000 6.000000 17.000000 5.000000 1.000000 
42.877760 139.122744 0.000000 13.000000 2.000000 3.000000 10.000000 3.000000 1.000000 6.000000 9.000000 4.000000 20.000000 4.000000 6.000000 
42.322413 145.173336 0.000000 3.000000 4.000000 8.000000 8.000000 4.000000 5.000000 1.000000 7.000000 5.000000 17.000000 12.000000 7.000000 
45.867987 154.252823 0.000000 2.000000 8.000000 3.000000 14.000000 12.000000 5.000000 2.000000 1.000000 4.000000 8.000000 8.000000 14.000000 
43.552023 167.586825 0.000000 13.000000 2.000000 5.000000 5.000000 8.000000 4.000000 4.000000 2.000000 3.000000 1.000000 9.000000 25.000000 
42.991741 172.573070 0.000000 15.000000 1.000000 7.000000 9.000000 7.000000 4.000000 1.000000 2.000000 3.000000 3.000000 8.000000 21.000000 
42.969838 180.012173 0.000000 22.000000 6.000000 9.000000 4.000000 3.000000 2.000000 5.000000 6.000000 2.000000 4.000000 6.000000 12.000000 
45.488183 186.495086 0.000000 13.000000 2.000000 11.000000 12.000000 4.000000 3.000000 3.000000 3.000000 2.000000 9.000000 10.000000 9.000000 
47.000000 195.000000 0.000000 11.000000 10.000000 7.000000 11.000000 0.000000 5.000000 3.000000 4.000000 6.000000 7.000000 7.000000 10.000000 
44.606256 200.084156 0.000000 7.000000 17.000000 11.000000 11.000000 5.000000 6.000000 2.000000 4.000000 3.000000 5.000000 7.000000 3.000000 
41.666397 211.023283 0.000000 2.000000 3.000000 5.000000 5.000000 5.000000 8.000000 4.000000 2.000000 7.000000 23.000000 11.000000 6.000000 
45.019177 221.315199 0.000000 1.000000 15.000000 9.000000 8.000000 7.000000 6.000000 4.000000 6.000000 6.000000 10.000000 4.000000 5.000000 
46.586825 231.737828 0.000000 8.000000 4.000000 4.000000 6.000000 5.000000 10.000000 4.000000 0.000000 7.000000 13.000000 11.000000 9.000000 
44.874415 238.239443 27.000000 7.000000 2.000000 1.000000 1.000000 2.000000 5.000000 3.000000 1.000000 2.000000 1.000000 10.000000 10.000000 
52.000000 6.014333 27.000000 3.000000 2.000000 6.000000 16.000000 4.000000 6.000000 1.000000 5.000000 5.000000 5.000000 1.000000 0.000000 
52.000000 14.689680 0.000000 14.000000 10.000000 4.000000 6.000000 7.000000 5.000000 4.000000 4.000000 6.000000 8.000000 6.000000 7.000000 
51.586825 22.322589 0.000000 16.000000 12.000000 4.000000 4.000000 4.000000 3.000000 5.000000 5.000000 10.000000 10.000000 3.000000 5.000000 
49.920435 26.951852 0.000000 9.000000 4.000000 5.000000 9.000000 7.000000 10.000000 13.000000 5.000000 4.000000 3.000000 3.000000 9.000000 
49.289508 35.689680 0.000000 9.000000 7.000000 4.000000 7.000000 3.000000 3.000000 9.000000 8.000000 2.000000 6.000000 6.000000 17.000000 
53.542671 44.951852 0.000000 9.000000 10.000000 8.000000 8.000000 7.000000 7.000000 4.000000 6.000000 2.000000 7.000000 3.000000 10.000000 
53.471139 50.948166 0.000000 10.000000 9.000000 10.000000 10.000000 7.000000 6.000000 3.000000 4.000000 0.000000 4.000000 7.000000 11.000000 
53.016015 60.923514 0.000000 18.000000 6.000000 6.000000 1.000000 0.000000 3.000000 4.000000 5.000000 7.000000 14.000000 4.000000 13.000000 
54.413175 71.951852 0.000000 4.000000 7.000000 9.000000 6.000000 5.000000 4.000000 14.000000 4.000000 8.000000 6.000000 7.000000 7.000000 
52.410262 75.415364 0.000000 7.000000 5.000000 8.000000 6.000000 5.000000 6.000000 16.000000 6.000000 5.000000 4.000000 4.000000 9.000000 
49.791240 80.942657 0.000000 8.000000 8.000000 11.000000 5.000000 3.000000 3.000000 12.000000 11.000000 4.000000 4.000000 7.000000 5.000000 
54.275109 94.561508 0.000000 11.000000 6.000000 9.000000 5.000000 4.000000 9.000000 8.000000 3.000000 7.000000 3.000000 5.000000 11.000000 
49.537801 100.522474 0.000000 8.000000 6.000000 3.000000 4.000000 5.000000 9.000000 16.000000 9.000000 4.000000 5.000000 6.000000 6.000000 
50.000000 106.689680 0.000000 6.000000 9.000000 5.000000 6.000000 6.000000 6.000000 13.000000 9.000000 7.000000 2.000000 7.000000 5.000000 
53.248447 117.131281 0.000000 14.000000 3.000000 10.000000 4.000000 4.000000 6.000000 10.000000 7.000000 4.000000 5.000000 3.000000 11.000000 
53.220639 123.964512 0.000000 13.000000 3.000000 1.000000 6.000000 8.000000 4.000000 6.000000 11.000000 6.000000 12.000000 3.000000 8.000000 
52.124182 133.489210 0.000000 12.000000 4.000000 2.000000 2.000000 3.000000 2.000000 5.000000 4.000000 6.000000 24.000000 10.000000 7.000000 
50.322413 138.957423 0.000000 7.000000 4.000000 8.000000 6.000000 2.000000 1.000000 6.000000 5.000000 5.000000 23.000000 7.000000 7.000000 
53.948235 149.203908 0.000000 3.000000 1.000000 13.000000 23.000000 5.000000 2.000000 4.000000 3.000000 6.000000 6.000000 9.000000 6.000000 
53.586825 153.951852 0.000000 7.000000 4.000000 9.000000 7.000000 4.000000 2.000000 8.000000 1.000000 5.000000 8.000000 14.000000 12.000000 
50.892310 163.352665 0.000000 5.000000 5.000000 9.000000 7.000000 5.000000 5.000000 7.000000 3.000000 5.000000 9.000000 8.000000 13.000000 
50.310484 170.365028 0.000000 8.000000 5.000000 14.000000 1.000000 3.000000 4.000000 4.000000 4.000000 5.000000 7.000000 8.000000 18.000000 
50.747973 179.581436 0.000000 17.000000 3.000000 10.000000 6.000000 4.000000 5.000000 8.000000 4.000000 3.000000 6.000000 7.000000 8.000000 
53.677587 186.687440 0.000000 11.000000 5.000000 8.000000 10.000000 5.000000 7.000000 4.000000 4.000000 4.000000 7.000000 7.000000 9.000000 
51.549677 194.804123 0.000000 5.000000 11.000000 7.000000 15.000000 4.000000 7.000000 4.000000 2.000000 2.000000 7.000000 6.000000 11.000000 
49.736894 201.952786 0.000000 8.000000 18.000000 7.000000 9.000000 2.000000 5.000000 1.000000 5.000000 5.000000 4.000000 8.000000 9.000000 
51.811154 213.699767 0.000000 5.000000 19.000000 10.000000 9.000000 5.000000 8.000000 4.000000 2.000000 2.000000 4.000000 8.000000 5.000000 
53.677587 219.687440 0.000000 7.000000 5.000000 3.000000 8.000000 2.000000 4.000000 5.000000 10.000000 7.000000 13.000000 10.000000 7.000000 
52.278939 230.420442 0.000000 9.000000 6.000000 4.000000 16.000000 3.000000 13.000000 6.000000 2.000000 5.000000 10.000000 2.000000 5.000000 
52.000000 237.002427 27.000000 6.000000 0.000000 3.000000 6.000000 2.000000 5.000000 5.000000 1.000000 3.000000 8.000000 3.000000 3.000000 
60.000000 5.324652 39.000000 6.000000 2.000000 1.000000 0.000000 4.000000 4.000000 7.000000 5.000000 5.000000 2.000000 1.000000 5.000000 
60.000000 13.687253 18.000000 3.000000 2.000000 4.000000 1.000000 10.000000 9.000000 12.000000 9.000000 5.000000 0.000000 4.000000 4.000000 
60.000000 21.324652 18.000000 3.000000 10.000000 6.000000 1.000000 1.000000 1.000000 10.000000 10.000000 7.000000 5.000000 4.000000 5.000000 
60.000000 29.324652 18.000000 5.000000 3.000000 6.000000 2.000000 4.000000 6.000000 9.000000 10.000000 5.000000 4.000000 5.000000 4.000000 
59.460335 37.324652 18.000000 3.000000 4.000000 7.000000 4.000000 4.000000 6.000000 8.000000 7.000000 7.000000 3.000000 7.000000 3.000000 
60.445521 45.324652 18.000000 7.000000 4.000000 1.000000 2.000000 3.000000 7.000000 14.000000 10.000000 4.000000 0.000000 7.000000 4.000000 
60.000000 53.324652 18.000000 3.000000 5.000000 2.000000 2.000000 4.000000 4.000000 5.000000 5.000000 8.000000 14.000000 9.000000 2.000000 
60.000000 61.324652 18.000000 3.000000 2.000000 8.000000 5.000000 5.000000 6.000000 16.000000 3.000000 3.000000 4.000000 3.000000 5.000000 
60.480916 70.676040 18.000000 1.000000 5.000000 11.000000 16.000000 5.000000 2.000000 3.000000 10.000000 7.000000 0.000000 2.000000 1.000000 
60.000000 77.324652 18.000000 7.000000 3.000000 6.000000 5.000000 6.000000 2.000000 4.000000 3.000000 6.000000 7.000000 4.000000 10.000000 
59.448761 84.500525 18.000000 8.000000 7.000000 7.000000 7.000000 1.000000 6.000000 6.000000 1.000000 0.000000 5.000000 10.000000 5.000000 
60.904694 93.771210 18.000000 11.000000 7.000000 9.000000 5.000000 0.000000 0.000000 3.000000 3.000000 2.000000 9.000000 7.000000 7.000000 
59.728143 101.596509 18.000000 7.000000 6.000000 8.000000 9.000000 2.000000 1.000000 1.000000 0.000000 5.000000 5.000000 7.000000 12.000000 
59.725462 109.050115 18.000000 9.000000 5.000000 2.000000 9.000000 4.000000 1.000000 4.000000 3.000000 4.000000 5.000000 5.000000 12.000000 
60.000000 117.324652 18.000000 13.000000 5.000000 7.000000 7.000000 2.000000 7.000000 2.000000 2.000000 1.000000 7.000000 4.000000 6.000000 
60.000000 125.324652 18.000000 9.000000 4.000000 1.000000 1.000000 2.000000 4.000000 5.000000 6.000000 2.000000 16.000000 4.000000 9.000000 
60.000000 133.719223 18.000000 5.000000 1.000000 3.000000 4.000000 2.000000 9.000000 7.000000 7.000000 9.000000 9.000000 1.000000 6.000000 
59.714585 141.039237 18.000000 4.000000 8.000000 5.000000 4.000000 6.000000 7.000000 11.000000 8.000000 4.000000 2.000000 2.000000 2.000000 
60.000000 149.761978 18.000000 3.000000 2.000000 4.000000 12.000000 5.000000 2.000000 3.000000 12.000000 4.000000 5.000000 6.000000 5.000000 
60.404238 156.920414 18.000000 9.000000 5.000000 5.000000 8.000000 5.000000 7.000000 10.000000 1.000000 1.000000 4.000000 5.000000 3.000000 
60.000000 165.324652 18.000000 7.000000 2.000000 5.000000 4.000000 4.000000 11.000000 6.000000 4.000000 6.000000 2.000000 5.000000 7.000000 
60.000000 173.031686 18.000000 5.000000 7.000000 6.000000 1.000000 2.000000 8.000000 5.000000 3.000000 6.000000 9.000000 8.000000 3.000000 
59.701901 181.324652 18.000000 5.000000 8.000000 6.000000 9.000000 2.000000 5.000000 11.000000 9.000000 3.000000 0.000000 2.000000 3.000000 
60.442034 188.471538 18.000000 9.000000 6.000000 4.000000 7.000000 2.000000 3.000000 6.000000 7.000000 4.000000 4.000000 3.000000 8.000000 
60.000000 197.324652 18.000000 10.000000 7.000000 3.000000 2.000000 3.000000 2.000000 3.000000 5.000000 3.000000 9.000000 4.000000 12.000000 
59.725462 204.779544 18.000000 8.000000 5.000000 9.000000 2.000000 3.000000 6.000000 6.000000 5.000000 0.000000 7.000000 7.000000 5.000000 
59.662833 213.661819 18.000000 9.000000 8.000000 8.000000 3.000000 2.000000 7.000000 3.000000 3.000000 3.000000 8.000000 4.000000 5.000000 
60.442034 220.882619 18.000000 5.000000 4.000000 3.000000 9.000000 1.000000 4.000000 2.000000 3.000000 3.000000 10.000000 10.000000 9.000000 
60.000000 228.890526 18.000000 6.000000 3.000000 3.000000 10.000000 5.000000 7.000000 8.000000 2.000000 3.000000 8.000000 3.000000 5.000000 
60.000000 236.000000 35.000000 2.000000 2.000000 3.000000 9.000000 4.000000 5.000000 3.000000 0.000000 0.000000 0.000000 0.000000 0.000000 
