240
5.000000 5.689680 39.000000 3.000000 2.000000 3.000000 0.000000 0.000000 0.000000 1.000000 0.000000 1.000000 2.000000 6.000000 6.000000 
4.612935 13.002240 27.000000 6.000000 1.000000 5.000000 4.000000 3.000000 4.000000 1.000000 0.000000 2.000000 3.000000 2.000000 5.000000 
3.170656 20.911477 27.000000 8.000000 1.000000 4.000000 2.000000 1.000000 0.000000 0.000000 1.000000 3.000000 9.000000 2.000000 5.000000 
4.615556 29.353922 27.000000 4.000000 0.000000 9.000000 7.000000 2.000000 3.000000 0.000000 1.000000 1.000000 1.000000 4.000000 4.000000 
3.586825 38.138034 27.000000 5.000000 4.000000 5.000000 5.000000 1.000000 0.000000 2.000000 0.000000 1.000000 4.000000 4.000000 5.000000 
3.940676 44.170883 27.000000 5.000000 6.000000 4.000000 5.000000 2.000000 1.000000 2.000000 0.000000 4.000000 1.000000 5.000000 1.000000 
3.153599 52.911477 27.000000 2.000000 2.000000 1.000000 4.000000 2.000000 2.000000 2.000000 3.000000 5.000000 4.000000 3.000000 6.000000 
4.322413 61.002240 27.000000 6.000000 5.000000 3.000000 5.000000 2.000000 2.000000 0.000000 1.000000 0.000000 3.000000 5.000000 4.000000 
4.000000 69.689680 27.000000 5.000000 6.000000 2.000000 1.000000 4.000000 4.000000 3.000000 1.000000 3.000000 3.000000 4.000000 0.000000 
4.322413 77.002240 27.000000 1.000000 2.000000 3.000000 10.000000 3.000000 2.000000 3.000000 1.000000 5.000000 2.000000 2.000000 2.000000 
3.055036 84.507945 27.000000 4.000000 5.000000 8.000000 6.000000 0.000000 0.000000 0.000000 0.000000 0.000000 4.000000 4.000000 5.000000 
2.096485 93.139315 27.000000 5.000000 5.000000 1.000000 7.000000 0.000000 1.000000 2.000000 0.000000 1.000000 6.000000 5.000000 3.000000 
1.926112 100.665879 27.000000 8.000000 7.000000 1.000000 6.000000 2.000000 0.000000 0.000000 0.000000 0.000000 8.000000 3.000000 1.000000 
1.945300 107.269953 27.000000 8.000000 0.000000 6.000000 6.000000 3.000000 0.000000 2.000000 1.000000 0.000000 4.000000 2.000000 4.000000 
2.571814 118.537718 27.000000 6.000000 2.000000 2.000000 5.000000 0.000000 0.000000 2.000000 1.000000 1.000000 5.000000 6.000000 6.000000 
4.000000 125.689680 27.000000 3.000000 3.000000 7.000000 3.000000 3.000000 2.000000 1.000000 2.000000 1.000000 3.000000 5.000000 3.000000 
4.000000 132.959625 27.000000 4.000000 7.000000 3.000000 7.000000 0.000000 3.000000 2.000000 0.000000 0.000000 5.000000 0.000000 5.000000 
2.705084 140.029736 27.000000 4.000000 4.000000 2.000000 6.000000 2.000000 1.000000 3.000000 1.000000 2.000000 6.000000 2.000000 3.000000 
4.607137 150.220732 27.000000 3.000000 5.000000 2.000000 11.000000 2.000000 0.000000 1.000000 0.000000 0.000000 4.000000 6.000000 2.000000 
4.000000 158.042769 27.000000 5.000000 2.000000 2.000000 5.000000 1.000000 2.000000 1.000000 1.000000 1.000000 9.000000 5.000000 2.000000 
4.000000 166.057283 27.000000 1.000000 5.000000 7.000000 10.000000 0.000000 2.000000 0.000000 0.000000 1.000000 4.000000 3.000000 3.000000 
4.322413 173.002240 27.000000 4.000000 0.000000 5.000000 5.000000 0.000000 1.000000 0.000000 0.000000 5.000000 10.000000 3.000000 3.000000 
4.322413 181.647065 27.000000 8.000000 5.000000 4.000000 4.000000 2.000000 0.000000 3.000000 0.000000 2.000000 5.000000 2.000000 1.000000 
4.618944 189.350534 27.000000 1.000000 1.000000 6.000000 5.000000 4.000000 1.000000 0.000000 1.000000 1.000000 8.000000 3.000000 5.000000 
4.000000 197.689680 27.000000 4.000000 7.000000 8.000000 8.000000 0.000000 0.000000 0.000000 0.000000 0.000000 4.000000 5.000000 0.000000 
4.000000 206.026846 27.000000 5.000000 4.000000 5.000000 0.000000 0.000000 0.000000 0.000000 0.000000 1.000000 11.000000 6.000000 4.000000 
4.322413 213.647065 27.000000 6.000000 1.000000 6.000000 7.000000 0.000000 0.000000 0.000000 0.000000 1.000000 3.000000 4.000000 8.000000 
3.174795 220.499447 27.000000 6.000000 1.000000 5.000000 9.000000 0.000000 1.000000 1.000000 1.000000 1.000000 5.000000 2.000000 4.000000 
5.015804 229.322413 27.000000 7.000000 1.000000 2.000000 4.000000 0.000000 1.000000 0.000000 2.000000 2.000000 9.000000 4.000000 4.000000 
5.000000 236.365028 36.000000 2.000000 2.000000 2.000000 9.000000 1.000000 0.000000 1.000000 0.000000 0.000000 0.000000 1.000000 2.000000 
12.895641 4.951852 27.000000 16.000000 6.000000 3.000000 1.000000 1.000000 0.000000 4.000000 3.000000 3.000000 8.000000 3.000000 6.000000 
13.883305 10.586825 0.000000 13.000000 11.000000 6.000000 2.000000 1.000000 3.000000 0.000000 7.000000 6.000000 17.000000 7.000000 8.000000 
10.630048 18.316108 0.000000 17.000000 9.000000 7.000000 8.000000 6.000000 2.000000 6.000000 0.000000 3.000000 5.000000 8.000000 10.000000 
14.284696 28.046632 0.000000 11.000000 10.000000 5.000000 5.000000 6.000000 7.000000 4.000000 6.000000 5.000000 10.000000 5.000000 7.000000 
11.504686 36.482855 0.000000 7.000000 11.000000 10.000000 18.000000 5.000000 4.000000 3.000000 4.000000 3.000000 3.000000 4.000000 9.000000 
11.222128 41.242164 0.000000 6.000000 14.000000 14.000000 10.000000 5.000000 1.000000 6.000000 6.000000 3.000000 2.000000 7.000000 7.000000 
10.280259 51.064590 0.000000 10.000000 3.000000 6.000000 13.000000 6.000000 8.000000 6.000000 7.000000 5.000000 7.000000 7.000000 3.000000 
12.266714 59.737828 0.000000 11.000000 5.000000 5.000000 6.000000 8.000000 8.000000 2.000000 6.000000 7.000000 13.000000 8.000000 2.000000 
13.346880 68.932763 0.000000 19.000000 9.000000 2.000000 9.000000 6.000000 9.000000 2.000000 2.000000 5.000000 6.000000 7.000000 5.000000 
10.672114 74.288398 0.000000 10.000000 5.000000 4.000000 11.000000 5.000000 3.000000 7.000000 1.000000 6.000000 10.000000 11.000000 8.000000 
8.078776 81.250795 0.000000 4.000000 4.000000 15.000000 18.000000 4.000000 3.000000 6.000000 1.000000 4.000000 5.000000 9.000000 8.000000 
5.847478 91.554052 18.000000 13.000000 8.000000 2.000000 8.000000 1.000000 3.000000 5.000000 2.000000 4.000000 6.000000 4.000000 7.000000 
5.442281 97.529846 27.000000 13.000000 10.000000 3.000000 8.000000 1.000000 2.000000 1.000000 1.000000 3.000000 9.000000 2.000000 1.000000 
4.590906 104.407774 27.000000 9.000000 5.000000 9.000000 9.000000 5.000000 0.000000 2.000000 1.000000 0.000000 5.000000 2.000000 7.000000 
8.412960 119.154475 0.000000 6.000000 4.000000 9.000000 19.000000 7.000000 3.000000 5.000000 3.000000 1.000000 10.000000 7.000000 7.000000 
11.082526 125.796216 0.000000 6.000000 6.000000 6.000000 11.000000 5.000000 7.000000 8.000000 6.000000 2.000000 13.000000 4.000000 7.000000 
10.467615 129.053174 0.000000 9.000000 15.000000 11.000000 6.000000 6.000000 5.000000 4.000000 3.000000 6.000000 8.000000 5.000000 3.000000 
8.718111 137.719586 0.000000 10.000000 8.000000 7.000000 8.000000 4.000000 5.000000 3.000000 6.000000 6.000000 11.000000 4.000000 9.000000 
14.322413 151.996356 0.000000 4.000000 5.000000 7.000000 3.000000 5.000000 6.000000 11.000000 13.000000 6.000000 7.000000 5.000000 9.000000 
12.614770 158.490804 0.000000 10.000000 9.000000 12.000000 8.000000 3.000000 6.000000 7.000000 5.000000 4.000000 4.000000 5.000000 8.000000 
11.573489 166.820292 0.000000 8.000000 5.000000 3.000000 13.000000 1.000000 5.000000 10.000000 3.000000 7.000000 21.000000 3.000000 2.000000 
13.647065 171.820774 0.000000 17.000000 2.000000 5.000000 15.000000 1.000000 5.000000 8.000000 5.000000 4.000000 10.000000 3.000000 6.000000 
14.058893 182.082264 0.000000 7.000000 2.000000 9.000000 1.000000 10.000000 6.000000 14.000000 10.000000 4.000000 1.000000 4.000000 13.000000 
14.000000 189.128351 0.000000 6.000000 2.000000 5.000000 6.000000 12.000000 6.000000 4.000000 8.000000 8.000000 7.000000 7.000000 10.000000 
11.929464 196.862938 0.000000 2.000000 5.000000 6.000000 6.000000 7.000000 4.000000 9.000000 8.000000 6.000000 5.000000 11.000000 12.000000 
13.544846 206.969131 0.000000 12.000000 12.000000 5.000000 5.000000 7.000000 9.000000 8.000000 5.000000 8.000000 3.000000 4.000000 3.000000 
12.124182 212.943776 0.000000 16.000000 9.000000 5.000000 4.000000 3.000000 7.000000 7.000000 5.000000 6.000000 4.000000 4.000000 11.000000 
10.598292 218.687440 0.000000 10.000000 3.000000 3.000000 11.000000 2.000000 10.000000 11.000000 2.000000 5.000000 6.000000 7.000000 11.000000 
12.508901 229.737828 0.000000 8.000000 7.000000 4.000000 14.000000 4.000000 6.000000 7.000000 9.000000 4.000000 5.000000 6.000000 7.000000 
12.377640 237.365028 27.000000 9.000000 3.000000 2.000000 4.000000 3.000000 0.000000 3.000000 3.000000 3.000000 3.000000 5.000000 7.000000 
20.807690 5.365028 27.000000 6.000000 8.000000 6.000000 6.000000 5.000000 3.000000 1.000000 4.000000 1.000000 7.000000 4.000000 3.000000 
22.324652 11.119481 0.000000 12.000000 7.000000 12.000000 3.000000 4.000000 7.000000 1.000000 6.000000 6.000000 12.000000 7.000000 4.000000 
20.703817 17.227594 0.000000 7.000000 8.000000 14.000000 5.000000 5.000000 5.000000 5.000000 7.000000 9.000000 6.000000 6.000000 4.000000 
22.687440 26.322413 0.000000 7.000000 6.000000 2.000000 8.000000 4.000000 6.000000 7.000000 7.000000 6.000000 16.000000 8.000000 4.000000 
20.851794 37.083303 0.000000 10.000000 7.000000 4.000000 7.000000 8.000000 4.000000 6.000000 4.000000 4.000000 6.000000 9.000000 12.000000 
20.281954 46.012639 0.000000 12.000000 5.000000 6.000000 6.000000 7.000000 8.000000 8.000000 8.000000 6.000000 1.000000 6.000000 8.000000 
18.677587 54.973476 0.000000 10.000000 9.000000 11.000000 17.000000 2.000000 7.000000 4.000000 2.000000 1.000000 5.000000 6.000000 7.000000 
20.441198 62.004520 0.000000 3.000000 8.000000 5.000000 2.000000 2.000000 6.000000 8.000000 4.000000 4.000000 26.000000 8.000000 5.000000 
22.438969 68.645873 0.000000 5.000000 9.000000 10.000000 9.000000 6.000000 7.000000 8.000000 7.000000 7.000000 5.000000 2.000000 6.000000 
16.193082 74.292816 0.000000 17.000000 5.000000 4.000000 12.000000 6.000000 6.000000 5.000000 3.000000 5.000000 2.000000 10.000000 6.000000 
17.484961 81.706064 0.000000 10.000000 7.000000 6.000000 11.000000 5.000000 4.000000 0.000000 4.000000 7.000000 5.000000 12.000000 10.000000 
20.213533 95.561016 0.000000 2.000000 3.000000 9.000000 8.000000 7.000000 9.000000 7.000000 3.000000 4.000000 6.000000 14.000000 9.000000 
18.371162 102.741569 0.000000 9.000000 5.000000 2.000000 4.000000 4.000000 3.000000 6.000000 6.000000 7.000000 12.000000 11.000000 12.000000 
16.487769 108.528144 0.000000 5.000000 7.000000 7.000000 17.000000 11.000000 5.000000 5.000000 3.000000 1.000000 7.000000 7.000000 6.000000 
18.701114 117.399848 0.000000 12.000000 8.000000 9.000000 3.000000 2.000000 4.000000 8.000000 2.000000 3.000000 6.000000 10.000000 14.000000 
20.911477 124.117179 0.000000 7.000000 3.000000 10.000000 7.000000 6.000000 3.000000 11.000000 5.000000 7.000000 10.000000 5.000000 7.000000 
17.889973 130.000000 0.000000 9.000000 10.000000 10.000000 5.000000 4.000000 5.000000 6.000000 9.000000 5.000000 5.000000 6.000000 7.000000 
17.603835 139.603835 0.000000 7.000000 5.000000 7.000000 5.000000 4.000000 2.000000 5.000000 7.000000 9.000000 14.000000 7.000000 9.000000 
22.052056 149.171241 0.000000 3.000000 1.000000 8.000000 12.000000 6.000000 8.000000 8.000000 11.000000 4.000000 8.000000 8.000000 4.000000 
21.441191 154.382070 0.000000 4.000000 4.000000 9.000000 10.000000 5.000000 7.000000 4.000000 12.000000 7.000000 1.000000 2.000000 16.000000 
18.975157 167.322413 0.000000 4.000000 2.000000 3.000000 8.000000 6.000000 17.000000 9.000000 2.000000 7.000000 12.000000 8.000000 3.000000 
21.267119 173.058272 0.000000 20.000000 5.000000 6.000000 4.000000 2.000000 12.000000 10.000000 1.000000 5.000000 8.000000 8.000000 0.000000 
20.586825 183.232277 0.000000 5.000000 3.000000 7.000000 10.000000 4.000000 2.000000 7.000000 4.000000 6.000000 16.000000 8.000000 9.000000 
19.586825 190.051516 0.000000 8.000000 7.000000 13.000000 8.000000 6.000000 1.000000 1.000000 4.000000 4.000000 8.000000 11.000000 10.000000 
19.718834 198.006409 0.000000 9.000000 9.000000 9.000000 9.000000 2.000000 1.000000 2.000000 4.000000 4.000000 14.000000 10.000000 8.000000 
23.586825 207.191306 0.000000 6.000000 8.000000 1.000000 4.000000 9.000000 2.000000 7.000000 3.000000 9.000000 17.000000 10.000000 5.000000 
20.922553 212.999893 0.000000 9.000000 10.000000 3.000000 7.000000 3.000000 4.000000 7.000000 3.000000 12.000000 11.000000 8.000000 4.000000 
18.974058 221.707635 0.000000 8.000000 8.000000 5.000000 15.000000 6.000000 5.000000 7.000000 1.000000 3.000000 7.000000 7.000000 9.000000 
17.322413 229.647065 0.000000 8.000000 3.000000 7.000000 27.000000 2.000000 4.000000 7.000000 6.000000 3.000000 6.000000 5.000000 3.000000 
19.262041 237.365028 27.000000 0.000000 3.000000 5.000000 9.000000 3.000000 5.000000 6.000000 2.000000 2.000000 2.000000 2.000000 6.000000 
28.365028 5.365028 27.000000 7.000000 4.000000 4.000000 1.000000 4.000000 1.000000 4.000000 4.000000 2.000000 9.000000 9.000000 5.000000 
29.049349 12.789112 0.000000 10.000000 12.000000 1.000000 2.000000 6.000000 4.000000 12.000000 2.000000 8.000000 9.000000 10.000000 5.000000 
28.882249 20.232570 0.000000 10.000000 5.000000 11.000000 4.000000 3.000000 6.000000 8.000000 7.000000 4.000000 13.000000 9.000000 1.000000 
29.707003 29.570077 0.000000 12.000000 5.000000 6.000000 8.000000 4.000000 11.000000 3.000000 6.000000 5.000000 4.000000 8.000000 9.000000 
27.988280 36.011720 0.000000 4.000000 4.000000 7.000000 15.000000 4.000000 6.000000 11.000000 4.000000 3.000000 6.000000 7.000000 10.000000 
29.000000 43.496549 0.000000 19.000000 7.000000 5.000000 9.000000 3.000000 9.000000 6.000000 3.000000 3.000000 5.000000 7.000000 5.000000 
28.644825 54.980400 0.000000 8.000000 2.000000 4.000000 2.000000 4.000000 3.000000 10.000000 4.000000 17.000000 6.000000 13.000000 8.000000 
29.884202 61.403792 0.000000 16.000000 6.000000 5.000000 10.000000 5.000000 5.000000 10.000000 5.000000 7.000000 3.000000 3.000000 6.000000 
31.000910 65.704818 0.000000 17.000000 10.000000 11.000000 1.000000 3.000000 0.000000 4.000000 3.000000 7.000000 14.000000 5.000000 6.000000 
28.413175 72.951852 0.000000 8.000000 7.000000 14.000000 9.000000 7.000000 2.000000 2.000000 8.000000 5.000000 8.000000 5.000000 6.000000 
29.173618 84.587330 0.000000 4.000000 3.000000 7.000000 8.000000 10.000000 8.000000 4.000000 12.000000 5.000000 1.000000 7.000000 12.000000 
31.544814 95.969297 0.000000 15.000000 4.000000 9.000000 4.000000 4.000000 8.000000 4.000000 4.000000 5.000000 9.000000 7.000000 8.000000 
31.687440 100.270155 0.000000 9.000000 5.000000 3.000000 3.000000 6.000000 5.000000 7.000000 7.000000 3.000000 14.000000 10.000000 9.000000 
30.970775 108.576555 0.000000 10.000000 6.000000 12.000000 1.000000 6.000000 4.000000 5.000000 7.000000 6.000000 10.000000 4.000000 10.000000 
31.855596 119.284813 0.000000 10.000000 0.000000 4.000000 13.000000 2.000000 4.000000 0.000000 7.000000 7.000000 16.000000 7.000000 11.000000 
30.357819 125.459751 0.000000 4.000000 2.000000 5.000000 5.000000 4.000000 4.000000 14.000000 8.000000 5.000000 17.000000 7.000000 6.000000 
26.586825 131.610269 0.000000 9.000000 9.000000 4.000000 6.000000 3.000000 6.000000 14.000000 6.000000 5.000000 7.000000 7.000000 5.000000 
27.785564 140.418387 0.000000 3.000000 5.000000 6.000000 8.000000 6.000000 9.000000 14.000000 11.000000 4.000000 5.000000 3.000000 7.000000 
27.586825 147.774814 0.000000 7.000000 5.000000 4.000000 4.000000 5.000000 4.000000 3.000000 8.000000 8.000000 9.000000 7.000000 17.000000 
28.695389 155.290752 0.000000 7.000000 6.000000 9.000000 9.000000 6.000000 7.000000 4.000000 1.000000 3.000000 3.000000 9.000000 17.000000 
29.587088 163.908716 0.000000 4.000000 5.000000 8.000000 9.000000 6.000000 5.000000 6.000000 5.000000 5.000000 11.000000 9.000000 8.000000 
26.883775 170.392436 0.000000 18.000000 6.000000 9.000000 8.000000 6.000000 5.000000 7.000000 4.000000 3.000000 7.000000 6.000000 2.000000 
26.512683 181.287745 0.000000 7.000000 3.000000 5.000000 5.000000 2.000000 7.000000 13.000000 4.000000 9.000000 19.000000 3.000000 4.000000 
27.862809 188.998905 0.000000 7.000000 6.000000 6.000000 4.000000 6.000000 6.000000 12.000000 6.000000 6.000000 10.000000 8.000000 4.000000 
26.663524 203.671797 0.000000 8.000000 7.000000 3.000000 1.000000 6.000000 1.000000 4.000000 4.000000 4.000000 23.000000 11.000000 9.000000 
28.055286 208.013838 0.000000 2.000000 7.000000 3.000000 1.000000 8.000000 4.000000 8.000000 2.000000 4.000000 24.000000 11.000000 7.000000 
27.811743 209.968175 0.000000 9.000000 12.000000 7.000000 7.000000 8.000000 2.000000 3.000000 4.000000 3.000000 11.000000 6.000000 9.000000 
28.909237 222.735588 0.000000 7.000000 2.000000 3.000000 10.000000 11.000000 10.000000 10.000000 6.000000 5.000000 5.000000 4.000000 8.000000 
29.308798 229.458345 0.000000 9.000000 2.000000 2.000000 6.000000 7.000000 5.000000 11.000000 8.000000 4.000000 12.000000 7.000000 8.000000 
28.000000 237.365028 27.000000 5.000000 0.000000 5.000000 10.000000 5.000000 5.000000 5.000000 4.000000 0.000000 2.000000 3.000000 1.000000 
35.643161 6.046519 27.000000 10.000000 7.000000 7.000000 4.000000 4.000000 2.000000 1.000000 4.000000 3.000000 6.000000 0.000000 6.000000 
36.484898 14.592639 0.000000 12.000000 16.000000 5.000000 5.000000 4.000000 3.000000 13.000000 2.000000 3.000000 9.000000 5.000000 4.000000 
38.644825 19.925904 0.000000 6.000000 5.000000 3.000000 10.000000 4.000000 6.000000 9.000000 5.000000 9.000000 12.000000 8.000000 4.000000 
38.601119 28.731198 0.000000 14.000000 8.000000 7.000000 10.000000 4.000000 4.000000 2.000000 1.000000 3.000000 14.000000 7.000000 7.000000 
38.322413 33.260725 0.000000 11.000000 10.000000 9.000000 7.000000 5.000000 0.000000 9.000000 3.000000 5.000000 13.000000 5.000000 4.000000 
36.913342 43.628420 0.000000 12.000000 14.000000 9.000000 6.000000 0.000000 4.000000 6.000000 4.000000 8.000000 1.000000 8.000000 9.000000 
37.633934 54.647065 0.000000 19.000000 4.000000 9.000000 6.000000 4.000000 5.000000 6.000000 5.000000 3.000000 7.000000 7.000000 6.000000 
37.034174 62.060102 0.000000 19.000000 5.000000 6.000000 8.000000 4.000000 4.000000 6.000000 9.000000 4.000000 1.000000 9.000000 6.000000 
38.646549 69.002240 0.000000 13.000000 5.000000 7.000000 4.000000 2.000000 1.000000 9.000000 11.000000 10.000000 7.000000 5.000000 7.000000 
35.610966 76.789400 0.000000 3.000000 1.000000 6.000000 10.000000 12.000000 8.000000 9.000000 5.000000 4.000000 8.000000 11.000000 4.000000 
34.911477 86.586825 0.000000 1.000000 2.000000 7.000000 17.000000 7.000000 5.000000 10.000000 5.000000 4.000000 7.000000 9.000000 7.000000 
36.016073 94.205932 0.000000 16.000000 5.000000 8.000000 8.000000 3.000000 6.000000 4.000000 3.000000 5.000000 12.000000 3.000000 8.000000 
38.153401 98.507663 0.000000 4.000000 10.000000 8.000000 4.000000 2.000000 5.000000 9.000000 5.000000 7.000000 11.000000 3.000000 13.000000 
36.254491 110.428923 0.000000 10.000000 2.000000 4.000000 7.000000 5.000000 7.000000 7.000000 6.000000 7.000000 6.000000 8.000000 12.000000 
36.675603 120.326934 0.000000 5.000000 0.000000 2.000000 11.000000 3.000000 6.000000 7.000000 5.000000 6.000000 16.000000 8.000000 12.000000 
36.485229 126.689193 0.000000 14.000000 5.000000 5.000000 9.000000 3.000000 6.000000 6.000000 11.000000 6.000000 5.000000 4.000000 7.000000 
37.953683 135.303886 0.000000 12.000000 9.000000 6.000000 5.000000 3.000000 3.000000 4.000000 7.000000 9.000000 8.000000 6.000000 9.000000 
38.665500 143.984680 0.000000 4.000000 12.000000 9.000000 20.000000 3.000000 6.000000 4.000000 4.000000 1.000000 10.000000 3.000000 5.000000 
35.501264 146.781061 0.000000 5.000000 6.000000 8.000000 7.000000 5.000000 6.000000 5.000000 9.000000 3.000000 10.000000 6.000000 11.000000 
34.498679 155.988784 0.000000 12.000000 3.000000 5.000000 1.000000 2.000000 4.000000 2.000000 5.000000 5.000000 13.000000 12.000000 17.000000 
33.083332 164.007517 0.000000 7.000000 4.000000 9.000000 20.000000 3.000000 3.000000 3.000000 3.000000 3.000000 5.000000 7.000000 14.000000 
31.741065 175.734778 0.000000 8.000000 4.000000 8.000000 9.000000 0.000000 9.000000 7.000000 1.000000 5.000000 23.000000 3.000000 4.000000 
34.262527 184.905551 0.000000 7.000000 10.000000 8.000000 12.000000 1.000000 0.000000 2.000000 2.000000 6.000000 22.000000 5.000000 6.000000 
36.621666 189.146223 0.000000 7.000000 11.000000 5.000000 13.000000 5.000000 5.000000 1.000000 2.000000 1.000000 17.000000 6.000000 8.000000 
37.453213 201.547832 0.000000 3.000000 4.000000 6.000000 18.000000 9.000000 6.000000 5.000000 6.000000 6.000000 3.000000 11.000000 4.000000 
38.369220 206.657516 0.000000 6.000000 4.000000 1.000000 4.000000 7.000000 9.000000 5.000000 6.000000 5.000000 13.000000 15.000000 6.000000 
39.450035 211.450035 0.000000 5.000000 3.000000 3.000000 3.000000 1.000000 4.000000 6.000000 11.000000 9.000000 15.000000 12.000000 9.000000 
37.201305 220.126121 0.000000 8.000000 3.000000 6.000000 4.000000 6.000000 2.000000 6.000000 4.000000 4.000000 9.000000 12.000000 17.000000 
37.000000 227.689680 0.000000 5.000000 5.000000 8.000000 13.000000 7.000000 1.000000 3.000000 1.000000 6.000000 9.000000 11.000000 12.000000 
36.000000 237.365028 27.000000 7.000000 5.000000 5.000000 2.000000 5.000000 3.000000 3.000000 7.000000 2.000000 3.000000 3.000000 0.000000 
44.666935 6.031962 27.000000 6.000000 5.000000 4.000000 0.000000 2.000000 2.000000 3.000000 7.000000 6.000000 6.000000 3.000000 10.000000 
45.811178 12.818927 0.000000 18.000000 11.000000 2.000000 2.000000 4.000000 1.000000 4.000000 4.000000 4.000000 13.000000 8.000000 10.000000 
44.487004 18.000000 0.000000 10.000000 7.000000 6.000000 6.000000 1.000000 3.000000 5.000000 5.000000 5.000000 16.000000 8.000000 9.000000 
45.413175 26.992667 0.000000 11.000000 9.000000 5.000000 7.000000 7.000000 5.000000 9.000000 4.000000 3.000000 9.000000 5.000000 7.000000 
46.026726 35.262925 0.000000 8.000000 12.000000 6.000000 4.000000 6.000000 6.000000 7.000000 4.000000 6.000000 11.000000 7.000000 4.000000 
45.995527 45.000000 0.000000 16.000000 6.000000 7.000000 9.000000 3.000000 5.000000 3.000000 7.000000 6.000000 5.000000 7.000000 7.000000 
46.984839 53.660187 0.000000 5.000000 8.000000 6.000000 8.000000 8.000000 14.000000 8.000000 8.000000 5.000000 2.000000 4.000000 5.000000 
46.970170 60.909237 0.000000 6.000000 4.000000 6.000000 13.000000 8.000000 5.000000 10.000000 8.000000 3.000000 4.000000 7.000000 7.000000 
45.909237 66.264412 0.000000 9.000000 4.000000 7.000000 4.000000 5.000000 3.000000 14.000000 7.000000 4.000000 8.000000 4.000000 12.000000 
44.024431 74.677587 0.000000 4.000000 4.000000 4.000000 9.000000 3.000000 8.000000 15.000000 12.000000 5.000000 11.000000 2.000000 4.000000 
44.734687 85.064891 0.000000 2.000000 6.000000 8.000000 3.000000 0.000000 4.000000 6.000000 16.000000 12.000000 9.000000 9.000000 6.000000 
43.000000 94.948166 0.000000 14.000000 10.000000 8.000000 3.000000 5.000000 5.000000 3.000000 5.000000 7.000000 9.000000 6.000000 6.000000 
43.483329 100.652118 0.000000 5.000000 6.000000 9.000000 8.000000 4.000000 3.000000 7.000000 8.000000 9.000000 11.000000 7.000000 4.000000 
44.039773 109.642868 0.000000 12.000000 6.000000 7.000000 15.000000 6.000000 4.000000 8.000000 6.000000 1.000000 4.000000 3.000000 9.000000 
45.037462 118.256517 0.000000 7.000000 1.000000 2.000000 6.000000 9.000000 6.000000 11.000000 5.000000 3.000000 14.000000 11.000000 6.000000 
43.271964 125.665035 0.000000 11.000000 5.000000 13.000000 9.000000 4.000000 6.000000 8.000000 5.000000 0.000000 2.000000 9.000000 9.000000 
42.831471 134.621844 0.000000 2.000000 0.000000 6.000000 15.000000 9.000000 1.000000 16.000000 7.000000 8.000000 10.000000 5.000000 2.000000 
41.856487 141.439625 0.000000 6.000000 6.000000 5.000000 19.000000 7.000000 4.000000 6.000000 2.000000 6.000000 12.000000 3.000000 5.000000 
39.354079 144.118048 0.000000 4.000000 6.000000 6.000000 29.000000 3.000000 3.000000 5.000000 2.000000 4.000000 7.000000 2.000000 10.000000 
44.647821 155.729105 0.000000 10.000000 5.000000 9.000000 7.000000 10.000000 10.000000 4.000000 3.000000 4.000000 4.000000 3.000000 12.000000 
45.995621 167.390717 0.000000 25.000000 6.000000 8.000000 2.000000 2.000000 2.000000 0.000000 2.000000 5.000000 13.000000 7.000000 9.000000 
45.087341 174.496724 0.000000 21.000000 9.000000 5.000000 7.000000 3.000000 1.000000 9.000000 6.000000 5.000000 3.000000 5.000000 7.000000 
47.809898 180.684041 0.000000 8.000000 12.000000 6.000000 4.000000 0.000000 2.000000 9.000000 7.000000 9.000000 14.000000 6.000000 4.000000 
48.647065 186.623036 0.000000 6.000000 11.000000 15.000000 8.000000 2.000000 1.000000 6.000000 10.000000 12.000000 6.000000 2.000000 2.000000 
44.939038 198.251170 0.000000 8.000000 3.000000 10.000000 6.000000 3.000000 5.000000 8.000000 4.000000 7.000000 18.000000 3.000000 6.000000 
43.707641 204.516263 0.000000 6.000000 2.000000 12.000000 9.000000 2.000000 0.000000 2.000000 6.000000 4.000000 12.000000 18.000000 8.000000 
47.509933 210.875696 0.000000 3.000000 8.000000 4.000000 4.000000 6.000000 7.000000 15.000000 5.000000 5.000000 8.000000 9.000000 7.000000 
48.000000 218.689680 0.000000 10.000000 3.000000 5.000000 14.000000 6.000000 6.000000 9.000000 2.000000 2.000000 6.000000 2.000000 16.000000 
45.136893 228.731342 0.000000 9.000000 4.000000 10.000000 4.000000 9.000000 8.000000 13.000000 2.000000 3.000000 2.000000 7.000000 10.000000 
44.000000 237.365028 27.000000 4.000000 1.000000 3.000000 1.000000 4.000000 2.000000 4.000000 4.000000 4.000000 5.000000 5.000000 8.000000 
51.616622 5.306302 27.000000 1.000000 6.000000 4.000000 7.000000 3.000000 3.000000 6.000000 5.000000 4.000000 10.000000 3.000000 2.000000 
50.467446 13.204870 0.000000 12.000000 9.000000 5.000000 6.000000 5.000000 2.000000 10.000000 8.000000 10.000000 3.000000 4.000000 7.000000 
48.659161 21.348842 0.000000 6.000000 10.000000 13.000000 4.000000 5.000000 4.000000 8.000000 7.000000 4.000000 10.000000 4.000000 6.000000 
51.625071 29.687440 0.000000 8.000000 10.000000 8.000000 3.000000 3.000000 2.000000 9.000000 7.000000 8.000000 8.000000 5.000000 10.000000 
53.413175 36.951852 0.000000 14.000000 9.000000 3.000000 3.000000 7.000000 5.000000 10.000000 6.000000 6.000000 7.000000 8.000000 3.000000 
53.638696 43.638696 0.000000 10.000000 4.000000 6.000000 14.000000 5.000000 5.000000 7.000000 6.000000 5.000000 7.000000 8.000000 4.000000 
54.675157 53.687440 0.000000 12.000000 8.000000 4.000000 8.000000 5.000000 10.000000 4.000000 4.000000 3.000000 12.000000 4.000000 7.000000 
54.413175 60.951852 0.000000 11.000000 6.000000 8.000000 12.000000 5.000000 6.000000 6.000000 7.000000 6.000000 4.000000 6.000000 4.000000 
54.270559 66.951852 0.000000 13.000000 8.000000 7.000000 4.000000 4.000000 7.000000 10.000000 3.000000 2.000000 13.000000 4.000000 6.000000 
53.000000 74.948166 0.000000 14.000000 4.000000 11.000000 11.000000 0.000000 2.000000 5.000000 7.000000 8.000000 6.000000 3.000000 10.000000 
52.000000 83.689680 0.000000 6.000000 5.000000 10.000000 16.000000 2.000000 4.000000 8.000000 11.000000 5.000000 5.000000 3.000000 6.000000 
52.012297 94.350724 0.000000 8.000000 5.000000 4.000000 12.000000 4.000000 3.000000 7.000000 5.000000 7.000000 7.000000 6.000000 13.000000 
53.322413 101.628977 0.000000 10.000000 7.000000 6.000000 8.000000 4.000000 11.000000 9.000000 5.000000 6.000000 4.000000 5.000000 6.000000 
53.322413 109.687440 0.000000 10.000000 6.000000 7.000000 2.000000 4.000000 3.000000 4.000000 3.000000 10.000000 14.000000 12.000000 6.000000 
51.857168 117.019265 0.000000 7.000000 6.000000 12.000000 6.000000 9.000000 6.000000 11.000000 3.000000 6.000000 7.000000 5.000000 3.000000 
48.030386 123.999035 0.000000 17.000000 5.000000 8.000000 1.000000 0.000000 4.000000 9.000000 6.000000 3.000000 9.000000 8.000000 11.000000 
47.750261 133.423175 0.000000 2.000000 6.000000 5.000000 33.000000 6.000000 1.000000 11.000000 3.000000 2.000000 6.000000 3.000000 3.000000 
46.638857 137.158518 0.000000 6.000000 8.000000 10.000000 22.000000 10.000000 3.000000 6.000000 1.000000 4.000000 5.000000 3.000000 3.000000 
43.677587 145.687440 0.000000 2.000000 4.000000 7.000000 32.000000 5.000000 2.000000 5.000000 2.000000 6.000000 7.000000 3.000000 6.000000 
50.121083 157.856021 0.000000 14.000000 3.000000 9.000000 1.000000 3.000000 5.000000 2.000000 2.000000 5.000000 12.000000 8.000000 17.000000 
54.000000 167.689680 0.000000 26.000000 1.000000 8.000000 2.000000 4.000000 3.000000 2.000000 4.000000 4.000000 4.000000 9.000000 14.000000 
52.818709 174.251204 0.000000 33.000000 5.000000 4.000000 4.000000 5.000000 2.000000 4.000000 1.000000 2.000000 3.000000 7.000000 11.000000 
53.797522 180.365028 0.000000 7.000000 11.000000 7.000000 9.000000 2.000000 6.000000 7.000000 4.000000 6.000000 12.000000 5.000000 5.000000 
54.701220 187.742218 0.000000 9.000000 10.000000 10.000000 4.000000 6.000000 6.000000 4.000000 8.000000 9.000000 11.000000 2.000000 2.000000 
53.000000 197.309318 0.000000 6.000000 6.000000 9.000000 10.000000 6.000000 7.000000 8.000000 2.000000 6.000000 8.000000 8.000000 5.000000 
51.698457 203.249709 0.000000 9.000000 2.000000 2.000000 5.000000 6.000000 10.000000 12.000000 4.000000 3.000000 9.000000 10.000000 9.000000 
52.496189 212.185869 0.000000 6.000000 6.000000 6.000000 10.000000 6.000000 3.000000 13.000000 11.000000 6.000000 5.000000 1.000000 8.000000 
53.801497 220.524462 0.000000 10.000000 4.000000 10.000000 11.000000 5.000000 4.000000 11.000000 4.000000 1.000000 3.000000 3.000000 15.000000 
53.000000 227.689680 0.000000 12.000000 7.000000 4.000000 6.000000 4.000000 3.000000 10.000000 4.000000 6.000000 6.000000 10.000000 9.000000 
52.000000 237.002427 27.000000 3.000000 5.000000 4.000000 7.000000 2.000000 2.000000 9.000000 1.000000 3.000000 3.000000 1.000000 5.000000 
60.000000 5.324652 39.000000 6.000000 1.000000 2.000000 4.000000 1.000000 0.000000 1.000000 3.000000 2.000000 11.000000 7.000000 4.000000 
59.696284 13.020937 18.000000 12.000000 9.000000 5.000000 12.000000 5.000000 1.000000 0.000000 1.000000 0.000000 6.000000 8.000000 4.000000 
59.451886 21.324652 18.000000 11.000000 5.000000 8.000000 8.000000 2.000000 1.000000 5.000000 1.000000 0.000000 4.000000 8.000000 10.000000 
60.000000 29.324652 18.000000 4.000000 7.000000 7.000000 7.000000 1.000000 3.000000 9.000000 4.000000 3.000000 7.000000 6.000000 5.000000 
60.000000 37.324652 18.000000 14.000000 9.000000 3.000000 9.000000 0.000000 3.000000 6.000000 5.000000 4.000000 2.000000 3.000000 5.000000 
60.000000 45.324652 18.000000 4.000000 3.000000 4.000000 6.000000 4.000000 7.000000 3.000000 5.000000 8.000000 6.000000 6.000000 7.000000 
60.491081 53.815734 18.000000 9.000000 5.000000 4.000000 6.000000 7.000000 5.000000 4.000000 6.000000 7.000000 1.000000 6.000000 3.000000 
60.496632 61.324652 18.000000 7.000000 3.000000 3.000000 4.000000 8.000000 10.000000 3.000000 7.000000 9.000000 1.000000 6.000000 2.000000 
60.000000 69.324652 18.000000 3.000000 6.000000 3.000000 1.000000 5.000000 9.000000 14.000000 10.000000 5.000000 3.000000 1.000000 3.000000 
60.000000 77.324652 18.000000 8.000000 5.000000 0.000000 0.000000 2.000000 9.000000 18.000000 7.000000 4.000000 3.000000 4.000000 3.000000 
60.000000 85.324652 18.000000 2.000000 4.000000 3.000000 0.000000 5.000000 9.000000 15.000000 12.000000 1.000000 4.000000 2.000000 6.000000 
60.000000 93.324652 18.000000 1.000000 4.000000 3.000000 6.000000 5.000000 6.000000 13.000000 6.000000 8.000000 1.000000 1.000000 9.000000 
60.000000 101.324652 18.000000 6.000000 6.000000 2.000000 3.000000 4.000000 13.000000 16.000000 4.000000 2.000000 1.000000 4.000000 2.000000 
60.000000 109.317266 18.000000 4.000000 3.000000 3.000000 2.000000 4.000000 8.000000 12.000000 9.000000 6.000000 6.000000 5.000000 1.000000 
60.000000 117.324652 18.000000 2.000000 4.000000 5.000000 4.000000 5.000000 10.000000 13.000000 7.000000 6.000000 5.000000 1.000000 1.000000 
59.507989 125.062686 18.000000 4.000000 4.000000 2.000000 14.000000 7.000000 3.000000 5.000000 4.000000 4.000000 9.000000 2.000000 5.000000 
59.496080 133.596095 18.000000 5.000000 1.000000 3.000000 7.000000 2.000000 1.000000 10.000000 4.000000 3.000000 10.000000 12.000000 5.000000 
59.745441 141.070093 18.000000 2.000000 3.000000 8.000000 7.000000 4.000000 3.000000 3.000000 6.000000 5.000000 8.000000 8.000000 6.000000 
58.588157 148.872445 18.000000 4.000000 4.000000 4.000000 5.000000 10.000000 8.000000 4.000000 2.000000 3.000000 7.000000 12.000000 0.000000 
60.000000 157.324652 18.000000 11.000000 4.000000 9.000000 2.000000 6.000000 6.000000 5.000000 2.000000 4.000000 3.000000 8.000000 3.000000 
60.454386 166.189086 18.000000 14.000000 2.000000 4.000000 1.000000 7.000000 5.000000 1.000000 6.000000 4.000000 5.000000 8.000000 6.000000 
60.000000 173.324652 18.000000 19.000000 5.000000 6.000000 1.000000 3.000000 8.000000 6.000000 3.000000 4.000000 2.000000 5.000000 1.000000 
60.000000 181.324652 18.000000 7.000000 6.000000 8.000000 9.000000 7.000000 7.000000 2.000000 7.000000 4.000000 2.000000 2.000000 2.000000 
60.000000 189.324652 18.000000 5.000000 10.000000 11.000000 3.000000 4.000000 3.000000 0.000000 4.000000 4.000000 10.000000 7.000000 2.000000 
60.000000 197.324652 18.000000 3.000000 6.000000 7.000000 6.000000 8.000000 7.000000 6.000000 2.000000 3.000000 11.000000 1.000000 3.000000 
60.000000 205.324652 18.000000 6.000000 3.000000 3.000000 9.000000 6.000000 9.000000 11.000000 4.000000 2.000000 2.000000 3.000000 5.000000 
60.000000 213.324652 18.000000 3.000000 2.000000 1.000000 0.000000 3.000000 4.000000 13.000000 13.000000 12.000000 4.000000 5.000000 3.000000 
60.000000 221.324652 18.000000 6.000000 3.000000 4.000000 5.000000 5.000000 4.000000 8.000000 2.000000 15.000000 0.000000 4.000000 7.000000 
60.000000 228.890526 18.000000 7.000000 7.000000 2.000000 5.000000 8.000000 3.000000 7.000000 3.000000 5.000000 4.000000 4.000000 8.000000 
60.000000 236.000000 35.000000 7.000000 3.000000 2.000000 3.000000 1.000000 2.000000 0.000000 2.000000 2.000000 2.000000 2.000000 2.000000 
