240
5.000000 5.689680 39.000000 4.000000 3.000000 4.000000 1.000000 0.000000 0.000000 0.000000 2.000000 1.000000 2.000000 4.000000 3.000000 
3.583138 13.324652 27.000000 1.000000 4.000000 7.000000 5.000000 1.000000 1.000000 1.000000 3.000000 1.000000 1.000000 4.000000 7.000000 
4.000000 20.959625 27.000000 5.000000 4.000000 3.000000 7.000000 2.000000 0.000000 1.000000 0.000000 0.000000 7.000000 2.000000 5.000000 
4.825968 30.150621 27.000000 3.000000 3.000000 3.000000 9.000000 2.000000 2.000000 1.000000 1.000000 1.000000 4.000000 1.000000 6.000000 
5.353188 38.179560 27.000000 9.000000 4.000000 2.000000 6.000000 1.000000 5.000000 2.000000 0.000000 0.000000 3.000000 0.000000 4.000000 
4.322413 45.002240 27.000000 3.000000 2.000000 5.000000 2.000000 2.000000 4.000000 6.000000 1.000000 5.000000 1.000000 5.000000 0.000000 
4.322413 53.647065 27.000000 6.000000 1.000000 1.000000 6.000000 2.000000 5.000000 3.000000 2.000000 2.000000 4.000000 2.000000 2.000000 
4.322413 61.647065 27.000000 6.000000 3.000000 3.000000 3.000000 3.000000 3.000000 1.000000 2.000000 2.000000 2.000000 5.000000 3.000000 
3.586825 68.911477 27.000000 6.000000 4.000000 3.000000 2.000000 3.000000 2.000000 2.000000 3.000000 1.000000 3.000000 4.000000 3.000000 
3.586825 76.911477 27.000000 4.000000 1.000000 3.000000 5.000000 0.000000 0.000000 6.000000 1.000000 3.000000 6.000000 3.000000 4.000000 
4.623968 86.233985 27.000000 7.000000 4.000000 4.000000 6.000000 1.000000 0.000000 1.000000 1.000000 0.000000 2.000000 5.000000 5.000000 
4.604840 93.647065 27.000000 8.000000 8.000000 1.000000 2.000000 0.000000 3.000000 2.000000 1.000000 0.000000 9.000000 2.000000 0.000000 
4.592621 100.732032 27.000000 6.000000 7.000000 2.000000 8.000000 0.000000 2.000000 0.000000 1.000000 1.000000 4.000000 5.000000 0.000000 
4.000000 108.959625 27.000000 12.000000 3.000000 1.000000 11.000000 1.000000 0.000000 1.000000 0.000000 1.000000 2.000000 1.000000 3.000000 
3.162245 116.911477 27.000000 6.000000 5.000000 1.000000 7.000000 1.000000 0.000000 0.000000 1.000000 0.000000 10.000000 5.000000 0.000000 
4.357723 126.047403 27.000000 2.000000 2.000000 4.000000 1.000000 2.000000 2.000000 2.000000 0.000000 0.000000 4.000000 6.000000 11.000000 
3.583138 133.324652 27.000000 6.000000 2.000000 5.000000 5.000000 1.000000 4.000000 1.000000 0.000000 0.000000 5.000000 2.000000 5.000000 
4.594693 140.729960 27.000000 5.000000 3.000000 2.000000 6.000000 0.000000 0.000000 2.000000 0.000000 0.000000 7.000000 7.000000 4.000000 
4.596003 149.002240 27.000000 2.000000 1.000000 1.000000 20.000000 1.000000 0.000000 0.000000 1.000000 0.000000 2.000000 4.000000 4.000000 
4.000000 156.959625 27.000000 2.000000 4.000000 2.000000 2.000000 1.000000 2.000000 2.000000 1.000000 2.000000 8.000000 6.000000 4.000000 
4.000000 166.059142 27.000000 4.000000 6.000000 3.000000 4.000000 1.000000 0.000000 1.000000 1.000000 2.000000 6.000000 5.000000 3.000000 
2.665515 172.887614 27.000000 8.000000 3.000000 7.000000 2.000000 4.000000 2.000000 1.000000 2.000000 1.000000 4.000000 2.000000 0.000000 
3.599610 181.689680 27.000000 4.000000 1.000000 6.000000 5.000000 1.000000 1.000000 0.000000 0.000000 2.000000 11.000000 3.000000 2.000000 
4.000000 189.689680 27.000000 1.000000 5.000000 3.000000 3.000000 3.000000 3.000000 4.000000 3.000000 3.000000 0.000000 5.000000 3.000000 
4.322413 197.002240 27.000000 4.000000 2.000000 8.000000 11.000000 3.000000 0.000000 0.000000 0.000000 0.000000 1.000000 3.000000 4.000000 
3.980913 205.988565 27.000000 3.000000 6.000000 2.000000 1.000000 0.000000 0.000000 1.000000 2.000000 1.000000 7.000000 8.000000 5.000000 
4.000000 214.476781 27.000000 7.000000 5.000000 2.000000 9.000000 1.000000 0.000000 0.000000 0.000000 0.000000 3.000000 4.000000 5.000000 
3.586825 220.911477 27.000000 8.000000 3.000000 1.000000 6.000000 1.000000 0.000000 0.000000 0.000000 1.000000 9.000000 3.000000 4.000000 
4.687440 229.322413 27.000000 5.000000 2.000000 1.000000 6.000000 1.000000 0.000000 2.000000 0.000000 4.000000 7.000000 3.000000 5.000000 
5.000000 236.365028 36.000000 0.000000 2.000000 2.000000 6.000000 1.000000 0.000000 3.000000 2.000000 1.000000 0.000000 0.000000 3.000000 
11.634972 5.365028 27.000000 12.000000 1.000000 6.000000 4.000000 2.000000 1.000000 4.000000 3.000000 2.000000 10.000000 3.000000 6.000000 
11.590801 11.583138 0.000000 10.000000 6.000000 11.000000 3.000000 3.000000 5.000000 4.000000 3.000000 3.000000 13.000000 6.000000 14.000000 
13.054188 20.054188 0.000000 15.000000 3.000000 6.000000 14.000000 7.000000 2.000000 8.000000 6.000000 3.000000 5.000000 5.000000 7.000000 
16.373660 33.150460 0.000000 9.000000 5.000000 4.000000 15.000000 3.000000 4.000000 4.000000 8.000000 5.000000 8.000000 7.000000 9.000000 
17.538034 38.346656 0.000000 5.000000 4.000000 6.000000 10.000000 3.000000 3.000000 7.000000 6.000000 6.000000 8.000000 9.000000 14.000000 
15.483149 43.962775 0.000000 7.000000 7.000000 5.000000 14.000000 8.000000 4.000000 6.000000 5.000000 5.000000 6.000000 8.000000 6.000000 
12.777758 55.328006 0.000000 9.000000 13.000000 10.000000 7.000000 3.000000 11.000000 9.000000 4.000000 6.000000 3.000000 2.000000 4.000000 
11.195879 60.069122 0.000000 6.000000 6.000000 4.000000 9.000000 3.000000 3.000000 10.000000 2.000000 5.000000 15.000000 12.000000 6.000000 
10.909237 66.264412 0.000000 14.000000 4.000000 7.000000 20.000000 3.000000 3.000000 3.000000 2.000000 4.000000 12.000000 3.000000 6.000000 
12.184472 76.448884 0.000000 6.000000 3.000000 7.000000 7.000000 5.000000 3.000000 9.000000 3.000000 3.000000 15.000000 12.000000 8.000000 
15.002720 85.843914 0.000000 6.000000 7.000000 3.000000 10.000000 9.000000 3.000000 4.000000 8.000000 12.000000 7.000000 6.000000 6.000000 
14.946003 92.898085 0.000000 9.000000 8.000000 8.000000 10.000000 6.000000 2.000000 8.000000 7.000000 4.000000 5.000000 8.000000 6.000000 
14.322413 98.261199 0.000000 7.000000 9.000000 6.000000 5.000000 1.000000 1.000000 10.000000 9.000000 7.000000 10.000000 11.000000 5.000000 
11.136409 106.699713 0.000000 12.000000 7.000000 5.000000 8.000000 10.000000 8.000000 2.000000 2.000000 7.000000 6.000000 7.000000 7.000000 
10.595230 115.919883 0.000000 9.000000 6.000000 5.000000 3.000000 6.000000 4.000000 6.000000 10.000000 5.000000 14.000000 11.000000 2.000000 
12.218110 126.000000 0.000000 4.000000 4.000000 3.000000 8.000000 8.000000 8.000000 8.000000 4.000000 5.000000 12.000000 8.000000 9.000000 
12.367853 131.941195 0.000000 11.000000 5.000000 5.000000 4.000000 5.000000 6.000000 11.000000 4.000000 5.000000 11.000000 6.000000 8.000000 
14.359044 137.173650 0.000000 10.000000 9.000000 4.000000 3.000000 5.000000 5.000000 14.000000 8.000000 4.000000 8.000000 4.000000 7.000000 
14.322413 146.260725 0.000000 6.000000 4.000000 4.000000 7.000000 5.000000 10.000000 5.000000 7.000000 8.000000 9.000000 9.000000 7.000000 
12.297053 155.965281 0.000000 6.000000 2.000000 12.000000 4.000000 4.000000 8.000000 6.000000 6.000000 7.000000 12.000000 5.000000 9.000000 
11.118095 165.581613 0.000000 24.000000 7.000000 3.000000 9.000000 5.000000 2.000000 12.000000 3.000000 1.000000 6.000000 5.000000 4.000000 
9.114111 171.838201 0.000000 19.000000 3.000000 5.000000 8.000000 7.000000 11.000000 5.000000 3.000000 5.000000 3.000000 7.000000 5.000000 
11.755970 181.551515 0.000000 13.000000 2.000000 5.000000 4.000000 9.000000 8.000000 5.000000 6.000000 8.000000 9.000000 4.000000 8.000000 
11.578011 188.586825 0.000000 7.000000 4.000000 4.000000 6.000000 7.000000 7.000000 6.000000 10.000000 7.000000 5.000000 8.000000 10.000000 
12.717805 194.629775 0.000000 5.000000 7.000000 5.000000 4.000000 8.000000 6.000000 11.000000 6.000000 4.000000 7.000000 8.000000 10.000000 
12.678144 207.662082 0.000000 10.000000 5.000000 3.000000 11.000000 6.000000 7.000000 15.000000 5.000000 4.000000 5.000000 5.000000 5.000000 
10.864591 216.366964 0.000000 7.000000 3.000000 0.000000 11.000000 6.000000 8.000000 15.000000 4.000000 4.000000 11.000000 5.000000 7.000000 
11.647065 220.400299 0.000000 12.000000 3.000000 6.000000 8.000000 7.000000 8.000000 8.000000 2.000000 4.000000 8.000000 7.000000 8.000000 
12.563812 229.650781 0.000000 9.000000 2.000000 4.000000 18.000000 8.000000 5.000000 8.000000 10.000000 4.000000 7.000000 4.000000 2.000000 
12.000000 237.365028 27.000000 9.000000 2.000000 1.000000 4.000000 0.000000 0.000000 2.000000 3.000000 4.000000 3.000000 9.000000 8.000000 
20.796526 5.365028 27.000000 7.000000 5.000000 2.000000 12.000000 8.000000 2.000000 10.000000 2.000000 2.000000 2.000000 1.000000 1.000000 
20.817787 11.387174 0.000000 16.000000 6.000000 7.000000 7.000000 3.000000 3.000000 7.000000 4.000000 6.000000 8.000000 5.000000 9.000000 
20.625832 22.030924 0.000000 12.000000 9.000000 5.000000 6.000000 3.000000 1.000000 4.000000 7.000000 7.000000 13.000000 6.000000 8.000000 
18.784524 30.178841 0.000000 3.000000 7.000000 7.000000 25.000000 5.000000 7.000000 4.000000 4.000000 1.000000 8.000000 6.000000 4.000000 
20.889588 33.692906 0.000000 9.000000 5.000000 5.000000 20.000000 6.000000 5.000000 1.000000 2.000000 2.000000 5.000000 8.000000 13.000000 
20.924503 43.571263 0.000000 9.000000 2.000000 5.000000 8.000000 5.000000 12.000000 8.000000 6.000000 6.000000 6.000000 7.000000 7.000000 
18.234324 56.412289 0.000000 1.000000 11.000000 7.000000 6.000000 6.000000 7.000000 7.000000 4.000000 6.000000 20.000000 5.000000 1.000000 
16.974792 60.829957 0.000000 6.000000 5.000000 7.000000 1.000000 1.000000 1.000000 8.000000 4.000000 9.000000 23.000000 10.000000 6.000000 
21.246768 67.958607 0.000000 7.000000 13.000000 10.000000 6.000000 5.000000 3.000000 8.000000 3.000000 7.000000 10.000000 5.000000 4.000000 
23.315982 75.883053 0.000000 6.000000 5.000000 7.000000 9.000000 3.000000 2.000000 3.000000 3.000000 4.000000 20.000000 8.000000 11.000000 
21.322413 80.002240 0.000000 5.000000 5.000000 3.000000 10.000000 5.000000 2.000000 1.000000 9.000000 8.000000 17.000000 7.000000 9.000000 
21.231919 93.394096 0.000000 8.000000 5.000000 4.000000 2.000000 13.000000 7.000000 5.000000 4.000000 11.000000 4.000000 9.000000 9.000000 
20.279373 102.289225 0.000000 5.000000 2.000000 1.000000 8.000000 5.000000 3.000000 5.000000 11.000000 11.000000 12.000000 6.000000 12.000000 
19.644825 109.449526 0.000000 5.000000 1.000000 2.000000 6.000000 4.000000 5.000000 5.000000 6.000000 8.000000 18.000000 5.000000 16.000000 
20.694384 116.677587 0.000000 10.000000 6.000000 6.000000 12.000000 0.000000 4.000000 13.000000 2.000000 3.000000 7.000000 7.000000 11.000000 
19.421720 125.111400 0.000000 1.000000 5.000000 7.000000 11.000000 3.000000 5.000000 10.000000 4.000000 7.000000 17.000000 8.000000 3.000000 
19.586825 132.221797 0.000000 9.000000 12.000000 8.000000 15.000000 6.000000 1.000000 6.000000 0.000000 3.000000 11.000000 5.000000 5.000000 
20.759982 137.505460 0.000000 7.000000 3.000000 4.000000 8.000000 3.000000 3.000000 8.000000 4.000000 4.000000 14.000000 12.000000 11.000000 
21.034125 147.737828 0.000000 6.000000 4.000000 12.000000 2.000000 2.000000 3.000000 6.000000 8.000000 3.000000 6.000000 14.000000 15.000000 
19.951852 157.413175 0.000000 2.000000 6.000000 7.000000 10.000000 5.000000 8.000000 8.000000 5.000000 6.000000 9.000000 8.000000 7.000000 
22.238535 162.697493 0.000000 9.000000 11.000000 6.000000 9.000000 4.000000 6.000000 8.000000 5.000000 5.000000 7.000000 8.000000 3.000000 
23.818339 175.580492 0.000000 5.000000 5.000000 4.000000 8.000000 0.000000 1.000000 5.000000 4.000000 4.000000 31.000000 7.000000 7.000000 
23.937619 179.572682 0.000000 9.000000 5.000000 2.000000 4.000000 1.000000 2.000000 5.000000 4.000000 4.000000 28.000000 8.000000 9.000000 
19.940178 187.470723 0.000000 6.000000 8.000000 8.000000 11.000000 4.000000 2.000000 2.000000 3.000000 2.000000 15.000000 10.000000 10.000000 
18.728623 194.577689 0.000000 8.000000 10.000000 9.000000 2.000000 4.000000 9.000000 7.000000 5.000000 3.000000 12.000000 5.000000 7.000000 
20.928761 207.200122 0.000000 8.000000 3.000000 9.000000 10.000000 6.000000 4.000000 3.000000 9.000000 8.000000 8.000000 5.000000 8.000000 
20.009132 217.000927 0.000000 6.000000 6.000000 7.000000 6.000000 6.000000 0.000000 5.000000 2.000000 6.000000 21.000000 11.000000 5.000000 
19.338301 221.304878 0.000000 7.000000 5.000000 10.000000 11.000000 6.000000 6.000000 5.000000 2.000000 4.000000 11.000000 8.000000 6.000000 
19.924010 229.960904 0.000000 9.000000 2.000000 7.000000 23.000000 5.000000 3.000000 6.000000 6.000000 3.000000 5.000000 5.000000 7.000000 
19.591182 236.698723 27.000000 5.000000 1.000000 3.000000 11.000000 2.000000 3.000000 5.000000 3.000000 4.000000 1.000000 5.000000 2.000000 
26.615619 4.394993 27.000000 7.000000 6.000000 5.000000 1.000000 2.000000 2.000000 4.000000 5.000000 5.000000 9.000000 2.000000 6.000000 
25.322413 10.909411 0.000000 21.000000 5.000000 10.000000 11.000000 5.000000 6.000000 6.000000 0.000000 2.000000 2.000000 4.000000 9.000000 
28.811820 20.831320 0.000000 8.000000 10.000000 7.000000 5.000000 8.000000 8.000000 8.000000 6.000000 6.000000 7.000000 3.000000 5.000000 
31.322413 29.905551 0.000000 12.000000 9.000000 4.000000 5.000000 4.000000 3.000000 7.000000 5.000000 6.000000 4.000000 9.000000 13.000000 
29.487528 33.862284 0.000000 11.000000 13.000000 12.000000 10.000000 5.000000 5.000000 6.000000 1.000000 1.000000 1.000000 5.000000 11.000000 
29.689239 43.365028 0.000000 8.000000 8.000000 10.000000 0.000000 3.000000 3.000000 5.000000 7.000000 3.000000 12.000000 9.000000 13.000000 
30.786897 52.605507 0.000000 11.000000 10.000000 8.000000 4.000000 3.000000 6.000000 11.000000 3.000000 3.000000 2.000000 10.000000 10.000000 
31.486492 62.150768 0.000000 14.000000 1.000000 5.000000 14.000000 3.000000 6.000000 11.000000 2.000000 6.000000 8.000000 8.000000 3.000000 
30.521958 70.365028 0.000000 6.000000 11.000000 12.000000 5.000000 2.000000 2.000000 3.000000 5.000000 4.000000 7.000000 14.000000 10.000000 
30.413175 75.951852 0.000000 12.000000 10.000000 7.000000 4.000000 6.000000 1.000000 3.000000 7.000000 4.000000 13.000000 9.000000 5.000000 
30.087235 81.959194 0.000000 5.000000 6.000000 6.000000 11.000000 9.000000 5.000000 5.000000 10.000000 5.000000 6.000000 4.000000 9.000000 
27.848180 93.482063 0.000000 13.000000 7.000000 8.000000 5.000000 6.000000 4.000000 1.000000 5.000000 4.000000 8.000000 10.000000 10.000000 
27.737828 99.586825 0.000000 5.000000 1.000000 7.000000 15.000000 6.000000 5.000000 5.000000 4.000000 6.000000 6.000000 8.000000 13.000000 
29.335309 106.184306 0.000000 16.000000 4.000000 11.000000 8.000000 5.000000 4.000000 5.000000 2.000000 3.000000 11.000000 6.000000 6.000000 
28.583138 115.324652 0.000000 10.000000 7.000000 6.000000 8.000000 2.000000 2.000000 8.000000 3.000000 7.000000 10.000000 11.000000 7.000000 
27.586825 124.996313 0.000000 7.000000 11.000000 4.000000 13.000000 4.000000 5.000000 4.000000 10.000000 5.000000 9.000000 6.000000 3.000000 
28.668867 130.232635 0.000000 12.000000 7.000000 6.000000 10.000000 4.000000 1.000000 13.000000 4.000000 3.000000 6.000000 6.000000 9.000000 
31.000000 138.997421 0.000000 7.000000 2.000000 5.000000 18.000000 8.000000 8.000000 13.000000 8.000000 5.000000 2.000000 2.000000 3.000000 
27.531167 148.740143 0.000000 3.000000 4.000000 4.000000 4.000000 4.000000 3.000000 3.000000 11.000000 7.000000 10.000000 9.000000 19.000000 
26.792489 153.824445 0.000000 5.000000 2.000000 5.000000 26.000000 4.000000 6.000000 6.000000 3.000000 2.000000 4.000000 9.000000 9.000000 
26.991850 157.867363 0.000000 4.000000 4.000000 4.000000 19.000000 7.000000 6.000000 6.000000 4.000000 4.000000 4.000000 10.000000 9.000000 
28.304917 176.380203 0.000000 5.000000 4.000000 9.000000 7.000000 1.000000 4.000000 7.000000 5.000000 8.000000 26.000000 3.000000 2.000000 
30.211943 182.003642 0.000000 7.000000 6.000000 6.000000 5.000000 7.000000 2.000000 5.000000 10.000000 5.000000 17.000000 7.000000 4.000000 
27.738022 187.440119 0.000000 2.000000 5.000000 3.000000 2.000000 6.000000 10.000000 9.000000 4.000000 11.000000 14.000000 7.000000 8.000000 
25.852207 196.217234 0.000000 5.000000 4.000000 7.000000 1.000000 5.000000 6.000000 4.000000 6.000000 5.000000 20.000000 8.000000 10.000000 
28.186137 203.531096 0.000000 5.000000 1.000000 5.000000 3.000000 5.000000 10.000000 6.000000 7.000000 7.000000 19.000000 9.000000 4.000000 
28.511880 215.652469 0.000000 13.000000 4.000000 6.000000 8.000000 11.000000 7.000000 5.000000 7.000000 9.000000 3.000000 4.000000 4.000000 
27.291297 221.939241 0.000000 10.000000 8.000000 7.000000 11.000000 9.000000 10.000000 3.000000 6.000000 9.000000 1.000000 5.000000 2.000000 
30.586825 230.423179 0.000000 15.000000 3.000000 2.000000 15.000000 3.000000 4.000000 5.000000 3.000000 5.000000 7.000000 7.000000 12.000000 
28.979422 235.861718 27.000000 0.000000 0.000000 1.000000 24.000000 8.000000 4.000000 3.000000 2.000000 1.000000 0.000000 2.000000 0.000000 
36.322413 6.022725 27.000000 4.000000 11.000000 3.000000 4.000000 4.000000 3.000000 5.000000 2.000000 4.000000 6.000000 5.000000 3.000000 
37.493115 13.661181 0.000000 10.000000 8.000000 11.000000 9.000000 6.000000 5.000000 5.000000 1.000000 6.000000 4.000000 4.000000 12.000000 
38.541042 17.998702 0.000000 8.000000 5.000000 13.000000 10.000000 4.000000 3.000000 6.000000 5.000000 7.000000 9.000000 9.000000 2.000000 
38.489388 27.706835 0.000000 5.000000 12.000000 6.000000 11.000000 8.000000 4.000000 2.000000 4.000000 7.000000 5.000000 8.000000 9.000000 
37.640747 33.647065 0.000000 7.000000 12.000000 10.000000 13.000000 3.000000 5.000000 4.000000 4.000000 6.000000 6.000000 3.000000 8.000000 
36.380317 44.143831 0.000000 10.000000 9.000000 7.000000 6.000000 4.000000 1.000000 12.000000 5.000000 5.000000 9.000000 6.000000 7.000000 
37.413189 48.731481 0.000000 9.000000 5.000000 5.000000 9.000000 4.000000 7.000000 7.000000 8.000000 6.000000 10.000000 7.000000 4.000000 
38.449557 58.395112 0.000000 8.000000 3.000000 6.000000 17.000000 1.000000 7.000000 12.000000 5.000000 3.000000 6.000000 7.000000 6.000000 
36.604209 69.132663 0.000000 15.000000 9.000000 11.000000 6.000000 2.000000 2.000000 8.000000 5.000000 2.000000 6.000000 8.000000 7.000000 
36.103804 76.996313 0.000000 12.000000 7.000000 4.000000 10.000000 7.000000 8.000000 8.000000 2.000000 4.000000 10.000000 5.000000 4.000000 
36.644825 83.906397 0.000000 12.000000 1.000000 4.000000 8.000000 2.000000 9.000000 9.000000 5.000000 7.000000 8.000000 7.000000 9.000000 
37.687440 94.322413 0.000000 18.000000 10.000000 5.000000 5.000000 3.000000 6.000000 7.000000 2.000000 6.000000 10.000000 3.000000 6.000000 
37.066032 100.535384 0.000000 4.000000 3.000000 9.000000 13.000000 2.000000 7.000000 7.000000 6.000000 14.000000 6.000000 3.000000 7.000000 
36.634972 108.365028 0.000000 11.000000 4.000000 7.000000 2.000000 1.000000 3.000000 8.000000 7.000000 7.000000 11.000000 8.000000 12.000000 
33.861677 116.319790 0.000000 15.000000 3.000000 8.000000 11.000000 4.000000 2.000000 7.000000 6.000000 4.000000 15.000000 4.000000 2.000000 
34.634972 126.002573 0.000000 16.000000 3.000000 5.000000 9.000000 5.000000 1.000000 3.000000 5.000000 4.000000 8.000000 9.000000 13.000000 
35.644825 132.283250 0.000000 10.000000 9.000000 8.000000 14.000000 8.000000 4.000000 2.000000 5.000000 2.000000 4.000000 8.000000 7.000000 
37.432285 142.000000 0.000000 6.000000 8.000000 11.000000 10.000000 7.000000 2.000000 8.000000 1.000000 4.000000 19.000000 3.000000 2.000000 
36.189082 145.677764 0.000000 15.000000 5.000000 4.000000 9.000000 5.000000 2.000000 1.000000 4.000000 2.000000 18.000000 10.000000 6.000000 
31.662730 152.123958 0.000000 6.000000 0.000000 4.000000 7.000000 3.000000 0.000000 3.000000 6.000000 4.000000 20.000000 13.000000 15.000000 
30.901956 160.687440 0.000000 1.000000 3.000000 3.000000 18.000000 3.000000 7.000000 3.000000 4.000000 4.000000 18.000000 6.000000 11.000000 
35.838151 173.894090 0.000000 17.000000 8.000000 5.000000 2.000000 4.000000 1.000000 6.000000 7.000000 6.000000 10.000000 7.000000 8.000000 
34.771663 178.992864 0.000000 3.000000 10.000000 8.000000 8.000000 2.000000 1.000000 5.000000 7.000000 3.000000 22.000000 8.000000 4.000000 
35.571333 184.251160 0.000000 5.000000 7.000000 6.000000 9.000000 2.000000 1.000000 5.000000 8.000000 9.000000 19.000000 6.000000 4.000000 
37.717924 197.071067 0.000000 4.000000 2.000000 3.000000 24.000000 6.000000 14.000000 12.000000 8.000000 3.000000 1.000000 3.000000 1.000000 
37.957385 201.335444 0.000000 6.000000 6.000000 5.000000 24.000000 3.000000 3.000000 1.000000 3.000000 4.000000 16.000000 8.000000 2.000000 
36.233639 213.092228 0.000000 9.000000 2.000000 4.000000 10.000000 5.000000 2.000000 5.000000 8.000000 3.000000 17.000000 8.000000 8.000000 
36.002240 223.659201 0.000000 2.000000 4.000000 6.000000 5.000000 7.000000 5.000000 12.000000 3.000000 7.000000 20.000000 5.000000 5.000000 
36.315241 230.224992 0.000000 19.000000 6.000000 6.000000 7.000000 6.000000 3.000000 3.000000 2.000000 2.000000 4.000000 6.000000 17.000000 
36.000000 237.761861 27.000000 8.000000 3.000000 0.000000 12.000000 2.000000 3.000000 5.000000 1.000000 3.000000 2.000000 3.000000 3.000000 
44.322413 6.058812 27.000000 6.000000 5.000000 5.000000 0.000000 0.000000 2.000000 3.000000 7.000000 6.000000 10.000000 4.000000 6.000000 
46.193272 13.183202 0.000000 11.000000 4.000000 5.000000 4.000000 5.000000 8.000000 5.000000 5.000000 5.000000 5.000000 9.000000 15.000000 
48.644825 19.644825 0.000000 12.000000 9.000000 4.000000 6.000000 6.000000 4.000000 8.000000 3.000000 5.000000 9.000000 10.000000 5.000000 
46.187834 28.601404 0.000000 16.000000 7.000000 6.000000 5.000000 5.000000 5.000000 11.000000 1.000000 5.000000 5.000000 9.000000 6.000000 
46.022057 37.349234 0.000000 10.000000 6.000000 7.000000 6.000000 3.000000 2.000000 10.000000 9.000000 8.000000 9.000000 5.000000 6.000000 
42.844224 45.036263 0.000000 6.000000 5.000000 7.000000 8.000000 5.000000 4.000000 14.000000 9.000000 7.000000 5.000000 4.000000 7.000000 
44.061877 49.086576 0.000000 10.000000 4.000000 6.000000 7.000000 5.000000 2.000000 13.000000 7.000000 7.000000 4.000000 3.000000 13.000000 
46.486009 57.497332 0.000000 7.000000 1.000000 6.000000 8.000000 2.000000 8.000000 9.000000 6.000000 5.000000 16.000000 4.000000 9.000000 
46.000000 66.000000 0.000000 9.000000 4.000000 9.000000 9.000000 4.000000 3.000000 9.000000 8.000000 7.000000 5.000000 8.000000 6.000000 
43.545815 77.813328 0.000000 8.000000 6.000000 5.000000 20.000000 4.000000 5.000000 8.000000 8.000000 2.000000 4.000000 5.000000 6.000000 
44.909237 85.735588 0.000000 7.000000 4.000000 6.000000 10.000000 4.000000 5.000000 11.000000 9.000000 4.000000 10.000000 4.000000 7.000000 
45.000000 94.089203 0.000000 11.000000 5.000000 2.000000 7.000000 6.000000 9.000000 9.000000 3.000000 4.000000 8.000000 7.000000 10.000000 
44.000000 101.689680 0.000000 4.000000 8.000000 5.000000 12.000000 7.000000 12.000000 4.000000 5.000000 8.000000 7.000000 4.000000 5.000000 
43.843700 108.615722 0.000000 16.000000 9.000000 7.000000 7.000000 1.000000 8.000000 5.000000 4.000000 6.000000 3.000000 7.000000 8.000000 
40.782769 117.704907 0.000000 5.000000 2.000000 5.000000 5.000000 6.000000 9.000000 11.000000 5.000000 6.000000 19.000000 3.000000 5.000000 
42.385263 125.968397 0.000000 5.000000 4.000000 4.000000 9.000000 5.000000 5.000000 24.000000 9.000000 4.000000 3.000000 4.000000 5.000000 
44.264412 133.858116 0.000000 8.000000 4.000000 4.000000 9.000000 6.000000 5.000000 14.000000 5.000000 10.000000 7.000000 5.000000 4.000000 
43.735588 139.603469 0.000000 5.000000 8.000000 7.000000 27.000000 3.000000 4.000000 2.000000 5.000000 3.000000 10.000000 3.000000 4.000000 
42.668830 141.296504 0.000000 8.000000 6.000000 9.000000 24.000000 6.000000 7.000000 3.000000 3.000000 1.000000 4.000000 5.000000 5.000000 
45.693454 154.144944 0.000000 9.000000 1.000000 7.000000 7.000000 10.000000 8.000000 2.000000 3.000000 5.000000 8.000000 9.000000 12.000000 
42.005573 161.980746 0.000000 17.000000 3.000000 7.000000 3.000000 7.000000 6.000000 3.000000 1.000000 3.000000 11.000000 8.000000 12.000000 
43.854897 171.916584 0.000000 19.000000 8.000000 9.000000 4.000000 6.000000 4.000000 7.000000 2.000000 4.000000 3.000000 7.000000 8.000000 
42.000000 179.173650 0.000000 7.000000 11.000000 6.000000 11.000000 1.000000 2.000000 6.000000 5.000000 5.000000 18.000000 6.000000 3.000000 
43.997352 186.461238 0.000000 3.000000 11.000000 9.000000 10.000000 3.000000 2.000000 4.000000 8.000000 8.000000 12.000000 8.000000 3.000000 
44.698588 197.311454 0.000000 6.000000 7.000000 6.000000 6.000000 5.000000 3.000000 3.000000 3.000000 10.000000 26.000000 5.000000 1.000000 
45.859678 200.844443 0.000000 2.000000 6.000000 9.000000 12.000000 4.000000 3.000000 10.000000 4.000000 4.000000 19.000000 3.000000 5.000000 
45.448297 210.000000 0.000000 10.000000 5.000000 5.000000 11.000000 4.000000 6.000000 8.000000 9.000000 7.000000 5.000000 7.000000 4.000000 
46.850895 219.054035 0.000000 5.000000 8.000000 6.000000 7.000000 4.000000 9.000000 4.000000 9.000000 4.000000 7.000000 4.000000 14.000000 
47.324652 226.324652 0.000000 14.000000 2.000000 6.000000 5.000000 4.000000 10.000000 3.000000 7.000000 0.000000 8.000000 8.000000 14.000000 
44.489828 237.120959 27.000000 7.000000 1.000000 4.000000 3.000000 1.000000 3.000000 2.000000 3.000000 2.000000 7.000000 4.000000 8.000000 
51.586825 4.951852 27.000000 3.000000 1.000000 2.000000 6.000000 4.000000 7.000000 5.000000 5.000000 5.000000 9.000000 5.000000 2.000000 
51.322413 12.123071 0.000000 8.000000 8.000000 5.000000 11.000000 4.000000 6.000000 12.000000 7.000000 4.000000 2.000000 6.000000 8.000000 
54.094970 20.484423 0.000000 14.000000 9.000000 4.000000 7.000000 4.000000 2.000000 8.000000 5.000000 6.000000 8.000000 7.000000 7.000000 
51.365028 27.365028 0.000000 18.000000 2.000000 7.000000 4.000000 3.000000 10.000000 9.000000 4.000000 5.000000 8.000000 7.000000 4.000000 
52.467724 36.339175 0.000000 11.000000 3.000000 7.000000 1.000000 8.000000 9.000000 10.000000 7.000000 9.000000 5.000000 8.000000 3.000000 
48.632316 44.689680 0.000000 9.000000 6.000000 11.000000 8.000000 3.000000 5.000000 5.000000 8.000000 7.000000 8.000000 7.000000 4.000000 
51.366004 53.687440 0.000000 4.000000 2.000000 5.000000 5.000000 7.000000 8.000000 9.000000 7.000000 3.000000 16.000000 10.000000 5.000000 
53.024462 60.595670 0.000000 7.000000 3.000000 9.000000 10.000000 2.000000 6.000000 13.000000 6.000000 2.000000 11.000000 6.000000 6.000000 
53.406517 67.533582 0.000000 15.000000 8.000000 3.000000 11.000000 1.000000 1.000000 7.000000 9.000000 7.000000 8.000000 7.000000 4.000000 
51.677587 78.687440 0.000000 2.000000 5.000000 1.000000 12.000000 7.000000 2.000000 6.000000 13.000000 4.000000 19.000000 4.000000 6.000000 
51.000000 86.104725 0.000000 8.000000 5.000000 4.000000 9.000000 4.000000 7.000000 17.000000 6.000000 4.000000 6.000000 3.000000 8.000000 
52.000000 93.689680 0.000000 14.000000 6.000000 4.000000 10.000000 3.000000 4.000000 6.000000 7.000000 8.000000 8.000000 7.000000 4.000000 
52.811154 100.918901 0.000000 9.000000 5.000000 4.000000 5.000000 10.000000 3.000000 11.000000 9.000000 5.000000 11.000000 4.000000 5.000000 
53.142020 107.917523 0.000000 10.000000 11.000000 7.000000 5.000000 0.000000 5.000000 7.000000 10.000000 6.000000 5.000000 7.000000 8.000000 
47.459649 117.853531 0.000000 21.000000 5.000000 1.000000 5.000000 4.000000 1.000000 5.000000 7.000000 10.000000 15.000000 2.000000 5.000000 
47.256200 125.487258 0.000000 13.000000 8.000000 5.000000 14.000000 5.000000 2.000000 11.000000 4.000000 1.000000 4.000000 7.000000 7.000000 
51.168422 135.951852 0.000000 4.000000 6.000000 7.000000 24.000000 5.000000 9.000000 6.000000 3.000000 2.000000 10.000000 3.000000 2.000000 
50.822988 138.933768 0.000000 4.000000 5.000000 8.000000 14.000000 6.000000 8.000000 6.000000 3.000000 5.000000 9.000000 9.000000 4.000000 
46.322413 143.687440 0.000000 7.000000 6.000000 9.000000 26.000000 6.000000 7.000000 3.000000 3.000000 2.000000 4.000000 4.000000 4.000000 
50.397618 153.283543 0.000000 13.000000 3.000000 10.000000 8.000000 4.000000 6.000000 4.000000 2.000000 2.000000 5.000000 13.000000 11.000000 
48.634972 160.365028 0.000000 7.000000 2.000000 7.000000 3.000000 8.000000 5.000000 3.000000 8.000000 5.000000 9.000000 6.000000 18.000000 
49.759514 171.124542 0.000000 21.000000 5.000000 7.000000 8.000000 3.000000 2.000000 2.000000 5.000000 5.000000 4.000000 8.000000 11.000000 
50.340225 179.350078 0.000000 8.000000 7.000000 7.000000 13.000000 8.000000 3.000000 4.000000 6.000000 4.000000 12.000000 8.000000 1.000000 
51.964086 190.329114 0.000000 8.000000 19.000000 5.000000 6.000000 3.000000 4.000000 3.000000 6.000000 7.000000 10.000000 9.000000 1.000000 
55.000000 198.948166 0.000000 5.000000 5.000000 3.000000 7.000000 8.000000 7.000000 8.000000 4.000000 9.000000 14.000000 7.000000 4.000000 
52.277273 203.906213 0.000000 9.000000 4.000000 4.000000 5.000000 8.000000 7.000000 4.000000 8.000000 9.000000 9.000000 6.000000 8.000000 
50.413175 211.951852 0.000000 7.000000 4.000000 5.000000 12.000000 5.000000 4.000000 7.000000 22.000000 9.000000 1.000000 1.000000 4.000000 
52.996193 219.365028 0.000000 6.000000 4.000000 9.000000 13.000000 5.000000 5.000000 7.000000 5.000000 11.000000 5.000000 4.000000 7.000000 
53.862316 228.277065 0.000000 13.000000 5.000000 10.000000 12.000000 4.000000 8.000000 13.000000 2.000000 1.000000 3.000000 5.000000 5.000000 
52.000000 237.002427 27.000000 6.000000 3.000000 5.000000 1.000000 3.000000 1.000000 8.000000 7.000000 4.000000 4.000000 3.000000 0.000000 
60.000000 5.324652 39.000000 5.000000 4.000000 6.000000 2.000000 2.000000 1.000000 4.000000 2.000000 4.000000 9.000000 1.000000 2.000000 
60.000000 13.324652 18.000000 11.000000 10.000000 12.000000 3.000000 1.000000 1.000000 1.000000 6.000000 4.000000 3.000000 5.000000 6.000000 
60.000000 21.324652 18.000000 11.000000 7.000000 4.000000 1.000000 2.000000 4.000000 7.000000 5.000000 5.000000 6.000000 6.000000 5.000000 
60.000000 29.324652 18.000000 10.000000 4.000000 8.000000 4.000000 4.000000 6.000000 7.000000 1.000000 2.000000 6.000000 5.000000 6.000000 
60.000000 37.324652 18.000000 9.000000 4.000000 8.000000 10.000000 0.000000 4.000000 4.000000 1.000000 4.000000 9.000000 7.000000 3.000000 
59.464123 45.038868 18.000000 2.000000 2.000000 8.000000 6.000000 2.000000 5.000000 3.000000 5.000000 8.000000 5.000000 7.000000 10.000000 
59.662316 53.324652 18.000000 10.000000 4.000000 5.000000 2.000000 7.000000 5.000000 7.000000 4.000000 6.000000 5.000000 6.000000 2.000000 
60.000000 61.324652 18.000000 4.000000 7.000000 6.000000 1.000000 4.000000 6.000000 7.000000 3.000000 4.000000 10.000000 5.000000 6.000000 
60.000000 69.324652 18.000000 11.000000 2.000000 0.000000 6.000000 12.000000 10.000000 6.000000 4.000000 0.000000 4.000000 4.000000 4.000000 
60.000000 77.673139 18.000000 4.000000 2.000000 3.000000 2.000000 5.000000 9.000000 9.000000 8.000000 4.000000 6.000000 5.000000 6.000000 
60.000000 85.324652 18.000000 5.000000 3.000000 3.000000 3.000000 4.000000 12.000000 14.000000 9.000000 4.000000 1.000000 1.000000 4.000000 
60.000000 93.324652 18.000000 4.000000 5.000000 4.000000 7.000000 4.000000 3.000000 13.000000 7.000000 5.000000 2.000000 6.000000 3.000000 
60.000000 101.324652 18.000000 7.000000 3.000000 1.000000 3.000000 3.000000 7.000000 24.000000 5.000000 5.000000 2.000000 1.000000 2.000000 
60.442034 108.882619 18.000000 11.000000 3.000000 0.000000 4.000000 4.000000 5.000000 8.000000 8.000000 9.000000 2.000000 6.000000 3.000000 
59.487507 117.562176 18.000000 4.000000 3.000000 4.000000 9.000000 5.000000 6.000000 9.000000 9.000000 3.000000 3.000000 1.000000 7.000000 
59.270804 124.811735 18.000000 6.000000 5.000000 3.000000 5.000000 4.000000 8.000000 8.000000 5.000000 2.000000 7.000000 6.000000 4.000000 
60.000000 134.335985 18.000000 4.000000 5.000000 3.000000 4.000000 3.000000 6.000000 10.000000 3.000000 9.000000 10.000000 2.000000 4.000000 
60.000000 141.324652 18.000000 3.000000 4.000000 7.000000 6.000000 6.000000 7.000000 4.000000 4.000000 4.000000 8.000000 5.000000 5.000000 
58.772006 147.905965 18.000000 3.000000 4.000000 4.000000 5.000000 4.000000 12.000000 5.000000 6.000000 3.000000 5.000000 7.000000 5.000000 
60.000000 157.324652 18.000000 7.000000 3.000000 8.000000 6.000000 4.000000 5.000000 8.000000 2.000000 0.000000 4.000000 11.000000 5.000000 
59.212709 164.537362 18.000000 8.000000 6.000000 4.000000 5.000000 8.000000 3.000000 2.000000 5.000000 6.000000 1.000000 9.000000 6.000000 
60.000000 173.324652 18.000000 7.000000 8.000000 2.000000 10.000000 6.000000 2.000000 9.000000 3.000000 5.000000 2.000000 2.000000 7.000000 
60.000000 181.324652 18.000000 5.000000 6.000000 10.000000 7.000000 5.000000 6.000000 6.000000 3.000000 4.000000 6.000000 3.000000 2.000000 
60.000000 189.324652 18.000000 10.000000 9.000000 9.000000 3.000000 2.000000 2.000000 0.000000 2.000000 8.000000 5.000000 7.000000 6.000000 
60.967628 198.292280 18.000000 1.000000 2.000000 5.000000 5.000000 2.000000 6.000000 3.000000 6.000000 3.000000 22.000000 7.000000 1.000000 
60.000000 205.324652 18.000000 8.000000 2.000000 9.000000 7.000000 5.000000 8.000000 8.000000 5.000000 0.000000 3.000000 6.000000 2.000000 
59.701975 213.324652 18.000000 6.000000 2.000000 4.000000 9.000000 3.000000 3.000000 13.000000 8.000000 5.000000 3.000000 3.000000 4.000000 
60.000000 221.324652 18.000000 5.000000 4.000000 6.000000 3.000000 5.000000 4.000000 7.000000 9.000000 10.000000 6.000000 3.000000 1.000000 
60.000000 228.890526 18.000000 2.000000 2.000000 4.000000 9.000000 2.000000 2.000000 7.000000 8.000000 4.000000 9.000000 8.000000 6.000000 
60.000000 236.000000 35.000000 7.000000 2.000000 1.000000 12.000000 3.000000 0.000000 2.000000 0.000000 0.000000 0.000000 0.000000 1.000000 
