240
5.000000 5.689680 39.000000 2.000000 2.000000 2.000000 3.000000 0.000000 0.000000 0.000000 0.000000 3.000000 4.000000 5.000000 3.000000 
4.322413 13.647065 27.000000 2.000000 0.000000 2.000000 5.000000 1.000000 4.000000 3.000000 5.000000 2.000000 4.000000 3.000000 5.000000 
3.586825 20.911477 27.000000 4.000000 4.000000 3.000000 2.000000 2.000000 3.000000 0.000000 2.000000 5.000000 4.000000 4.000000 3.000000 
3.955950 30.013527 27.000000 10.000000 4.000000 1.000000 5.000000 5.000000 1.000000 0.000000 2.000000 1.000000 0.000000 4.000000 3.000000 
4.000000 38.060754 27.000000 8.000000 3.000000 4.000000 3.000000 2.000000 0.000000 3.000000 1.000000 1.000000 3.000000 5.000000 3.000000 
5.783932 45.722763 27.000000 2.000000 3.000000 4.000000 7.000000 3.000000 2.000000 3.000000 3.000000 0.000000 5.000000 2.000000 2.000000 
3.583138 53.324652 27.000000 4.000000 1.000000 1.000000 8.000000 2.000000 3.000000 1.000000 3.000000 1.000000 6.000000 2.000000 4.000000 
4.000000 61.689680 27.000000 4.000000 4.000000 1.000000 6.000000 3.000000 3.000000 5.000000 1.000000 1.000000 2.000000 1.000000 5.000000 
4.902608 68.707245 27.000000 3.000000 1.000000 2.000000 2.000000 2.000000 3.000000 4.000000 5.000000 4.000000 3.000000 2.000000 5.000000 
4.000000 77.689680 27.000000 5.000000 5.000000 5.000000 2.000000 2.000000 2.000000 3.000000 2.000000 1.000000 2.000000 2.000000 5.000000 
4.000000 85.689680 27.000000 3.000000 2.000000 4.000000 4.000000 2.000000 5.000000 4.000000 3.000000 2.000000 1.000000 1.000000 5.000000 
3.545168 93.234849 27.000000 8.000000 5.000000 2.000000 1.000000 2.000000 0.000000 0.000000 3.000000 3.000000 4.000000 5.000000 3.000000 
2.101012 101.737828 27.000000 11.000000 5.000000 0.000000 0.000000 3.000000 2.000000 1.000000 3.000000 1.000000 5.000000 2.000000 3.000000 
3.583138 109.324652 27.000000 3.000000 2.000000 1.000000 6.000000 4.000000 1.000000 1.000000 2.000000 1.000000 3.000000 5.000000 7.000000 
3.157446 118.167206 27.000000 7.000000 4.000000 0.000000 2.000000 1.000000 5.000000 0.000000 1.000000 1.000000 3.000000 4.000000 8.000000 
4.000000 125.689680 27.000000 4.000000 3.000000 5.000000 4.000000 2.000000 2.000000 0.000000 2.000000 0.000000 6.000000 5.000000 3.000000 
3.160655 133.311658 27.000000 5.000000 9.000000 5.000000 2.000000 3.000000 2.000000 0.000000 3.000000 1.000000 0.000000 3.000000 3.000000 
4.000000 141.689680 27.000000 3.000000 6.000000 3.000000 1.000000 3.000000 1.000000 2.000000 1.000000 2.000000 9.000000 3.000000 2.000000 
4.286529 150.269639 27.000000 2.000000 4.000000 4.000000 6.000000 3.000000 2.000000 1.000000 3.000000 1.000000 4.000000 3.000000 3.000000 
4.322413 157.647065 27.000000 5.000000 5.000000 4.000000 6.000000 1.000000 3.000000 3.000000 1.000000 3.000000 2.000000 3.000000 0.000000 
4.324652 165.324652 27.000000 2.000000 2.000000 0.000000 4.000000 7.000000 4.000000 6.000000 2.000000 4.000000 4.000000 1.000000 0.000000 
3.583138 173.758552 27.000000 4.000000 3.000000 1.000000 8.000000 0.000000 1.000000 3.000000 1.000000 0.000000 8.000000 4.000000 3.000000 
2.608999 181.790910 27.000000 5.000000 6.000000 2.000000 10.000000 1.000000 1.000000 3.000000 3.000000 1.000000 0.000000 2.000000 2.000000 
3.189096 188.513749 27.000000 3.000000 4.000000 1.000000 2.000000 4.000000 0.000000 1.000000 2.000000 4.000000 10.000000 2.000000 3.000000 
4.000000 196.959625 27.000000 2.000000 5.000000 4.000000 7.000000 2.000000 4.000000 0.000000 1.000000 2.000000 5.000000 3.000000 1.000000 
4.623347 205.947999 27.000000 5.000000 2.000000 3.000000 7.000000 1.000000 4.000000 1.000000 1.000000 1.000000 1.000000 2.000000 8.000000 
4.322413 213.647065 27.000000 7.000000 1.000000 1.000000 5.000000 4.000000 2.000000 5.000000 2.000000 2.000000 6.000000 0.000000 1.000000 
4.322413 221.002240 27.000000 4.000000 3.000000 6.000000 1.000000 0.000000 3.000000 4.000000 2.000000 1.000000 6.000000 3.000000 3.000000 
4.952419 229.952419 27.000000 8.000000 5.000000 6.000000 2.000000 0.000000 2.000000 0.000000 0.000000 1.000000 4.000000 6.000000 2.000000 
5.000000 236.365028 36.000000 2.000000 0.000000 1.000000 2.000000 0.000000 0.000000 0.000000 0.000000 2.000000 8.000000 2.000000 3.000000 
12.322413 5.687440 27.000000 11.000000 6.000000 4.000000 2.000000 1.000000 3.000000 5.000000 3.000000 4.000000 2.000000 6.000000 7.000000 
12.911477 12.586825 0.000000 14.000000 8.000000 5.000000 14.000000 7.000000 5.000000 6.000000 4.000000 5.000000 3.000000 2.000000 8.000000 
10.655645 19.572318 0.000000 14.000000 14.000000 3.000000 8.000000 7.000000 3.000000 5.000000 3.000000 4.000000 1.000000 12.000000 7.000000 
12.676101 30.644912 0.000000 16.000000 7.000000 5.000000 6.000000 3.000000 4.000000 3.000000 2.000000 5.000000 14.000000 9.000000 7.000000 
13.227317 38.252248 0.000000 20.000000 5.000000 5.000000 10.000000 6.000000 2.000000 9.000000 7.000000 3.000000 4.000000 5.000000 5.000000 
16.737773 45.000000 0.000000 6.000000 8.000000 6.000000 8.000000 4.000000 5.000000 7.000000 1.000000 4.000000 23.000000 7.000000 2.000000 
12.275732 51.613896 0.000000 9.000000 5.000000 5.000000 8.000000 5.000000 4.000000 4.000000 6.000000 2.000000 17.000000 7.000000 9.000000 
13.046769 60.475433 0.000000 6.000000 3.000000 12.000000 2.000000 4.000000 8.000000 18.000000 6.000000 3.000000 8.000000 2.000000 9.000000 
14.560139 63.275629 0.000000 6.000000 4.000000 7.000000 9.000000 2.000000 5.000000 9.000000 5.000000 6.000000 17.000000 3.000000 8.000000 
12.042269 77.463308 0.000000 11.000000 9.000000 3.000000 6.000000 3.000000 5.000000 4.000000 6.000000 7.000000 14.000000 8.000000 5.000000 
11.558965 85.902580 0.000000 7.000000 11.000000 8.000000 12.000000 2.000000 3.000000 3.000000 6.000000 3.000000 4.000000 10.000000 12.000000 
9.840747 92.644825 0.000000 7.000000 15.000000 7.000000 1.000000 3.000000 2.000000 4.000000 3.000000 6.000000 10.000000 13.000000 10.000000 
7.634972 100.634972 0.000000 21.000000 13.000000 3.000000 7.000000 5.000000 4.000000 2.000000 3.000000 3.000000 7.000000 2.000000 11.000000 
10.058672 109.679495 0.000000 14.000000 4.000000 8.000000 14.000000 5.000000 4.000000 1.000000 4.000000 3.000000 3.000000 4.000000 17.000000 
10.584620 118.898444 0.000000 27.000000 9.000000 2.000000 1.000000 1.000000 2.000000 1.000000 1.000000 1.000000 8.000000 19.000000 9.000000 
10.873117 125.991462 0.000000 23.000000 7.000000 5.000000 5.000000 3.000000 6.000000 1.000000 2.000000 5.000000 12.000000 6.000000 6.000000 
10.597608 132.922260 0.000000 1.000000 13.000000 9.000000 10.000000 8.000000 4.000000 7.000000 4.000000 6.000000 10.000000 3.000000 6.000000 
11.987003 141.957995 0.000000 8.000000 14.000000 5.000000 6.000000 7.000000 0.000000 6.000000 0.000000 6.000000 11.000000 4.000000 14.000000 
13.954989 151.630337 0.000000 3.000000 9.000000 15.000000 10.000000 3.000000 2.000000 1.000000 3.000000 6.000000 18.000000 8.000000 3.000000 
14.477953 157.948738 0.000000 15.000000 11.000000 6.000000 8.000000 3.000000 2.000000 5.000000 1.000000 4.000000 19.000000 7.000000 0.000000 
12.959625 164.324136 0.000000 8.000000 5.000000 5.000000 14.000000 6.000000 5.000000 6.000000 3.000000 8.000000 12.000000 8.000000 1.000000 
9.074094 172.925645 0.000000 9.000000 6.000000 3.000000 8.000000 1.000000 4.000000 6.000000 2.000000 1.000000 11.000000 16.000000 14.000000 
8.153437 179.788409 0.000000 9.000000 14.000000 3.000000 27.000000 3.000000 4.000000 4.000000 3.000000 3.000000 6.000000 3.000000 2.000000 
9.878126 185.905551 0.000000 12.000000 13.000000 4.000000 3.000000 2.000000 3.000000 1.000000 3.000000 3.000000 27.000000 5.000000 5.000000 
12.576214 194.931389 0.000000 12.000000 10.000000 12.000000 8.000000 9.000000 5.000000 3.000000 6.000000 4.000000 4.000000 5.000000 3.000000 
13.389878 206.322413 0.000000 4.000000 4.000000 6.000000 10.000000 5.000000 7.000000 4.000000 3.000000 5.000000 16.000000 10.000000 7.000000 
13.003579 212.177229 0.000000 10.000000 10.000000 5.000000 12.000000 5.000000 2.000000 5.000000 11.000000 6.000000 9.000000 6.000000 0.000000 
14.357562 219.132638 0.000000 6.000000 11.000000 10.000000 5.000000 7.000000 3.000000 5.000000 10.000000 8.000000 11.000000 3.000000 2.000000 
14.634008 231.958660 0.000000 14.000000 8.000000 7.000000 9.000000 6.000000 4.000000 2.000000 2.000000 5.000000 8.000000 6.000000 10.000000 
12.895836 238.260864 27.000000 6.000000 4.000000 2.000000 7.000000 4.000000 5.000000 1.000000 1.000000 4.000000 9.000000 1.000000 1.000000 
20.365028 5.365028 27.000000 13.000000 1.000000 5.000000 1.000000 4.000000 1.000000 6.000000 3.000000 2.000000 5.000000 5.000000 8.000000 
20.634972 12.365028 0.000000 11.000000 11.000000 4.000000 4.000000 6.000000 3.000000 7.000000 2.000000 5.000000 13.000000 4.000000 11.000000 
20.016051 19.677587 0.000000 4.000000 13.000000 11.000000 5.000000 2.000000 3.000000 5.000000 5.000000 6.000000 7.000000 12.000000 8.000000 
20.280523 28.810916 0.000000 12.000000 10.000000 10.000000 10.000000 4.000000 2.000000 4.000000 4.000000 5.000000 7.000000 6.000000 7.000000 
15.885486 35.013038 0.000000 15.000000 10.000000 7.000000 8.000000 6.000000 7.000000 6.000000 2.000000 5.000000 6.000000 5.000000 4.000000 
20.587879 43.046920 0.000000 5.000000 9.000000 8.000000 6.000000 3.000000 5.000000 1.000000 2.000000 5.000000 29.000000 6.000000 2.000000 
18.254112 50.379477 0.000000 10.000000 13.000000 10.000000 17.000000 7.000000 1.000000 2.000000 3.000000 3.000000 7.000000 2.000000 6.000000 
19.146848 57.087939 0.000000 10.000000 2.000000 2.000000 6.000000 3.000000 7.000000 7.000000 2.000000 5.000000 27.000000 5.000000 5.000000 
19.322470 61.737865 0.000000 14.000000 1.000000 1.000000 6.000000 3.000000 4.000000 7.000000 6.000000 2.000000 20.000000 7.000000 10.000000 
19.737208 78.250990 0.000000 11.000000 6.000000 4.000000 11.000000 7.000000 7.000000 6.000000 3.000000 4.000000 9.000000 7.000000 6.000000 
21.622416 87.650747 0.000000 9.000000 4.000000 2.000000 3.000000 4.000000 5.000000 3.000000 5.000000 8.000000 17.000000 11.000000 10.000000 
20.310966 93.316281 0.000000 9.000000 10.000000 7.000000 13.000000 3.000000 1.000000 1.000000 3.000000 1.000000 8.000000 10.000000 15.000000 
20.321495 99.692988 0.000000 6.000000 5.000000 6.000000 10.000000 7.000000 6.000000 7.000000 9.000000 7.000000 6.000000 7.000000 5.000000 
23.291472 112.244152 0.000000 4.000000 3.000000 8.000000 15.000000 5.000000 5.000000 7.000000 1.000000 7.000000 5.000000 12.000000 9.000000 
21.536311 118.977163 0.000000 15.000000 3.000000 7.000000 3.000000 3.000000 6.000000 11.000000 2.000000 5.000000 3.000000 4.000000 19.000000 
21.312745 127.312745 0.000000 3.000000 7.000000 4.000000 14.000000 6.000000 4.000000 12.000000 5.000000 3.000000 5.000000 10.000000 8.000000 
21.079658 134.737828 0.000000 12.000000 5.000000 2.000000 6.000000 9.000000 6.000000 8.000000 5.000000 4.000000 14.000000 4.000000 6.000000 
20.788948 142.709456 0.000000 14.000000 7.000000 4.000000 7.000000 7.000000 5.000000 9.000000 3.000000 5.000000 7.000000 2.000000 11.000000 
22.689384 149.181166 0.000000 6.000000 9.000000 8.000000 6.000000 5.000000 3.000000 4.000000 9.000000 7.000000 11.000000 8.000000 5.000000 
22.770615 156.770615 0.000000 5.000000 4.000000 12.000000 15.000000 5.000000 2.000000 1.000000 2.000000 5.000000 16.000000 7.000000 7.000000 
20.549772 164.336695 0.000000 8.000000 5.000000 3.000000 11.000000 5.000000 6.000000 4.000000 4.000000 3.000000 17.000000 7.000000 8.000000 
17.586825 170.169963 0.000000 8.000000 4.000000 3.000000 7.000000 8.000000 4.000000 8.000000 3.000000 0.000000 18.000000 11.000000 7.000000 
20.820278 180.825662 0.000000 10.000000 7.000000 10.000000 7.000000 3.000000 8.000000 8.000000 9.000000 4.000000 3.000000 3.000000 9.000000 
21.175700 188.714377 0.000000 21.000000 7.000000 3.000000 8.000000 6.000000 6.000000 10.000000 3.000000 1.000000 5.000000 7.000000 4.000000 
19.889014 195.000000 0.000000 6.000000 5.000000 9.000000 8.000000 6.000000 0.000000 1.000000 1.000000 11.000000 15.000000 13.000000 6.000000 
17.651619 203.496085 0.000000 3.000000 3.000000 11.000000 13.000000 7.000000 3.000000 0.000000 2.000000 5.000000 18.000000 7.000000 9.000000 
19.314697 210.251534 0.000000 6.000000 7.000000 10.000000 10.000000 4.000000 4.000000 5.000000 2.000000 5.000000 12.000000 9.000000 7.000000 
23.606995 218.972022 0.000000 7.000000 2.000000 5.000000 3.000000 3.000000 3.000000 11.000000 7.000000 3.000000 19.000000 6.000000 12.000000 
22.093419 230.770718 0.000000 15.000000 7.000000 11.000000 10.000000 4.000000 4.000000 4.000000 3.000000 3.000000 4.000000 9.000000 7.000000 
20.426639 237.791667 27.000000 16.000000 1.000000 4.000000 2.000000 5.000000 2.000000 4.000000 2.000000 1.000000 1.000000 3.000000 4.000000 
28.000000 5.689680 27.000000 6.000000 6.000000 6.000000 11.000000 0.000000 0.000000 2.000000 4.000000 6.000000 8.000000 3.000000 2.000000 
28.735588 12.909237 0.000000 13.000000 7.000000 6.000000 6.000000 4.000000 3.000000 7.000000 7.000000 3.000000 7.000000 10.000000 8.000000 
28.448429 19.961150 0.000000 6.000000 8.000000 8.000000 13.000000 6.000000 6.000000 8.000000 4.000000 6.000000 3.000000 8.000000 5.000000 
24.480449 29.079691 0.000000 3.000000 5.000000 6.000000 7.000000 5.000000 6.000000 0.000000 4.000000 2.000000 26.000000 8.000000 9.000000 
26.043448 33.123817 0.000000 7.000000 10.000000 7.000000 6.000000 4.000000 3.000000 1.000000 3.000000 4.000000 23.000000 5.000000 8.000000 
35.729215 47.289194 0.000000 7.000000 7.000000 7.000000 3.000000 5.000000 4.000000 3.000000 1.000000 4.000000 30.000000 3.000000 7.000000 
32.278682 51.631938 0.000000 10.000000 6.000000 2.000000 5.000000 4.000000 3.000000 3.000000 1.000000 3.000000 27.000000 10.000000 7.000000 
31.831340 57.056924 0.000000 5.000000 6.000000 7.000000 16.000000 8.000000 7.000000 2.000000 3.000000 1.000000 13.000000 7.000000 6.000000 
30.773858 64.617345 0.000000 9.000000 6.000000 6.000000 2.000000 1.000000 6.000000 4.000000 5.000000 5.000000 17.000000 10.000000 10.000000 
29.274013 78.766438 0.000000 8.000000 7.000000 9.000000 27.000000 3.000000 1.000000 0.000000 0.000000 0.000000 7.000000 10.000000 9.000000 
30.761943 85.873029 0.000000 14.000000 3.000000 4.000000 17.000000 6.000000 4.000000 7.000000 4.000000 4.000000 1.000000 4.000000 13.000000 
29.274225 91.409083 0.000000 11.000000 7.000000 8.000000 5.000000 3.000000 5.000000 4.000000 4.000000 4.000000 7.000000 4.000000 19.000000 
27.713196 98.173650 0.000000 7.000000 8.000000 5.000000 9.000000 5.000000 7.000000 8.000000 3.000000 6.000000 16.000000 4.000000 3.000000 
27.775660 108.785513 0.000000 14.000000 4.000000 4.000000 8.000000 8.000000 5.000000 4.000000 3.000000 4.000000 6.000000 5.000000 16.000000 
26.446323 116.081296 0.000000 17.000000 4.000000 7.000000 16.000000 6.000000 4.000000 1.000000 2.000000 3.000000 12.000000 6.000000 3.000000 
27.605081 125.831174 0.000000 21.000000 7.000000 7.000000 9.000000 2.000000 3.000000 4.000000 3.000000 2.000000 7.000000 8.000000 8.000000 
26.002240 133.695160 0.000000 10.000000 10.000000 12.000000 3.000000 4.000000 1.000000 4.000000 8.000000 3.000000 21.000000 2.000000 3.000000 
26.173650 141.173650 0.000000 20.000000 2.000000 9.000000 3.000000 8.000000 3.000000 7.000000 3.000000 4.000000 12.000000 6.000000 4.000000 
27.834864 148.599147 0.000000 11.000000 11.000000 9.000000 5.000000 1.000000 4.000000 5.000000 4.000000 11.000000 11.000000 4.000000 5.000000 
28.814092 158.778396 0.000000 7.000000 10.000000 10.000000 6.000000 4.000000 3.000000 2.000000 4.000000 7.000000 20.000000 3.000000 5.000000 
27.909237 164.264412 0.000000 11.000000 5.000000 7.000000 9.000000 8.000000 10.000000 8.000000 3.000000 3.000000 6.000000 7.000000 4.000000 
28.122217 172.079591 0.000000 9.000000 0.000000 2.000000 17.000000 7.000000 10.000000 3.000000 4.000000 2.000000 5.000000 7.000000 15.000000 
33.000000 186.111140 0.000000 34.000000 7.000000 1.000000 6.000000 5.000000 6.000000 3.000000 0.000000 3.000000 9.000000 6.000000 1.000000 
29.152525 190.151044 0.000000 27.000000 8.000000 2.000000 7.000000 1.000000 4.000000 9.000000 5.000000 2.000000 9.000000 6.000000 1.000000 
28.629429 196.190054 0.000000 4.000000 3.000000 5.000000 11.000000 5.000000 7.000000 1.000000 5.000000 10.000000 17.000000 7.000000 6.000000 
31.115138 207.894576 0.000000 4.000000 10.000000 10.000000 17.000000 8.000000 3.000000 5.000000 3.000000 1.000000 3.000000 11.000000 6.000000 
28.903557 216.402128 0.000000 7.000000 3.000000 1.000000 3.000000 2.000000 2.000000 3.000000 6.000000 5.000000 23.000000 10.000000 16.000000 
29.182437 220.109572 0.000000 7.000000 3.000000 3.000000 9.000000 6.000000 3.000000 10.000000 3.000000 4.000000 11.000000 5.000000 17.000000 
25.586825 228.737828 0.000000 10.000000 8.000000 11.000000 7.000000 5.000000 2.000000 7.000000 11.000000 5.000000 5.000000 7.000000 3.000000 
27.673653 237.038680 27.000000 11.000000 7.000000 4.000000 1.000000 2.000000 1.000000 0.000000 3.000000 2.000000 8.000000 5.000000 1.000000 
36.322413 5.687440 27.000000 9.000000 5.000000 1.000000 0.000000 2.000000 2.000000 2.000000 4.000000 5.000000 14.000000 4.000000 6.000000 
35.512791 13.737828 0.000000 19.000000 9.000000 12.000000 10.000000 3.000000 2.000000 6.000000 3.000000 0.000000 2.000000 7.000000 8.000000 
35.191553 21.650543 0.000000 15.000000 8.000000 9.000000 10.000000 1.000000 3.000000 3.000000 6.000000 8.000000 9.000000 7.000000 2.000000 
38.406421 28.686708 0.000000 5.000000 1.000000 5.000000 15.000000 5.000000 9.000000 7.000000 5.000000 8.000000 6.000000 5.000000 10.000000 
43.165962 34.667137 0.000000 10.000000 10.000000 11.000000 9.000000 4.000000 4.000000 6.000000 5.000000 1.000000 4.000000 11.000000 6.000000 
40.412720 46.088832 0.000000 4.000000 6.000000 5.000000 2.000000 5.000000 6.000000 3.000000 1.000000 7.000000 34.000000 5.000000 3.000000 
36.161484 51.151237 0.000000 9.000000 5.000000 2.000000 3.000000 0.000000 2.000000 0.000000 2.000000 7.000000 33.000000 10.000000 8.000000 
36.617282 59.233414 0.000000 12.000000 7.000000 7.000000 5.000000 2.000000 11.000000 16.000000 2.000000 2.000000 3.000000 6.000000 8.000000 
33.610984 65.951852 0.000000 10.000000 7.000000 6.000000 5.000000 4.000000 13.000000 9.000000 3.000000 4.000000 9.000000 4.000000 7.000000 
31.746133 75.253867 0.000000 8.000000 5.000000 8.000000 24.000000 3.000000 2.000000 8.000000 4.000000 3.000000 5.000000 5.000000 6.000000 
35.036961 85.396929 0.000000 3.000000 2.000000 8.000000 33.000000 6.000000 1.000000 2.000000 4.000000 4.000000 3.000000 9.000000 6.000000 
35.302877 91.512585 0.000000 10.000000 6.000000 5.000000 19.000000 4.000000 1.000000 2.000000 4.000000 6.000000 6.000000 8.000000 10.000000 
35.292888 99.145063 0.000000 9.000000 9.000000 6.000000 5.000000 2.000000 5.000000 5.000000 2.000000 6.000000 13.000000 9.000000 10.000000 
34.815803 107.713428 0.000000 15.000000 5.000000 5.000000 19.000000 5.000000 2.000000 2.000000 1.000000 3.000000 1.000000 8.000000 15.000000 
34.367184 114.377037 0.000000 9.000000 6.000000 4.000000 6.000000 7.000000 3.000000 6.000000 5.000000 10.000000 9.000000 6.000000 10.000000 
34.302347 125.161525 0.000000 24.000000 8.000000 5.000000 5.000000 3.000000 4.000000 2.000000 8.000000 3.000000 7.000000 5.000000 7.000000 
36.323435 132.297612 0.000000 11.000000 12.000000 4.000000 8.000000 4.000000 4.000000 10.000000 9.000000 4.000000 8.000000 5.000000 2.000000 
35.644825 139.946254 0.000000 15.000000 8.000000 3.000000 10.000000 6.000000 8.000000 5.000000 2.000000 4.000000 7.000000 6.000000 7.000000 
36.384379 148.480420 0.000000 6.000000 7.000000 6.000000 5.000000 3.000000 5.000000 6.000000 3.000000 11.000000 18.000000 7.000000 4.000000 
37.413175 158.951852 0.000000 5.000000 4.000000 6.000000 11.000000 9.000000 5.000000 2.000000 2.000000 2.000000 18.000000 8.000000 9.000000 
37.687440 163.816059 0.000000 12.000000 3.000000 2.000000 7.000000 4.000000 5.000000 2.000000 4.000000 5.000000 19.000000 10.000000 8.000000 
37.322413 173.332849 0.000000 7.000000 3.000000 12.000000 4.000000 4.000000 6.000000 6.000000 4.000000 4.000000 5.000000 9.000000 17.000000 
35.451229 183.096009 0.000000 34.000000 3.000000 11.000000 4.000000 2.000000 4.000000 6.000000 3.000000 2.000000 5.000000 3.000000 4.000000 
35.362022 186.085851 0.000000 34.000000 6.000000 5.000000 4.000000 4.000000 5.000000 3.000000 2.000000 2.000000 5.000000 6.000000 5.000000 
40.825755 196.190782 0.000000 20.000000 6.000000 8.000000 9.000000 4.000000 2.000000 5.000000 2.000000 9.000000 7.000000 3.000000 6.000000 
38.885410 208.913950 0.000000 4.000000 3.000000 3.000000 13.000000 3.000000 4.000000 4.000000 4.000000 2.000000 20.000000 17.000000 4.000000 
38.002431 213.563722 0.000000 6.000000 1.000000 4.000000 24.000000 4.000000 4.000000 7.000000 1.000000 2.000000 17.000000 9.000000 2.000000 
39.002240 217.322413 0.000000 10.000000 9.000000 12.000000 18.000000 7.000000 6.000000 5.000000 2.000000 3.000000 3.000000 4.000000 2.000000 
34.343090 227.310718 0.000000 11.000000 5.000000 6.000000 6.000000 4.000000 5.000000 4.000000 7.000000 5.000000 18.000000 4.000000 6.000000 
36.000000 237.365028 27.000000 7.000000 2.000000 12.000000 3.000000 3.000000 4.000000 1.000000 3.000000 0.000000 2.000000 5.000000 3.000000 
42.909445 5.687440 27.000000 9.000000 4.000000 1.000000 9.000000 10.000000 2.000000 4.000000 0.000000 1.000000 5.000000 7.000000 2.000000 
40.169449 13.000000 0.000000 16.000000 5.000000 9.000000 10.000000 2.000000 3.000000 5.000000 0.000000 1.000000 6.000000 12.000000 12.000000 
39.901118 20.541657 0.000000 17.000000 7.000000 6.000000 6.000000 2.000000 3.000000 2.000000 7.000000 9.000000 10.000000 7.000000 5.000000 
42.474764 26.935522 0.000000 7.000000 6.000000 7.000000 13.000000 2.000000 5.000000 5.000000 5.000000 8.000000 7.000000 7.000000 9.000000 
48.634972 36.634972 0.000000 10.000000 4.000000 1.000000 8.000000 4.000000 3.000000 3.000000 4.000000 5.000000 23.000000 12.000000 4.000000 
48.170903 46.588632 0.000000 2.000000 5.000000 7.000000 11.000000 4.000000 3.000000 0.000000 5.000000 6.000000 34.000000 2.000000 2.000000 
50.000000 52.173650 0.000000 5.000000 2.000000 4.000000 6.000000 3.000000 5.000000 2.000000 4.000000 3.000000 33.000000 7.000000 7.000000 
47.598491 60.136269 0.000000 8.000000 0.000000 6.000000 13.000000 3.000000 9.000000 8.000000 2.000000 2.000000 19.000000 4.000000 7.000000 
45.044511 67.683260 0.000000 8.000000 9.000000 4.000000 10.000000 3.000000 4.000000 3.000000 5.000000 1.000000 10.000000 8.000000 16.000000 
44.324596 76.465831 0.000000 8.000000 3.000000 5.000000 13.000000 6.000000 4.000000 4.000000 2.000000 10.000000 8.000000 5.000000 13.000000 
43.365572 85.269400 0.000000 3.000000 6.000000 4.000000 9.000000 5.000000 2.000000 4.000000 10.000000 8.000000 7.000000 16.000000 7.000000 
46.340033 91.598223 0.000000 5.000000 3.000000 7.000000 36.000000 4.000000 3.000000 0.000000 0.000000 0.000000 6.000000 9.000000 8.000000 
47.719334 99.545685 0.000000 6.000000 5.000000 10.000000 37.000000 7.000000 1.000000 1.000000 3.000000 1.000000 4.000000 1.000000 5.000000 
44.973447 106.673386 0.000000 18.000000 8.000000 7.000000 6.000000 2.000000 2.000000 1.000000 4.000000 7.000000 5.000000 12.000000 9.000000 
43.627860 117.035603 0.000000 8.000000 4.000000 8.000000 12.000000 2.000000 6.000000 3.000000 6.000000 5.000000 7.000000 9.000000 11.000000 
42.767414 125.383854 0.000000 15.000000 7.000000 6.000000 9.000000 4.000000 4.000000 2.000000 5.000000 3.000000 5.000000 14.000000 7.000000 
44.939570 135.550547 0.000000 4.000000 2.000000 8.000000 21.000000 6.000000 5.000000 4.000000 5.000000 5.000000 13.000000 5.000000 3.000000 
44.506523 139.918748 0.000000 9.000000 2.000000 6.000000 3.000000 4.000000 3.000000 5.000000 8.000000 8.000000 21.000000 4.000000 8.000000 
40.587944 146.693852 0.000000 10.000000 10.000000 11.000000 7.000000 4.000000 2.000000 2.000000 2.000000 7.000000 18.000000 7.000000 1.000000 
44.471363 157.202672 0.000000 9.000000 5.000000 3.000000 4.000000 2.000000 3.000000 2.000000 4.000000 3.000000 23.000000 12.000000 11.000000 
45.322413 163.975827 0.000000 5.000000 4.000000 7.000000 11.000000 7.000000 0.000000 4.000000 5.000000 3.000000 14.000000 9.000000 12.000000 
44.054996 173.967574 0.000000 11.000000 8.000000 11.000000 4.000000 1.000000 3.000000 1.000000 5.000000 5.000000 7.000000 8.000000 17.000000 
39.933145 182.099003 0.000000 28.000000 4.000000 12.000000 3.000000 4.000000 4.000000 5.000000 2.000000 4.000000 1.000000 8.000000 6.000000 
40.374868 189.380477 0.000000 35.000000 7.000000 12.000000 3.000000 3.000000 0.000000 1.000000 0.000000 2.000000 1.000000 15.000000 2.000000 
45.528804 197.524357 0.000000 24.000000 6.000000 9.000000 6.000000 3.000000 5.000000 4.000000 2.000000 6.000000 6.000000 3.000000 7.000000 
44.683379 205.715147 0.000000 7.000000 7.000000 7.000000 24.000000 5.000000 1.000000 1.000000 1.000000 3.000000 17.000000 6.000000 2.000000 
47.679107 212.660253 0.000000 10.000000 8.000000 12.000000 11.000000 4.000000 2.000000 2.000000 0.000000 2.000000 7.000000 8.000000 15.000000 
45.397613 217.236334 0.000000 10.000000 8.000000 11.000000 9.000000 6.000000 3.000000 5.000000 1.000000 4.000000 14.000000 6.000000 4.000000 
41.203253 225.737828 0.000000 14.000000 7.000000 6.000000 3.000000 1.000000 2.000000 4.000000 2.000000 6.000000 23.000000 7.000000 6.000000 
43.743908 236.875870 27.000000 4.000000 0.000000 6.000000 7.000000 4.000000 5.000000 2.000000 0.000000 1.000000 9.000000 5.000000 2.000000 
52.365028 5.365028 27.000000 9.000000 1.000000 7.000000 6.000000 3.000000 3.000000 5.000000 6.000000 2.000000 7.000000 1.000000 4.000000 
52.250460 13.279666 0.000000 8.000000 5.000000 13.000000 10.000000 3.000000 9.000000 4.000000 4.000000 4.000000 3.000000 6.000000 12.000000 
50.586825 22.951852 0.000000 10.000000 7.000000 4.000000 6.000000 4.000000 4.000000 3.000000 4.000000 6.000000 16.000000 10.000000 7.000000 
50.088164 27.751243 0.000000 9.000000 8.000000 9.000000 3.000000 2.000000 0.000000 2.000000 3.000000 7.000000 16.000000 10.000000 12.000000 
54.203716 36.536080 0.000000 4.000000 3.000000 5.000000 4.000000 3.000000 1.000000 5.000000 6.000000 5.000000 28.000000 11.000000 6.000000 
52.586825 48.951852 0.000000 9.000000 5.000000 2.000000 5.000000 1.000000 2.000000 1.000000 2.000000 7.000000 37.000000 6.000000 4.000000 
54.274709 53.786348 0.000000 7.000000 5.000000 7.000000 3.000000 4.000000 4.000000 3.000000 2.000000 6.000000 31.000000 6.000000 3.000000 
54.899456 61.465572 0.000000 3.000000 5.000000 7.000000 4.000000 7.000000 12.000000 6.000000 4.000000 8.000000 5.000000 14.000000 6.000000 
54.000000 67.184420 0.000000 1.000000 2.000000 8.000000 4.000000 4.000000 6.000000 10.000000 8.000000 4.000000 14.000000 12.000000 8.000000 
52.000000 78.948166 0.000000 8.000000 4.000000 5.000000 21.000000 5.000000 2.000000 4.000000 0.000000 3.000000 4.000000 14.000000 11.000000 
53.831863 82.657105 0.000000 3.000000 6.000000 9.000000 27.000000 7.000000 0.000000 1.000000 2.000000 2.000000 3.000000 12.000000 9.000000 
53.918669 87.990580 0.000000 9.000000 6.000000 7.000000 24.000000 6.000000 2.000000 0.000000 2.000000 2.000000 4.000000 8.000000 11.000000 
52.977484 99.199170 0.000000 6.000000 6.000000 9.000000 36.000000 4.000000 6.000000 2.000000 2.000000 3.000000 1.000000 4.000000 2.000000 
54.687440 104.365028 0.000000 8.000000 2.000000 6.000000 29.000000 6.000000 4.000000 2.000000 2.000000 3.000000 6.000000 3.000000 10.000000 
55.126605 115.459883 0.000000 14.000000 7.000000 5.000000 8.000000 2.000000 6.000000 2.000000 6.000000 6.000000 7.000000 10.000000 8.000000 
55.634008 124.483166 0.000000 14.000000 6.000000 4.000000 7.000000 2.000000 4.000000 6.000000 10.000000 5.000000 6.000000 8.000000 9.000000 
54.413175 135.951852 0.000000 6.000000 2.000000 3.000000 9.000000 3.000000 6.000000 1.000000 6.000000 6.000000 25.000000 4.000000 10.000000 
52.415071 141.880482 0.000000 5.000000 10.000000 8.000000 11.000000 4.000000 4.000000 1.000000 6.000000 5.000000 19.000000 6.000000 2.000000 
48.322413 152.687440 0.000000 5.000000 4.000000 2.000000 11.000000 4.000000 5.000000 3.000000 4.000000 2.000000 25.000000 9.000000 7.000000 
51.852973 158.901605 0.000000 11.000000 5.000000 6.000000 13.000000 4.000000 5.000000 6.000000 7.000000 5.000000 6.000000 4.000000 9.000000 
52.000000 164.948166 0.000000 9.000000 3.000000 10.000000 8.000000 5.000000 3.000000 3.000000 2.000000 7.000000 5.000000 10.000000 16.000000 
51.634972 171.799543 0.000000 9.000000 1.000000 7.000000 16.000000 5.000000 5.000000 0.000000 7.000000 3.000000 4.000000 8.000000 16.000000 
49.738214 180.300356 0.000000 8.000000 2.000000 3.000000 19.000000 6.000000 4.000000 2.000000 3.000000 1.000000 3.000000 13.000000 17.000000 
52.354980 187.687440 0.000000 22.000000 8.000000 3.000000 17.000000 4.000000 6.000000 1.000000 1.000000 2.000000 2.000000 8.000000 7.000000 
54.953136 195.306653 0.000000 21.000000 9.000000 4.000000 2.000000 6.000000 5.000000 7.000000 3.000000 2.000000 5.000000 12.000000 5.000000 
55.324836 200.030289 0.000000 13.000000 9.000000 4.000000 5.000000 4.000000 4.000000 4.000000 4.000000 4.000000 11.000000 16.000000 3.000000 
56.050988 210.589665 0.000000 5.000000 22.000000 10.000000 13.000000 5.000000 5.000000 1.000000 2.000000 1.000000 2.000000 7.000000 8.000000 
52.094314 218.367835 0.000000 3.000000 2.000000 4.000000 6.000000 7.000000 5.000000 7.000000 9.000000 7.000000 10.000000 11.000000 10.000000 
49.754003 229.144128 0.000000 21.000000 3.000000 5.000000 7.000000 5.000000 8.000000 7.000000 1.000000 4.000000 7.000000 7.000000 6.000000 
51.628964 237.002427 27.000000 11.000000 0.000000 1.000000 2.000000 1.000000 6.000000 3.000000 2.000000 5.000000 3.000000 3.000000 8.000000 
60.000000 5.324652 39.000000 15.000000 2.000000 1.000000 0.000000 3.000000 5.000000 6.000000 3.000000 3.000000 0.000000 0.000000 4.000000 
60.000000 13.324652 18.000000 10.000000 5.000000 4.000000 2.000000 5.000000 5.000000 8.000000 5.000000 5.000000 1.000000 4.000000 9.000000 
59.695004 21.977992 18.000000 2.000000 4.000000 5.000000 2.000000 2.000000 3.000000 8.000000 9.000000 12.000000 6.000000 5.000000 5.000000 
60.000000 29.324652 18.000000 10.000000 9.000000 4.000000 4.000000 5.000000 2.000000 5.000000 4.000000 5.000000 9.000000 3.000000 3.000000 
60.000000 37.324652 18.000000 2.000000 10.000000 8.000000 3.000000 3.000000 5.000000 7.000000 11.000000 8.000000 6.000000 0.000000 0.000000 
60.081518 46.929777 18.000000 8.000000 0.000000 0.000000 3.000000 0.000000 2.000000 2.000000 8.000000 5.000000 23.000000 5.000000 7.000000 
60.000000 53.324652 18.000000 10.000000 8.000000 7.000000 7.000000 3.000000 6.000000 2.000000 3.000000 2.000000 5.000000 6.000000 4.000000 
60.495226 61.819879 18.000000 7.000000 4.000000 14.000000 7.000000 4.000000 4.000000 1.000000 3.000000 0.000000 4.000000 8.000000 7.000000 
60.440812 68.883841 18.000000 7.000000 3.000000 10.000000 7.000000 3.000000 4.000000 4.000000 5.000000 2.000000 6.000000 7.000000 5.000000 
60.000000 78.054813 18.000000 9.000000 4.000000 5.000000 3.000000 4.000000 2.000000 4.000000 5.000000 6.000000 10.000000 6.000000 5.000000 
58.859783 85.000000 18.000000 6.000000 5.000000 7.000000 9.000000 3.000000 2.000000 4.000000 4.000000 5.000000 5.000000 5.000000 8.000000 
57.514416 91.810236 0.000000 4.000000 6.000000 9.000000 35.000000 7.000000 3.000000 1.000000 2.000000 1.000000 6.000000 3.000000 4.000000 
59.062398 101.026627 18.000000 4.000000 2.000000 1.000000 14.000000 4.000000 1.000000 3.000000 4.000000 5.000000 6.000000 12.000000 7.000000 
60.451303 108.029414 18.000000 10.000000 2.000000 1.000000 13.000000 5.000000 3.000000 5.000000 0.000000 1.000000 7.000000 7.000000 9.000000 
60.489431 117.324652 18.000000 14.000000 9.000000 5.000000 11.000000 1.000000 4.000000 4.000000 5.000000 3.000000 2.000000 1.000000 4.000000 
61.018591 124.846878 18.000000 16.000000 5.000000 4.000000 7.000000 4.000000 0.000000 3.000000 4.000000 2.000000 6.000000 3.000000 9.000000 
60.495226 134.735928 18.000000 5.000000 2.000000 1.000000 1.000000 3.000000 6.000000 9.000000 6.000000 1.000000 17.000000 5.000000 7.000000 
60.000000 141.324652 18.000000 1.000000 8.000000 5.000000 5.000000 9.000000 7.000000 14.000000 2.000000 1.000000 8.000000 1.000000 2.000000 
59.190538 150.108561 18.000000 7.000000 1.000000 3.000000 3.000000 8.000000 6.000000 11.000000 8.000000 6.000000 4.000000 3.000000 3.000000 
60.000000 157.324652 18.000000 5.000000 4.000000 6.000000 6.000000 0.000000 2.000000 12.000000 9.000000 9.000000 7.000000 1.000000 2.000000 
60.000000 165.324652 18.000000 2.000000 3.000000 10.000000 5.000000 4.000000 2.000000 9.000000 1.000000 5.000000 8.000000 4.000000 10.000000 
60.000000 173.324652 18.000000 6.000000 4.000000 5.000000 12.000000 4.000000 3.000000 5.000000 5.000000 2.000000 2.000000 5.000000 10.000000 
60.000000 181.324652 18.000000 9.000000 1.000000 4.000000 9.000000 8.000000 4.000000 5.000000 0.000000 3.000000 2.000000 11.000000 7.000000 
60.000000 189.324652 18.000000 6.000000 2.000000 6.000000 9.000000 4.000000 7.000000 6.000000 1.000000 3.000000 2.000000 10.000000 7.000000 
60.496632 197.324652 18.000000 22.000000 1.000000 9.000000 1.000000 0.000000 1.000000 3.000000 0.000000 3.000000 4.000000 14.000000 5.000000 
60.450502 204.054031 18.000000 6.000000 14.000000 7.000000 9.000000 4.000000 3.000000 2.000000 2.000000 3.000000 2.000000 8.000000 3.000000 
61.522923 212.828154 18.000000 2.000000 17.000000 8.000000 8.000000 4.000000 3.000000 3.000000 2.000000 2.000000 4.000000 4.000000 6.000000 
59.651831 220.976483 18.000000 4.000000 3.000000 6.000000 9.000000 4.000000 5.000000 3.000000 0.000000 2.000000 9.000000 12.000000 6.000000 
59.713734 228.890526 18.000000 4.000000 3.000000 4.000000 7.000000 4.000000 9.000000 9.000000 5.000000 2.000000 3.000000 4.000000 9.000000 
60.000000 236.000000 35.000000 1.000000 2.000000 5.000000 1.000000 2.000000 1.000000 6.000000 0.000000 3.000000 0.000000 4.000000 3.000000 
