240
5.000000 5.689680 39.000000 6.000000 1.000000 6.000000 4.000000 1.000000 1.000000 1.000000 1.000000 0.000000 1.000000 1.000000 1.000000 
4.627494 13.002240 27.000000 5.000000 5.000000 4.000000 3.000000 2.000000 1.000000 1.000000 1.000000 2.000000 0.000000 6.000000 6.000000 
4.000000 21.689680 27.000000 5.000000 7.000000 3.000000 0.000000 1.000000 1.000000 2.000000 4.000000 7.000000 3.000000 2.000000 1.000000 
4.000000 28.628719 27.000000 1.000000 2.000000 3.000000 3.000000 2.000000 1.000000 2.000000 2.000000 3.000000 8.000000 4.000000 5.000000 
4.608745 38.214749 27.000000 3.000000 2.000000 6.000000 4.000000 4.000000 0.000000 1.000000 0.000000 3.000000 5.000000 3.000000 5.000000 
4.620475 45.647065 27.000000 3.000000 3.000000 4.000000 4.000000 1.000000 2.000000 2.000000 3.000000 5.000000 5.000000 2.000000 2.000000 
3.583138 53.324652 27.000000 10.000000 7.000000 6.000000 6.000000 1.000000 0.000000 0.000000 0.000000 1.000000 4.000000 1.000000 0.000000 
3.586825 60.550827 27.000000 8.000000 4.000000 0.000000 9.000000 3.000000 0.000000 0.000000 0.000000 1.000000 8.000000 3.000000 0.000000 
3.586504 70.471194 27.000000 6.000000 3.000000 1.000000 8.000000 2.000000 2.000000 1.000000 1.000000 3.000000 3.000000 3.000000 3.000000 
3.586825 78.150748 27.000000 7.000000 3.000000 2.000000 7.000000 1.000000 2.000000 2.000000 1.000000 3.000000 0.000000 4.000000 4.000000 
3.583138 85.324652 27.000000 11.000000 2.000000 2.000000 2.000000 0.000000 4.000000 1.000000 3.000000 1.000000 3.000000 2.000000 5.000000 
3.182203 92.911477 27.000000 6.000000 5.000000 1.000000 5.000000 5.000000 5.000000 1.000000 0.000000 3.000000 0.000000 3.000000 2.000000 
4.000000 100.959625 27.000000 6.000000 5.000000 1.000000 4.000000 0.000000 3.000000 0.000000 4.000000 6.000000 4.000000 2.000000 1.000000 
3.583138 109.324652 27.000000 1.000000 7.000000 4.000000 2.000000 2.000000 3.000000 3.000000 2.000000 6.000000 4.000000 1.000000 1.000000 
4.598727 116.725926 27.000000 7.000000 3.000000 3.000000 0.000000 0.000000 0.000000 7.000000 3.000000 4.000000 2.000000 1.000000 6.000000 
2.123783 125.855237 27.000000 7.000000 3.000000 5.000000 4.000000 2.000000 3.000000 4.000000 2.000000 1.000000 1.000000 1.000000 3.000000 
3.177463 132.502115 27.000000 5.000000 1.000000 1.000000 1.000000 3.000000 4.000000 1.000000 3.000000 2.000000 5.000000 5.000000 5.000000 
3.189096 139.778315 27.000000 4.000000 3.000000 5.000000 7.000000 1.000000 4.000000 2.000000 3.000000 1.000000 1.000000 1.000000 4.000000 
4.000000 148.613762 27.000000 7.000000 7.000000 2.000000 3.000000 1.000000 1.000000 0.000000 3.000000 5.000000 4.000000 3.000000 0.000000 
4.000000 157.689680 27.000000 6.000000 2.000000 2.000000 5.000000 1.000000 4.000000 1.000000 2.000000 3.000000 4.000000 4.000000 2.000000 
4.324652 165.324652 27.000000 8.000000 5.000000 1.000000 0.000000 2.000000 3.000000 1.000000 0.000000 4.000000 5.000000 4.000000 3.000000 
4.322413 173.002240 27.000000 10.000000 3.000000 1.000000 0.000000 3.000000 3.000000 4.000000 1.000000 4.000000 3.000000 2.000000 2.000000 
4.324652 181.324652 27.000000 4.000000 2.000000 5.000000 3.000000 5.000000 6.000000 3.000000 2.000000 0.000000 3.000000 1.000000 2.000000 
4.322413 189.969294 27.000000 4.000000 2.000000 1.000000 8.000000 1.000000 3.000000 1.000000 1.000000 1.000000 3.000000 7.000000 4.000000 
4.322413 197.955282 27.000000 3.000000 2.000000 0.000000 3.000000 2.000000 4.000000 4.000000 3.000000 2.000000 2.000000 6.000000 5.000000 
3.609497 204.289324 27.000000 5.000000 3.000000 3.000000 1.000000 2.000000 3.000000 7.000000 6.000000 4.000000 0.000000 1.000000 1.000000 
4.299499 212.338910 27.000000 6.000000 1.000000 5.000000 2.000000 3.000000 4.000000 4.000000 2.000000 0.000000 4.000000 3.000000 2.000000 
3.153599 220.911477 27.000000 12.000000 3.000000 2.000000 3.000000 0.000000 2.000000 1.000000 4.000000 1.000000 4.000000 3.000000 1.000000 
3.951852 229.806098 27.000000 7.000000 3.000000 3.000000 3.000000 2.000000 3.000000 1.000000 2.000000 0.000000 6.000000 2.000000 4.000000 
5.000000 236.365028 36.000000 5.000000 7.000000 1.000000 1.000000 0.000000 1.000000 1.000000 0.000000 1.000000 0.000000 0.000000 3.000000 
12.881187 4.951852 27.000000 9.000000 1.000000 6.000000 5.000000 0.000000 0.000000 2.000000 5.000000 4.000000 10.000000 3.000000 9.000000 
13.069830 10.986853 0.000000 16.000000 7.000000 3.000000 4.000000 3.000000 8.000000 7.000000 6.000000 8.000000 10.000000 3.000000 6.000000 
11.427175 19.687691 0.000000 8.000000 16.000000 11.000000 3.000000 1.000000 3.000000 2.000000 1.000000 6.000000 17.000000 9.000000 4.000000 
12.569616 26.403234 0.000000 5.000000 9.000000 5.000000 1.000000 3.000000 2.000000 3.000000 6.000000 8.000000 23.000000 9.000000 7.000000 
14.702147 38.957385 0.000000 10.000000 4.000000 6.000000 10.000000 4.000000 5.000000 1.000000 2.000000 7.000000 17.000000 4.000000 11.000000 
14.260363 44.881530 0.000000 8.000000 3.000000 7.000000 10.000000 7.000000 4.000000 5.000000 6.000000 8.000000 10.000000 7.000000 6.000000 
11.312874 50.851308 0.000000 19.000000 15.000000 6.000000 7.000000 8.000000 4.000000 3.000000 2.000000 5.000000 5.000000 5.000000 2.000000 
11.081873 58.747913 0.000000 25.000000 6.000000 0.000000 4.000000 4.000000 3.000000 3.000000 6.000000 8.000000 11.000000 7.000000 4.000000 
11.525183 72.262927 0.000000 21.000000 6.000000 6.000000 8.000000 3.000000 3.000000 4.000000 0.000000 5.000000 10.000000 5.000000 10.000000 
7.779683 79.219905 0.000000 31.000000 6.000000 5.000000 20.000000 3.000000 3.000000 1.000000 1.000000 1.000000 0.000000 3.000000 7.000000 
7.638390 84.544035 0.000000 37.000000 5.000000 3.000000 5.000000 1.000000 3.000000 2.000000 3.000000 1.000000 15.000000 3.000000 3.000000 
9.490080 89.201494 0.000000 20.000000 11.000000 6.000000 8.000000 3.000000 5.000000 4.000000 4.000000 7.000000 5.000000 3.000000 5.000000 
12.085942 98.937836 0.000000 11.000000 9.000000 10.000000 8.000000 2.000000 5.000000 5.000000 9.000000 8.000000 6.000000 5.000000 3.000000 
12.491138 107.693653 0.000000 3.000000 6.000000 13.000000 15.000000 1.000000 7.000000 4.000000 1.000000 9.000000 9.000000 6.000000 7.000000 
13.848678 113.434246 0.000000 5.000000 5.000000 7.000000 7.000000 3.000000 3.000000 3.000000 0.000000 7.000000 18.000000 10.000000 13.000000 
7.701728 124.479235 0.000000 15.000000 9.000000 10.000000 11.000000 3.000000 4.000000 6.000000 4.000000 2.000000 6.000000 7.000000 4.000000 
8.429989 128.954004 0.000000 18.000000 4.000000 2.000000 6.000000 12.000000 9.000000 8.000000 4.000000 4.000000 5.000000 6.000000 3.000000 
10.322413 135.848571 0.000000 13.000000 4.000000 4.000000 9.000000 8.000000 6.000000 4.000000 3.000000 5.000000 5.000000 10.000000 10.000000 
11.683687 145.339688 0.000000 1.000000 9.000000 14.000000 14.000000 8.000000 5.000000 6.000000 4.000000 5.000000 7.000000 4.000000 4.000000 
10.468468 156.831828 0.000000 13.000000 7.000000 3.000000 4.000000 2.000000 3.000000 4.000000 4.000000 2.000000 25.000000 7.000000 7.000000 
12.996313 163.586825 0.000000 16.000000 9.000000 8.000000 13.000000 5.000000 7.000000 4.000000 2.000000 3.000000 3.000000 2.000000 9.000000 
14.052791 171.322413 0.000000 9.000000 21.000000 7.000000 8.000000 3.000000 7.000000 5.000000 4.000000 6.000000 2.000000 4.000000 5.000000 
12.349785 180.595852 0.000000 9.000000 4.000000 3.000000 2.000000 7.000000 8.000000 8.000000 8.000000 11.000000 9.000000 8.000000 4.000000 
13.322413 191.059468 0.000000 22.000000 2.000000 0.000000 4.000000 3.000000 3.000000 7.000000 5.000000 6.000000 9.000000 11.000000 9.000000 
12.637007 196.486004 0.000000 20.000000 5.000000 1.000000 15.000000 4.000000 7.000000 4.000000 3.000000 3.000000 2.000000 4.000000 13.000000 
10.730422 200.442021 0.000000 12.000000 9.000000 5.000000 14.000000 4.000000 5.000000 5.000000 1.000000 4.000000 6.000000 5.000000 11.000000 
11.514974 208.256086 0.000000 13.000000 3.000000 4.000000 2.000000 4.000000 4.000000 5.000000 4.000000 7.000000 16.000000 7.000000 12.000000 
10.000000 218.986379 0.000000 21.000000 2.000000 12.000000 6.000000 2.000000 1.000000 3.000000 4.000000 2.000000 10.000000 5.000000 13.000000 
11.322413 230.647065 0.000000 21.000000 7.000000 6.000000 0.000000 7.000000 3.000000 7.000000 3.000000 4.000000 11.000000 3.000000 9.000000 
12.000000 237.795012 27.000000 12.000000 6.000000 4.000000 1.000000 2.000000 0.000000 3.000000 1.000000 0.000000 3.000000 4.000000 9.000000 
19.032160 4.864292 27.000000 13.000000 3.000000 3.000000 9.000000 1.000000 3.000000 3.000000 5.000000 3.000000 1.000000 5.000000 5.000000 
17.255254 10.221797 0.000000 23.000000 7.000000 7.000000 11.000000 3.000000 5.000000 3.000000 4.000000 3.000000 2.000000 4.000000 9.000000 
17.586825 19.626089 0.000000 6.000000 7.000000 7.000000 5.000000 4.000000 1.000000 1.000000 3.000000 7.000000 15.000000 14.000000 11.000000 
19.959782 26.216483 0.000000 14.000000 6.000000 7.000000 17.000000 3.000000 6.000000 4.000000 2.000000 7.000000 2.000000 3.000000 10.000000 
21.979751 36.041923 0.000000 13.000000 5.000000 8.000000 9.000000 7.000000 2.000000 4.000000 3.000000 6.000000 10.000000 7.000000 7.000000 
21.996313 41.586825 0.000000 12.000000 8.000000 8.000000 11.000000 5.000000 2.000000 3.000000 2.000000 4.000000 9.000000 7.000000 10.000000 
21.658838 51.071217 0.000000 11.000000 9.000000 5.000000 5.000000 2.000000 1.000000 4.000000 1.000000 5.000000 10.000000 15.000000 13.000000 
21.498834 60.325660 0.000000 12.000000 7.000000 5.000000 24.000000 3.000000 2.000000 10.000000 1.000000 2.000000 2.000000 4.000000 9.000000 
21.358066 70.248542 0.000000 11.000000 3.000000 13.000000 14.000000 7.000000 3.000000 5.000000 3.000000 2.000000 7.000000 5.000000 8.000000 
11.214493 78.093567 0.000000 30.000000 3.000000 4.000000 18.000000 3.000000 5.000000 2.000000 4.000000 0.000000 5.000000 2.000000 5.000000 
12.068712 83.620828 0.000000 26.000000 4.000000 4.000000 9.000000 1.000000 3.000000 2.000000 4.000000 2.000000 17.000000 5.000000 4.000000 
18.535141 86.576485 0.000000 1.000000 2.000000 1.000000 19.000000 11.000000 5.000000 3.000000 2.000000 5.000000 11.000000 12.000000 9.000000 
23.681329 99.900764 0.000000 17.000000 8.000000 5.000000 8.000000 2.000000 4.000000 4.000000 5.000000 8.000000 12.000000 5.000000 3.000000 
22.831680 110.025802 0.000000 3.000000 6.000000 6.000000 20.000000 5.000000 1.000000 0.000000 7.000000 9.000000 14.000000 5.000000 5.000000 
23.186469 114.322413 0.000000 11.000000 8.000000 5.000000 12.000000 5.000000 5.000000 1.000000 3.000000 8.000000 12.000000 6.000000 5.000000 
22.546152 125.489025 0.000000 9.000000 10.000000 3.000000 6.000000 3.000000 7.000000 4.000000 6.000000 5.000000 10.000000 11.000000 7.000000 
22.204123 133.132012 0.000000 7.000000 12.000000 3.000000 9.000000 3.000000 4.000000 10.000000 9.000000 2.000000 12.000000 4.000000 6.000000 
20.583138 141.096806 0.000000 10.000000 17.000000 7.000000 3.000000 4.000000 3.000000 3.000000 5.000000 6.000000 6.000000 7.000000 10.000000 
18.630147 147.997872 0.000000 5.000000 8.000000 10.000000 3.000000 6.000000 6.000000 6.000000 6.000000 4.000000 8.000000 8.000000 11.000000 
16.305742 157.196764 0.000000 9.000000 7.000000 9.000000 9.000000 2.000000 2.000000 5.000000 3.000000 4.000000 18.000000 6.000000 7.000000 
18.641291 165.388270 0.000000 11.000000 5.000000 6.000000 7.000000 4.000000 4.000000 8.000000 1.000000 7.000000 13.000000 7.000000 8.000000 
21.261960 172.634972 0.000000 12.000000 8.000000 9.000000 8.000000 1.000000 1.000000 4.000000 2.000000 5.000000 16.000000 9.000000 6.000000 
17.586825 179.911477 0.000000 11.000000 4.000000 5.000000 9.000000 4.000000 5.000000 10.000000 6.000000 1.000000 4.000000 14.000000 8.000000 
20.073222 189.773344 0.000000 6.000000 11.000000 4.000000 20.000000 2.000000 2.000000 7.000000 6.000000 9.000000 6.000000 6.000000 2.000000 
20.441094 196.639514 0.000000 11.000000 10.000000 4.000000 7.000000 2.000000 2.000000 1.000000 5.000000 9.000000 18.000000 4.000000 8.000000 
17.654324 206.550616 0.000000 5.000000 6.000000 6.000000 24.000000 8.000000 4.000000 2.000000 5.000000 7.000000 7.000000 4.000000 3.000000 
19.789044 209.552846 0.000000 2.000000 4.000000 5.000000 27.000000 11.000000 5.000000 7.000000 5.000000 6.000000 4.000000 2.000000 3.000000 
20.482817 220.364329 0.000000 11.000000 8.000000 6.000000 2.000000 6.000000 10.000000 9.000000 4.000000 6.000000 8.000000 4.000000 7.000000 
21.000000 229.986211 0.000000 11.000000 5.000000 9.000000 10.000000 4.000000 1.000000 1.000000 5.000000 9.000000 19.000000 3.000000 4.000000 
20.000000 237.365028 27.000000 7.000000 3.000000 1.000000 3.000000 1.000000 2.000000 6.000000 4.000000 2.000000 5.000000 3.000000 8.000000 
28.000000 4.948166 27.000000 9.000000 1.000000 5.000000 7.000000 2.000000 6.000000 3.000000 6.000000 5.000000 1.000000 4.000000 5.000000 
28.007697 11.901020 0.000000 11.000000 12.000000 6.000000 11.000000 5.000000 5.000000 5.000000 7.000000 5.000000 4.000000 6.000000 4.000000 
27.365028 22.365028 0.000000 12.000000 12.000000 5.000000 4.000000 1.000000 5.000000 6.000000 5.000000 5.000000 4.000000 6.000000 16.000000 
28.693656 28.902671 0.000000 10.000000 8.000000 4.000000 10.000000 6.000000 7.000000 4.000000 4.000000 4.000000 10.000000 6.000000 8.000000 
29.221797 38.586825 0.000000 17.000000 10.000000 14.000000 3.000000 1.000000 2.000000 3.000000 5.000000 4.000000 5.000000 9.000000 8.000000 
28.927340 45.323958 0.000000 11.000000 8.000000 9.000000 0.000000 1.000000 4.000000 6.000000 9.000000 9.000000 17.000000 4.000000 3.000000 
27.634972 52.634972 0.000000 19.000000 11.000000 12.000000 1.000000 4.000000 5.000000 7.000000 2.000000 6.000000 4.000000 3.000000 7.000000 
26.215168 59.996313 0.000000 6.000000 3.000000 5.000000 8.000000 7.000000 7.000000 15.000000 11.000000 5.000000 3.000000 6.000000 5.000000 
29.136176 68.046878 0.000000 15.000000 3.000000 3.000000 1.000000 2.000000 2.000000 4.000000 11.000000 8.000000 12.000000 7.000000 13.000000 
24.538414 75.570435 0.000000 17.000000 8.000000 10.000000 21.000000 6.000000 4.000000 0.000000 1.000000 1.000000 4.000000 5.000000 4.000000 
26.088181 83.965233 0.000000 13.000000 11.000000 8.000000 3.000000 2.000000 2.000000 3.000000 2.000000 5.000000 16.000000 9.000000 7.000000 
29.053423 90.679724 0.000000 2.000000 4.000000 5.000000 12.000000 6.000000 3.000000 5.000000 7.000000 11.000000 5.000000 11.000000 10.000000 
29.510030 98.402536 0.000000 12.000000 8.000000 3.000000 3.000000 3.000000 5.000000 6.000000 3.000000 10.000000 10.000000 11.000000 7.000000 
26.180788 109.454185 0.000000 4.000000 8.000000 4.000000 23.000000 8.000000 2.000000 7.000000 3.000000 2.000000 2.000000 8.000000 10.000000 
28.425233 116.849498 0.000000 20.000000 4.000000 1.000000 12.000000 8.000000 3.000000 4.000000 1.000000 5.000000 3.000000 10.000000 10.000000 
30.318419 124.974891 0.000000 20.000000 3.000000 0.000000 16.000000 7.000000 5.000000 3.000000 5.000000 5.000000 8.000000 4.000000 5.000000 
28.453892 134.463656 0.000000 21.000000 9.000000 5.000000 3.000000 4.000000 5.000000 7.000000 6.000000 5.000000 7.000000 2.000000 7.000000 
27.451637 141.395310 0.000000 9.000000 20.000000 10.000000 5.000000 3.000000 11.000000 4.000000 0.000000 2.000000 7.000000 3.000000 7.000000 
29.509485 152.158211 0.000000 13.000000 7.000000 5.000000 8.000000 9.000000 4.000000 10.000000 1.000000 6.000000 7.000000 7.000000 4.000000 
31.000000 162.134001 0.000000 9.000000 3.000000 2.000000 3.000000 3.000000 4.000000 7.000000 3.000000 9.000000 21.000000 6.000000 11.000000 
27.807193 166.342397 0.000000 7.000000 6.000000 6.000000 13.000000 4.000000 3.000000 2.000000 2.000000 3.000000 20.000000 5.000000 10.000000 
28.627403 170.831252 0.000000 8.000000 8.000000 6.000000 5.000000 3.000000 3.000000 4.000000 4.000000 3.000000 22.000000 6.000000 9.000000 
27.026413 180.360748 0.000000 12.000000 13.000000 8.000000 10.000000 5.000000 6.000000 6.000000 2.000000 5.000000 4.000000 3.000000 7.000000 
28.620561 189.203699 0.000000 13.000000 12.000000 9.000000 5.000000 4.000000 3.000000 3.000000 2.000000 5.000000 12.000000 5.000000 8.000000 
28.908222 195.263397 0.000000 7.000000 10.000000 10.000000 8.000000 5.000000 3.000000 5.000000 4.000000 3.000000 12.000000 7.000000 7.000000 
30.892021 202.726698 0.000000 4.000000 4.000000 7.000000 7.000000 4.000000 4.000000 3.000000 5.000000 6.000000 24.000000 7.000000 6.000000 
30.070272 207.054548 0.000000 8.000000 3.000000 2.000000 6.000000 4.000000 3.000000 3.000000 4.000000 7.000000 26.000000 10.000000 5.000000 
28.486465 222.153275 0.000000 9.000000 2.000000 9.000000 6.000000 6.000000 6.000000 8.000000 6.000000 4.000000 9.000000 4.000000 12.000000 
27.583138 229.756450 0.000000 8.000000 5.000000 4.000000 6.000000 5.000000 2.000000 4.000000 10.000000 11.000000 13.000000 4.000000 9.000000 
28.000000 237.365028 27.000000 8.000000 8.000000 1.000000 5.000000 4.000000 4.000000 1.000000 0.000000 2.000000 3.000000 3.000000 6.000000 
36.695138 5.687440 27.000000 13.000000 8.000000 10.000000 0.000000 1.000000 1.000000 3.000000 0.000000 5.000000 4.000000 3.000000 6.000000 
38.715250 12.934055 0.000000 4.000000 7.000000 5.000000 6.000000 3.000000 7.000000 8.000000 7.000000 6.000000 14.000000 12.000000 2.000000 
34.629731 22.026907 0.000000 8.000000 11.000000 6.000000 10.000000 2.000000 5.000000 4.000000 7.000000 6.000000 12.000000 6.000000 4.000000 
34.441456 27.094279 0.000000 15.000000 7.000000 2.000000 7.000000 1.000000 0.000000 3.000000 9.000000 5.000000 16.000000 7.000000 9.000000 
36.424414 36.424414 0.000000 14.000000 14.000000 13.000000 8.000000 6.000000 4.000000 4.000000 1.000000 2.000000 3.000000 5.000000 7.000000 
37.110564 44.693702 0.000000 5.000000 2.000000 3.000000 10.000000 6.000000 2.000000 1.000000 0.000000 4.000000 32.000000 7.000000 9.000000 
35.822214 52.115317 0.000000 17.000000 10.000000 10.000000 2.000000 1.000000 1.000000 4.000000 1.000000 3.000000 13.000000 8.000000 11.000000 
34.689999 62.055026 0.000000 1.000000 5.000000 8.000000 22.000000 1.000000 4.000000 3.000000 9.000000 6.000000 11.000000 5.000000 6.000000 
37.909237 68.821260 0.000000 4.000000 5.000000 16.000000 16.000000 0.000000 3.000000 2.000000 0.000000 6.000000 11.000000 11.000000 7.000000 
34.634972 74.365028 0.000000 7.000000 6.000000 10.000000 3.000000 7.000000 4.000000 5.000000 2.000000 9.000000 14.000000 8.000000 6.000000 
35.019369 82.353241 0.000000 7.000000 11.000000 10.000000 7.000000 5.000000 6.000000 7.000000 2.000000 6.000000 5.000000 11.000000 4.000000 
35.425808 91.268446 0.000000 9.000000 3.000000 3.000000 18.000000 9.000000 4.000000 4.000000 2.000000 5.000000 5.000000 4.000000 15.000000 
35.810053 96.554975 0.000000 8.000000 4.000000 1.000000 16.000000 9.000000 4.000000 4.000000 4.000000 6.000000 4.000000 9.000000 12.000000 
38.605149 105.578839 0.000000 18.000000 7.000000 7.000000 8.000000 4.000000 8.000000 8.000000 6.000000 3.000000 4.000000 1.000000 7.000000 
38.921205 117.443822 0.000000 16.000000 6.000000 1.000000 10.000000 4.000000 4.000000 3.000000 8.000000 4.000000 12.000000 5.000000 8.000000 
36.919752 122.682006 0.000000 16.000000 3.000000 2.000000 9.000000 4.000000 1.000000 4.000000 6.000000 8.000000 16.000000 4.000000 8.000000 
34.950514 131.811553 0.000000 19.000000 10.000000 1.000000 9.000000 3.000000 7.000000 0.000000 7.000000 6.000000 13.000000 2.000000 4.000000 
35.919835 139.810978 0.000000 9.000000 14.000000 6.000000 8.000000 6.000000 5.000000 3.000000 5.000000 3.000000 11.000000 7.000000 4.000000 
36.566093 146.778599 0.000000 9.000000 7.000000 4.000000 7.000000 6.000000 10.000000 4.000000 4.000000 3.000000 16.000000 5.000000 6.000000 
36.496437 157.427171 0.000000 9.000000 6.000000 2.000000 6.000000 8.000000 2.000000 9.000000 2.000000 5.000000 19.000000 7.000000 6.000000 
34.618047 161.744086 0.000000 12.000000 5.000000 4.000000 9.000000 6.000000 3.000000 6.000000 2.000000 7.000000 17.000000 1.000000 9.000000 
37.093690 171.570717 0.000000 16.000000 7.000000 6.000000 6.000000 7.000000 7.000000 8.000000 2.000000 0.000000 10.000000 8.000000 4.000000 
38.370418 184.359633 0.000000 8.000000 9.000000 3.000000 11.000000 0.000000 3.000000 9.000000 0.000000 3.000000 22.000000 8.000000 5.000000 
37.430243 189.663051 0.000000 6.000000 9.000000 5.000000 12.000000 0.000000 6.000000 6.000000 4.000000 6.000000 18.000000 5.000000 4.000000 
36.169790 195.026027 0.000000 5.000000 12.000000 10.000000 6.000000 3.000000 4.000000 3.000000 11.000000 11.000000 7.000000 5.000000 4.000000 
34.399735 203.925808 0.000000 2.000000 1.000000 3.000000 16.000000 2.000000 6.000000 1.000000 4.000000 4.000000 27.000000 8.000000 7.000000 
34.219771 210.815885 0.000000 11.000000 7.000000 6.000000 18.000000 5.000000 8.000000 5.000000 5.000000 4.000000 3.000000 3.000000 6.000000 
36.684365 221.763884 0.000000 7.000000 7.000000 13.000000 9.000000 6.000000 2.000000 4.000000 4.000000 5.000000 9.000000 3.000000 12.000000 
35.602048 228.324652 0.000000 16.000000 13.000000 6.000000 5.000000 2.000000 4.000000 6.000000 6.000000 5.000000 9.000000 6.000000 3.000000 
36.000000 237.365028 27.000000 10.000000 1.000000 3.000000 1.000000 2.000000 1.000000 3.000000 1.000000 2.000000 8.000000 6.000000 7.000000 
44.790471 4.939585 27.000000 11.000000 7.000000 3.000000 1.000000 6.000000 1.000000 1.000000 4.000000 4.000000 5.000000 5.000000 6.000000 
45.456730 12.344508 0.000000 11.000000 8.000000 2.000000 7.000000 5.000000 7.000000 9.000000 3.000000 4.000000 11.000000 11.000000 3.000000 
43.350409 24.818293 0.000000 15.000000 12.000000 7.000000 7.000000 3.000000 6.000000 2.000000 1.000000 4.000000 8.000000 5.000000 11.000000 
48.319725 33.662223 0.000000 2.000000 6.000000 4.000000 4.000000 2.000000 4.000000 0.000000 3.000000 8.000000 26.000000 10.000000 12.000000 
43.185491 37.197900 0.000000 8.000000 5.000000 7.000000 7.000000 4.000000 3.000000 3.000000 4.000000 4.000000 20.000000 8.000000 8.000000 
42.570021 42.647065 0.000000 0.000000 2.000000 6.000000 8.000000 2.000000 9.000000 4.000000 3.000000 4.000000 34.000000 4.000000 5.000000 
44.054828 52.402174 0.000000 15.000000 2.000000 7.000000 4.000000 4.000000 6.000000 19.000000 4.000000 3.000000 3.000000 8.000000 6.000000 
43.706068 60.173650 0.000000 9.000000 4.000000 10.000000 5.000000 5.000000 3.000000 15.000000 9.000000 1.000000 8.000000 8.000000 4.000000 
45.709756 68.383794 0.000000 7.000000 1.000000 7.000000 12.000000 3.000000 3.000000 12.000000 8.000000 14.000000 6.000000 5.000000 3.000000 
44.707698 72.821351 0.000000 0.000000 9.000000 9.000000 29.000000 7.000000 3.000000 1.000000 8.000000 8.000000 3.000000 2.000000 2.000000 
43.710563 77.912873 0.000000 2.000000 8.000000 12.000000 28.000000 5.000000 2.000000 1.000000 6.000000 5.000000 6.000000 5.000000 1.000000 
44.420018 89.036021 0.000000 23.000000 7.000000 12.000000 6.000000 2.000000 2.000000 1.000000 1.000000 2.000000 14.000000 8.000000 3.000000 
42.886692 98.700277 0.000000 14.000000 2.000000 2.000000 8.000000 9.000000 9.000000 10.000000 3.000000 6.000000 9.000000 3.000000 6.000000 
46.002058 106.324652 0.000000 14.000000 4.000000 6.000000 7.000000 5.000000 5.000000 8.000000 2.000000 7.000000 6.000000 10.000000 7.000000 
44.103856 117.166941 0.000000 17.000000 4.000000 8.000000 7.000000 5.000000 4.000000 4.000000 3.000000 2.000000 11.000000 6.000000 10.000000 
47.091452 123.601864 0.000000 9.000000 4.000000 7.000000 7.000000 6.000000 5.000000 7.000000 2.000000 6.000000 17.000000 3.000000 8.000000 
48.757190 129.553555 0.000000 7.000000 6.000000 3.000000 6.000000 3.000000 4.000000 4.000000 2.000000 7.000000 18.000000 12.000000 9.000000 
41.428210 141.622065 0.000000 10.000000 8.000000 9.000000 6.000000 3.000000 1.000000 4.000000 8.000000 4.000000 20.000000 3.000000 5.000000 
41.735588 146.219620 0.000000 10.000000 8.000000 6.000000 7.000000 1.000000 1.000000 4.000000 7.000000 4.000000 21.000000 2.000000 10.000000 
43.882554 153.377749 0.000000 6.000000 3.000000 7.000000 10.000000 12.000000 5.000000 4.000000 7.000000 7.000000 6.000000 6.000000 8.000000 
46.477098 162.586825 0.000000 14.000000 4.000000 4.000000 9.000000 4.000000 3.000000 1.000000 1.000000 1.000000 17.000000 10.000000 13.000000 
42.251475 170.712632 0.000000 26.000000 4.000000 10.000000 3.000000 1.000000 4.000000 0.000000 2.000000 0.000000 12.000000 8.000000 11.000000 
43.768430 177.438238 0.000000 22.000000 8.000000 9.000000 3.000000 3.000000 6.000000 3.000000 6.000000 4.000000 4.000000 9.000000 4.000000 
40.938583 186.409759 0.000000 6.000000 12.000000 11.000000 4.000000 0.000000 2.000000 6.000000 5.000000 5.000000 20.000000 4.000000 6.000000 
41.677587 197.012093 0.000000 9.000000 9.000000 6.000000 16.000000 4.000000 6.000000 5.000000 7.000000 5.000000 9.000000 3.000000 2.000000 
42.354118 207.605076 0.000000 12.000000 6.000000 7.000000 6.000000 4.000000 3.000000 2.000000 1.000000 1.000000 14.000000 17.000000 8.000000 
42.317175 217.355975 0.000000 8.000000 3.000000 9.000000 18.000000 5.000000 3.000000 3.000000 5.000000 5.000000 7.000000 5.000000 10.000000 
45.303507 222.571944 0.000000 20.000000 5.000000 7.000000 9.000000 7.000000 4.000000 7.000000 2.000000 1.000000 4.000000 7.000000 8.000000 
45.077404 227.818918 0.000000 19.000000 3.000000 2.000000 16.000000 4.000000 1.000000 7.000000 5.000000 2.000000 4.000000 6.000000 12.000000 
44.317511 237.365028 27.000000 17.000000 3.000000 2.000000 4.000000 1.000000 0.000000 5.000000 3.000000 1.000000 4.000000 1.000000 4.000000 
51.677587 5.687440 27.000000 11.000000 4.000000 4.000000 6.000000 2.000000 3.000000 1.000000 2.000000 3.000000 6.000000 7.000000 5.000000 
51.484044 13.515716 0.000000 20.000000 3.000000 1.000000 8.000000 4.000000 4.000000 2.000000 6.000000 6.000000 11.000000 8.000000 8.000000 
52.625983 22.991011 0.000000 2.000000 7.000000 13.000000 18.000000 5.000000 4.000000 4.000000 2.000000 5.000000 4.000000 8.000000 9.000000 
53.188426 31.910881 0.000000 6.000000 2.000000 4.000000 5.000000 1.000000 3.000000 3.000000 5.000000 9.000000 22.000000 10.000000 11.000000 
47.617407 33.687440 0.000000 2.000000 7.000000 3.000000 4.000000 0.000000 4.000000 1.000000 3.000000 9.000000 28.000000 9.000000 11.000000 
53.760591 44.208794 0.000000 3.000000 3.000000 6.000000 10.000000 2.000000 3.000000 1.000000 4.000000 4.000000 23.000000 12.000000 10.000000 
52.586825 49.951852 0.000000 15.000000 4.000000 3.000000 6.000000 0.000000 0.000000 0.000000 1.000000 2.000000 18.000000 16.000000 16.000000 
51.322413 59.664302 0.000000 2.000000 9.000000 11.000000 14.000000 2.000000 2.000000 3.000000 2.000000 2.000000 22.000000 7.000000 5.000000 
54.485670 68.879357 0.000000 5.000000 9.000000 7.000000 36.000000 7.000000 2.000000 3.000000 2.000000 2.000000 5.000000 1.000000 2.000000 
54.677587 73.687440 0.000000 2.000000 4.000000 7.000000 24.000000 3.000000 8.000000 2.000000 2.000000 4.000000 16.000000 5.000000 4.000000 
52.281518 80.940703 0.000000 3.000000 6.000000 7.000000 26.000000 7.000000 8.000000 1.000000 3.000000 3.000000 9.000000 6.000000 2.000000 
52.920939 88.280748 0.000000 9.000000 7.000000 7.000000 18.000000 5.000000 6.000000 4.000000 3.000000 1.000000 3.000000 5.000000 13.000000 
51.002770 98.862003 0.000000 10.000000 4.000000 5.000000 15.000000 8.000000 6.000000 4.000000 9.000000 6.000000 7.000000 0.000000 7.000000 
54.586825 107.951852 0.000000 11.000000 9.000000 8.000000 9.000000 4.000000 6.000000 8.000000 6.000000 3.000000 7.000000 7.000000 3.000000 
52.644079 115.626792 0.000000 17.000000 3.000000 2.000000 4.000000 2.000000 3.000000 1.000000 5.000000 4.000000 20.000000 9.000000 11.000000 
56.048359 125.285862 0.000000 16.000000 6.000000 7.000000 9.000000 4.000000 6.000000 8.000000 3.000000 7.000000 6.000000 2.000000 7.000000 
56.175280 132.967099 0.000000 11.000000 10.000000 14.000000 9.000000 7.000000 5.000000 5.000000 1.000000 2.000000 1.000000 7.000000 9.000000 
51.569622 142.791897 0.000000 7.000000 9.000000 7.000000 6.000000 6.000000 3.000000 5.000000 4.000000 4.000000 18.000000 6.000000 6.000000 
51.387582 149.431312 0.000000 19.000000 8.000000 9.000000 3.000000 3.000000 4.000000 3.000000 3.000000 4.000000 4.000000 10.000000 11.000000 
49.365028 154.365028 0.000000 7.000000 8.000000 6.000000 16.000000 9.000000 1.000000 2.000000 1.000000 9.000000 7.000000 5.000000 10.000000 
52.574278 163.499830 0.000000 18.000000 3.000000 4.000000 13.000000 7.000000 3.000000 2.000000 4.000000 3.000000 9.000000 4.000000 11.000000 
48.365329 172.067487 0.000000 25.000000 6.000000 14.000000 5.000000 3.000000 4.000000 2.000000 1.000000 0.000000 2.000000 7.000000 12.000000 
48.677587 178.182252 0.000000 16.000000 3.000000 9.000000 2.000000 7.000000 4.000000 4.000000 3.000000 2.000000 15.000000 8.000000 8.000000 
50.235120 188.924800 0.000000 8.000000 15.000000 23.000000 7.000000 2.000000 2.000000 3.000000 5.000000 4.000000 0.000000 7.000000 5.000000 
51.726477 197.753931 0.000000 3.000000 6.000000 9.000000 5.000000 1.000000 7.000000 4.000000 4.000000 6.000000 29.000000 6.000000 1.000000 
51.967276 207.132102 0.000000 5.000000 7.000000 9.000000 13.000000 16.000000 5.000000 2.000000 2.000000 6.000000 1.000000 10.000000 5.000000 
52.000000 215.016753 0.000000 8.000000 2.000000 2.000000 4.000000 6.000000 4.000000 3.000000 6.000000 7.000000 13.000000 10.000000 16.000000 
51.234521 220.459645 0.000000 8.000000 4.000000 6.000000 13.000000 7.000000 5.000000 4.000000 6.000000 5.000000 11.000000 2.000000 10.000000 
50.000000 227.689680 0.000000 23.000000 3.000000 5.000000 5.000000 3.000000 3.000000 4.000000 4.000000 5.000000 9.000000 5.000000 12.000000 
51.709161 236.711588 27.000000 6.000000 2.000000 3.000000 10.000000 4.000000 3.000000 3.000000 1.000000 1.000000 0.000000 1.000000 11.000000 
60.000000 5.324652 39.000000 9.000000 0.000000 0.000000 5.000000 2.000000 1.000000 3.000000 3.000000 3.000000 5.000000 2.000000 9.000000 
60.000000 13.324652 18.000000 6.000000 2.000000 4.000000 13.000000 5.000000 5.000000 9.000000 3.000000 3.000000 4.000000 3.000000 6.000000 
60.382598 22.081525 18.000000 10.000000 7.000000 8.000000 4.000000 0.000000 0.000000 2.000000 1.000000 3.000000 9.000000 8.000000 11.000000 
60.446877 29.771530 18.000000 6.000000 5.000000 8.000000 8.000000 2.000000 0.000000 1.000000 0.000000 2.000000 23.000000 5.000000 3.000000 
58.990134 36.764238 18.000000 4.000000 1.000000 6.000000 10.000000 2.000000 2.000000 4.000000 7.000000 5.000000 10.000000 7.000000 5.000000 
60.496632 45.324652 18.000000 3.000000 3.000000 1.000000 0.000000 5.000000 1.000000 1.000000 10.000000 10.000000 19.000000 5.000000 5.000000 
60.000000 52.963353 18.000000 11.000000 10.000000 3.000000 2.000000 5.000000 9.000000 4.000000 5.000000 2.000000 2.000000 6.000000 4.000000 
60.000000 61.324652 18.000000 7.000000 5.000000 6.000000 1.000000 5.000000 8.000000 10.000000 6.000000 1.000000 10.000000 3.000000 1.000000 
60.000000 69.761978 18.000000 6.000000 4.000000 4.000000 13.000000 6.000000 2.000000 5.000000 4.000000 2.000000 7.000000 7.000000 3.000000 
60.863841 76.460811 18.000000 5.000000 1.000000 5.000000 25.000000 3.000000 7.000000 0.000000 0.000000 1.000000 10.000000 1.000000 5.000000 
60.000000 85.324652 18.000000 8.000000 2.000000 0.000000 11.000000 3.000000 4.000000 5.000000 6.000000 4.000000 2.000000 6.000000 12.000000 
60.404238 92.215642 18.000000 2.000000 3.000000 4.000000 5.000000 6.000000 5.000000 16.000000 6.000000 1.000000 7.000000 4.000000 4.000000 
59.707424 101.324652 18.000000 10.000000 4.000000 2.000000 1.000000 4.000000 7.000000 11.000000 9.000000 8.000000 0.000000 4.000000 3.000000 
60.912145 109.324652 18.000000 10.000000 1.000000 3.000000 3.000000 4.000000 4.000000 9.000000 12.000000 5.000000 5.000000 4.000000 3.000000 
60.000000 117.324652 18.000000 4.000000 2.000000 2.000000 5.000000 3.000000 6.000000 15.000000 12.000000 5.000000 2.000000 4.000000 3.000000 
61.055602 125.836009 18.000000 11.000000 3.000000 0.000000 0.000000 3.000000 6.000000 12.000000 9.000000 6.000000 4.000000 5.000000 4.000000 
61.037855 132.739916 18.000000 13.000000 6.000000 8.000000 5.000000 3.000000 6.000000 3.000000 4.000000 1.000000 2.000000 3.000000 9.000000 
60.000000 141.658192 18.000000 7.000000 3.000000 3.000000 6.000000 4.000000 6.000000 5.000000 7.000000 9.000000 5.000000 3.000000 5.000000 
60.000000 149.719223 18.000000 14.000000 3.000000 5.000000 1.000000 3.000000 4.000000 4.000000 5.000000 3.000000 5.000000 6.000000 10.000000 
59.446803 157.064032 18.000000 5.000000 8.000000 5.000000 1.000000 1.000000 6.000000 5.000000 6.000000 5.000000 6.000000 13.000000 2.000000 
60.000000 165.324652 18.000000 19.000000 5.000000 1.000000 8.000000 3.000000 4.000000 3.000000 3.000000 4.000000 7.000000 1.000000 5.000000 
59.757134 173.563335 18.000000 11.000000 9.000000 3.000000 6.000000 2.000000 5.000000 6.000000 6.000000 4.000000 6.000000 3.000000 2.000000 
59.500280 180.824933 18.000000 3.000000 17.000000 7.000000 8.000000 2.000000 2.000000 5.000000 4.000000 4.000000 5.000000 4.000000 2.000000 
60.000000 189.324652 18.000000 16.000000 4.000000 5.000000 0.000000 1.000000 2.000000 3.000000 7.000000 6.000000 7.000000 4.000000 8.000000 
60.000000 197.324652 18.000000 6.000000 6.000000 6.000000 2.000000 1.000000 5.000000 5.000000 6.000000 4.000000 17.000000 3.000000 2.000000 
60.000000 205.706325 18.000000 4.000000 6.000000 11.000000 9.000000 2.000000 4.000000 2.000000 4.000000 7.000000 1.000000 7.000000 6.000000 
59.632595 214.073849 18.000000 6.000000 2.000000 6.000000 8.000000 4.000000 9.000000 9.000000 5.000000 4.000000 2.000000 5.000000 3.000000 
60.000000 221.324652 18.000000 7.000000 2.000000 1.000000 2.000000 5.000000 4.000000 11.000000 8.000000 7.000000 8.000000 5.000000 3.000000 
59.718211 228.608737 18.000000 9.000000 8.000000 5.000000 7.000000 6.000000 4.000000 3.000000 4.000000 4.000000 5.000000 1.000000 7.000000 
60.000000 236.000000 35.000000 7.000000 0.000000 1.000000 3.000000 1.000000 3.000000 2.000000 1.000000 2.000000 6.000000 2.000000 0.000000 
