240
5.000000 5.689680 39.000000 6.000000 0.000000 4.000000 2.000000 1.000000 0.000000 0.000000 2.000000 2.000000 5.000000 0.000000 2.000000 
4.322413 13.647065 27.000000 5.000000 1.000000 1.000000 8.000000 1.000000 1.000000 0.000000 0.000000 0.000000 8.000000 4.000000 7.000000 
3.586825 21.737828 27.000000 2.000000 2.000000 3.000000 2.000000 4.000000 2.000000 3.000000 4.000000 0.000000 4.000000 6.000000 4.000000 
4.000000 28.623900 27.000000 2.000000 0.000000 4.000000 4.000000 3.000000 3.000000 1.000000 4.000000 3.000000 5.000000 3.000000 4.000000 
4.000000 37.689680 27.000000 5.000000 6.000000 4.000000 5.000000 3.000000 3.000000 0.000000 0.000000 2.000000 6.000000 0.000000 2.000000 
3.939455 44.959625 27.000000 5.000000 3.000000 4.000000 7.000000 4.000000 3.000000 0.000000 0.000000 1.000000 5.000000 2.000000 2.000000 
4.000000 52.959625 27.000000 9.000000 2.000000 6.000000 5.000000 0.000000 1.000000 0.000000 0.000000 0.000000 7.000000 3.000000 3.000000 
4.602107 60.722545 27.000000 8.000000 2.000000 5.000000 6.000000 2.000000 0.000000 0.000000 1.000000 0.000000 7.000000 5.000000 0.000000 
3.164534 69.324652 27.000000 9.000000 6.000000 1.000000 9.000000 2.000000 0.000000 0.000000 0.000000 1.000000 2.000000 1.000000 5.000000 
4.599285 76.725368 27.000000 4.000000 4.000000 4.000000 1.000000 0.000000 2.000000 1.000000 3.000000 2.000000 7.000000 3.000000 5.000000 
4.000000 85.689680 27.000000 7.000000 4.000000 5.000000 5.000000 3.000000 2.000000 0.000000 0.000000 0.000000 2.000000 2.000000 6.000000 
3.586825 92.911477 27.000000 2.000000 1.000000 4.000000 7.000000 3.000000 1.000000 2.000000 0.000000 1.000000 5.000000 3.000000 7.000000 
3.142275 101.324652 27.000000 7.000000 3.000000 2.000000 5.000000 1.000000 1.000000 1.000000 2.000000 1.000000 4.000000 3.000000 6.000000 
3.586825 109.737828 27.000000 1.000000 5.000000 5.000000 6.000000 2.000000 4.000000 4.000000 0.000000 3.000000 4.000000 1.000000 1.000000 
4.000000 116.959625 27.000000 4.000000 1.000000 1.000000 2.000000 1.000000 4.000000 2.000000 2.000000 4.000000 7.000000 3.000000 5.000000 
2.177057 125.737828 27.000000 13.000000 4.000000 0.000000 3.000000 1.000000 3.000000 2.000000 1.000000 2.000000 1.000000 3.000000 3.000000 
3.586825 132.911477 27.000000 4.000000 4.000000 3.000000 6.000000 1.000000 2.000000 0.000000 2.000000 3.000000 2.000000 5.000000 4.000000 
4.322413 141.647065 27.000000 1.000000 5.000000 3.000000 4.000000 3.000000 1.000000 1.000000 4.000000 3.000000 2.000000 4.000000 5.000000 
2.597758 151.091922 27.000000 5.000000 4.000000 5.000000 3.000000 1.000000 1.000000 0.000000 1.000000 0.000000 9.000000 3.000000 4.000000 
4.324652 157.324652 27.000000 4.000000 1.000000 5.000000 10.000000 1.000000 2.000000 0.000000 1.000000 1.000000 7.000000 2.000000 2.000000 
3.583138 165.324652 27.000000 6.000000 2.000000 5.000000 6.000000 2.000000 0.000000 2.000000 1.000000 0.000000 3.000000 7.000000 2.000000 
2.653057 172.435959 27.000000 8.000000 1.000000 2.000000 2.000000 3.000000 0.000000 2.000000 1.000000 1.000000 8.000000 3.000000 5.000000 
3.583138 181.324652 27.000000 11.000000 2.000000 2.000000 3.000000 2.000000 2.000000 0.000000 1.000000 2.000000 5.000000 3.000000 3.000000 
4.299363 189.689680 27.000000 6.000000 3.000000 5.000000 6.000000 2.000000 0.000000 0.000000 1.000000 3.000000 0.000000 7.000000 3.000000 
4.000000 197.689680 27.000000 1.000000 5.000000 1.000000 3.000000 1.000000 1.000000 5.000000 2.000000 3.000000 4.000000 5.000000 5.000000 
4.000000 204.959625 27.000000 0.000000 4.000000 3.000000 11.000000 3.000000 2.000000 5.000000 2.000000 0.000000 1.000000 3.000000 2.000000 
3.281854 212.617167 27.000000 9.000000 5.000000 2.000000 8.000000 1.000000 1.000000 1.000000 0.000000 1.000000 3.000000 2.000000 3.000000 
4.322413 221.002240 27.000000 8.000000 2.000000 2.000000 1.000000 2.000000 2.000000 2.000000 1.000000 1.000000 9.000000 2.000000 4.000000 
4.365028 229.365028 27.000000 8.000000 3.000000 3.000000 1.000000 3.000000 3.000000 3.000000 2.000000 2.000000 3.000000 2.000000 3.000000 
5.000000 236.365028 36.000000 2.000000 2.000000 3.000000 3.000000 2.000000 2.000000 2.000000 0.000000 0.000000 0.000000 2.000000 2.000000 
12.322413 5.687440 27.000000 14.000000 3.000000 1.000000 2.000000 3.000000 4.000000 4.000000 7.000000 4.000000 5.000000 0.000000 7.000000 
12.264412 13.735588 0.000000 6.000000 4.000000 1.000000 7.000000 5.000000 6.000000 9.000000 12.000000 5.000000 11.000000 8.000000 7.000000 
11.000000 19.760195 0.000000 8.000000 8.000000 8.000000 2.000000 4.000000 8.000000 5.000000 7.000000 4.000000 5.000000 10.000000 12.000000 
12.622276 26.324652 0.000000 10.000000 7.000000 5.000000 8.000000 4.000000 1.000000 5.000000 5.000000 6.000000 16.000000 6.000000 8.000000 
12.000245 35.927958 0.000000 1.000000 9.000000 11.000000 10.000000 8.000000 4.000000 3.000000 1.000000 5.000000 19.000000 8.000000 2.000000 
12.322413 41.952667 0.000000 4.000000 2.000000 8.000000 4.000000 6.000000 3.000000 2.000000 7.000000 5.000000 25.000000 10.000000 5.000000 
13.135453 49.873451 0.000000 8.000000 11.000000 11.000000 13.000000 5.000000 8.000000 3.000000 4.000000 1.000000 4.000000 3.000000 10.000000 
13.656827 57.677587 0.000000 18.000000 8.000000 2.000000 4.000000 1.000000 4.000000 2.000000 10.000000 6.000000 9.000000 9.000000 8.000000 
11.086051 67.821686 0.000000 20.000000 9.000000 7.000000 4.000000 6.000000 3.000000 3.000000 3.000000 6.000000 6.000000 7.000000 7.000000 
14.322413 74.647065 0.000000 14.000000 2.000000 3.000000 10.000000 4.000000 2.000000 6.000000 7.000000 2.000000 11.000000 6.000000 14.000000 
12.198785 83.974864 0.000000 23.000000 9.000000 6.000000 6.000000 1.000000 3.000000 3.000000 0.000000 6.000000 8.000000 2.000000 14.000000 
10.621599 91.572602 0.000000 12.000000 6.000000 7.000000 13.000000 7.000000 8.000000 0.000000 1.000000 2.000000 4.000000 10.000000 11.000000 
10.229717 99.770283 0.000000 7.000000 8.000000 4.000000 10.000000 2.000000 6.000000 4.000000 8.000000 2.000000 6.000000 10.000000 14.000000 
11.260983 109.415703 0.000000 6.000000 5.000000 8.000000 16.000000 7.000000 5.000000 5.000000 6.000000 4.000000 9.000000 5.000000 5.000000 
11.103102 115.322413 0.000000 6.000000 8.000000 6.000000 10.000000 2.000000 2.000000 2.000000 2.000000 4.000000 23.000000 7.000000 9.000000 
8.151137 124.586825 0.000000 29.000000 11.000000 0.000000 6.000000 1.000000 3.000000 3.000000 2.000000 3.000000 7.000000 6.000000 10.000000 
10.493634 131.900801 0.000000 18.000000 8.000000 3.000000 9.000000 7.000000 3.000000 8.000000 5.000000 1.000000 1.000000 11.000000 7.000000 
13.067105 141.277152 0.000000 13.000000 13.000000 7.000000 5.000000 4.000000 2.000000 3.000000 4.000000 6.000000 2.000000 7.000000 15.000000 
8.472272 151.586825 0.000000 6.000000 4.000000 6.000000 5.000000 5.000000 1.000000 0.000000 5.000000 4.000000 26.000000 10.000000 9.000000 
11.346502 157.653498 0.000000 18.000000 4.000000 10.000000 8.000000 4.000000 4.000000 2.000000 6.000000 2.000000 7.000000 10.000000 6.000000 
10.384527 163.246542 0.000000 21.000000 3.000000 4.000000 7.000000 7.000000 5.000000 8.000000 3.000000 5.000000 4.000000 5.000000 9.000000 
8.634972 170.665586 0.000000 13.000000 6.000000 4.000000 8.000000 9.000000 7.000000 7.000000 6.000000 4.000000 8.000000 3.000000 6.000000 
9.802667 179.599855 0.000000 11.000000 3.000000 1.000000 5.000000 7.000000 6.000000 14.000000 10.000000 5.000000 10.000000 1.000000 8.000000 
13.642748 190.030697 0.000000 10.000000 8.000000 7.000000 4.000000 2.000000 6.000000 3.000000 4.000000 9.000000 13.000000 3.000000 12.000000 
12.730713 197.670381 0.000000 21.000000 7.000000 9.000000 15.000000 4.000000 2.000000 2.000000 0.000000 1.000000 5.000000 2.000000 13.000000 
10.296621 202.920625 0.000000 3.000000 1.000000 5.000000 11.000000 3.000000 4.000000 11.000000 10.000000 8.000000 5.000000 7.000000 13.000000 
10.735588 209.264412 0.000000 7.000000 4.000000 6.000000 9.000000 4.000000 6.000000 5.000000 7.000000 5.000000 2.000000 5.000000 21.000000 
11.982943 218.613449 0.000000 19.000000 6.000000 6.000000 4.000000 6.000000 1.000000 6.000000 1.000000 3.000000 20.000000 2.000000 7.000000 
12.322413 229.647065 0.000000 17.000000 2.000000 7.000000 5.000000 7.000000 3.000000 0.000000 4.000000 6.000000 13.000000 10.000000 7.000000 
12.000000 237.365028 27.000000 7.000000 2.000000 8.000000 6.000000 4.000000 4.000000 5.000000 3.000000 1.000000 1.000000 4.000000 0.000000 
19.677587 5.687440 27.000000 6.000000 9.000000 5.000000 5.000000 2.000000 0.000000 9.000000 1.000000 1.000000 5.000000 3.000000 8.000000 
19.322413 12.905551 0.000000 10.000000 9.000000 3.000000 5.000000 4.000000 7.000000 3.000000 3.000000 6.000000 11.000000 5.000000 15.000000 
21.323874 18.688694 0.000000 11.000000 12.000000 11.000000 3.000000 2.000000 5.000000 6.000000 3.000000 3.000000 15.000000 5.000000 5.000000 
22.000000 27.948166 0.000000 13.000000 7.000000 9.000000 14.000000 7.000000 9.000000 4.000000 2.000000 1.000000 8.000000 4.000000 3.000000 
20.797263 34.496062 0.000000 13.000000 4.000000 9.000000 7.000000 3.000000 3.000000 4.000000 4.000000 5.000000 19.000000 4.000000 6.000000 
22.368729 42.246977 0.000000 11.000000 10.000000 10.000000 5.000000 7.000000 6.000000 3.000000 3.000000 2.000000 10.000000 3.000000 11.000000 
22.095221 49.552875 0.000000 9.000000 11.000000 4.000000 6.000000 3.000000 2.000000 5.000000 4.000000 4.000000 13.000000 6.000000 14.000000 
21.981972 59.535441 0.000000 11.000000 3.000000 3.000000 13.000000 3.000000 4.000000 14.000000 10.000000 2.000000 3.000000 7.000000 8.000000 
22.277231 71.384342 0.000000 15.000000 0.000000 8.000000 9.000000 1.000000 1.000000 10.000000 12.000000 4.000000 2.000000 7.000000 12.000000 
22.892364 77.306961 0.000000 17.000000 2.000000 8.000000 14.000000 4.000000 2.000000 5.000000 12.000000 3.000000 10.000000 0.000000 4.000000 
21.322413 83.211503 0.000000 10.000000 7.000000 7.000000 8.000000 7.000000 5.000000 9.000000 5.000000 2.000000 6.000000 4.000000 11.000000 
22.902181 93.060974 0.000000 6.000000 0.000000 6.000000 8.000000 4.000000 3.000000 7.000000 5.000000 2.000000 23.000000 10.000000 7.000000 
23.990179 98.807445 0.000000 7.000000 7.000000 10.000000 9.000000 3.000000 5.000000 3.000000 2.000000 7.000000 13.000000 6.000000 9.000000 
22.354911 110.593255 0.000000 8.000000 2.000000 6.000000 17.000000 5.000000 1.000000 4.000000 8.000000 6.000000 12.000000 5.000000 7.000000 
21.790174 116.169980 0.000000 8.000000 3.000000 5.000000 13.000000 8.000000 1.000000 2.000000 3.000000 7.000000 13.000000 11.000000 7.000000 
21.949519 124.205999 0.000000 10.000000 2.000000 3.000000 11.000000 5.000000 2.000000 5.000000 5.000000 11.000000 13.000000 5.000000 9.000000 
22.536364 132.105254 0.000000 10.000000 8.000000 4.000000 4.000000 2.000000 2.000000 4.000000 5.000000 1.000000 25.000000 5.000000 11.000000 
22.595099 135.865187 0.000000 3.000000 8.000000 11.000000 7.000000 4.000000 7.000000 7.000000 4.000000 3.000000 20.000000 2.000000 5.000000 
17.121097 146.677347 0.000000 8.000000 5.000000 6.000000 7.000000 5.000000 6.000000 6.000000 4.000000 3.000000 9.000000 10.000000 12.000000 
21.193915 158.344987 0.000000 15.000000 8.000000 11.000000 11.000000 2.000000 2.000000 4.000000 3.000000 3.000000 16.000000 2.000000 4.000000 
21.095584 164.235188 0.000000 5.000000 9.000000 4.000000 8.000000 8.000000 6.000000 1.000000 4.000000 4.000000 19.000000 10.000000 3.000000 
18.873134 173.989546 0.000000 7.000000 8.000000 5.000000 4.000000 1.000000 4.000000 6.000000 4.000000 3.000000 21.000000 7.000000 11.000000 
18.789499 179.242977 0.000000 2.000000 5.000000 3.000000 22.000000 2.000000 6.000000 10.000000 3.000000 5.000000 15.000000 7.000000 1.000000 
22.260421 190.970223 0.000000 12.000000 5.000000 4.000000 18.000000 3.000000 3.000000 5.000000 4.000000 2.000000 11.000000 3.000000 11.000000 
19.919550 199.663588 0.000000 9.000000 1.000000 1.000000 7.000000 5.000000 2.000000 5.000000 8.000000 5.000000 24.000000 8.000000 6.000000 
19.436569 206.165141 0.000000 9.000000 7.000000 5.000000 21.000000 3.000000 4.000000 3.000000 4.000000 3.000000 8.000000 6.000000 8.000000 
19.768690 211.123085 0.000000 6.000000 2.000000 5.000000 13.000000 2.000000 11.000000 7.000000 2.000000 7.000000 10.000000 8.000000 8.000000 
19.933357 219.000000 0.000000 13.000000 8.000000 2.000000 4.000000 3.000000 7.000000 4.000000 4.000000 3.000000 14.000000 8.000000 11.000000 
21.000000 230.106271 0.000000 10.000000 10.000000 7.000000 3.000000 8.000000 3.000000 7.000000 4.000000 7.000000 11.000000 4.000000 7.000000 
20.000000 237.365028 27.000000 4.000000 0.000000 0.000000 4.000000 5.000000 6.000000 5.000000 5.000000 2.000000 8.000000 2.000000 4.000000 
28.322413 5.687440 27.000000 15.000000 7.000000 5.000000 3.000000 0.000000 2.000000 7.000000 1.000000 3.000000 3.000000 2.000000 6.000000 
29.816809 12.913246 0.000000 18.000000 2.000000 6.000000 4.000000 3.000000 8.000000 8.000000 5.000000 4.000000 9.000000 8.000000 6.000000 
30.000000 19.689680 0.000000 12.000000 10.000000 6.000000 7.000000 8.000000 5.000000 4.000000 3.000000 5.000000 8.000000 5.000000 8.000000 
29.604304 30.168200 0.000000 4.000000 5.000000 8.000000 12.000000 8.000000 5.000000 6.000000 4.000000 3.000000 11.000000 9.000000 6.000000 
29.347034 39.419641 0.000000 8.000000 11.000000 10.000000 8.000000 1.000000 4.000000 5.000000 7.000000 4.000000 6.000000 7.000000 10.000000 
30.505461 45.077677 0.000000 3.000000 5.000000 3.000000 8.000000 12.000000 13.000000 5.000000 3.000000 4.000000 18.000000 4.000000 3.000000 
28.814310 48.268434 0.000000 9.000000 6.000000 5.000000 3.000000 6.000000 7.000000 1.000000 5.000000 3.000000 22.000000 9.000000 5.000000 
30.261857 61.865504 0.000000 6.000000 10.000000 5.000000 13.000000 4.000000 8.000000 14.000000 10.000000 3.000000 3.000000 1.000000 4.000000 
30.717405 73.727651 0.000000 5.000000 5.000000 4.000000 15.000000 2.000000 1.000000 3.000000 8.000000 10.000000 15.000000 5.000000 8.000000 
30.142506 78.347893 0.000000 18.000000 5.000000 2.000000 8.000000 1.000000 1.000000 2.000000 5.000000 7.000000 12.000000 5.000000 15.000000 
30.878733 82.257255 0.000000 11.000000 5.000000 10.000000 13.000000 7.000000 5.000000 2.000000 1.000000 4.000000 9.000000 8.000000 6.000000 
31.737970 92.818056 0.000000 14.000000 3.000000 7.000000 5.000000 10.000000 7.000000 3.000000 3.000000 3.000000 8.000000 8.000000 10.000000 
32.948919 99.483300 0.000000 14.000000 4.000000 5.000000 4.000000 5.000000 7.000000 5.000000 4.000000 8.000000 9.000000 8.000000 8.000000 
28.400674 106.201879 0.000000 17.000000 7.000000 6.000000 7.000000 3.000000 4.000000 8.000000 5.000000 5.000000 6.000000 4.000000 9.000000 
27.594552 113.633411 0.000000 14.000000 4.000000 6.000000 15.000000 6.000000 1.000000 0.000000 1.000000 5.000000 9.000000 13.000000 7.000000 
28.089929 122.245300 0.000000 12.000000 4.000000 8.000000 10.000000 6.000000 6.000000 6.000000 4.000000 3.000000 7.000000 3.000000 12.000000 
28.751196 130.531201 0.000000 11.000000 9.000000 9.000000 3.000000 2.000000 3.000000 6.000000 5.000000 4.000000 17.000000 7.000000 5.000000 
28.655610 135.603629 0.000000 6.000000 7.000000 13.000000 13.000000 5.000000 4.000000 6.000000 4.000000 5.000000 14.000000 2.000000 2.000000 
27.894345 145.613131 0.000000 7.000000 8.000000 6.000000 7.000000 3.000000 1.000000 3.000000 3.000000 3.000000 17.000000 10.000000 13.000000 
28.211967 160.000000 0.000000 7.000000 9.000000 4.000000 6.000000 4.000000 4.000000 1.000000 3.000000 5.000000 29.000000 7.000000 2.000000 
24.938818 163.578139 0.000000 9.000000 4.000000 4.000000 5.000000 7.000000 6.000000 1.000000 3.000000 6.000000 25.000000 5.000000 6.000000 
28.737828 173.586825 0.000000 16.000000 3.000000 6.000000 5.000000 7.000000 7.000000 6.000000 5.000000 5.000000 9.000000 2.000000 10.000000 
28.490485 179.206497 0.000000 9.000000 7.000000 6.000000 14.000000 5.000000 5.000000 7.000000 8.000000 4.000000 11.000000 3.000000 2.000000 
27.875418 188.756216 0.000000 14.000000 5.000000 7.000000 9.000000 2.000000 5.000000 4.000000 3.000000 5.000000 16.000000 7.000000 4.000000 
30.081947 195.812326 0.000000 2.000000 8.000000 10.000000 17.000000 6.000000 6.000000 1.000000 4.000000 3.000000 9.000000 7.000000 8.000000 
31.951852 203.967928 0.000000 2.000000 8.000000 9.000000 11.000000 2.000000 2.000000 3.000000 3.000000 5.000000 18.000000 5.000000 13.000000 
31.664522 211.121109 0.000000 8.000000 7.000000 5.000000 7.000000 4.000000 3.000000 2.000000 3.000000 8.000000 10.000000 7.000000 17.000000 
29.077320 219.588768 0.000000 7.000000 9.000000 13.000000 11.000000 5.000000 6.000000 2.000000 3.000000 3.000000 4.000000 7.000000 11.000000 
27.622061 229.581686 0.000000 6.000000 3.000000 4.000000 4.000000 5.000000 3.000000 4.000000 4.000000 10.000000 9.000000 18.000000 11.000000 
28.000000 237.761291 27.000000 4.000000 1.000000 0.000000 7.000000 4.000000 6.000000 5.000000 4.000000 1.000000 1.000000 7.000000 5.000000 
36.000000 5.689680 27.000000 10.000000 6.000000 2.000000 1.000000 1.000000 4.000000 1.000000 2.000000 3.000000 11.000000 6.000000 7.000000 
36.000000 12.959625 0.000000 15.000000 5.000000 5.000000 22.000000 7.000000 5.000000 2.000000 5.000000 5.000000 3.000000 3.000000 4.000000 
36.890716 21.088259 0.000000 16.000000 9.000000 6.000000 0.000000 3.000000 4.000000 2.000000 3.000000 5.000000 12.000000 7.000000 14.000000 
42.506025 35.038557 0.000000 6.000000 6.000000 5.000000 12.000000 4.000000 6.000000 2.000000 2.000000 4.000000 24.000000 8.000000 2.000000 
37.221797 40.586825 0.000000 3.000000 8.000000 7.000000 7.000000 3.000000 2.000000 0.000000 1.000000 4.000000 40.000000 4.000000 2.000000 
34.519040 44.273096 0.000000 1.000000 2.000000 2.000000 7.000000 1.000000 0.000000 4.000000 4.000000 7.000000 48.000000 4.000000 1.000000 
33.588640 48.002240 0.000000 2.000000 4.000000 2.000000 2.000000 0.000000 0.000000 4.000000 6.000000 8.000000 38.000000 9.000000 6.000000 
35.747563 62.705894 0.000000 6.000000 4.000000 7.000000 5.000000 5.000000 3.000000 11.000000 18.000000 4.000000 8.000000 7.000000 3.000000 
34.419518 71.357830 0.000000 6.000000 11.000000 11.000000 33.000000 5.000000 3.000000 1.000000 1.000000 1.000000 1.000000 2.000000 6.000000 
35.297177 75.317108 0.000000 9.000000 4.000000 6.000000 36.000000 2.000000 2.000000 1.000000 3.000000 3.000000 6.000000 3.000000 6.000000 
39.975354 79.530516 0.000000 6.000000 2.000000 5.000000 32.000000 1.000000 1.000000 1.000000 1.000000 5.000000 8.000000 12.000000 7.000000 
35.503120 90.571744 0.000000 16.000000 3.000000 8.000000 2.000000 6.000000 5.000000 1.000000 2.000000 4.000000 11.000000 13.000000 10.000000 
37.419687 100.517269 0.000000 14.000000 4.000000 9.000000 9.000000 4.000000 8.000000 4.000000 6.000000 5.000000 3.000000 7.000000 8.000000 
37.666550 107.266658 0.000000 9.000000 5.000000 5.000000 6.000000 4.000000 7.000000 4.000000 8.000000 10.000000 11.000000 6.000000 6.000000 
37.634972 115.337680 0.000000 10.000000 7.000000 7.000000 3.000000 5.000000 6.000000 5.000000 6.000000 5.000000 14.000000 6.000000 7.000000 
35.258218 124.106810 0.000000 6.000000 8.000000 9.000000 4.000000 4.000000 3.000000 5.000000 5.000000 6.000000 13.000000 9.000000 9.000000 
36.169963 131.095522 0.000000 13.000000 15.000000 9.000000 13.000000 6.000000 3.000000 2.000000 4.000000 3.000000 3.000000 8.000000 2.000000 
35.058488 136.867110 0.000000 15.000000 10.000000 7.000000 2.000000 3.000000 0.000000 3.000000 2.000000 5.000000 22.000000 9.000000 3.000000 
37.116881 146.449227 0.000000 7.000000 13.000000 9.000000 11.000000 6.000000 7.000000 6.000000 7.000000 7.000000 3.000000 3.000000 2.000000 
32.206697 156.958886 0.000000 6.000000 3.000000 4.000000 16.000000 2.000000 1.000000 5.000000 2.000000 4.000000 27.000000 9.000000 2.000000 
34.126189 161.570787 0.000000 6.000000 6.000000 6.000000 16.000000 4.000000 6.000000 6.000000 2.000000 4.000000 8.000000 12.000000 5.000000 
36.958333 171.742256 0.000000 15.000000 4.000000 9.000000 6.000000 6.000000 8.000000 8.000000 3.000000 1.000000 11.000000 3.000000 7.000000 
37.352690 179.465785 0.000000 15.000000 7.000000 9.000000 10.000000 1.000000 4.000000 5.000000 6.000000 8.000000 12.000000 2.000000 2.000000 
38.512762 186.704464 0.000000 7.000000 4.000000 9.000000 9.000000 4.000000 7.000000 3.000000 6.000000 5.000000 20.000000 6.000000 1.000000 
42.595019 192.635555 0.000000 14.000000 16.000000 13.000000 8.000000 5.000000 4.000000 4.000000 1.000000 3.000000 4.000000 3.000000 6.000000 
39.610051 201.190079 0.000000 6.000000 4.000000 7.000000 14.000000 4.000000 4.000000 1.000000 3.000000 5.000000 15.000000 8.000000 10.000000 
37.435817 208.101234 0.000000 3.000000 6.000000 7.000000 16.000000 8.000000 7.000000 4.000000 4.000000 7.000000 6.000000 4.000000 9.000000 
34.023794 219.537011 0.000000 10.000000 8.000000 5.000000 9.000000 6.000000 5.000000 6.000000 3.000000 3.000000 6.000000 2.000000 18.000000 
35.634657 226.324652 0.000000 9.000000 6.000000 10.000000 4.000000 2.000000 2.000000 4.000000 5.000000 7.000000 14.000000 5.000000 13.000000 
35.749081 237.114109 27.000000 13.000000 0.000000 4.000000 1.000000 2.000000 1.000000 3.000000 1.000000 2.000000 4.000000 6.000000 8.000000 
44.000000 4.948166 27.000000 22.000000 1.000000 7.000000 1.000000 1.000000 4.000000 3.000000 2.000000 1.000000 1.000000 0.000000 11.000000 
44.177611 10.586825 0.000000 14.000000 4.000000 6.000000 9.000000 5.000000 5.000000 3.000000 8.000000 6.000000 7.000000 6.000000 8.000000 
44.809847 19.157465 0.000000 10.000000 8.000000 7.000000 7.000000 6.000000 5.000000 2.000000 5.000000 8.000000 8.000000 7.000000 8.000000 
48.609975 31.000000 0.000000 2.000000 1.000000 4.000000 7.000000 4.000000 4.000000 2.000000 5.000000 6.000000 29.000000 9.000000 8.000000 
45.779476 38.246137 0.000000 4.000000 4.000000 10.000000 11.000000 4.000000 3.000000 2.000000 2.000000 5.000000 26.000000 8.000000 2.000000 
45.099550 42.909237 0.000000 1.000000 4.000000 5.000000 17.000000 15.000000 8.000000 5.000000 0.000000 6.000000 9.000000 8.000000 3.000000 
46.252905 51.057826 0.000000 10.000000 10.000000 6.000000 7.000000 5.000000 6.000000 5.000000 1.000000 0.000000 8.000000 12.000000 11.000000 
46.458549 61.096376 0.000000 9.000000 4.000000 1.000000 23.000000 2.000000 6.000000 10.000000 2.000000 1.000000 11.000000 7.000000 5.000000 
43.876754 71.580614 0.000000 2.000000 6.000000 3.000000 14.000000 3.000000 3.000000 9.000000 9.000000 9.000000 7.000000 8.000000 8.000000 
39.104954 78.688092 0.000000 7.000000 4.000000 6.000000 41.000000 2.000000 1.000000 0.000000 0.000000 4.000000 5.000000 5.000000 6.000000 
42.509129 78.611250 0.000000 0.000000 1.000000 2.000000 31.000000 5.000000 5.000000 4.000000 2.000000 4.000000 10.000000 11.000000 6.000000 
43.956153 83.172791 0.000000 0.000000 1.000000 3.000000 27.000000 7.000000 4.000000 5.000000 0.000000 4.000000 8.000000 13.000000 9.000000 
45.573225 99.432342 0.000000 13.000000 5.000000 7.000000 11.000000 3.000000 1.000000 4.000000 4.000000 4.000000 9.000000 8.000000 12.000000 
44.481476 109.169963 0.000000 21.000000 6.000000 8.000000 6.000000 3.000000 4.000000 4.000000 4.000000 3.000000 6.000000 8.000000 8.000000 
44.545633 116.006053 0.000000 9.000000 6.000000 8.000000 12.000000 6.000000 8.000000 5.000000 1.000000 3.000000 5.000000 9.000000 9.000000 
42.634972 125.365028 0.000000 10.000000 7.000000 7.000000 14.000000 7.000000 4.000000 1.000000 1.000000 4.000000 7.000000 9.000000 10.000000 
43.124464 130.812924 0.000000 15.000000 9.000000 6.000000 5.000000 5.000000 2.000000 2.000000 6.000000 1.000000 8.000000 11.000000 11.000000 
44.882856 137.061052 0.000000 14.000000 8.000000 9.000000 9.000000 2.000000 1.000000 5.000000 4.000000 5.000000 9.000000 8.000000 7.000000 
44.779400 147.956309 0.000000 9.000000 5.000000 5.000000 2.000000 3.000000 5.000000 3.000000 4.000000 6.000000 17.000000 12.000000 10.000000 
43.068246 157.607100 0.000000 7.000000 5.000000 7.000000 17.000000 11.000000 4.000000 0.000000 2.000000 3.000000 8.000000 7.000000 10.000000 
48.030931 166.297601 0.000000 20.000000 1.000000 9.000000 4.000000 1.000000 3.000000 4.000000 1.000000 5.000000 6.000000 8.000000 19.000000 
43.523171 173.444576 0.000000 21.000000 5.000000 11.000000 0.000000 2.000000 4.000000 5.000000 4.000000 3.000000 6.000000 9.000000 11.000000 
41.244439 178.879412 0.000000 26.000000 10.000000 4.000000 6.000000 2.000000 7.000000 7.000000 3.000000 5.000000 4.000000 3.000000 4.000000 
42.887037 186.531809 0.000000 6.000000 10.000000 14.000000 0.000000 1.000000 2.000000 6.000000 3.000000 6.000000 25.000000 6.000000 2.000000 
50.811959 196.413316 0.000000 8.000000 10.000000 1.000000 7.000000 9.000000 3.000000 5.000000 4.000000 1.000000 25.000000 4.000000 4.000000 
47.083705 205.605983 0.000000 4.000000 12.000000 6.000000 7.000000 4.000000 2.000000 4.000000 2.000000 6.000000 12.000000 13.000000 9.000000 
42.760071 210.457548 0.000000 7.000000 6.000000 5.000000 21.000000 5.000000 3.000000 1.000000 3.000000 5.000000 14.000000 5.000000 6.000000 
46.067360 222.000000 0.000000 12.000000 4.000000 7.000000 6.000000 5.000000 7.000000 3.000000 4.000000 3.000000 8.000000 7.000000 15.000000 
45.078520 228.229523 0.000000 6.000000 7.000000 6.000000 7.000000 8.000000 4.000000 5.000000 4.000000 5.000000 10.000000 8.000000 11.000000 
44.334041 237.365028 27.000000 7.000000 4.000000 7.000000 2.000000 3.000000 1.000000 4.000000 3.000000 3.000000 2.000000 8.000000 1.000000 
52.787243 5.365028 27.000000 22.000000 2.000000 0.000000 1.000000 1.000000 3.000000 7.000000 1.000000 1.000000 4.000000 8.000000 4.000000 
54.843766 11.521262 0.000000 16.000000 4.000000 7.000000 6.000000 4.000000 2.000000 7.000000 6.000000 3.000000 12.000000 5.000000 9.000000 
53.677587 18.687440 0.000000 19.000000 9.000000 10.000000 9.000000 6.000000 5.000000 3.000000 4.000000 6.000000 6.000000 3.000000 1.000000 
53.560011 30.965483 0.000000 13.000000 6.000000 4.000000 4.000000 1.000000 1.000000 1.000000 2.000000 5.000000 32.000000 8.000000 4.000000 
53.322413 39.687440 0.000000 3.000000 5.000000 9.000000 7.000000 2.000000 2.000000 1.000000 4.000000 6.000000 20.000000 11.000000 11.000000 
52.586825 45.892792 0.000000 7.000000 7.000000 3.000000 5.000000 3.000000 4.000000 1.000000 9.000000 6.000000 22.000000 11.000000 3.000000 
50.766366 50.181069 0.000000 19.000000 5.000000 6.000000 1.000000 2.000000 3.000000 3.000000 5.000000 5.000000 13.000000 7.000000 12.000000 
49.677587 58.365434 0.000000 9.000000 12.000000 2.000000 12.000000 1.000000 3.000000 4.000000 5.000000 7.000000 17.000000 7.000000 2.000000 
50.586825 71.951852 0.000000 6.000000 6.000000 10.000000 34.000000 5.000000 5.000000 4.000000 0.000000 2.000000 2.000000 2.000000 5.000000 
50.192347 78.001303 0.000000 1.000000 3.000000 8.000000 28.000000 5.000000 4.000000 5.000000 3.000000 3.000000 11.000000 7.000000 3.000000 
52.525980 84.228078 0.000000 1.000000 2.000000 1.000000 19.000000 6.000000 7.000000 5.000000 5.000000 3.000000 9.000000 14.000000 9.000000 
54.056190 88.832379 0.000000 11.000000 3.000000 3.000000 11.000000 7.000000 5.000000 5.000000 6.000000 5.000000 3.000000 6.000000 16.000000 
52.478214 101.101841 0.000000 14.000000 5.000000 6.000000 8.000000 5.000000 6.000000 8.000000 7.000000 6.000000 3.000000 1.000000 12.000000 
49.000000 107.941090 0.000000 21.000000 6.000000 8.000000 10.000000 4.000000 4.000000 6.000000 3.000000 2.000000 6.000000 4.000000 7.000000 
51.752148 118.689680 0.000000 18.000000 3.000000 7.000000 3.000000 2.000000 6.000000 14.000000 6.000000 3.000000 6.000000 6.000000 7.000000 
52.866762 125.408212 0.000000 22.000000 4.000000 3.000000 3.000000 5.000000 6.000000 4.000000 6.000000 5.000000 6.000000 5.000000 12.000000 
55.724557 130.068042 0.000000 18.000000 11.000000 5.000000 8.000000 3.000000 3.000000 5.000000 3.000000 5.000000 6.000000 5.000000 9.000000 
55.230912 136.864793 0.000000 17.000000 11.000000 5.000000 5.000000 10.000000 3.000000 9.000000 5.000000 5.000000 1.000000 1.000000 9.000000 
49.575468 147.363072 0.000000 8.000000 8.000000 6.000000 3.000000 2.000000 5.000000 4.000000 4.000000 6.000000 19.000000 11.000000 5.000000 
51.061218 156.597978 0.000000 9.000000 4.000000 10.000000 9.000000 5.000000 4.000000 2.000000 3.000000 4.000000 9.000000 6.000000 16.000000 
54.634972 164.365028 0.000000 25.000000 6.000000 7.000000 3.000000 4.000000 3.000000 2.000000 4.000000 6.000000 5.000000 4.000000 12.000000 
51.738075 171.581567 0.000000 20.000000 10.000000 10.000000 5.000000 3.000000 5.000000 3.000000 1.000000 3.000000 3.000000 13.000000 5.000000 
51.394695 179.970333 0.000000 9.000000 8.000000 7.000000 3.000000 5.000000 3.000000 4.000000 3.000000 7.000000 12.000000 9.000000 11.000000 
50.708625 189.398305 0.000000 7.000000 14.000000 19.000000 6.000000 7.000000 3.000000 2.000000 2.000000 5.000000 4.000000 8.000000 4.000000 
55.214574 197.417490 0.000000 8.000000 6.000000 7.000000 6.000000 4.000000 2.000000 2.000000 4.000000 4.000000 31.000000 4.000000 3.000000 
52.000000 206.689680 0.000000 2.000000 5.000000 9.000000 14.000000 13.000000 5.000000 2.000000 0.000000 7.000000 6.000000 10.000000 8.000000 
52.102682 213.536268 0.000000 9.000000 6.000000 2.000000 3.000000 7.000000 6.000000 6.000000 3.000000 5.000000 15.000000 8.000000 11.000000 
52.740486 220.750339 0.000000 12.000000 8.000000 6.000000 7.000000 5.000000 3.000000 3.000000 5.000000 4.000000 7.000000 8.000000 13.000000 
50.000000 228.689680 0.000000 12.000000 7.000000 5.000000 11.000000 5.000000 7.000000 6.000000 3.000000 4.000000 7.000000 7.000000 7.000000 
51.671383 236.673810 27.000000 6.000000 1.000000 3.000000 1.000000 1.000000 3.000000 2.000000 5.000000 6.000000 11.000000 4.000000 2.000000 
60.000000 5.324652 39.000000 14.000000 0.000000 8.000000 6.000000 0.000000 1.000000 0.000000 1.000000 2.000000 4.000000 2.000000 4.000000 
60.487177 13.324652 18.000000 10.000000 6.000000 4.000000 5.000000 1.000000 1.000000 1.000000 1.000000 4.000000 13.000000 7.000000 10.000000 
60.424731 20.899921 18.000000 15.000000 6.000000 4.000000 4.000000 1.000000 0.000000 2.000000 2.000000 4.000000 18.000000 3.000000 4.000000 
60.000000 29.324652 18.000000 2.000000 11.000000 9.000000 5.000000 2.000000 2.000000 4.000000 2.000000 4.000000 15.000000 5.000000 2.000000 
60.000000 38.170592 18.000000 5.000000 3.000000 5.000000 2.000000 2.000000 1.000000 2.000000 4.000000 6.000000 21.000000 4.000000 8.000000 
60.000000 45.324652 18.000000 6.000000 6.000000 9.000000 12.000000 0.000000 3.000000 1.000000 5.000000 1.000000 10.000000 6.000000 4.000000 
60.000000 53.324652 18.000000 6.000000 14.000000 7.000000 6.000000 4.000000 4.000000 4.000000 2.000000 2.000000 9.000000 5.000000 0.000000 
59.735984 60.792300 18.000000 5.000000 10.000000 3.000000 12.000000 2.000000 2.000000 1.000000 2.000000 2.000000 17.000000 6.000000 1.000000 
60.000000 70.237145 18.000000 7.000000 5.000000 4.000000 6.000000 2.000000 0.000000 1.000000 2.000000 10.000000 7.000000 13.000000 6.000000 
60.000000 77.324652 18.000000 6.000000 4.000000 6.000000 14.000000 6.000000 4.000000 1.000000 2.000000 2.000000 8.000000 4.000000 6.000000 
60.000000 85.324652 18.000000 1.000000 1.000000 7.000000 12.000000 8.000000 0.000000 2.000000 1.000000 3.000000 2.000000 14.000000 12.000000 
60.489744 92.834909 18.000000 4.000000 2.000000 3.000000 5.000000 6.000000 6.000000 3.000000 5.000000 7.000000 5.000000 7.000000 10.000000 
60.000000 101.324652 18.000000 6.000000 2.000000 3.000000 2.000000 5.000000 5.000000 8.000000 6.000000 8.000000 5.000000 2.000000 11.000000 
59.459202 109.324652 18.000000 8.000000 1.000000 2.000000 1.000000 5.000000 4.000000 10.000000 7.000000 8.000000 8.000000 4.000000 5.000000 
60.000000 117.687253 18.000000 8.000000 3.000000 5.000000 7.000000 6.000000 2.000000 9.000000 9.000000 1.000000 0.000000 4.000000 9.000000 
60.000000 125.324652 18.000000 9.000000 6.000000 3.000000 2.000000 5.000000 3.000000 8.000000 7.000000 7.000000 7.000000 4.000000 2.000000 
60.468262 133.324652 18.000000 8.000000 6.000000 4.000000 4.000000 7.000000 5.000000 8.000000 5.000000 6.000000 6.000000 2.000000 2.000000 
61.228856 140.530631 18.000000 13.000000 4.000000 0.000000 7.000000 7.000000 4.000000 9.000000 4.000000 3.000000 8.000000 1.000000 3.000000 
59.735984 149.329090 18.000000 11.000000 9.000000 3.000000 4.000000 2.000000 3.000000 5.000000 3.000000 0.000000 5.000000 10.000000 8.000000 
59.702493 157.027146 18.000000 5.000000 9.000000 5.000000 1.000000 1.000000 2.000000 5.000000 5.000000 5.000000 5.000000 9.000000 11.000000 
60.929479 164.877395 18.000000 17.000000 8.000000 4.000000 7.000000 3.000000 1.000000 3.000000 5.000000 4.000000 3.000000 5.000000 3.000000 
60.000000 173.324652 18.000000 11.000000 9.000000 5.000000 4.000000 6.000000 4.000000 6.000000 3.000000 5.000000 4.000000 6.000000 0.000000 
60.000000 181.324652 18.000000 2.000000 16.000000 8.000000 7.000000 1.000000 4.000000 2.000000 3.000000 9.000000 4.000000 5.000000 2.000000 
60.000000 189.324652 18.000000 17.000000 4.000000 7.000000 0.000000 2.000000 0.000000 4.000000 4.000000 9.000000 8.000000 4.000000 4.000000 
60.000000 197.324652 18.000000 5.000000 5.000000 8.000000 0.000000 3.000000 3.000000 4.000000 4.000000 7.000000 18.000000 2.000000 4.000000 
60.000000 205.687253 18.000000 1.000000 6.000000 14.000000 8.000000 2.000000 1.000000 2.000000 4.000000 9.000000 4.000000 8.000000 4.000000 
60.000000 213.324652 18.000000 0.000000 4.000000 8.000000 6.000000 9.000000 6.000000 8.000000 3.000000 1.000000 4.000000 4.000000 10.000000 
60.000000 221.324652 18.000000 7.000000 3.000000 3.000000 4.000000 5.000000 6.000000 7.000000 4.000000 6.000000 4.000000 4.000000 10.000000 
59.714216 228.604741 18.000000 12.000000 8.000000 8.000000 2.000000 4.000000 2.000000 3.000000 1.000000 4.000000 7.000000 4.000000 8.000000 
60.000000 236.000000 35.000000 6.000000 3.000000 0.000000 3.000000 2.000000 1.000000 0.000000 2.000000 1.000000 9.000000 1.000000 0.000000 
