240
5.000000 5.689680 39.000000 4.000000 1.000000 1.000000 1.000000 2.000000 1.000000 0.000000 2.000000 3.000000 3.000000 0.000000 6.000000 
4.324652 13.324652 27.000000 9.000000 4.000000 2.000000 4.000000 3.000000 2.000000 1.000000 1.000000 4.000000 2.000000 0.000000 4.000000 
4.322413 21.647065 27.000000 5.000000 7.000000 4.000000 4.000000 2.000000 1.000000 0.000000 0.000000 2.000000 2.000000 5.000000 4.000000 
4.636362 29.961015 27.000000 5.000000 9.000000 1.000000 2.000000 2.000000 3.000000 4.000000 1.000000 0.000000 6.000000 2.000000 1.000000 
4.000000 37.689680 27.000000 7.000000 5.000000 2.000000 1.000000 4.000000 2.000000 1.000000 2.000000 4.000000 7.000000 0.000000 1.000000 
3.586825 44.560105 27.000000 5.000000 6.000000 4.000000 6.000000 1.000000 1.000000 0.000000 1.000000 1.000000 9.000000 0.000000 2.000000 
4.599603 52.725050 27.000000 3.000000 2.000000 8.000000 5.000000 1.000000 2.000000 0.000000 0.000000 0.000000 8.000000 4.000000 3.000000 
4.322413 61.647065 27.000000 8.000000 2.000000 3.000000 1.000000 0.000000 0.000000 0.000000 1.000000 2.000000 13.000000 4.000000 2.000000 
2.287326 68.512630 27.000000 5.000000 6.000000 3.000000 2.000000 2.000000 0.000000 1.000000 3.000000 2.000000 8.000000 4.000000 0.000000 
3.479269 77.723078 27.000000 3.000000 3.000000 1.000000 10.000000 1.000000 0.000000 1.000000 0.000000 0.000000 4.000000 7.000000 6.000000 
3.138245 85.737828 27.000000 11.000000 2.000000 1.000000 6.000000 4.000000 0.000000 0.000000 0.000000 1.000000 2.000000 5.000000 4.000000 
4.000000 93.689680 27.000000 7.000000 2.000000 2.000000 7.000000 3.000000 1.000000 4.000000 1.000000 0.000000 1.000000 4.000000 4.000000 
3.586825 101.737828 27.000000 9.000000 5.000000 1.000000 7.000000 1.000000 0.000000 0.000000 1.000000 2.000000 5.000000 3.000000 2.000000 
4.000000 108.959625 27.000000 9.000000 3.000000 1.000000 4.000000 4.000000 1.000000 3.000000 0.000000 5.000000 2.000000 1.000000 3.000000 
4.322413 117.002240 27.000000 7.000000 5.000000 3.000000 9.000000 0.000000 0.000000 0.000000 1.000000 2.000000 5.000000 1.000000 3.000000 
3.583138 125.324652 27.000000 6.000000 7.000000 3.000000 5.000000 1.000000 1.000000 0.000000 0.000000 3.000000 8.000000 2.000000 0.000000 
2.608196 134.818317 27.000000 6.000000 7.000000 3.000000 4.000000 0.000000 0.000000 0.000000 0.000000 1.000000 7.000000 5.000000 3.000000 
3.176407 142.514929 27.000000 4.000000 4.000000 3.000000 2.000000 1.000000 2.000000 3.000000 3.000000 6.000000 7.000000 1.000000 0.000000 
4.615395 149.033910 27.000000 8.000000 2.000000 4.000000 8.000000 3.000000 1.000000 2.000000 1.000000 1.000000 3.000000 1.000000 2.000000 
3.173226 158.542072 27.000000 6.000000 1.000000 3.000000 5.000000 2.000000 3.000000 1.000000 1.000000 1.000000 5.000000 3.000000 5.000000 
4.322413 165.647065 27.000000 9.000000 2.000000 6.000000 0.000000 0.000000 0.000000 1.000000 1.000000 3.000000 7.000000 1.000000 6.000000 
4.324652 173.324652 27.000000 9.000000 1.000000 1.000000 3.000000 1.000000 4.000000 3.000000 0.000000 1.000000 11.000000 1.000000 1.000000 
4.000000 181.689680 27.000000 3.000000 1.000000 6.000000 5.000000 2.000000 1.000000 1.000000 0.000000 0.000000 8.000000 4.000000 5.000000 
3.125007 189.276010 27.000000 0.000000 1.000000 5.000000 6.000000 1.000000 3.000000 2.000000 2.000000 4.000000 5.000000 5.000000 2.000000 
3.586825 197.737828 27.000000 0.000000 1.000000 2.000000 4.000000 7.000000 3.000000 7.000000 3.000000 3.000000 3.000000 2.000000 1.000000 
3.583138 205.324652 27.000000 2.000000 1.000000 1.000000 3.000000 2.000000 2.000000 5.000000 11.000000 3.000000 2.000000 3.000000 1.000000 
4.620460 213.945113 27.000000 4.000000 5.000000 4.000000 3.000000 2.000000 1.000000 0.000000 4.000000 1.000000 2.000000 9.000000 1.000000 
5.481907 220.965639 27.000000 2.000000 5.000000 2.000000 3.000000 3.000000 4.000000 3.000000 0.000000 1.000000 2.000000 1.000000 10.000000 
4.687440 229.322413 27.000000 9.000000 4.000000 1.000000 2.000000 1.000000 4.000000 4.000000 4.000000 1.000000 0.000000 3.000000 3.000000 
5.000000 236.365028 36.000000 8.000000 1.000000 3.000000 0.000000 3.000000 3.000000 0.000000 1.000000 1.000000 0.000000 0.000000 0.000000 
12.365028 5.365028 27.000000 8.000000 5.000000 8.000000 7.000000 2.000000 4.000000 3.000000 0.000000 4.000000 8.000000 1.000000 4.000000 
13.644825 12.644825 0.000000 7.000000 10.000000 6.000000 10.000000 5.000000 5.000000 2.000000 4.000000 4.000000 15.000000 7.000000 6.000000 
11.534968 23.231500 0.000000 10.000000 6.000000 5.000000 14.000000 5.000000 6.000000 5.000000 12.000000 3.000000 3.000000 8.000000 4.000000 
13.586825 29.458732 0.000000 10.000000 14.000000 9.000000 2.000000 5.000000 1.000000 5.000000 1.000000 7.000000 10.000000 7.000000 10.000000 
11.581677 36.487504 0.000000 8.000000 16.000000 12.000000 6.000000 6.000000 7.000000 5.000000 2.000000 3.000000 14.000000 1.000000 1.000000 
11.769088 41.271960 0.000000 12.000000 10.000000 6.000000 4.000000 4.000000 2.000000 6.000000 3.000000 2.000000 22.000000 5.000000 5.000000 
13.803923 51.205930 0.000000 8.000000 3.000000 5.000000 11.000000 6.000000 12.000000 6.000000 1.000000 4.000000 9.000000 12.000000 4.000000 
11.164197 59.849202 0.000000 21.000000 3.000000 3.000000 14.000000 4.000000 5.000000 5.000000 3.000000 1.000000 7.000000 10.000000 5.000000 
8.446694 66.262913 0.000000 20.000000 13.000000 6.000000 5.000000 4.000000 2.000000 2.000000 3.000000 4.000000 8.000000 9.000000 5.000000 
9.638019 77.447676 0.000000 15.000000 6.000000 7.000000 15.000000 7.000000 6.000000 8.000000 3.000000 1.000000 1.000000 4.000000 8.000000 
9.632613 85.689680 0.000000 15.000000 2.000000 5.000000 3.000000 5.000000 2.000000 5.000000 9.000000 6.000000 9.000000 10.000000 10.000000 
11.612241 92.691269 0.000000 19.000000 1.000000 8.000000 9.000000 5.000000 3.000000 10.000000 5.000000 3.000000 3.000000 8.000000 7.000000 
11.000000 100.218110 0.000000 15.000000 12.000000 4.000000 12.000000 6.000000 2.000000 10.000000 11.000000 1.000000 5.000000 1.000000 2.000000 
12.737828 106.586825 0.000000 9.000000 11.000000 8.000000 15.000000 5.000000 5.000000 4.000000 2.000000 5.000000 9.000000 2.000000 6.000000 
13.017597 114.982403 0.000000 15.000000 9.000000 12.000000 5.000000 3.000000 2.000000 3.000000 2.000000 5.000000 17.000000 2.000000 6.000000 
9.505922 125.310213 0.000000 3.000000 9.000000 3.000000 11.000000 3.000000 2.000000 3.000000 4.000000 5.000000 26.000000 7.000000 5.000000 
8.168736 135.245957 9.000000 11.000000 3.000000 6.000000 9.000000 1.000000 0.000000 1.000000 1.000000 1.000000 21.000000 12.000000 6.000000 
11.395967 143.836135 0.000000 2.000000 7.000000 10.000000 19.000000 3.000000 3.000000 5.000000 8.000000 3.000000 9.000000 7.000000 5.000000 
13.714320 148.366457 0.000000 2.000000 5.000000 11.000000 12.000000 3.000000 1.000000 3.000000 4.000000 7.000000 15.000000 12.000000 6.000000 
10.644825 159.000000 0.000000 7.000000 4.000000 5.000000 30.000000 8.000000 5.000000 1.000000 3.000000 2.000000 11.000000 1.000000 4.000000 
11.468769 166.212601 0.000000 27.000000 2.000000 6.000000 9.000000 2.000000 2.000000 1.000000 3.000000 1.000000 8.000000 12.000000 8.000000 
12.583138 172.324652 0.000000 14.000000 1.000000 2.000000 5.000000 9.000000 5.000000 8.000000 5.000000 6.000000 16.000000 7.000000 3.000000 
12.383227 180.633524 0.000000 19.000000 8.000000 7.000000 12.000000 5.000000 1.000000 5.000000 2.000000 2.000000 9.000000 4.000000 7.000000 
9.677587 188.687440 0.000000 6.000000 11.000000 12.000000 8.000000 5.000000 6.000000 3.000000 4.000000 2.000000 6.000000 8.000000 10.000000 
10.816205 196.313914 0.000000 10.000000 12.000000 8.000000 6.000000 0.000000 1.000000 0.000000 2.000000 2.000000 22.000000 11.000000 7.000000 
11.921697 204.276872 0.000000 6.000000 5.000000 10.000000 22.000000 4.000000 4.000000 2.000000 5.000000 2.000000 4.000000 10.000000 7.000000 
16.301458 215.113742 0.000000 2.000000 4.000000 6.000000 24.000000 7.000000 4.000000 5.000000 7.000000 10.000000 7.000000 2.000000 3.000000 
18.322413 218.957385 0.000000 4.000000 3.000000 6.000000 23.000000 7.000000 2.000000 3.000000 9.000000 6.000000 11.000000 3.000000 4.000000 
14.585653 229.355842 0.000000 12.000000 8.000000 6.000000 19.000000 4.000000 4.000000 3.000000 6.000000 4.000000 7.000000 5.000000 3.000000 
12.000000 237.365028 27.000000 12.000000 7.000000 4.000000 2.000000 0.000000 1.000000 1.000000 1.000000 1.000000 5.000000 5.000000 6.000000 
20.322413 5.687440 27.000000 12.000000 0.000000 0.000000 9.000000 4.000000 1.000000 2.000000 2.000000 1.000000 9.000000 4.000000 10.000000 
19.204819 14.012611 0.000000 15.000000 11.000000 7.000000 12.000000 5.000000 4.000000 5.000000 2.000000 1.000000 7.000000 10.000000 2.000000 
15.873732 21.449957 0.000000 12.000000 5.000000 10.000000 20.000000 3.000000 7.000000 5.000000 4.000000 2.000000 2.000000 5.000000 6.000000 
16.839351 26.883831 0.000000 7.000000 5.000000 7.000000 20.000000 8.000000 4.000000 1.000000 0.000000 6.000000 11.000000 4.000000 8.000000 
19.000000 36.048174 0.000000 12.000000 4.000000 7.000000 9.000000 5.000000 2.000000 3.000000 6.000000 7.000000 12.000000 7.000000 7.000000 
20.793123 45.482098 0.000000 11.000000 5.000000 6.000000 11.000000 5.000000 8.000000 3.000000 4.000000 4.000000 6.000000 7.000000 11.000000 
18.221797 53.586825 0.000000 20.000000 4.000000 2.000000 10.000000 3.000000 7.000000 8.000000 4.000000 5.000000 9.000000 4.000000 5.000000 
19.641079 60.744877 0.000000 26.000000 7.000000 4.000000 6.000000 5.000000 4.000000 4.000000 4.000000 3.000000 2.000000 9.000000 7.000000 
20.915187 67.666767 0.000000 13.000000 8.000000 8.000000 10.000000 3.000000 1.000000 1.000000 5.000000 6.000000 16.000000 2.000000 8.000000 
19.987066 78.328141 0.000000 10.000000 3.000000 7.000000 4.000000 2.000000 2.000000 1.000000 9.000000 10.000000 17.000000 6.000000 10.000000 
19.717558 83.640435 0.000000 15.000000 9.000000 9.000000 21.000000 4.000000 2.000000 3.000000 3.000000 2.000000 3.000000 4.000000 6.000000 
20.586825 88.718927 0.000000 16.000000 9.000000 10.000000 14.000000 5.000000 3.000000 1.000000 2.000000 1.000000 1.000000 11.000000 8.000000 
19.837145 99.117960 0.000000 12.000000 8.000000 5.000000 12.000000 6.000000 5.000000 4.000000 3.000000 4.000000 13.000000 0.000000 9.000000 
20.973972 108.350680 0.000000 11.000000 5.000000 8.000000 10.000000 9.000000 4.000000 5.000000 4.000000 6.000000 9.000000 1.000000 9.000000 
19.858331 116.322413 0.000000 10.000000 2.000000 5.000000 11.000000 4.000000 7.000000 5.000000 3.000000 7.000000 10.000000 6.000000 11.000000 
19.232776 123.434739 0.000000 2.000000 2.000000 3.000000 11.000000 11.000000 5.000000 8.000000 15.000000 8.000000 10.000000 2.000000 4.000000 
19.709632 130.346277 0.000000 10.000000 5.000000 4.000000 9.000000 4.000000 8.000000 9.000000 13.000000 4.000000 9.000000 3.000000 3.000000 
21.882416 143.277346 0.000000 2.000000 2.000000 8.000000 15.000000 4.000000 2.000000 2.000000 9.000000 10.000000 17.000000 4.000000 6.000000 
21.987211 147.693670 0.000000 7.000000 4.000000 8.000000 11.000000 4.000000 4.000000 2.000000 6.000000 11.000000 11.000000 7.000000 6.000000 
18.863846 156.806972 0.000000 4.000000 3.000000 4.000000 7.000000 9.000000 8.000000 5.000000 2.000000 5.000000 12.000000 11.000000 11.000000 
16.634972 164.634972 0.000000 30.000000 2.000000 13.000000 12.000000 5.000000 3.000000 3.000000 2.000000 1.000000 4.000000 5.000000 1.000000 
20.429142 172.747730 0.000000 15.000000 13.000000 6.000000 4.000000 3.000000 3.000000 3.000000 7.000000 2.000000 10.000000 9.000000 6.000000 
24.000000 178.959625 0.000000 3.000000 17.000000 10.000000 11.000000 3.000000 4.000000 1.000000 3.000000 9.000000 16.000000 2.000000 2.000000 
21.039289 188.724975 0.000000 12.000000 6.000000 5.000000 6.000000 4.000000 4.000000 13.000000 9.000000 6.000000 2.000000 7.000000 7.000000 
23.110367 194.264412 0.000000 5.000000 3.000000 4.000000 4.000000 6.000000 9.000000 10.000000 6.000000 8.000000 18.000000 3.000000 5.000000 
20.341794 203.382215 0.000000 4.000000 0.000000 6.000000 10.000000 4.000000 5.000000 10.000000 5.000000 6.000000 17.000000 10.000000 4.000000 
18.322413 214.905551 0.000000 8.000000 6.000000 4.000000 33.000000 5.000000 1.000000 2.000000 4.000000 5.000000 5.000000 3.000000 5.000000 
22.858607 219.861223 0.000000 12.000000 6.000000 6.000000 25.000000 8.000000 4.000000 2.000000 2.000000 1.000000 7.000000 4.000000 4.000000 
20.583138 228.324652 0.000000 12.000000 5.000000 7.000000 12.000000 1.000000 9.000000 5.000000 6.000000 1.000000 9.000000 6.000000 8.000000 
20.000000 237.365028 27.000000 11.000000 8.000000 2.000000 1.000000 1.000000 4.000000 4.000000 2.000000 1.000000 5.000000 1.000000 5.000000 
27.445958 5.135638 27.000000 15.000000 5.000000 9.000000 3.000000 3.000000 1.000000 3.000000 3.000000 1.000000 2.000000 5.000000 4.000000 
26.087114 10.214724 0.000000 17.000000 10.000000 13.000000 6.000000 3.000000 2.000000 7.000000 6.000000 3.000000 2.000000 8.000000 4.000000 
26.682297 18.624229 0.000000 14.000000 6.000000 9.000000 4.000000 2.000000 6.000000 8.000000 3.000000 4.000000 8.000000 12.000000 5.000000 
25.983126 29.324652 0.000000 6.000000 6.000000 5.000000 13.000000 9.000000 10.000000 7.000000 4.000000 2.000000 6.000000 5.000000 8.000000 
29.641889 38.982051 0.000000 7.000000 4.000000 9.000000 3.000000 5.000000 7.000000 2.000000 5.000000 7.000000 10.000000 8.000000 14.000000 
31.982110 45.806096 0.000000 19.000000 6.000000 9.000000 8.000000 2.000000 3.000000 6.000000 3.000000 4.000000 4.000000 7.000000 10.000000 
27.685662 52.327646 0.000000 10.000000 7.000000 7.000000 14.000000 7.000000 7.000000 2.000000 3.000000 1.000000 7.000000 9.000000 7.000000 
28.173650 59.771960 0.000000 21.000000 2.000000 2.000000 12.000000 4.000000 4.000000 3.000000 0.000000 2.000000 12.000000 7.000000 12.000000 
28.109799 67.253401 0.000000 13.000000 5.000000 4.000000 5.000000 4.000000 1.000000 1.000000 7.000000 6.000000 15.000000 9.000000 11.000000 
28.909237 77.909237 0.000000 11.000000 2.000000 6.000000 19.000000 7.000000 7.000000 4.000000 7.000000 3.000000 8.000000 3.000000 4.000000 
26.909237 82.452645 0.000000 16.000000 3.000000 3.000000 11.000000 3.000000 4.000000 4.000000 1.000000 6.000000 10.000000 13.000000 7.000000 
26.425723 91.009796 0.000000 10.000000 10.000000 3.000000 13.000000 6.000000 4.000000 5.000000 2.000000 1.000000 3.000000 8.000000 16.000000 
26.264412 101.735588 0.000000 20.000000 10.000000 4.000000 8.000000 7.000000 8.000000 9.000000 4.000000 2.000000 2.000000 3.000000 4.000000 
25.765864 109.709491 0.000000 22.000000 6.000000 3.000000 1.000000 6.000000 5.000000 7.000000 4.000000 6.000000 11.000000 5.000000 5.000000 
26.626701 116.165378 0.000000 18.000000 10.000000 5.000000 3.000000 5.000000 5.000000 4.000000 5.000000 5.000000 9.000000 3.000000 9.000000 
30.329468 121.618354 0.000000 7.000000 7.000000 9.000000 14.000000 8.000000 1.000000 5.000000 3.000000 2.000000 8.000000 7.000000 10.000000 
30.618493 131.200764 0.000000 5.000000 3.000000 8.000000 14.000000 8.000000 8.000000 9.000000 4.000000 1.000000 3.000000 11.000000 7.000000 
26.832049 142.744510 0.000000 1.000000 4.000000 11.000000 19.000000 9.000000 3.000000 3.000000 5.000000 15.000000 4.000000 3.000000 4.000000 
25.910897 149.515718 0.000000 3.000000 2.000000 10.000000 16.000000 5.000000 2.000000 6.000000 2.000000 8.000000 18.000000 4.000000 5.000000 
25.987380 157.583138 0.000000 7.000000 3.000000 6.000000 9.000000 11.000000 5.000000 2.000000 1.000000 3.000000 2.000000 11.000000 21.000000 
27.905886 163.836449 0.000000 17.000000 2.000000 7.000000 10.000000 5.000000 2.000000 4.000000 4.000000 2.000000 12.000000 9.000000 7.000000 
29.493987 176.454178 0.000000 26.000000 9.000000 10.000000 0.000000 1.000000 0.000000 1.000000 3.000000 4.000000 24.000000 3.000000 0.000000 
30.206866 181.199064 0.000000 9.000000 18.000000 6.000000 6.000000 3.000000 4.000000 1.000000 1.000000 6.000000 20.000000 4.000000 3.000000 
27.903554 189.278127 0.000000 11.000000 7.000000 9.000000 9.000000 3.000000 4.000000 1.000000 1.000000 5.000000 17.000000 9.000000 5.000000 
28.701003 194.295758 0.000000 7.000000 9.000000 12.000000 9.000000 5.000000 2.000000 2.000000 3.000000 8.000000 18.000000 3.000000 3.000000 
27.969865 203.000000 0.000000 5.000000 5.000000 6.000000 5.000000 2.000000 7.000000 14.000000 6.000000 2.000000 6.000000 13.000000 10.000000 
29.164464 213.454186 0.000000 9.000000 3.000000 9.000000 18.000000 4.000000 9.000000 5.000000 4.000000 5.000000 7.000000 4.000000 4.000000 
27.262228 218.555864 0.000000 7.000000 7.000000 4.000000 17.000000 7.000000 9.000000 3.000000 4.000000 6.000000 4.000000 5.000000 8.000000 
26.587563 227.547187 0.000000 15.000000 3.000000 5.000000 13.000000 6.000000 7.000000 5.000000 3.000000 4.000000 3.000000 7.000000 10.000000 
28.000000 237.365028 27.000000 7.000000 3.000000 1.000000 9.000000 4.000000 2.000000 7.000000 2.000000 0.000000 2.000000 2.000000 6.000000 
34.632812 4.441751 27.000000 12.000000 9.000000 3.000000 1.000000 1.000000 3.000000 4.000000 3.000000 7.000000 6.000000 2.000000 3.000000 
32.248005 10.566764 0.000000 17.000000 16.000000 11.000000 3.000000 3.000000 3.000000 1.000000 4.000000 4.000000 8.000000 5.000000 6.000000 
33.223232 20.586825 0.000000 13.000000 8.000000 10.000000 7.000000 3.000000 3.000000 3.000000 3.000000 3.000000 22.000000 2.000000 4.000000 
35.909237 28.286453 0.000000 8.000000 7.000000 7.000000 7.000000 3.000000 4.000000 3.000000 8.000000 9.000000 15.000000 8.000000 2.000000 
36.358056 36.506197 0.000000 16.000000 8.000000 5.000000 12.000000 5.000000 5.000000 4.000000 6.000000 4.000000 4.000000 4.000000 8.000000 
37.105957 42.398378 0.000000 14.000000 3.000000 3.000000 10.000000 8.000000 7.000000 5.000000 3.000000 4.000000 9.000000 7.000000 8.000000 
35.227330 50.568898 0.000000 18.000000 8.000000 6.000000 3.000000 0.000000 4.000000 8.000000 6.000000 8.000000 8.000000 5.000000 7.000000 
34.568379 58.014759 0.000000 23.000000 6.000000 8.000000 6.000000 2.000000 5.000000 3.000000 2.000000 6.000000 9.000000 6.000000 5.000000 
36.909237 66.604889 0.000000 12.000000 4.000000 6.000000 7.000000 3.000000 2.000000 2.000000 6.000000 8.000000 9.000000 9.000000 13.000000 
35.853070 76.773737 0.000000 22.000000 8.000000 3.000000 9.000000 4.000000 2.000000 4.000000 6.000000 6.000000 1.000000 10.000000 6.000000 
36.260725 83.573479 0.000000 13.000000 6.000000 4.000000 9.000000 10.000000 9.000000 7.000000 6.000000 6.000000 4.000000 4.000000 3.000000 
35.000000 94.306616 0.000000 3.000000 4.000000 7.000000 2.000000 8.000000 6.000000 7.000000 9.000000 6.000000 14.000000 5.000000 10.000000 
34.620079 102.432395 0.000000 4.000000 8.000000 13.000000 16.000000 4.000000 3.000000 5.000000 5.000000 4.000000 7.000000 5.000000 7.000000 
37.971216 109.987631 0.000000 17.000000 10.000000 8.000000 5.000000 1.000000 3.000000 3.000000 5.000000 4.000000 11.000000 3.000000 11.000000 
39.101118 117.669449 0.000000 19.000000 10.000000 6.000000 5.000000 2.000000 7.000000 6.000000 8.000000 3.000000 9.000000 4.000000 2.000000 
40.162742 122.797715 0.000000 15.000000 5.000000 6.000000 4.000000 5.000000 3.000000 6.000000 7.000000 8.000000 14.000000 5.000000 3.000000 
39.920607 135.769073 0.000000 4.000000 7.000000 2.000000 5.000000 6.000000 5.000000 5.000000 6.000000 8.000000 18.000000 3.000000 12.000000 
35.301289 143.404996 0.000000 5.000000 4.000000 4.000000 24.000000 7.000000 4.000000 2.000000 5.000000 2.000000 11.000000 5.000000 8.000000 
35.101368 148.863597 0.000000 7.000000 9.000000 10.000000 20.000000 5.000000 2.000000 1.000000 4.000000 0.000000 6.000000 11.000000 6.000000 
36.000000 155.546891 0.000000 10.000000 5.000000 8.000000 18.000000 4.000000 5.000000 3.000000 0.000000 4.000000 4.000000 11.000000 9.000000 
36.670964 162.539670 0.000000 12.000000 6.000000 13.000000 3.000000 1.000000 3.000000 3.000000 3.000000 7.000000 8.000000 11.000000 11.000000 
34.872099 174.127622 0.000000 25.000000 7.000000 2.000000 3.000000 4.000000 5.000000 10.000000 3.000000 2.000000 11.000000 5.000000 4.000000 
38.275774 182.358732 0.000000 17.000000 18.000000 4.000000 5.000000 1.000000 4.000000 4.000000 4.000000 3.000000 11.000000 3.000000 7.000000 
35.163829 190.247005 0.000000 12.000000 10.000000 8.000000 9.000000 2.000000 4.000000 2.000000 4.000000 1.000000 22.000000 6.000000 1.000000 
35.052996 193.947004 0.000000 8.000000 12.000000 13.000000 2.000000 2.000000 2.000000 0.000000 2.000000 3.000000 33.000000 3.000000 1.000000 
36.753714 203.677688 0.000000 7.000000 7.000000 6.000000 6.000000 10.000000 9.000000 13.000000 2.000000 8.000000 5.000000 2.000000 6.000000 
34.637851 212.012372 0.000000 4.000000 7.000000 3.000000 10.000000 1.000000 5.000000 17.000000 10.000000 7.000000 9.000000 3.000000 5.000000 
33.178036 217.562290 0.000000 7.000000 4.000000 8.000000 16.000000 5.000000 3.000000 4.000000 6.000000 6.000000 5.000000 7.000000 10.000000 
34.031462 225.130108 0.000000 9.000000 4.000000 12.000000 10.000000 4.000000 3.000000 5.000000 6.000000 7.000000 6.000000 4.000000 11.000000 
35.769329 237.134357 27.000000 1.000000 3.000000 6.000000 3.000000 2.000000 8.000000 2.000000 2.000000 5.000000 6.000000 4.000000 3.000000 
44.000000 5.689680 27.000000 6.000000 1.000000 8.000000 10.000000 4.000000 2.000000 4.000000 5.000000 2.000000 4.000000 5.000000 3.000000 
43.394183 13.121652 0.000000 15.000000 6.000000 10.000000 11.000000 2.000000 6.000000 10.000000 4.000000 4.000000 1.000000 4.000000 8.000000 
42.358965 18.579776 0.000000 21.000000 3.000000 3.000000 10.000000 2.000000 5.000000 8.000000 5.000000 3.000000 2.000000 8.000000 11.000000 
41.550363 26.634972 0.000000 6.000000 6.000000 7.000000 13.000000 5.000000 4.000000 3.000000 10.000000 7.000000 6.000000 9.000000 5.000000 
41.586825 35.269922 0.000000 18.000000 6.000000 8.000000 11.000000 2.000000 1.000000 6.000000 4.000000 5.000000 10.000000 4.000000 6.000000 
43.447284 41.406909 0.000000 8.000000 11.000000 8.000000 8.000000 6.000000 0.000000 1.000000 4.000000 4.000000 19.000000 6.000000 6.000000 
43.555629 53.605375 0.000000 14.000000 7.000000 8.000000 10.000000 1.000000 4.000000 8.000000 4.000000 1.000000 6.000000 8.000000 10.000000 
41.586825 60.221797 0.000000 8.000000 3.000000 8.000000 2.000000 3.000000 4.000000 4.000000 6.000000 5.000000 11.000000 4.000000 23.000000 
41.671058 67.073700 0.000000 19.000000 7.000000 10.000000 7.000000 2.000000 4.000000 5.000000 3.000000 1.000000 7.000000 15.000000 1.000000 
40.634972 76.659621 0.000000 19.000000 2.000000 2.000000 8.000000 5.000000 2.000000 5.000000 5.000000 6.000000 13.000000 9.000000 5.000000 
42.906014 84.295075 0.000000 21.000000 4.000000 4.000000 9.000000 8.000000 6.000000 4.000000 1.000000 4.000000 3.000000 8.000000 9.000000 
44.586825 93.209384 0.000000 10.000000 5.000000 7.000000 7.000000 6.000000 4.000000 3.000000 4.000000 9.000000 10.000000 8.000000 8.000000 
44.719967 101.687440 0.000000 18.000000 3.000000 4.000000 10.000000 6.000000 6.000000 3.000000 2.000000 4.000000 4.000000 5.000000 16.000000 
47.370821 109.360968 0.000000 14.000000 8.000000 4.000000 14.000000 3.000000 3.000000 5.000000 8.000000 4.000000 5.000000 7.000000 6.000000 
47.266850 118.303402 0.000000 14.000000 4.000000 9.000000 7.000000 4.000000 3.000000 7.000000 7.000000 5.000000 9.000000 4.000000 8.000000 
45.222104 123.947502 0.000000 13.000000 3.000000 8.000000 4.000000 4.000000 2.000000 6.000000 7.000000 8.000000 15.000000 5.000000 6.000000 
45.443338 134.443338 0.000000 2.000000 6.000000 7.000000 15.000000 9.000000 6.000000 7.000000 4.000000 4.000000 13.000000 4.000000 4.000000 
43.563935 140.801092 0.000000 5.000000 4.000000 5.000000 10.000000 5.000000 5.000000 11.000000 9.000000 1.000000 4.000000 5.000000 17.000000 
45.677587 146.687440 0.000000 4.000000 4.000000 10.000000 8.000000 6.000000 9.000000 7.000000 4.000000 4.000000 9.000000 7.000000 9.000000 
43.425410 156.397683 0.000000 11.000000 0.000000 8.000000 10.000000 7.000000 6.000000 4.000000 2.000000 3.000000 5.000000 8.000000 17.000000 
43.050046 162.725394 0.000000 10.000000 3.000000 7.000000 7.000000 7.000000 10.000000 3.000000 3.000000 3.000000 4.000000 7.000000 17.000000 
40.408760 168.874948 0.000000 16.000000 1.000000 2.000000 8.000000 6.000000 7.000000 7.000000 1.000000 5.000000 10.000000 5.000000 13.000000 
47.231635 181.515646 0.000000 8.000000 11.000000 8.000000 3.000000 9.000000 2.000000 4.000000 5.000000 3.000000 4.000000 10.000000 14.000000 
44.908406 189.077677 0.000000 4.000000 6.000000 6.000000 19.000000 9.000000 2.000000 2.000000 4.000000 4.000000 8.000000 8.000000 9.000000 
45.083492 194.226993 0.000000 7.000000 12.000000 10.000000 18.000000 2.000000 0.000000 0.000000 3.000000 6.000000 10.000000 9.000000 4.000000 
43.354570 202.993707 0.000000 7.000000 5.000000 11.000000 11.000000 2.000000 2.000000 2.000000 2.000000 7.000000 26.000000 3.000000 3.000000 
43.962814 207.649971 0.000000 8.000000 7.000000 5.000000 17.000000 6.000000 0.000000 1.000000 1.000000 3.000000 17.000000 8.000000 8.000000 
45.437055 215.887665 0.000000 14.000000 2.000000 7.000000 11.000000 6.000000 4.000000 4.000000 7.000000 2.000000 10.000000 3.000000 11.000000 
44.000000 224.663253 0.000000 12.000000 5.000000 9.000000 8.000000 3.000000 2.000000 1.000000 5.000000 2.000000 13.000000 4.000000 17.000000 
44.198900 236.912076 27.000000 1.000000 5.000000 3.000000 6.000000 4.000000 6.000000 4.000000 1.000000 4.000000 3.000000 4.000000 4.000000 
52.972592 6.337620 27.000000 10.000000 5.000000 5.000000 9.000000 3.000000 4.000000 8.000000 3.000000 1.000000 2.000000 1.000000 3.000000 
56.419488 14.951852 0.000000 16.000000 11.000000 6.000000 15.000000 2.000000 0.000000 0.000000 4.000000 5.000000 7.000000 7.000000 8.000000 
55.000000 18.948166 0.000000 11.000000 9.000000 6.000000 11.000000 4.000000 0.000000 4.000000 8.000000 7.000000 7.000000 8.000000 6.000000 
52.634528 27.967076 0.000000 10.000000 6.000000 5.000000 9.000000 8.000000 7.000000 4.000000 4.000000 4.000000 10.000000 8.000000 6.000000 
52.000000 37.948166 0.000000 4.000000 4.000000 10.000000 22.000000 3.000000 0.000000 1.000000 4.000000 8.000000 7.000000 10.000000 8.000000 
52.322413 43.853886 0.000000 6.000000 8.000000 12.000000 12.000000 3.000000 2.000000 5.000000 7.000000 7.000000 5.000000 10.000000 4.000000 
53.000000 53.948166 0.000000 9.000000 9.000000 8.000000 6.000000 5.000000 6.000000 14.000000 11.000000 2.000000 6.000000 2.000000 3.000000 
51.730543 59.746300 0.000000 6.000000 5.000000 3.000000 4.000000 3.000000 13.000000 15.000000 6.000000 1.000000 9.000000 11.000000 5.000000 
52.000000 67.942441 0.000000 9.000000 4.000000 3.000000 2.000000 6.000000 11.000000 10.000000 4.000000 4.000000 12.000000 7.000000 9.000000 
52.095402 78.460429 0.000000 19.000000 5.000000 6.000000 8.000000 6.000000 7.000000 6.000000 5.000000 1.000000 8.000000 5.000000 5.000000 
52.586825 85.408543 0.000000 20.000000 10.000000 4.000000 8.000000 5.000000 9.000000 2.000000 0.000000 1.000000 4.000000 9.000000 9.000000 
51.000000 91.689680 0.000000 11.000000 4.000000 5.000000 1.000000 6.000000 2.000000 3.000000 7.000000 3.000000 18.000000 8.000000 13.000000 
52.413175 100.951852 0.000000 13.000000 10.000000 9.000000 5.000000 7.000000 5.000000 2.000000 3.000000 6.000000 2.000000 7.000000 12.000000 
53.736324 107.689680 0.000000 9.000000 9.000000 6.000000 9.000000 5.000000 6.000000 9.000000 12.000000 5.000000 3.000000 3.000000 5.000000 
53.771036 118.136064 0.000000 13.000000 4.000000 5.000000 5.000000 3.000000 9.000000 11.000000 9.000000 2.000000 6.000000 5.000000 9.000000 
53.816456 124.951852 0.000000 12.000000 7.000000 6.000000 6.000000 6.000000 9.000000 10.000000 3.000000 3.000000 3.000000 5.000000 11.000000 
53.000000 131.689680 0.000000 7.000000 7.000000 4.000000 7.000000 6.000000 6.000000 9.000000 8.000000 9.000000 8.000000 6.000000 4.000000 
52.000000 141.689680 0.000000 12.000000 14.000000 3.000000 3.000000 7.000000 5.000000 4.000000 5.000000 6.000000 11.000000 6.000000 5.000000 
53.257144 148.540479 0.000000 8.000000 3.000000 8.000000 4.000000 3.000000 2.000000 6.000000 3.000000 4.000000 13.000000 10.000000 17.000000 
54.365028 155.365028 0.000000 16.000000 6.000000 1.000000 14.000000 7.000000 5.000000 3.000000 1.000000 2.000000 4.000000 9.000000 13.000000 
52.155111 163.523750 0.000000 8.000000 7.000000 4.000000 3.000000 4.000000 4.000000 8.000000 4.000000 7.000000 14.000000 6.000000 12.000000 
50.674536 170.100395 0.000000 15.000000 4.000000 4.000000 4.000000 7.000000 11.000000 7.000000 3.000000 3.000000 6.000000 5.000000 12.000000 
54.296390 180.365028 0.000000 14.000000 7.000000 8.000000 9.000000 4.000000 4.000000 1.000000 2.000000 3.000000 10.000000 5.000000 14.000000 
49.479183 188.379021 0.000000 4.000000 6.000000 5.000000 12.000000 4.000000 1.000000 4.000000 4.000000 8.000000 6.000000 12.000000 15.000000 
48.883910 194.951852 0.000000 3.000000 9.000000 11.000000 22.000000 2.000000 2.000000 3.000000 2.000000 3.000000 9.000000 8.000000 7.000000 
48.207744 202.164208 0.000000 3.000000 6.000000 8.000000 9.000000 1.000000 1.000000 2.000000 0.000000 7.000000 31.000000 5.000000 8.000000 
48.984784 208.674464 0.000000 7.000000 4.000000 6.000000 17.000000 8.000000 1.000000 11.000000 6.000000 1.000000 1.000000 5.000000 14.000000 
52.142007 219.541921 0.000000 13.000000 5.000000 3.000000 6.000000 5.000000 3.000000 7.000000 6.000000 7.000000 13.000000 8.000000 5.000000 
52.090640 226.408446 0.000000 8.000000 12.000000 6.000000 11.000000 4.000000 4.000000 6.000000 3.000000 5.000000 8.000000 7.000000 7.000000 
52.000000 236.736548 27.000000 5.000000 2.000000 4.000000 12.000000 0.000000 4.000000 5.000000 3.000000 1.000000 6.000000 3.000000 0.000000 
60.000000 5.324652 39.000000 3.000000 3.000000 4.000000 0.000000 1.000000 2.000000 5.000000 6.000000 3.000000 10.000000 1.000000 4.000000 
61.047613 14.372265 18.000000 14.000000 6.000000 7.000000 10.000000 4.000000 3.000000 0.000000 2.000000 1.000000 4.000000 7.000000 5.000000 
60.922123 21.324652 18.000000 9.000000 7.000000 3.000000 6.000000 2.000000 0.000000 4.000000 6.000000 4.000000 7.000000 8.000000 7.000000 
60.000000 29.324652 18.000000 6.000000 7.000000 6.000000 6.000000 3.000000 5.000000 2.000000 5.000000 5.000000 10.000000 4.000000 4.000000 
60.000000 37.691418 18.000000 12.000000 6.000000 4.000000 5.000000 3.000000 2.000000 6.000000 6.000000 2.000000 5.000000 4.000000 8.000000 
60.000000 45.324652 18.000000 6.000000 8.000000 7.000000 7.000000 2.000000 4.000000 6.000000 6.000000 5.000000 7.000000 3.000000 2.000000 
60.000000 53.740073 18.000000 8.000000 6.000000 5.000000 4.000000 1.000000 0.000000 4.000000 10.000000 5.000000 10.000000 5.000000 5.000000 
60.000000 61.324652 18.000000 2.000000 7.000000 9.000000 8.000000 5.000000 7.000000 2.000000 5.000000 2.000000 6.000000 8.000000 2.000000 
60.000000 69.324652 18.000000 9.000000 4.000000 5.000000 2.000000 4.000000 7.000000 8.000000 5.000000 1.000000 9.000000 4.000000 5.000000 
60.000000 77.701958 18.000000 3.000000 9.000000 5.000000 5.000000 6.000000 5.000000 8.000000 6.000000 3.000000 2.000000 6.000000 5.000000 
60.000000 85.324652 18.000000 12.000000 6.000000 4.000000 3.000000 5.000000 9.000000 10.000000 1.000000 4.000000 4.000000 1.000000 4.000000 
60.000000 93.324652 18.000000 9.000000 8.000000 3.000000 6.000000 7.000000 10.000000 12.000000 2.000000 1.000000 2.000000 1.000000 2.000000 
60.000000 101.324652 18.000000 5.000000 6.000000 3.000000 2.000000 5.000000 7.000000 14.000000 6.000000 4.000000 2.000000 4.000000 5.000000 
60.000000 109.324652 18.000000 10.000000 9.000000 3.000000 1.000000 4.000000 3.000000 9.000000 4.000000 4.000000 3.000000 6.000000 7.000000 
60.433471 117.324652 18.000000 13.000000 4.000000 2.000000 5.000000 8.000000 6.000000 9.000000 6.000000 5.000000 1.000000 2.000000 2.000000 
60.000000 125.324652 18.000000 10.000000 5.000000 5.000000 0.000000 2.000000 3.000000 4.000000 2.000000 6.000000 10.000000 3.000000 13.000000 
60.000000 133.324652 18.000000 4.000000 0.000000 3.000000 7.000000 2.000000 1.000000 3.000000 7.000000 9.000000 16.000000 6.000000 5.000000 
60.000000 141.324652 18.000000 9.000000 6.000000 1.000000 8.000000 2.000000 2.000000 5.000000 6.000000 6.000000 8.000000 7.000000 3.000000 
60.000000 149.324652 18.000000 9.000000 3.000000 6.000000 4.000000 2.000000 9.000000 7.000000 4.000000 1.000000 0.000000 4.000000 14.000000 
60.474379 157.324652 18.000000 10.000000 2.000000 3.000000 3.000000 5.000000 3.000000 1.000000 5.000000 4.000000 10.000000 6.000000 11.000000 
60.000000 165.324652 18.000000 11.000000 7.000000 8.000000 5.000000 1.000000 3.000000 2.000000 2.000000 7.000000 8.000000 3.000000 6.000000 
59.716321 173.040973 18.000000 8.000000 6.000000 6.000000 3.000000 11.000000 4.000000 4.000000 2.000000 7.000000 7.000000 4.000000 1.000000 
60.926106 181.324652 18.000000 15.000000 8.000000 3.000000 2.000000 6.000000 10.000000 5.000000 2.000000 4.000000 0.000000 1.000000 7.000000 
59.734464 189.324652 18.000000 7.000000 6.000000 5.000000 1.000000 3.000000 5.000000 4.000000 6.000000 6.000000 12.000000 7.000000 1.000000 
59.745441 197.331458 18.000000 8.000000 6.000000 5.000000 12.000000 5.000000 3.000000 2.000000 1.000000 0.000000 5.000000 7.000000 9.000000 
59.509576 205.324652 18.000000 6.000000 2.000000 0.000000 12.000000 4.000000 4.000000 7.000000 4.000000 4.000000 7.000000 7.000000 6.000000 
59.725462 212.773798 18.000000 8.000000 2.000000 3.000000 7.000000 1.000000 1.000000 18.000000 7.000000 6.000000 3.000000 4.000000 3.000000 
60.000000 221.324652 18.000000 9.000000 1.000000 10.000000 9.000000 3.000000 2.000000 6.000000 2.000000 2.000000 4.000000 7.000000 8.000000 
60.000000 228.551151 18.000000 4.000000 9.000000 7.000000 4.000000 4.000000 3.000000 4.000000 3.000000 4.000000 3.000000 11.000000 7.000000 
60.000000 236.000000 35.000000 3.000000 0.000000 0.000000 1.000000 2.000000 3.000000 1.000000 3.000000 3.000000 5.000000 3.000000 4.000000 
