240
5.000000 5.689680 39.000000 3.000000 1.000000 2.000000 1.000000 4.000000 2.000000 1.000000 1.000000 2.000000 5.000000 0.000000 2.000000 
4.322413 13.002240 27.000000 3.000000 4.000000 4.000000 5.000000 1.000000 2.000000 0.000000 2.000000 1.000000 4.000000 2.000000 8.000000 
5.227058 21.296570 27.000000 5.000000 1.000000 5.000000 6.000000 1.000000 2.000000 0.000000 1.000000 1.000000 1.000000 3.000000 10.000000 
4.617951 29.031354 27.000000 3.000000 5.000000 9.000000 0.000000 0.000000 1.000000 4.000000 0.000000 0.000000 8.000000 4.000000 2.000000 
4.000000 38.061615 27.000000 5.000000 2.000000 3.000000 4.000000 0.000000 1.000000 2.000000 1.000000 4.000000 4.000000 5.000000 5.000000 
4.607137 45.362341 27.000000 5.000000 3.000000 5.000000 6.000000 1.000000 0.000000 2.000000 2.000000 0.000000 5.000000 3.000000 4.000000 
4.000000 53.689680 27.000000 8.000000 5.000000 2.000000 3.000000 0.000000 0.000000 0.000000 1.000000 0.000000 2.000000 8.000000 7.000000 
4.308164 60.651460 27.000000 4.000000 0.000000 6.000000 10.000000 1.000000 1.000000 0.000000 0.000000 0.000000 5.000000 7.000000 2.000000 
3.799030 67.865446 27.000000 5.000000 5.000000 2.000000 10.000000 4.000000 0.000000 1.000000 0.000000 0.000000 1.000000 4.000000 4.000000 
3.586825 76.555565 27.000000 5.000000 0.000000 1.000000 6.000000 2.000000 1.000000 0.000000 0.000000 2.000000 7.000000 8.000000 4.000000 
4.000000 85.689680 27.000000 2.000000 4.000000 6.000000 4.000000 1.000000 1.000000 0.000000 0.000000 2.000000 4.000000 5.000000 7.000000 
5.095382 93.963354 27.000000 2.000000 1.000000 3.000000 4.000000 0.000000 2.000000 0.000000 1.000000 0.000000 10.000000 6.000000 7.000000 
4.293822 101.983502 27.000000 3.000000 4.000000 6.000000 4.000000 1.000000 0.000000 5.000000 4.000000 1.000000 1.000000 2.000000 5.000000 
3.935253 110.034224 27.000000 4.000000 3.000000 3.000000 6.000000 6.000000 2.000000 3.000000 1.000000 1.000000 1.000000 2.000000 4.000000 
3.586825 116.911477 27.000000 6.000000 4.000000 3.000000 2.000000 0.000000 1.000000 1.000000 3.000000 1.000000 3.000000 1.000000 11.000000 
3.586825 124.911477 27.000000 3.000000 3.000000 2.000000 6.000000 1.000000 0.000000 0.000000 0.000000 2.000000 13.000000 2.000000 4.000000 
3.586825 133.737828 27.000000 2.000000 0.000000 2.000000 9.000000 2.000000 1.000000 1.000000 1.000000 0.000000 9.000000 6.000000 3.000000 
4.324652 141.324652 27.000000 3.000000 2.000000 4.000000 3.000000 4.000000 11.000000 3.000000 1.000000 0.000000 3.000000 0.000000 2.000000 
4.000000 149.689680 27.000000 3.000000 1.000000 2.000000 1.000000 0.000000 2.000000 5.000000 3.000000 3.000000 9.000000 3.000000 4.000000 
4.000000 158.025126 27.000000 4.000000 6.000000 4.000000 10.000000 1.000000 0.000000 2.000000 1.000000 1.000000 1.000000 4.000000 2.000000 
4.322413 165.002240 27.000000 4.000000 3.000000 2.000000 1.000000 6.000000 4.000000 1.000000 4.000000 3.000000 2.000000 3.000000 3.000000 
4.322413 173.002240 27.000000 4.000000 0.000000 1.000000 7.000000 4.000000 4.000000 0.000000 2.000000 1.000000 3.000000 6.000000 4.000000 
3.586825 181.737828 27.000000 11.000000 9.000000 0.000000 1.000000 0.000000 0.000000 1.000000 2.000000 1.000000 4.000000 5.000000 2.000000 
4.324652 189.324652 27.000000 7.000000 6.000000 4.000000 2.000000 3.000000 2.000000 3.000000 5.000000 1.000000 1.000000 1.000000 1.000000 
3.583138 197.324652 27.000000 2.000000 5.000000 2.000000 0.000000 0.000000 2.000000 2.000000 3.000000 3.000000 12.000000 2.000000 3.000000 
3.586825 204.911477 27.000000 4.000000 6.000000 7.000000 9.000000 1.000000 1.000000 0.000000 0.000000 1.000000 2.000000 1.000000 4.000000 
4.846516 213.888741 27.000000 6.000000 2.000000 2.000000 11.000000 1.000000 1.000000 0.000000 0.000000 1.000000 4.000000 2.000000 6.000000 
4.588478 220.736174 27.000000 0.000000 4.000000 4.000000 4.000000 0.000000 0.000000 0.000000 0.000000 0.000000 9.000000 9.000000 6.000000 
4.337092 228.647412 27.000000 4.000000 3.000000 4.000000 6.000000 4.000000 2.000000 0.000000 0.000000 1.000000 8.000000 1.000000 3.000000 
5.000000 236.365028 36.000000 3.000000 0.000000 0.000000 2.000000 1.000000 0.000000 0.000000 0.000000 2.000000 11.000000 0.000000 1.000000 
12.413175 4.951852 27.000000 4.000000 3.000000 2.000000 5.000000 7.000000 7.000000 2.000000 5.000000 8.000000 4.000000 4.000000 3.000000 
15.154054 11.634233 0.000000 13.000000 9.000000 8.000000 3.000000 1.000000 0.000000 7.000000 8.000000 3.000000 8.000000 11.000000 10.000000 
18.054484 19.310543 0.000000 12.000000 11.000000 5.000000 4.000000 4.000000 8.000000 6.000000 4.000000 2.000000 4.000000 7.000000 14.000000 
14.934813 28.330440 0.000000 2.000000 4.000000 5.000000 9.000000 4.000000 4.000000 11.000000 8.000000 5.000000 11.000000 9.000000 9.000000 
12.272302 37.546173 0.000000 18.000000 2.000000 1.000000 7.000000 5.000000 3.000000 10.000000 7.000000 7.000000 5.000000 10.000000 6.000000 
14.322413 44.647065 0.000000 9.000000 4.000000 7.000000 8.000000 7.000000 4.000000 10.000000 5.000000 4.000000 7.000000 8.000000 8.000000 
13.187938 51.395200 0.000000 18.000000 8.000000 3.000000 5.000000 4.000000 2.000000 8.000000 6.000000 8.000000 3.000000 7.000000 9.000000 
13.588544 56.424893 0.000000 19.000000 2.000000 7.000000 13.000000 6.000000 3.000000 4.000000 7.000000 5.000000 8.000000 3.000000 4.000000 
12.146361 63.734936 0.000000 20.000000 6.000000 12.000000 6.000000 6.000000 3.000000 3.000000 3.000000 2.000000 4.000000 10.000000 6.000000 
12.167418 73.683619 0.000000 10.000000 4.000000 9.000000 12.000000 8.000000 3.000000 6.000000 4.000000 2.000000 14.000000 8.000000 1.000000 
13.803646 85.034104 0.000000 17.000000 6.000000 7.000000 7.000000 5.000000 4.000000 6.000000 5.000000 3.000000 5.000000 8.000000 8.000000 
16.672599 94.672599 0.000000 5.000000 6.000000 8.000000 16.000000 8.000000 5.000000 7.000000 4.000000 4.000000 9.000000 5.000000 4.000000 
14.082280 102.408503 0.000000 6.000000 8.000000 7.000000 9.000000 3.000000 9.000000 6.000000 5.000000 7.000000 11.000000 5.000000 5.000000 
12.306280 110.306280 0.000000 16.000000 6.000000 5.000000 8.000000 1.000000 5.000000 7.000000 5.000000 6.000000 9.000000 5.000000 8.000000 
10.635183 115.437914 0.000000 23.000000 8.000000 2.000000 2.000000 2.000000 3.000000 10.000000 8.000000 3.000000 10.000000 0.000000 10.000000 
10.677587 123.687440 0.000000 11.000000 9.000000 4.000000 6.000000 2.000000 5.000000 4.000000 11.000000 8.000000 12.000000 5.000000 4.000000 
11.689680 133.000000 0.000000 0.000000 5.000000 7.000000 18.000000 9.000000 5.000000 5.000000 8.000000 6.000000 10.000000 6.000000 2.000000 
12.111160 139.435812 0.000000 8.000000 6.000000 4.000000 4.000000 6.000000 9.000000 11.000000 9.000000 5.000000 7.000000 7.000000 5.000000 
11.586825 149.233269 0.000000 7.000000 4.000000 6.000000 4.000000 2.000000 5.000000 9.000000 6.000000 6.000000 21.000000 5.000000 6.000000 
12.735588 158.246089 0.000000 12.000000 5.000000 9.000000 8.000000 6.000000 6.000000 6.000000 3.000000 2.000000 5.000000 13.000000 6.000000 
13.778736 163.481262 0.000000 14.000000 5.000000 5.000000 7.000000 4.000000 5.000000 3.000000 2.000000 0.000000 10.000000 12.000000 14.000000 
12.264412 171.735588 0.000000 18.000000 2.000000 4.000000 8.000000 3.000000 3.000000 7.000000 2.000000 1.000000 12.000000 9.000000 12.000000 
9.417488 181.067416 0.000000 41.000000 6.000000 9.000000 5.000000 2.000000 3.000000 1.000000 0.000000 0.000000 1.000000 9.000000 4.000000 
12.219185 188.543619 0.000000 18.000000 11.000000 3.000000 13.000000 3.000000 7.000000 2.000000 4.000000 5.000000 5.000000 6.000000 4.000000 
11.161896 195.264412 0.000000 8.000000 19.000000 5.000000 10.000000 2.000000 0.000000 0.000000 3.000000 5.000000 23.000000 2.000000 4.000000 
12.209273 203.912192 0.000000 15.000000 6.000000 7.000000 6.000000 2.000000 0.000000 1.000000 6.000000 9.000000 6.000000 14.000000 9.000000 
15.963438 213.401590 0.000000 9.000000 8.000000 16.000000 11.000000 1.000000 4.000000 2.000000 7.000000 6.000000 11.000000 4.000000 2.000000 
14.647221 217.510007 0.000000 10.000000 12.000000 14.000000 11.000000 4.000000 5.000000 8.000000 4.000000 1.000000 1.000000 6.000000 5.000000 
12.594279 226.341660 0.000000 4.000000 6.000000 6.000000 12.000000 6.000000 6.000000 13.000000 4.000000 4.000000 3.000000 6.000000 11.000000 
11.748402 237.113429 27.000000 6.000000 2.000000 0.000000 5.000000 4.000000 6.000000 6.000000 1.000000 4.000000 9.000000 0.000000 2.000000 
20.322413 6.054163 27.000000 10.000000 4.000000 6.000000 11.000000 3.000000 2.000000 1.000000 0.000000 6.000000 7.000000 2.000000 2.000000 
21.737828 13.586825 0.000000 10.000000 4.000000 2.000000 9.000000 7.000000 7.000000 6.000000 4.000000 1.000000 5.000000 9.000000 17.000000 
22.762959 19.473193 0.000000 10.000000 10.000000 7.000000 5.000000 5.000000 6.000000 5.000000 1.000000 2.000000 6.000000 12.000000 12.000000 
19.688936 28.067852 0.000000 7.000000 7.000000 6.000000 12.000000 4.000000 2.000000 4.000000 2.000000 5.000000 9.000000 5.000000 18.000000 
18.905551 35.716019 0.000000 15.000000 5.000000 9.000000 7.000000 11.000000 1.000000 4.000000 3.000000 3.000000 4.000000 10.000000 9.000000 
22.131237 44.513588 0.000000 6.000000 3.000000 9.000000 16.000000 7.000000 3.000000 4.000000 6.000000 5.000000 4.000000 12.000000 6.000000 
21.955235 51.014242 0.000000 4.000000 2.000000 3.000000 4.000000 6.000000 6.000000 3.000000 3.000000 2.000000 26.000000 11.000000 11.000000 
22.261982 61.088333 0.000000 13.000000 7.000000 14.000000 3.000000 6.000000 7.000000 8.000000 1.000000 3.000000 7.000000 7.000000 5.000000 
22.338170 70.013411 0.000000 9.000000 6.000000 13.000000 4.000000 7.000000 4.000000 7.000000 2.000000 3.000000 11.000000 6.000000 9.000000 
21.799068 74.659708 0.000000 12.000000 2.000000 8.000000 9.000000 5.000000 4.000000 11.000000 1.000000 6.000000 13.000000 3.000000 7.000000 
21.952556 83.777500 0.000000 10.000000 6.000000 9.000000 6.000000 4.000000 3.000000 1.000000 1.000000 2.000000 12.000000 11.000000 16.000000 
23.280027 92.221381 0.000000 9.000000 4.000000 4.000000 15.000000 6.000000 5.000000 3.000000 1.000000 3.000000 12.000000 11.000000 8.000000 
21.987621 99.662968 0.000000 9.000000 9.000000 7.000000 12.000000 4.000000 4.000000 4.000000 1.000000 3.000000 8.000000 11.000000 9.000000 
21.703496 109.294568 0.000000 8.000000 10.000000 3.000000 14.000000 6.000000 4.000000 2.000000 5.000000 5.000000 11.000000 6.000000 7.000000 
21.583138 117.324652 0.000000 16.000000 6.000000 9.000000 12.000000 3.000000 4.000000 2.000000 4.000000 2.000000 7.000000 4.000000 12.000000 
20.308352 125.413175 0.000000 5.000000 13.000000 10.000000 14.000000 10.000000 5.000000 4.000000 2.000000 2.000000 3.000000 9.000000 4.000000 
20.111448 131.080859 0.000000 11.000000 9.000000 3.000000 3.000000 4.000000 4.000000 6.000000 2.000000 3.000000 21.000000 8.000000 7.000000 
18.149226 137.024423 0.000000 7.000000 8.000000 10.000000 9.000000 3.000000 2.000000 4.000000 4.000000 2.000000 17.000000 6.000000 9.000000 
19.627454 148.138800 0.000000 5.000000 5.000000 10.000000 4.000000 9.000000 8.000000 8.000000 4.000000 2.000000 15.000000 6.000000 5.000000 
21.677820 158.324652 0.000000 6.000000 2.000000 5.000000 6.000000 4.000000 4.000000 6.000000 6.000000 5.000000 20.000000 12.000000 5.000000 
21.000000 165.644825 0.000000 8.000000 3.000000 4.000000 8.000000 7.000000 8.000000 8.000000 5.000000 0.000000 4.000000 6.000000 20.000000 
18.288718 172.619518 0.000000 23.000000 3.000000 6.000000 3.000000 4.000000 7.000000 7.000000 5.000000 1.000000 10.000000 2.000000 10.000000 
14.102947 180.659794 0.000000 32.000000 8.000000 14.000000 2.000000 1.000000 4.000000 2.000000 1.000000 2.000000 2.000000 5.000000 8.000000 
15.869632 187.698989 0.000000 21.000000 8.000000 1.000000 8.000000 3.000000 7.000000 3.000000 7.000000 5.000000 6.000000 6.000000 6.000000 
21.383304 195.259003 0.000000 18.000000 13.000000 8.000000 1.000000 1.000000 0.000000 4.000000 8.000000 9.000000 7.000000 7.000000 5.000000 
21.258634 205.689680 0.000000 6.000000 4.000000 9.000000 15.000000 4.000000 3.000000 3.000000 2.000000 4.000000 14.000000 15.000000 2.000000 
21.325227 212.250367 0.000000 6.000000 8.000000 14.000000 13.000000 0.000000 1.000000 4.000000 5.000000 8.000000 9.000000 11.000000 2.000000 
19.418204 216.354634 0.000000 5.000000 12.000000 9.000000 15.000000 4.000000 2.000000 3.000000 4.000000 10.000000 6.000000 7.000000 4.000000 
20.219134 225.543787 0.000000 8.000000 8.000000 5.000000 12.000000 5.000000 3.000000 1.000000 2.000000 2.000000 15.000000 10.000000 10.000000 
20.000000 237.126572 27.000000 6.000000 5.000000 1.000000 8.000000 0.000000 3.000000 7.000000 2.000000 1.000000 8.000000 3.000000 1.000000 
28.365028 5.365028 27.000000 4.000000 2.000000 7.000000 8.000000 3.000000 7.000000 6.000000 5.000000 3.000000 2.000000 3.000000 4.000000 
29.515194 11.654158 0.000000 6.000000 5.000000 7.000000 7.000000 3.000000 9.000000 4.000000 5.000000 5.000000 12.000000 8.000000 10.000000 
27.411362 18.548263 0.000000 8.000000 4.000000 13.000000 9.000000 7.000000 6.000000 3.000000 1.000000 2.000000 6.000000 9.000000 13.000000 
27.186949 28.322413 0.000000 19.000000 10.000000 4.000000 3.000000 1.000000 2.000000 7.000000 5.000000 1.000000 9.000000 10.000000 10.000000 
28.149795 36.059803 0.000000 14.000000 12.000000 9.000000 12.000000 4.000000 5.000000 3.000000 4.000000 1.000000 2.000000 6.000000 9.000000 
29.365028 45.365028 0.000000 6.000000 3.000000 7.000000 10.000000 3.000000 4.000000 2.000000 1.000000 4.000000 29.000000 7.000000 5.000000 
27.723053 52.322413 0.000000 15.000000 6.000000 8.000000 16.000000 9.000000 13.000000 2.000000 2.000000 4.000000 1.000000 4.000000 1.000000 
26.749897 59.777374 0.000000 29.000000 10.000000 1.000000 5.000000 4.000000 3.000000 6.000000 3.000000 1.000000 7.000000 3.000000 9.000000 
25.055384 68.420411 0.000000 7.000000 8.000000 4.000000 5.000000 2.000000 5.000000 2.000000 3.000000 5.000000 24.000000 5.000000 11.000000 
26.089218 74.235435 0.000000 10.000000 8.000000 6.000000 15.000000 7.000000 3.000000 3.000000 4.000000 3.000000 14.000000 4.000000 4.000000 
27.894364 87.530036 0.000000 20.000000 8.000000 4.000000 6.000000 2.000000 7.000000 4.000000 4.000000 4.000000 3.000000 10.000000 9.000000 
29.642013 94.501368 0.000000 10.000000 10.000000 4.000000 11.000000 6.000000 7.000000 3.000000 4.000000 5.000000 7.000000 7.000000 7.000000 
29.000000 99.173650 0.000000 12.000000 9.000000 4.000000 12.000000 5.000000 4.000000 5.000000 9.000000 2.000000 1.000000 6.000000 12.000000 
28.957385 106.677587 0.000000 14.000000 9.000000 3.000000 6.000000 6.000000 11.000000 4.000000 3.000000 8.000000 4.000000 4.000000 9.000000 
27.767486 116.322413 0.000000 21.000000 8.000000 7.000000 8.000000 2.000000 6.000000 4.000000 4.000000 4.000000 5.000000 4.000000 8.000000 
26.586825 125.616764 0.000000 5.000000 2.000000 0.000000 13.000000 3.000000 5.000000 6.000000 1.000000 10.000000 28.000000 5.000000 3.000000 
28.477460 131.105678 0.000000 5.000000 7.000000 9.000000 2.000000 7.000000 9.000000 9.000000 2.000000 3.000000 7.000000 9.000000 12.000000 
30.561268 137.953678 0.000000 4.000000 4.000000 3.000000 15.000000 8.000000 5.000000 5.000000 4.000000 6.000000 12.000000 7.000000 8.000000 
29.914386 151.815670 0.000000 2.000000 7.000000 7.000000 14.000000 3.000000 4.000000 2.000000 5.000000 2.000000 20.000000 12.000000 3.000000 
30.826284 157.042714 0.000000 5.000000 3.000000 6.000000 22.000000 4.000000 3.000000 1.000000 4.000000 6.000000 11.000000 9.000000 7.000000 
30.070630 164.586825 0.000000 9.000000 7.000000 7.000000 5.000000 7.000000 6.000000 3.000000 3.000000 5.000000 10.000000 8.000000 11.000000 
27.565865 170.890745 0.000000 11.000000 6.000000 4.000000 10.000000 4.000000 4.000000 4.000000 4.000000 4.000000 15.000000 7.000000 8.000000 
21.312605 181.443209 0.000000 12.000000 7.000000 10.000000 5.000000 4.000000 4.000000 7.000000 4.000000 2.000000 8.000000 9.000000 9.000000 
19.221644 187.706642 0.000000 22.000000 5.000000 6.000000 6.000000 5.000000 8.000000 6.000000 4.000000 1.000000 6.000000 7.000000 5.000000 
24.807864 195.200682 0.000000 12.000000 8.000000 10.000000 10.000000 2.000000 1.000000 4.000000 5.000000 2.000000 8.000000 8.000000 11.000000 
29.376047 204.555711 0.000000 12.000000 14.000000 5.000000 6.000000 5.000000 3.000000 4.000000 5.000000 5.000000 8.000000 11.000000 3.000000 
28.542468 210.885347 0.000000 10.000000 11.000000 10.000000 3.000000 5.000000 6.000000 2.000000 4.000000 6.000000 6.000000 12.000000 6.000000 
24.882651 217.874136 0.000000 8.000000 13.000000 6.000000 6.000000 4.000000 4.000000 0.000000 5.000000 8.000000 15.000000 12.000000 0.000000 
27.264258 227.706167 0.000000 14.000000 8.000000 8.000000 4.000000 6.000000 2.000000 2.000000 6.000000 6.000000 7.000000 10.000000 8.000000 
28.000000 237.365028 27.000000 2.000000 4.000000 4.000000 11.000000 8.000000 2.000000 3.000000 1.000000 1.000000 5.000000 2.000000 2.000000 
37.332158 4.951852 27.000000 7.000000 7.000000 3.000000 1.000000 4.000000 6.000000 5.000000 7.000000 1.000000 7.000000 1.000000 5.000000 
39.642824 10.305341 0.000000 18.000000 15.000000 7.000000 5.000000 5.000000 1.000000 2.000000 4.000000 1.000000 12.000000 6.000000 5.000000 
39.657697 18.687440 0.000000 11.000000 14.000000 4.000000 12.000000 2.000000 2.000000 1.000000 3.000000 11.000000 9.000000 6.000000 6.000000 
39.829068 28.591073 0.000000 15.000000 8.000000 7.000000 0.000000 2.000000 3.000000 4.000000 7.000000 7.000000 7.000000 5.000000 16.000000 
39.322413 35.995441 0.000000 14.000000 6.000000 2.000000 2.000000 6.000000 3.000000 3.000000 5.000000 5.000000 14.000000 8.000000 13.000000 
36.197183 44.366252 0.000000 6.000000 2.000000 8.000000 8.000000 5.000000 6.000000 10.000000 4.000000 4.000000 19.000000 3.000000 6.000000 
33.599151 50.697239 0.000000 17.000000 6.000000 6.000000 28.000000 6.000000 4.000000 1.000000 2.000000 1.000000 0.000000 5.000000 5.000000 
36.322413 56.733468 0.000000 13.000000 4.000000 2.000000 14.000000 2.000000 3.000000 6.000000 2.000000 2.000000 17.000000 9.000000 7.000000 
36.373750 66.990489 0.000000 10.000000 7.000000 6.000000 30.000000 6.000000 4.000000 2.000000 4.000000 3.000000 1.000000 4.000000 4.000000 
37.626455 76.159201 0.000000 13.000000 13.000000 5.000000 2.000000 6.000000 1.000000 4.000000 3.000000 3.000000 7.000000 13.000000 11.000000 
38.730042 88.323108 0.000000 9.000000 14.000000 5.000000 8.000000 5.000000 3.000000 3.000000 3.000000 2.000000 1.000000 11.000000 17.000000 
37.173650 94.715443 0.000000 12.000000 2.000000 7.000000 14.000000 5.000000 6.000000 6.000000 3.000000 4.000000 2.000000 10.000000 10.000000 
36.267857 99.687090 0.000000 17.000000 11.000000 4.000000 5.000000 8.000000 5.000000 3.000000 4.000000 5.000000 4.000000 10.000000 5.000000 
37.273345 107.000000 0.000000 23.000000 7.000000 3.000000 10.000000 4.000000 5.000000 1.000000 1.000000 3.000000 5.000000 9.000000 10.000000 
37.677587 116.226303 0.000000 16.000000 10.000000 8.000000 2.000000 1.000000 1.000000 0.000000 4.000000 5.000000 17.000000 9.000000 8.000000 
34.957385 127.154995 0.000000 1.000000 5.000000 12.000000 15.000000 6.000000 6.000000 2.000000 2.000000 5.000000 19.000000 7.000000 1.000000 
35.580676 131.816920 0.000000 5.000000 9.000000 5.000000 6.000000 12.000000 10.000000 1.000000 2.000000 1.000000 16.000000 9.000000 5.000000 
35.682211 138.279071 0.000000 7.000000 6.000000 4.000000 9.000000 6.000000 6.000000 4.000000 7.000000 9.000000 16.000000 4.000000 3.000000 
37.116491 149.494099 0.000000 4.000000 1.000000 6.000000 30.000000 2.000000 1.000000 1.000000 0.000000 4.000000 20.000000 9.000000 3.000000 
37.807684 153.466047 0.000000 3.000000 2.000000 8.000000 24.000000 4.000000 0.000000 3.000000 2.000000 1.000000 13.000000 12.000000 9.000000 
36.751461 163.291238 0.000000 7.000000 8.000000 5.000000 3.000000 10.000000 9.000000 6.000000 8.000000 11.000000 7.000000 4.000000 3.000000 
35.000000 172.212522 0.000000 8.000000 7.000000 4.000000 7.000000 9.000000 13.000000 10.000000 5.000000 2.000000 7.000000 2.000000 7.000000 
35.439930 183.459498 0.000000 7.000000 3.000000 4.000000 4.000000 9.000000 8.000000 1.000000 7.000000 9.000000 18.000000 6.000000 5.000000 
32.841155 191.123939 0.000000 6.000000 3.000000 20.000000 7.000000 5.000000 3.000000 3.000000 8.000000 6.000000 4.000000 7.000000 9.000000 
40.900991 197.514708 0.000000 15.000000 5.000000 6.000000 10.000000 5.000000 3.000000 1.000000 3.000000 4.000000 5.000000 8.000000 16.000000 
41.743256 205.395820 0.000000 10.000000 3.000000 8.000000 10.000000 5.000000 2.000000 3.000000 6.000000 6.000000 5.000000 7.000000 16.000000 
37.540131 214.433068 0.000000 6.000000 5.000000 7.000000 5.000000 7.000000 5.000000 7.000000 5.000000 6.000000 14.000000 10.000000 4.000000 
34.634372 221.955851 0.000000 2.000000 2.000000 2.000000 9.000000 10.000000 14.000000 10.000000 5.000000 10.000000 4.000000 8.000000 5.000000 
36.954862 231.424068 0.000000 7.000000 7.000000 7.000000 5.000000 4.000000 3.000000 6.000000 4.000000 4.000000 24.000000 5.000000 5.000000 
36.811564 238.637305 27.000000 7.000000 3.000000 3.000000 4.000000 4.000000 1.000000 2.000000 3.000000 3.000000 11.000000 2.000000 2.000000 
43.634972 5.365028 27.000000 7.000000 7.000000 1.000000 5.000000 4.000000 7.000000 5.000000 3.000000 1.000000 10.000000 1.000000 3.000000 
43.743008 11.911477 0.000000 16.000000 14.000000 6.000000 4.000000 3.000000 3.000000 9.000000 5.000000 5.000000 7.000000 5.000000 4.000000 
44.930594 19.887881 0.000000 6.000000 12.000000 4.000000 8.000000 0.000000 4.000000 4.000000 3.000000 11.000000 17.000000 7.000000 5.000000 
46.066036 29.692946 0.000000 17.000000 10.000000 17.000000 2.000000 4.000000 1.000000 5.000000 1.000000 1.000000 6.000000 4.000000 13.000000 
46.177259 37.264412 0.000000 13.000000 6.000000 8.000000 2.000000 1.000000 2.000000 1.000000 7.000000 6.000000 22.000000 1.000000 12.000000 
44.221797 43.087555 0.000000 13.000000 4.000000 12.000000 12.000000 5.000000 2.000000 4.000000 6.000000 4.000000 11.000000 3.000000 5.000000 
43.135475 51.485100 0.000000 14.000000 8.000000 8.000000 1.000000 3.000000 5.000000 6.000000 4.000000 3.000000 18.000000 5.000000 6.000000 
45.384286 56.547394 0.000000 8.000000 4.000000 2.000000 12.000000 5.000000 11.000000 11.000000 5.000000 1.000000 11.000000 9.000000 2.000000 
43.905551 65.322413 0.000000 15.000000 4.000000 4.000000 13.000000 5.000000 8.000000 4.000000 3.000000 1.000000 3.000000 11.000000 10.000000 
44.344386 76.395539 0.000000 14.000000 4.000000 6.000000 9.000000 5.000000 3.000000 3.000000 4.000000 4.000000 11.000000 11.000000 7.000000 
43.967040 82.304060 0.000000 2.000000 8.000000 10.000000 21.000000 2.000000 5.000000 5.000000 3.000000 3.000000 9.000000 2.000000 11.000000 
43.779822 91.162254 0.000000 11.000000 9.000000 5.000000 11.000000 5.000000 2.000000 5.000000 4.000000 6.000000 3.000000 3.000000 17.000000 
44.563806 99.704992 0.000000 10.000000 10.000000 13.000000 2.000000 2.000000 4.000000 8.000000 6.000000 2.000000 6.000000 7.000000 11.000000 
44.244061 107.319844 0.000000 30.000000 4.000000 6.000000 9.000000 2.000000 3.000000 6.000000 4.000000 3.000000 2.000000 3.000000 9.000000 
44.757901 116.392764 0.000000 11.000000 12.000000 11.000000 1.000000 4.000000 3.000000 1.000000 6.000000 4.000000 15.000000 6.000000 7.000000 
45.240928 128.657790 0.000000 4.000000 4.000000 19.000000 14.000000 5.000000 0.000000 1.000000 5.000000 10.000000 3.000000 12.000000 4.000000 
44.988584 134.383429 0.000000 6.000000 3.000000 9.000000 6.000000 6.000000 1.000000 2.000000 4.000000 6.000000 22.000000 12.000000 4.000000 
43.333490 136.358573 0.000000 13.000000 13.000000 5.000000 2.000000 4.000000 3.000000 3.000000 1.000000 3.000000 24.000000 9.000000 1.000000 
44.954198 146.149720 0.000000 8.000000 1.000000 2.000000 19.000000 8.000000 3.000000 1.000000 0.000000 9.000000 9.000000 11.000000 10.000000 
40.957385 155.322413 0.000000 7.000000 1.000000 8.000000 20.000000 3.000000 4.000000 3.000000 3.000000 6.000000 7.000000 7.000000 12.000000 
42.979396 164.339173 0.000000 8.000000 2.000000 12.000000 11.000000 2.000000 5.000000 0.000000 3.000000 6.000000 19.000000 6.000000 7.000000 
43.979935 172.193714 0.000000 11.000000 7.000000 4.000000 7.000000 6.000000 15.000000 7.000000 2.000000 2.000000 8.000000 6.000000 6.000000 
45.586825 178.655275 0.000000 6.000000 8.000000 1.000000 5.000000 7.000000 12.000000 15.000000 0.000000 0.000000 15.000000 5.000000 7.000000 
44.912887 187.898532 0.000000 11.000000 13.000000 4.000000 9.000000 1.000000 4.000000 13.000000 11.000000 3.000000 5.000000 5.000000 2.000000 
48.000000 198.086413 0.000000 7.000000 4.000000 5.000000 14.000000 5.000000 3.000000 0.000000 7.000000 16.000000 9.000000 4.000000 7.000000 
47.503602 205.035848 0.000000 10.000000 4.000000 10.000000 13.000000 6.000000 1.000000 1.000000 5.000000 3.000000 4.000000 8.000000 16.000000 
43.528939 210.064184 0.000000 15.000000 4.000000 7.000000 6.000000 5.000000 5.000000 6.000000 2.000000 2.000000 12.000000 9.000000 8.000000 
43.629247 218.862086 0.000000 12.000000 5.000000 9.000000 11.000000 4.000000 3.000000 7.000000 1.000000 7.000000 7.000000 3.000000 12.000000 
40.066180 228.012854 0.000000 8.000000 10.000000 8.000000 5.000000 2.000000 3.000000 7.000000 2.000000 3.000000 22.000000 6.000000 5.000000 
43.146429 237.121990 27.000000 1.000000 1.000000 4.000000 2.000000 2.000000 3.000000 5.000000 5.000000 2.000000 16.000000 1.000000 3.000000 
51.586825 4.951852 27.000000 5.000000 0.000000 1.000000 8.000000 5.000000 1.000000 2.000000 2.000000 4.000000 11.000000 7.000000 8.000000 
50.586825 10.951852 0.000000 16.000000 2.000000 5.000000 7.000000 2.000000 6.000000 2.000000 4.000000 8.000000 15.000000 3.000000 11.000000 
51.365028 19.365028 0.000000 11.000000 11.000000 4.000000 11.000000 3.000000 4.000000 2.000000 1.000000 5.000000 13.000000 6.000000 10.000000 
53.413175 27.951852 0.000000 23.000000 12.000000 7.000000 7.000000 3.000000 1.000000 5.000000 2.000000 4.000000 3.000000 5.000000 9.000000 
52.586825 35.356850 0.000000 15.000000 10.000000 2.000000 9.000000 5.000000 5.000000 4.000000 1.000000 3.000000 15.000000 3.000000 9.000000 
51.000000 43.689680 0.000000 16.000000 7.000000 9.000000 17.000000 7.000000 1.000000 6.000000 1.000000 1.000000 10.000000 3.000000 3.000000 
52.365028 53.365028 0.000000 11.000000 5.000000 7.000000 6.000000 3.000000 5.000000 5.000000 2.000000 3.000000 9.000000 8.000000 17.000000 
52.634972 59.970260 0.000000 13.000000 4.000000 5.000000 12.000000 8.000000 10.000000 8.000000 5.000000 4.000000 3.000000 7.000000 2.000000 
50.285341 68.122899 0.000000 17.000000 5.000000 2.000000 14.000000 4.000000 5.000000 3.000000 3.000000 7.000000 14.000000 3.000000 4.000000 
51.000000 78.689680 0.000000 17.000000 4.000000 4.000000 12.000000 5.000000 2.000000 6.000000 5.000000 6.000000 5.000000 6.000000 9.000000 
52.000000 85.786461 0.000000 11.000000 14.000000 8.000000 12.000000 5.000000 4.000000 9.000000 2.000000 4.000000 2.000000 5.000000 5.000000 
51.948166 93.059542 0.000000 25.000000 8.000000 6.000000 5.000000 4.000000 5.000000 3.000000 7.000000 3.000000 3.000000 6.000000 6.000000 
53.833217 99.966116 0.000000 21.000000 4.000000 7.000000 8.000000 7.000000 2.000000 1.000000 3.000000 4.000000 4.000000 7.000000 13.000000 
57.000000 107.689680 0.000000 20.000000 4.000000 8.000000 1.000000 0.000000 2.000000 5.000000 5.000000 8.000000 14.000000 7.000000 7.000000 
52.768066 117.077094 0.000000 6.000000 10.000000 14.000000 14.000000 3.000000 2.000000 5.000000 7.000000 2.000000 1.000000 8.000000 9.000000 
50.248699 125.792955 0.000000 9.000000 16.000000 13.000000 7.000000 0.000000 1.000000 1.000000 4.000000 5.000000 9.000000 12.000000 4.000000 
48.395403 129.278319 0.000000 5.000000 1.000000 14.000000 6.000000 7.000000 1.000000 1.000000 3.000000 4.000000 33.000000 3.000000 3.000000 
49.000000 133.475584 0.000000 10.000000 14.000000 4.000000 5.000000 2.000000 3.000000 2.000000 4.000000 3.000000 26.000000 5.000000 3.000000 
52.037803 144.478692 0.000000 8.000000 5.000000 6.000000 13.000000 2.000000 0.000000 6.000000 4.000000 7.000000 14.000000 9.000000 7.000000 
53.287069 157.029528 0.000000 6.000000 8.000000 14.000000 3.000000 2.000000 3.000000 3.000000 8.000000 8.000000 12.000000 10.000000 4.000000 
53.230912 165.307765 0.000000 4.000000 4.000000 9.000000 9.000000 7.000000 8.000000 0.000000 3.000000 8.000000 12.000000 9.000000 8.000000 
49.677587 172.940060 0.000000 8.000000 6.000000 4.000000 5.000000 3.000000 9.000000 6.000000 3.000000 2.000000 16.000000 10.000000 9.000000 
51.000000 182.689680 0.000000 8.000000 4.000000 2.000000 5.000000 10.000000 13.000000 16.000000 9.000000 2.000000 7.000000 3.000000 2.000000 
52.000000 190.440629 0.000000 10.000000 6.000000 6.000000 0.000000 4.000000 10.000000 11.000000 13.000000 6.000000 4.000000 3.000000 8.000000 
53.419038 198.365028 0.000000 4.000000 5.000000 7.000000 18.000000 6.000000 3.000000 5.000000 9.000000 7.000000 10.000000 3.000000 4.000000 
52.181135 204.043293 0.000000 8.000000 11.000000 6.000000 8.000000 5.000000 4.000000 3.000000 4.000000 7.000000 10.000000 10.000000 5.000000 
50.227485 210.689680 0.000000 15.000000 5.000000 5.000000 6.000000 3.000000 3.000000 5.000000 1.000000 4.000000 14.000000 8.000000 12.000000 
52.254409 222.318524 0.000000 14.000000 10.000000 8.000000 1.000000 3.000000 1.000000 3.000000 4.000000 9.000000 10.000000 2.000000 16.000000 
50.265360 232.689680 9.000000 5.000000 3.000000 4.000000 5.000000 2.000000 3.000000 1.000000 2.000000 6.000000 34.000000 4.000000 3.000000 
50.511527 238.438753 27.000000 5.000000 1.000000 4.000000 3.000000 2.000000 1.000000 0.000000 2.000000 6.000000 17.000000 3.000000 1.000000 
60.000000 5.324652 39.000000 0.000000 1.000000 4.000000 5.000000 7.000000 4.000000 5.000000 3.000000 5.000000 3.000000 2.000000 3.000000 
60.000000 13.324652 18.000000 13.000000 5.000000 8.000000 7.000000 4.000000 5.000000 2.000000 5.000000 3.000000 4.000000 3.000000 4.000000 
60.000000 21.324652 18.000000 4.000000 9.000000 4.000000 1.000000 5.000000 7.000000 6.000000 5.000000 7.000000 8.000000 4.000000 3.000000 
60.000000 29.324652 18.000000 10.000000 6.000000 0.000000 1.000000 3.000000 2.000000 9.000000 9.000000 4.000000 4.000000 10.000000 5.000000 
60.000000 37.324652 18.000000 8.000000 11.000000 2.000000 4.000000 3.000000 4.000000 5.000000 5.000000 9.000000 6.000000 5.000000 1.000000 
60.000000 45.324652 18.000000 2.000000 7.000000 0.000000 1.000000 3.000000 3.000000 6.000000 1.000000 11.000000 18.000000 7.000000 4.000000 
60.000000 53.324652 18.000000 10.000000 5.000000 5.000000 5.000000 3.000000 11.000000 6.000000 3.000000 2.000000 5.000000 1.000000 7.000000 
60.000000 61.324652 18.000000 6.000000 4.000000 11.000000 7.000000 6.000000 8.000000 7.000000 4.000000 4.000000 3.000000 0.000000 3.000000 
60.000000 69.324652 18.000000 10.000000 6.000000 2.000000 9.000000 3.000000 2.000000 2.000000 3.000000 4.000000 9.000000 9.000000 4.000000 
60.000000 77.645155 18.000000 8.000000 8.000000 4.000000 5.000000 6.000000 1.000000 1.000000 0.000000 5.000000 11.000000 8.000000 6.000000 
60.000000 85.324652 18.000000 11.000000 10.000000 5.000000 15.000000 4.000000 1.000000 0.000000 0.000000 2.000000 4.000000 3.000000 8.000000 
60.000000 93.324652 18.000000 14.000000 5.000000 5.000000 6.000000 4.000000 2.000000 0.000000 3.000000 0.000000 11.000000 4.000000 9.000000 
59.617826 101.324652 18.000000 15.000000 5.000000 7.000000 16.000000 5.000000 1.000000 0.000000 1.000000 0.000000 1.000000 3.000000 9.000000 
62.046200 108.865029 18.000000 16.000000 5.000000 12.000000 0.000000 1.000000 0.000000 3.000000 0.000000 6.000000 11.000000 4.000000 5.000000 
60.000000 117.324652 18.000000 5.000000 3.000000 8.000000 4.000000 5.000000 1.000000 3.000000 3.000000 5.000000 9.000000 7.000000 10.000000 
60.000000 125.324652 18.000000 7.000000 2.000000 4.000000 5.000000 6.000000 4.000000 3.000000 3.000000 7.000000 11.000000 6.000000 5.000000 
59.716852 133.324652 18.000000 4.000000 8.000000 9.000000 2.000000 5.000000 8.000000 8.000000 3.000000 6.000000 5.000000 3.000000 2.000000 
59.220911 139.984266 18.000000 1.000000 2.000000 3.000000 3.000000 2.000000 8.000000 13.000000 8.000000 6.000000 6.000000 3.000000 8.000000 
60.000000 148.675045 18.000000 8.000000 11.000000 6.000000 4.000000 1.000000 2.000000 6.000000 9.000000 5.000000 6.000000 5.000000 0.000000 
60.000000 157.324652 18.000000 9.000000 4.000000 14.000000 4.000000 1.000000 0.000000 2.000000 3.000000 8.000000 4.000000 6.000000 8.000000 
60.447983 165.324652 18.000000 12.000000 3.000000 13.000000 9.000000 5.000000 2.000000 2.000000 2.000000 4.000000 4.000000 3.000000 4.000000 
59.725487 173.599165 18.000000 12.000000 1.000000 6.000000 12.000000 1.000000 5.000000 5.000000 0.000000 3.000000 7.000000 4.000000 7.000000 
60.000000 181.645155 18.000000 12.000000 4.000000 10.000000 7.000000 1.000000 0.000000 3.000000 6.000000 3.000000 4.000000 3.000000 10.000000 
60.000000 189.324652 18.000000 5.000000 3.000000 2.000000 17.000000 1.000000 1.000000 1.000000 8.000000 4.000000 9.000000 5.000000 7.000000 
60.000000 197.706325 18.000000 8.000000 2.000000 8.000000 12.000000 3.000000 2.000000 1.000000 3.000000 0.000000 10.000000 11.000000 3.000000 
60.000000 205.324652 18.000000 8.000000 6.000000 5.000000 4.000000 6.000000 4.000000 4.000000 2.000000 4.000000 8.000000 10.000000 2.000000 
59.725462 213.050115 18.000000 9.000000 10.000000 6.000000 3.000000 2.000000 6.000000 5.000000 4.000000 4.000000 5.000000 2.000000 7.000000 
60.376764 221.324652 18.000000 1.000000 6.000000 8.000000 8.000000 3.000000 6.000000 3.000000 4.000000 7.000000 6.000000 2.000000 9.000000 
59.033041 229.970746 18.000000 8.000000 6.000000 6.000000 2.000000 0.000000 2.000000 1.000000 5.000000 5.000000 13.000000 7.000000 8.000000 
60.000000 236.000000 35.000000 1.000000 1.000000 6.000000 4.000000 3.000000 2.000000 0.000000 2.000000 3.000000 3.000000 1.000000 2.000000 
