200
33.000000 120.000000 5.620208 1.000000 11216.000000 591.556000 0.963006 0.730208 275.353273 74.202566 -0.257458 0.730208 0.398525 248.386795 165.068583 64.000000 -90.000000 
5.000000 5.000000 52.809143 1.000000 9.000000 8.146000 0.536748 0.750000 3.954101 3.336243 7.627559 0.900000 0.887666 4.472136 153.434949 3.000000 -90.000000 
36.000000 7.000000 36.333670 1.000000 26.000000 26.142000 0.983172 0.333333 14.266030 2.606151 -65.609823 0.866667 0.381008 14.317821 -114.775141 3.130495 -26.565051 
46.000000 5.000000 30.022233 6.000000 11.000000 14.696000 0.975798 0.458333 8.775032 1.918855 -71.089697 0.846154 0.434440 8.544004 -110.556045 2.529822 161.565051 
54.000000 6.000000 50.984628 1.000000 14.000000 14.622000 0.951070 0.400000 8.291918 2.561996 -56.431419 0.875000 0.557540 8.062258 -119.744881 3.200000 143.130102 
12.000000 9.000000 47.949079 2.000000 24.000000 24.364000 0.980374 0.300000 13.725878 2.706010 -60.308531 0.727273 0.398638 12.806248 -128.659808 3.399501 -29.054604 
19.000000 9.000000 22.317208 1.000000 7.000000 12.918000 0.963050 0.291667 7.922557 2.133733 66.590849 0.583333 0.341066 7.211103 123.690068 2.683282 -153.434949 
27.000000 8.000000 17.059959 8.000000 2.000000 1.960000 0.866025 1.000000 2.309401 1.154701 90.000000 1.000000 0.965669 2.236068 116.565051 1.000000 0.000000 
5.000000 18.000000 97.179237 1.000000 72.000000 43.013000 0.980589 0.685714 22.523237 4.416241 -3.904911 0.888889 0.424730 21.095023 -174.559668 5.000000 -90.000000 
60.000000 9.000000 27.179550 10.000000 5.000000 5.814000 0.901281 0.555556 4.163332 1.803700 -45.000000 1.000000 0.783414 4.242641 -135.000000 2.121320 -45.000000 
59.000000 11.000000 29.359698 1.000000 14.000000 16.772000 0.966601 0.350000 9.693519 2.484299 -25.936348 0.777778 0.443648 8.944272 -153.434949 3.130495 -63.434949 
21.000000 13.000000 43.570324 1.000000 21.000000 19.956000 0.969745 0.420000 11.092507 2.707895 -69.241415 0.840000 0.494647 10.770330 -111.801409 3.342516 -21.801409 
57.000000 14.000000 18.668424 2.000000 5.000000 6.368000 0.796217 0.833333 3.759433 2.274496 0.000000 0.833333 0.694794 3.605551 146.309932 2.000000 -90.000000 
37.000000 15.000000 22.196701 1.000000 14.000000 18.616000 0.983262 0.466667 10.892494 1.984592 76.544240 0.777778 0.371635 10.440307 106.699244 2.549510 11.309932 
53.000000 16.000000 16.945014 1.000000 3.000000 3.920000 0.942809 1.000000 3.464102 1.154701 90.000000 1.000000 0.756007 3.162278 108.434949 1.000000 0.000000 
60.000000 19.000000 19.350571 1.000000 12.000000 14.142000 0.956020 0.428571 8.110806 2.378923 -27.200390 0.800000 0.504804 8.062258 -150.255119 3.130495 116.565051 
18.000000 21.000000 23.394701 1.000000 23.000000 23.851000 0.971934 0.479167 13.302229 3.129375 -81.031688 0.741935 0.396687 12.369317 -104.036243 3.726207 168.690068 
24.000000 21.000000 25.318195 1.000000 5.000000 5.814000 0.743786 0.555556 3.529850 2.359413 -34.099295 1.000000 0.783414 3.605551 -146.309932 2.683282 -63.434949 
58.000000 21.000000 19.918382 1.000000 5.000000 7.013000 0.931488 0.625000 4.881890 1.775899 -79.099295 0.833333 0.609333 4.472136 -116.565051 2.000000 0.000000 
60.000000 25.000000 31.211815 2.000000 19.000000 18.525000 0.903592 0.542857 8.834555 3.784663 14.887269 0.730769 0.508607 8.602325 144.462322 5.000000 -90.000000 
33.000000 24.000000 17.522644 2.000000 1.000000 0.000000 0.000000 1.000000 1.154701 1.154701 0.000000 1.000000 1.000000 1.414214 135.000000 1.000000 -90.000000 
13.000000 26.000000 36.753205 1.000000 28.000000 29.682000 0.979925 0.400000 15.433062 3.076824 78.240932 0.651163 0.326585 14.317821 102.094757 4.242641 8.130102 
30.000000 26.000000 18.435879 3.000000 4.000000 7.402000 0.965676 0.333333 5.615939 1.458730 53.909444 0.800000 0.452160 5.000000 126.869898 1.941451 -146.309932 
35.000000 27.000000 22.990246 1.000000 20.000000 29.880000 0.989270 0.266667 17.307590 2.528633 75.101378 0.540541 0.230486 15.297059 101.309932 3.152963 -165.963757 
49.000000 28.000000 25.319210 1.000000 35.000000 34.834000 0.981965 0.466667 17.707303 3.347818 -80.860798 0.700000 0.304978 15.524175 -104.931417 4.029515 171.253838 
6.000000 62.000000 80.786461 1.000000 293.000000 165.179000 0.998060 0.523214 83.344385 5.188790 2.270446 0.751282 0.129958 80.099938 177.137595 7.000000 -90.000000 
25.000000 30.000000 27.267327 1.000000 16.000000 19.948000 0.926203 0.333333 9.282671 3.499812 65.374211 0.666667 0.377135 8.944272 116.565051 4.287465 -149.036243 
59.000000 35.000000 25.827386 1.000000 45.000000 33.792000 0.953184 0.692308 15.644222 4.730677 -0.207664 0.737705 0.414552 13.601471 -162.897271 5.000000 -90.000000 
16.000000 33.000000 46.631646 1.000000 25.000000 21.246000 0.960014 0.568182 11.482722 3.214618 78.202590 0.892857 0.528217 11.401754 105.255119 3.676955 -171.869898 
51.000000 35.000000 20.671472 1.000000 9.000000 12.918000 0.968133 0.428571 7.584708 1.899477 -72.572772 0.750000 0.438514 7.615773 -113.198591 2.425356 165.963757 
25.000000 35.000000 43.725027 1.000000 27.000000 19.749000 0.941378 0.675000 10.423293 3.516329 -77.441843 0.900000 0.647529 10.440307 -106.699244 4.000000 0.000000 
30.000000 35.000000 24.781563 2.000000 3.000000 3.920000 0.942809 1.000000 3.464102 1.154701 90.000000 1.000000 0.756007 3.162278 108.434949 1.000000 0.000000 
37.000000 37.000000 23.039239 1.000000 13.000000 19.104000 0.986117 0.325000 11.161574 1.853385 70.131613 0.722222 0.330115 10.770330 111.801409 2.529822 18.434949 
17.000000 39.000000 24.522324 1.000000 15.000000 15.730000 0.948207 0.468750 8.365818 2.657438 -64.380465 0.882353 0.529278 8.944272 -116.565051 3.478505 161.565051 
29.000000 41.000000 20.978974 2.000000 9.000000 9.180000 0.867926 0.600000 5.120764 2.543450 71.565051 0.900000 0.744936 5.385165 111.801409 3.000000 0.000000 
56.000000 42.000000 20.467786 2.000000 10.000000 12.736000 0.946514 0.555556 7.249489 2.339140 76.891624 0.769231 0.498472 6.708204 116.565051 2.745626 -168.690068 
26.000000 42.000000 19.537394 1.000000 3.000000 3.920000 0.942809 1.000000 3.464102 1.154701 90.000000 1.000000 0.756007 3.162278 108.434949 1.000000 0.000000 
34.000000 42.000000 25.493028 1.000000 8.000000 10.776000 0.967878 0.444444 7.170532 1.802816 -69.183230 0.800000 0.519005 6.708204 -116.565051 2.213594 -18.434949 
59.000000 46.000000 22.755462 1.000000 33.000000 19.815000 0.887009 0.916667 9.737425 4.496280 5.265464 0.970588 0.786881 9.848858 156.037511 4.000000 -90.000000 
26.000000 46.000000 27.911505 2.000000 9.000000 12.736000 0.972944 0.428571 8.049130 1.859683 19.099343 0.750000 0.448625 7.615773 156.801409 2.425356 75.963757 
47.000000 44.000000 17.357851 2.000000 2.000000 1.960000 0.866025 1.000000 2.309401 1.154701 90.000000 1.000000 0.965669 2.236068 116.565051 1.000000 0.000000 
19.000000 47.000000 28.703406 1.000000 26.000000 23.603000 0.974758 0.393939 13.087712 2.922024 -68.257205 0.812500 0.456784 12.529964 -118.610460 3.628276 159.443955 
39.000000 47.000000 20.417515 1.000000 12.000000 12.802000 0.955163 0.857143 7.495708 2.219340 85.636361 0.923077 0.593224 7.280110 105.945396 2.000000 0.000000 
32.000000 48.000000 30.926270 1.000000 12.000000 10.495000 0.760619 0.600000 5.177961 3.361522 69.387733 0.923077 0.810923 5.385165 111.801409 3.794733 -161.565051 
27.000000 50.000000 47.705297 1.000000 15.000000 11.603000 0.844847 0.833333 6.093009 3.259808 84.586273 1.000000 0.867033 6.324555 108.434949 3.000000 0.000000 
46.000000 51.000000 22.549365 1.000000 5.000000 7.402000 0.882464 0.416667 4.587955 2.158086 64.329904 0.833333 0.565201 4.472136 116.565051 2.529822 18.434949 
18.000000 54.000000 20.597329 1.000000 18.000000 22.123000 0.982737 0.257143 12.694518 2.348592 -58.502045 0.750000 0.354371 12.206556 -124.992020 3.130495 -26.565051 
24.000000 52.000000 23.684726 1.000000 6.000000 6.368000 0.833333 0.750000 4.000000 2.211083 90.000000 1.000000 0.833753 4.123106 104.036243 2.000000 0.000000 
30.000000 51.000000 18.219973 12.000000 3.000000 3.093000 0.730297 0.750000 2.581989 1.763834 45.000000 1.000000 0.969873 2.828427 135.000000 2.000000 -90.000000 
60.000000 58.000000 24.635920 2.000000 46.000000 36.860000 0.979930 0.638889 18.327713 3.653441 2.706413 0.807018 0.361254 18.248288 170.537678 4.000000 -90.000000 
34.000000 55.000000 30.037141 1.000000 58.000000 48.356000 0.990050 0.239669 26.537823 3.734232 65.373632 0.659091 0.274830 24.596748 116.565051 5.266852 -159.443955 
45.000000 54.000000 20.578703 1.000000 15.000000 20.601000 0.340557 0.500000 5.891173 5.539021 -61.002692 0.681818 0.334384 6.708204 116.565051 5.000000 0.000000 
54.000000 57.000000 17.767189 1.000000 4.000000 6.550000 0.946293 0.500000 4.820546 1.558527 -72.391204 0.800000 0.535155 4.472136 -116.565051 1.897367 161.565051 
46.000000 61.000000 16.054292 1.000000 4.000000 5.880000 0.968246 1.000000 4.618802 1.154701 90.000000 1.000000 0.617595 4.123106 104.036243 1.000000 0.000000 
18.000000 62.000000 29.853854 1.000000 24.000000 21.618000 0.961780 0.727273 11.676187 3.197221 90.000000 0.888889 0.491965 11.180340 100.304846 3.000000 0.000000 
54.000000 64.000000 18.795343 1.000000 10.000000 16.218000 0.982938 0.250000 10.633948 1.955968 -61.705403 0.714286 0.335288 8.944272 -116.565051 2.683282 -26.565051 
39.000000 64.000000 31.201356 1.000000 26.000000 29.417000 0.960982 0.464286 14.075225 3.893362 87.320242 0.650000 0.308214 14.142136 -98.130102 4.000000 0.000000 
29.000000 66.000000 36.230167 1.000000 27.000000 19.468000 0.921458 0.600000 9.803209 3.808333 76.186763 0.870968 0.663725 9.848858 113.962489 4.274374 -170.537678 
14.000000 68.000000 19.775953 2.000000 7.000000 11.992000 0.497509 0.437500 4.612161 4.000860 41.437492 0.636364 0.384082 5.000000 126.869898 4.000000 -90.000000 
20.000000 67.000000 17.019177 12.000000 2.000000 1.960000 0.866025 1.000000 2.309401 1.154701 90.000000 1.000000 0.965669 2.236068 116.565051 1.000000 0.000000 
33.000000 67.000000 27.985843 1.000000 5.000000 7.220000 0.342160 0.555556 3.306559 3.106981 -45.000000 0.714286 0.585230 3.605551 123.690068 3.000000 -90.000000 
19.000000 70.000000 21.334095 1.000000 12.000000 16.863000 0.970771 0.375000 9.388542 2.253333 70.622220 0.705882 0.376818 8.944272 116.565051 2.747211 15.945396 
55.000000 75.000000 38.063879 1.000000 39.000000 31.493000 0.942280 0.500000 13.788423 4.616705 12.824237 0.722222 0.408559 13.416408 153.434949 5.491252 -101.309932 
53.000000 70.000000 16.466686 1.000000 2.000000 1.960000 0.866025 1.000000 2.309401 1.154701 90.000000 1.000000 0.965669 2.236068 116.565051 1.000000 0.000000 
26.000000 72.000000 17.989393 1.000000 5.000000 10.214000 0.980420 0.250000 7.370232 1.451328 -50.654966 0.714286 0.352252 6.403124 -128.659808 2.000000 143.130102 
17.000000 73.000000 16.277753 8.000000 2.000000 2.812000 0.925820 0.500000 3.055050 1.154701 -45.000000 1.000000 0.709058 2.828427 -135.000000 1.414214 -45.000000 
42.000000 76.000000 18.637292 2.000000 9.000000 11.438000 0.969266 0.360000 7.393691 1.818967 -45.000000 1.000000 0.532061 7.071068 -135.000000 2.121320 -45.000000 
13.000000 76.000000 22.682182 1.000000 13.000000 12.918000 0.922148 0.619048 6.959617 2.692240 84.835797 0.866667 0.633409 7.280110 105.945396 3.000000 0.000000 
20.000000 80.000000 20.497819 1.000000 11.000000 21.660000 0.932533 0.275000 11.385636 4.111171 -88.991688 0.407407 0.224721 10.049876 95.710593 4.000000 0.000000 
29.000000 84.000000 31.445909 1.000000 27.000000 28.077000 0.983843 0.385714 14.713247 2.634148 73.940692 0.818182 0.348134 14.866069 109.653824 3.395499 14.036243 
38.000000 83.000000 16.456875 12.000000 1.000000 0.000000 0.000000 1.000000 1.154701 1.154701 0.000000 1.000000 1.000000 1.414214 135.000000 1.000000 -90.000000 
52.000000 88.000000 35.554624 1.000000 70.000000 39.614000 0.967340 0.555556 19.638644 4.978086 10.256544 0.795455 0.481196 18.439089 167.471192 5.742439 83.659808 
14.000000 84.000000 15.570240 12.000000 1.000000 0.000000 0.000000 1.000000 1.154701 1.154701 0.000000 1.000000 1.000000 1.414214 135.000000 1.000000 -90.000000 
12.000000 88.000000 24.704389 2.000000 10.000000 12.918000 0.959903 0.476190 7.494819 2.101036 -74.973776 0.833333 0.487238 7.615773 -113.198591 2.549510 168.690068 
20.000000 92.000000 17.199403 4.000000 2.000000 2.812000 0.925820 0.500000 3.055050 1.154701 45.000000 1.000000 0.709058 2.828427 135.000000 1.414214 45.000000 
12.000000 93.000000 20.909816 1.000000 2.000000 1.960000 0.866025 1.000000 2.309401 1.154701 90.000000 1.000000 0.965669 2.236068 116.565051 1.000000 0.000000 
28.000000 96.000000 15.692032 11.000000 3.000000 4.590000 0.928995 0.500000 3.854129 1.426385 -61.845034 1.000000 0.630657 3.605551 -123.690068 1.788854 -26.565051 
55.000000 98.000000 27.423852 1.000000 17.000000 20.320000 0.961059 0.425000 10.905379 3.013625 -89.740097 0.680000 0.388100 10.049876 95.710593 3.969112 -172.874984 
13.000000 98.000000 27.532844 1.000000 19.000000 17.789000 0.912849 0.527778 8.598360 3.510683 -81.551674 0.791667 0.545005 9.219544 -102.528808 4.000000 0.000000 
48.000000 100.000000 73.956959 2.000000 27.000000 18.650000 0.886027 0.482143 8.929094 4.139834 47.817313 1.000000 0.714489 8.944272 116.565051 4.242641 45.000000 
21.000000 101.000000 32.824643 1.000000 19.000000 17.508000 0.954980 0.527778 9.454182 2.804787 -74.667718 0.904762 0.559939 9.486833 -108.434949 3.395499 -14.036243 
39.000000 101.000000 15.796029 1.000000 1.000000 0.000000 0.000000 1.000000 1.154701 1.154701 0.000000 1.000000 1.000000 1.414214 135.000000 1.000000 -90.000000 
12.000000 108.000000 50.527680 2.000000 45.000000 34.404000 0.981724 0.300000 18.552826 3.530753 29.474825 0.803571 0.401148 17.492856 149.036243 4.199170 -118.300756 
8.000000 103.000000 15.927342 1.000000 1.000000 0.000000 0.000000 1.000000 1.154701 1.154701 0.000000 1.000000 1.000000 1.414214 135.000000 1.000000 -90.000000 
27.000000 104.000000 16.770947 12.000000 1.000000 0.000000 0.000000 1.000000 1.154701 1.154701 0.000000 1.000000 1.000000 1.414214 135.000000 1.000000 -90.000000 
49.000000 108.000000 34.057435 2.000000 19.000000 24.174000 0.974174 0.263889 13.628250 3.077228 -34.168855 0.575758 0.319994 11.401754 -142.125016 3.836172 125.537678 
52.000000 105.000000 20.026862 2.000000 5.000000 8.328000 0.969048 0.500000 6.024504 1.487286 72.856562 0.833333 0.477622 5.385165 111.801409 1.897367 -161.565051 
41.000000 110.000000 101.780798 2.000000 46.000000 31.485000 0.965102 0.393162 15.895258 4.162559 27.898391 0.821429 0.482112 15.264338 148.392498 5.209459 60.255119 
18.000000 111.000000 17.843182 5.000000 8.000000 12.273000 0.959287 0.444444 7.163990 2.023343 17.433894 0.727273 0.423093 6.708204 153.434949 2.529822 71.565051 
26.000000 119.000000 37.145798 2.000000 42.000000 46.255000 0.979781 0.285714 23.113126 4.624317 -11.093965 0.477273 0.216304 21.213203 -171.869898 5.589566 -80.537678 
56.000000 110.000000 65.803306 2.000000 22.000000 20.254000 0.966174 0.349206 11.042163 2.847665 54.588479 0.916667 0.505085 10.816654 123.690068 3.600000 36.869898 
61.000000 112.000000 132.227852 3.000000 1.000000 0.000000 0.000000 1.000000 1.154701 1.154701 0.000000 1.000000 1.000000 1.414214 135.000000 1.000000 -90.000000 
31.000000 115.000000 16.047999 3.000000 2.000000 2.812000 0.925820 0.500000 3.055050 1.154701 45.000000 1.000000 0.709058 2.828427 135.000000 1.414214 45.000000 
52.000000 114.000000 78.900643 1.000000 11.000000 9.089000 0.724342 0.687500 4.678064 3.225246 -41.028264 1.000000 0.924076 5.000000 -143.130102 3.535534 -45.000000 
41.000000 116.000000 45.579040 1.000000 7.000000 10.495000 0.940592 0.350000 6.541733 2.221175 37.502460 0.777778 0.473038 5.830952 149.036243 2.773501 -123.690068 
49.000000 118.000000 85.644061 2.000000 21.000000 18.360000 0.876889 0.500000 8.051227 3.870168 30.691442 0.840000 0.570805 8.062258 150.255119 4.600000 -126.869898 
59.000000 119.000000 72.956354 1.000000 44.000000 23.876000 0.799059 0.733333 9.955121 5.985540 9.070758 0.916667 0.757477 10.198039 168.690068 6.000000 -90.000000 
54.000000 118.000000 107.032287 7.000000 12.000000 11.049000 0.793827 0.800000 5.328171 3.240290 -3.209393 0.923077 0.748842 5.385165 158.198591 3.000000 -90.000000 
8.000000 118.000000 42.074939 3.000000 14.000000 16.863000 0.847091 0.500000 7.049311 3.746346 7.972698 0.823529 0.439621 7.071068 171.869898 4.000000 -90.000000 
19.000000 119.000000 15.935368 1.000000 3.000000 3.920000 0.942809 1.000000 3.464102 1.154701 90.000000 1.000000 0.756007 3.162278 108.434949 1.000000 0.000000 
33.000000 122.000000 61.992416 1.000000 43.000000 27.821000 0.904116 0.511905 12.879670 5.503313 19.960368 0.826923 0.563642 12.649111 161.565051 6.505382 -98.130102 
38.000000 122.000000 81.293751 1.000000 25.000000 29.318000 0.924092 0.416667 12.099741 4.624167 -3.919042 0.555556 0.298170 10.440307 163.300756 5.963302 83.659808 
10.000000 123.000000 31.802856 5.000000 14.000000 13.588000 0.738250 0.466667 5.872489 3.961155 -50.508556 0.777778 0.628590 6.708204 -116.565051 4.714952 -33.690068 
20.000000 123.000000 17.965085 2.000000 4.000000 5.624000 0.000000 0.444444 3.055050 3.055050 0.000000 0.800000 0.654195 3.162278 108.434949 2.828427 -45.000000 
6.000000 132.000000 48.509842 1.000000 49.000000 43.964000 0.986941 0.466667 24.746904 3.986237 -4.916782 0.653333 0.277499 21.377558 -169.215702 4.498388 -83.290163 
46.000000 124.000000 87.924011 1.000000 31.000000 20.419000 0.599188 0.553571 7.578131 6.067115 65.732240 0.861111 0.701777 8.544004 110.556045 6.800000 36.869898 
54.000000 123.000000 70.622949 1.000000 14.000000 21.453000 0.871721 0.437500 8.083601 3.960985 -85.268839 0.636364 0.290843 8.544004 -110.556045 4.000000 0.000000 
17.000000 125.000000 25.214763 2.000000 7.000000 11.810000 0.947185 0.280000 7.139700 2.289623 45.818289 0.700000 0.393489 6.403124 128.659808 2.800000 -143.130102 
51.000000 125.000000 47.815719 3.000000 8.000000 12.736000 0.851170 0.533333 6.287026 3.299995 -16.983763 0.666667 0.398777 5.830952 -149.036243 3.000000 -90.000000 
12.000000 126.000000 73.335332 7.000000 13.000000 10.495000 0.647467 0.650000 4.846357 3.693376 11.309932 1.000000 0.878499 5.385165 158.198591 4.000000 -90.000000 
55.000000 127.000000 75.879973 1.000000 15.000000 12.918000 0.888914 0.625000 6.846546 3.136228 61.784016 0.937500 0.730856 7.211103 123.690068 3.794733 -161.565051 
60.000000 125.000000 41.521956 2.000000 15.000000 13.125000 0.722013 0.625000 5.955390 4.120410 7.125016 0.882353 0.712374 6.324555 161.565051 4.000000 -90.000000 
15.000000 130.000000 86.229366 7.000000 25.000000 16.400000 0.772386 0.595238 7.353220 4.670420 -26.792411 0.925926 0.822678 7.615773 -156.801409 5.269652 -56.309932 
23.000000 132.000000 112.251423 1.000000 48.000000 31.303000 0.943175 0.410256 14.443155 4.799393 65.901170 0.842105 0.508404 13.928388 111.037511 5.813777 26.565051 
31.000000 131.000000 79.858845 1.000000 25.000000 28.946000 0.937789 0.357143 12.537284 4.353018 22.815129 0.641026 0.305123 11.401754 142.125016 5.316456 -120.963757 
40.000000 129.000000 74.438295 1.000000 47.000000 52.077000 0.860883 0.451923 14.674694 7.466537 73.945490 0.626667 0.193703 13.928388 111.037511 7.273239 -161.565051 
49.000000 129.000000 62.797832 1.000000 12.000000 12.273000 0.583424 0.600000 4.819917 3.914582 80.146011 0.857143 0.634639 5.385165 111.801409 4.000000 0.000000 
32.000000 135.000000 85.547753 1.000000 11.000000 14.804000 0.950712 0.314286 8.042348 2.493735 62.060698 0.785714 0.429227 8.062258 119.744881 3.130495 26.565051 
18.000000 136.000000 65.880702 2.000000 17.000000 14.250000 0.874740 0.472222 7.061428 3.421911 -43.336298 0.944444 0.706285 7.211103 -146.309932 3.535534 -45.000000 
47.000000 139.000000 31.854920 1.000000 79.000000 66.376000 0.995453 0.224432 36.429002 3.470139 71.231307 0.681034 0.205422 33.837849 108.970408 4.599289 19.179008 
14.000000 139.000000 68.441788 1.000000 31.000000 26.316000 0.799514 0.442857 10.263857 6.164956 77.572854 0.659574 0.448928 10.440307 106.699244 6.616379 -167.471192 
22.000000 140.000000 53.289354 1.000000 46.000000 31.931000 0.902602 0.418182 12.760461 5.493067 47.662264 0.766667 0.469929 14.212670 129.289407 7.071068 -135.000000 
8.000000 143.000000 47.741482 1.000000 13.000000 11.330000 0.600472 0.650000 5.352831 4.280369 65.642355 0.812500 0.780047 5.656854 135.000000 4.000000 0.000000 
5.000000 147.000000 38.525096 1.000000 11.000000 12.645000 0.500401 0.550000 5.010443 4.338010 37.689563 0.785714 0.554659 5.656854 135.000000 4.000000 -90.000000 
12.000000 148.000000 66.158292 1.000000 37.000000 25.861000 0.795234 0.616667 10.363687 6.283528 85.495748 0.770833 0.552762 10.440307 106.699244 6.000000 0.000000 
34.000000 148.000000 16.485409 3.000000 2.000000 2.812000 0.925820 0.500000 3.055050 1.154701 45.000000 1.000000 0.709058 2.828427 135.000000 1.414214 45.000000 
21.000000 149.000000 25.610160 3.000000 1.000000 0.000000 0.000000 1.000000 1.154701 1.154701 0.000000 1.000000 1.000000 1.414214 135.000000 1.000000 -90.000000 
9.000000 155.000000 62.935012 1.000000 39.000000 30.261000 0.947893 0.354545 14.199167 4.523700 38.745340 0.750000 0.439252 14.212670 129.289407 5.400000 -126.869898 
20.000000 157.000000 25.666456 1.000000 22.000000 21.246000 0.971863 0.500000 11.433274 2.693082 72.520956 0.846154 0.464831 11.704700 109.983107 3.395499 -165.963757 
9.000000 161.000000 30.095053 1.000000 8.000000 7.774000 0.782273 0.666667 4.279143 2.665633 -70.670096 1.000000 0.843733 4.472136 -116.565051 3.000000 0.000000 
5.000000 165.000000 73.879768 1.000000 30.000000 21.635000 0.901685 0.750000 10.010723 4.328573 -0.875236 0.909091 0.614113 10.198039 -168.690068 4.000000 -90.000000 
21.000000 164.000000 18.779014 5.000000 1.000000 0.000000 0.000000 1.000000 1.154701 1.154701 0.000000 1.000000 1.000000 1.414214 135.000000 1.000000 -90.000000 
20.000000 166.000000 17.079326 5.000000 1.000000 0.000000 0.000000 1.000000 1.154701 1.154701 0.000000 1.000000 1.000000 1.414214 135.000000 1.000000 -90.000000 
4.000000 171.000000 79.707841 6.000000 8.000000 8.328000 0.894059 0.800000 5.033223 2.254625 0.000000 1.000000 0.764194 5.099020 168.690068 2.000000 -90.000000 
39.000000 174.000000 23.946174 5.000000 8.000000 8.328000 0.908403 0.800000 5.109174 2.136119 10.900705 1.000000 0.764194 5.385165 158.198591 2.000000 -90.000000 
55.000000 175.000000 19.757675 7.000000 8.000000 10.288000 0.948334 0.666667 6.370371 2.021150 -4.731161 0.888889 0.557409 6.082763 170.537678 2.000000 -90.000000 
33.000000 175.000000 28.208939 2.000000 8.000000 7.683000 0.856680 0.666667 4.653433 2.400464 54.645023 1.000000 0.857979 5.000000 126.869898 2.828427 45.000000 
4.000000 177.000000 59.480722 1.000000 9.000000 10.288000 0.932998 0.750000 6.081723 2.188704 -3.170096 1.000000 0.627085 6.082763 170.537678 2.000000 -90.000000 
29.000000 176.000000 34.916666 1.000000 11.000000 12.455000 0.920277 0.611111 6.688994 2.617182 69.764412 0.846154 0.568255 6.708204 116.565051 3.000000 0.000000 
42.000000 176.000000 18.762093 1.000000 6.000000 10.288000 0.976006 0.500000 7.105970 1.547283 -76.835853 0.750000 0.418057 6.324555 -108.434949 1.940285 165.963757 
57.000000 177.000000 19.361565 5.000000 5.000000 4.962000 0.765092 0.833333 3.306559 2.129163 -71.565051 1.000000 0.956808 3.605551 -123.690068 2.000000 0.000000 
7.000000 179.000000 33.008632 2.000000 8.000000 7.501000 0.765333 0.666667 4.260095 2.741945 65.592963 1.000000 0.887575 4.472136 116.565051 3.000000 0.000000 
37.000000 187.000000 22.725620 1.000000 48.000000 43.782000 0.989743 0.545455 24.112490 3.444646 -2.111695 0.716418 0.273948 22.090722 -174.805571 3.875653 -86.633539 
29.000000 179.000000 28.300512 1.000000 17.000000 23.248000 0.936386 0.377778 10.606204 3.722466 79.266511 0.607143 0.306756 9.219544 102.528808 4.384062 8.130102 
57.000000 183.000000 27.803293 3.000000 23.000000 27.523000 0.984515 0.294872 15.285342 2.679552 -16.482099 0.621622 0.307371 14.317821 -155.224859 3.508232 -74.744881 
50.000000 180.000000 23.736748 10.000000 4.000000 5.053000 0.866025 0.666667 3.651484 1.825742 -71.565051 0.800000 0.748540 3.605551 -123.690068 2.000000 0.000000 
5.000000 183.000000 44.905785 1.000000 16.000000 13.679000 0.803474 0.666667 6.287351 3.743111 5.792563 0.888889 0.710636 6.324555 161.565051 4.000000 -90.000000 
26.000000 183.000000 26.415727 4.000000 8.000000 11.140000 0.951524 0.444444 6.511919 2.002891 -21.312519 0.800000 0.492886 6.708204 -153.434949 2.529822 108.434949 
49.000000 182.000000 27.805287 2.000000 4.000000 6.550000 0.946293 0.500000 4.820546 1.558527 72.391204 0.800000 0.535155 4.472136 116.565051 1.897367 -161.565051 
53.000000 182.000000 19.219381 1.000000 3.000000 4.590000 0.928995 0.500000 3.854129 1.426385 -61.845034 1.000000 0.630657 3.605551 -123.690068 1.788854 -26.565051 
33.000000 184.000000 20.316465 10.000000 2.000000 2.812000 0.925820 0.500000 3.055050 1.154701 -45.000000 1.000000 0.709058 2.828427 -135.000000 1.414214 -45.000000 
41.000000 184.000000 16.852579 7.000000 3.000000 3.920000 0.942809 1.000000 3.464102 1.154701 0.000000 1.000000 0.756007 3.162278 161.565051 1.000000 -90.000000 
7.000000 186.000000 29.728389 3.000000 7.000000 6.368000 0.353094 0.777778 3.236694 3.028212 90.000000 1.000000 0.972712 3.605551 123.690068 3.000000 -90.000000 
15.000000 189.000000 19.529752 7.000000 12.000000 16.168000 0.979536 0.666667 9.414448 1.894831 -7.962415 0.857143 0.404431 9.219544 -167.471192 2.000000 -90.000000 
26.000000 192.000000 22.807226 8.000000 33.000000 35.521000 0.986786 0.200000 19.144073 3.101938 -32.039229 0.717391 0.277423 18.601075 -143.746162 4.064914 -57.528808 
49.000000 186.000000 15.420129 9.000000 1.000000 0.000000 0.000000 1.000000 1.154701 1.154701 0.000000 1.000000 1.000000 1.414214 135.000000 1.000000 -90.000000 
6.000000 192.000000 60.126453 1.000000 40.000000 29.318000 0.958692 0.512821 14.310071 4.070445 -13.993266 0.784314 0.477072 13.601471 -162.897271 4.807620 -74.054604 
42.000000 188.000000 16.789528 8.000000 1.000000 0.000000 0.000000 1.000000 1.154701 1.154701 0.000000 1.000000 1.000000 1.414214 135.000000 1.000000 -90.000000 
53.000000 190.000000 18.740212 1.000000 14.000000 19.931000 0.984932 0.350000 11.853482 2.049989 78.283555 0.666667 0.330480 10.440307 106.699244 2.494700 -167.471192 
60.000000 192.000000 25.682564 8.000000 5.000000 4.962000 0.765092 0.833333 3.306559 2.129163 -18.434949 1.000000 0.956808 3.605551 -146.309932 2.000000 -90.000000 
5.000000 200.000000 38.610006 4.000000 8.000000 9.552000 0.925959 0.533333 5.779562 2.182505 22.853660 0.800000 0.623923 5.830952 149.036243 2.683282 -116.565051 
18.000000 200.000000 15.933696 10.000000 2.000000 2.812000 0.925820 0.500000 3.055050 1.154701 -45.000000 1.000000 0.709058 2.828427 -135.000000 1.414214 -45.000000 
8.000000 200.000000 65.374377 5.000000 12.000000 11.529000 0.705483 0.600000 5.014651 3.554019 8.252181 0.923077 0.700641 5.385165 158.198591 4.000000 -90.000000 
36.000000 201.000000 20.757927 1.000000 5.000000 6.368000 0.923687 0.625000 4.492622 1.721341 69.006394 1.000000 0.694794 4.472136 116.565051 2.000000 0.000000 
11.000000 202.000000 60.982442 6.000000 10.000000 10.404000 0.630476 0.500000 4.618802 3.585155 74.054604 0.833333 0.684879 5.099020 101.309932 3.882901 -146.309932 
27.000000 208.000000 33.529240 7.000000 34.000000 33.280000 0.986517 0.217949 17.701602 2.896999 -44.736050 0.809524 0.322085 17.691806 -132.709390 3.535534 -45.000000 
44.000000 204.000000 17.218849 8.000000 5.000000 10.032000 0.979796 0.250000 7.023769 1.404754 -54.462322 0.714286 0.362052 6.403124 -128.659808 1.941451 -33.690068 
6.000000 211.000000 74.899334 4.000000 42.000000 36.356000 0.931622 0.375000 16.897026 6.140884 -11.940360 0.608696 0.338312 16.278821 -169.380345 6.595879 -77.005383 
12.000000 206.000000 73.727171 1.000000 28.000000 16.565000 0.665870 0.800000 7.100631 5.297550 -7.405060 0.965517 0.906035 7.615773 -156.801409 5.000000 -90.000000 
16.000000 208.000000 48.205250 5.000000 8.000000 8.328000 0.410792 0.888889 3.651484 3.329164 90.000000 0.888889 0.764194 4.242641 135.000000 3.000000 -90.000000 
43.000000 211.000000 17.817186 4.000000 3.000000 5.624000 0.970143 0.333333 4.760952 1.154701 45.000000 1.000000 0.490646 4.242641 135.000000 1.414214 45.000000 
12.000000 211.000000 41.658927 2.000000 19.000000 14.977000 0.541656 0.633333 5.999943 5.043554 1.443209 0.826087 0.727302 6.708204 -153.434949 5.000000 -90.000000 
17.000000 212.000000 52.517614 6.000000 17.000000 11.975000 0.744143 0.850000 5.811183 3.881988 -65.098257 1.000000 0.934869 6.403124 -128.659808 4.000000 0.000000 
22.000000 214.000000 55.907993 6.000000 16.000000 20.502000 0.868496 0.457143 7.864184 3.898240 -44.078670 0.761905 0.359669 8.602325 -144.462322 4.242641 -45.000000 
14.000000 215.000000 70.302203 5.000000 14.000000 11.719000 0.577124 0.560000 5.054406 4.127713 43.074681 0.875000 0.796646 5.385165 111.801409 4.714952 33.690068 
41.000000 218.000000 46.757142 1.000000 45.000000 39.730000 0.989901 0.263158 21.777103 3.087174 -66.384484 0.750000 0.307669 20.248457 -110.224859 3.858315 -23.962489 
28.000000 218.000000 54.948543 4.000000 2.000000 1.960000 0.866025 1.000000 2.309401 1.154701 90.000000 1.000000 0.965669 2.236068 116.565051 1.000000 0.000000 
13.000000 220.000000 89.432140 7.000000 35.000000 20.998000 0.880156 0.555556 10.092717 4.790856 -30.440459 0.853659 0.754776 10.295630 -150.945396 5.659453 120.963757 
21.000000 219.000000 61.153247 3.000000 23.000000 17.698000 0.884165 0.718750 8.508825 3.975114 4.117012 0.851852 0.665517 8.544004 -159.443955 4.000000 -90.000000 
39.000000 223.000000 52.927148 9.000000 13.000000 12.364000 0.788398 0.650000 5.634089 3.465900 58.405477 0.928571 0.679480 5.830952 120.963757 4.000000 0.000000 
33.000000 224.000000 84.639710 1.000000 60.000000 34.677000 0.797465 0.555556 12.303099 7.423265 -19.110112 0.769231 0.527170 12.165525 170.537678 8.003676 -75.963757 
55.000000 224.000000 32.277346 1.000000 20.000000 24.157000 0.986773 0.333333 14.083135 2.282973 -72.552600 0.689655 0.337256 13.000000 -112.619865 3.152963 165.963757 
18.000000 224.000000 50.578559 5.000000 13.000000 11.810000 0.514628 0.520000 4.878354 4.182768 -61.367613 0.928571 0.730766 5.656854 -135.000000 4.242641 -45.000000 
27.000000 225.000000 76.888577 1.000000 34.000000 28.838000 0.909268 0.566667 11.998210 4.993796 -14.779053 0.723404 0.417775 11.661904 -149.036243 6.000000 -90.000000 
49.000000 225.000000 32.845270 10.000000 7.000000 8.717000 0.624347 0.583333 3.930119 3.070002 24.699353 0.875000 0.625521 4.472136 153.434949 3.000000 -90.000000 
22.000000 226.000000 46.737983 1.000000 15.000000 12.736000 0.811742 0.600000 6.270437 3.662036 -40.579093 0.882353 0.747708 6.403124 -141.340192 4.242641 -45.000000 
41.000000 225.000000 112.313798 7.000000 13.000000 13.398000 0.625094 0.433333 5.303879 4.139938 -84.538598 0.812500 0.597178 6.082763 99.462322 4.714952 146.309932 
12.000000 227.000000 52.847158 1.000000 33.000000 29.690000 0.955588 0.507692 14.256734 4.201524 83.973212 0.673469 0.384716 13.152946 98.746162 5.000000 0.000000 
46.000000 226.000000 77.631319 1.000000 16.000000 12.364000 0.810220 0.666667 6.106763 3.579331 -78.583173 0.941176 0.836283 6.324555 -108.434949 4.000000 0.000000 
43.000000 230.000000 129.645343 6.000000 21.000000 17.045000 0.901666 0.656250 8.379986 3.623788 -7.212402 0.840000 0.647594 8.246211 -165.963757 4.000000 -90.000000 
52.000000 229.000000 86.057676 1.000000 35.000000 19.675000 0.678148 0.625000 8.074707 5.934305 -53.301812 0.945946 0.844844 8.602325 -144.462322 6.363961 -45.000000 
58.000000 230.000000 84.070734 1.000000 25.000000 17.326000 0.845927 0.595238 8.173938 4.359151 -60.466094 0.862069 0.749922 8.485281 -135.000000 4.919350 153.434949 
26.000000 233.000000 29.182700 7.000000 22.000000 28.673000 0.987940 0.203704 16.639954 2.576454 -46.739202 0.687500 0.273137 15.000000 -126.869898 3.404865 -41.633539 
38.000000 232.000000 74.727599 1.000000 38.000000 27.466000 0.881337 0.422222 10.987036 5.191236 -52.604400 0.863636 0.509724 11.180340 -116.565051 6.200000 143.130102 
19.000000 233.000000 53.826031 1.000000 30.000000 20.899000 0.930881 0.476190 10.705450 3.910955 -37.345004 0.909091 0.652290 10.816654 -146.309932 4.800000 -53.130102 
10.000000 235.000000 21.010898 1.000000 6.000000 8.998000 0.960280 0.400000 6.023770 1.680865 -64.805344 0.750000 0.511626 5.830952 -120.963757 2.213594 -18.434949 
49.000000 235.000000 97.967068 1.000000 29.000000 21.064000 0.945131 0.580000 11.010392 3.597018 -74.084802 0.878788 0.621980 10.770330 -111.801409 4.314555 -11.309932 
56.000000 235.000000 65.068056 1.000000 28.000000 21.362000 0.839779 0.518519 9.089502 4.934951 -63.434949 0.848485 0.586015 10.295630 -119.054604 5.934603 -38.659808 
34.000000 235.000000 43.065141 9.000000 10.000000 13.125000 0.965330 0.333333 7.718018 2.014663 -39.264062 0.833333 0.474916 7.810250 -140.194429 2.773501 123.690068 
42.000000 236.000000 37.331029 1.000000 6.000000 6.277000 0.456435 0.666667 3.265986 2.905933 -26.565051 1.000000 0.849942 3.605551 146.309932 3.000000 -90.000000 
