235
33.000000 114.000000 8.603855 1.000000 11021.000000 591.556000 0.960710 0.717513 277.665821 77.067224 -0.001432 0.717513 0.391596 248.386795 165.068583 64.000000 -90.000000 
8.000000 6.000000 25.996236 1.000000 3.000000 3.920000 0.942809 1.000000 3.464102 1.154701 90.000000 1.000000 0.756007 3.162278 108.434949 1.000000 0.000000 
52.000000 12.000000 34.908910 1.000000 28.000000 33.337000 0.898778 0.280000 14.164592 6.209801 -44.134114 0.549020 0.264418 13.453624 -131.987212 6.867262 -41.185925 
21.000000 7.000000 23.323813 7.000000 1.000000 0.000000 0.000000 1.000000 1.154701 1.154701 0.000000 1.000000 1.000000 1.414214 135.000000 1.000000 -90.000000 
31.000000 8.000000 27.136356 2.000000 8.000000 12.736000 0.979832 0.380952 8.214169 1.641371 68.907778 0.800000 0.398777 7.615773 113.198591 2.213594 -161.565051 
36.000000 7.000000 21.875667 1.000000 1.000000 0.000000 0.000000 1.000000 1.154701 1.154701 0.000000 1.000000 1.000000 1.414214 135.000000 1.000000 -90.000000 
8.000000 11.000000 41.335847 1.000000 19.000000 19.104000 0.974053 0.475000 10.904271 2.467876 71.862190 0.863636 0.482476 10.770330 111.801409 3.152963 14.036243 
21.000000 9.000000 22.868943 7.000000 1.000000 0.000000 0.000000 1.000000 1.154701 1.154701 0.000000 1.000000 1.000000 1.414214 135.000000 1.000000 -90.000000 
59.000000 11.000000 29.431229 1.000000 6.000000 9.461000 0.965176 0.400000 6.545658 1.712351 22.725569 0.857143 0.474724 5.830952 149.036243 2.213594 -108.434949 
15.000000 13.000000 32.611532 2.000000 8.000000 8.998000 0.931551 0.533333 5.671347 2.062156 60.349861 1.000000 0.682168 5.830952 120.963757 2.683282 26.565051 
21.000000 13.000000 28.398332 6.000000 4.000000 5.053000 0.866025 0.666667 3.651484 1.825742 18.434949 1.000000 0.748540 3.605551 146.309932 2.000000 -90.000000 
60.000000 14.000000 36.463429 1.000000 4.000000 4.408000 0.870424 0.666667 3.435909 1.691507 58.282526 1.000000 0.881907 3.605551 123.690068 2.000000 0.000000 
23.000000 15.000000 34.396757 2.000000 7.000000 7.592000 0.904042 0.583333 4.933730 2.108892 56.599295 1.000000 0.763515 5.000000 126.869898 2.683282 26.565051 
10.000000 15.000000 39.473800 1.000000 15.000000 13.381000 0.918946 0.714286 7.406911 2.921169 83.344490 0.937500 0.690470 7.280110 105.945396 3.000000 0.000000 
57.000000 17.000000 51.798039 6.000000 10.000000 10.222000 0.889309 0.500000 5.793688 2.649498 31.563040 0.833333 0.703661 5.830952 149.036243 3.130495 -116.565051 
17.000000 18.000000 44.546013 1.000000 21.000000 21.916000 0.966225 0.350000 11.580023 2.984180 64.122446 0.724138 0.420291 11.180340 116.565051 3.676580 -156.801409 
24.000000 22.000000 34.044780 1.000000 19.000000 21.751000 0.975825 0.263889 11.583839 2.531665 50.803076 0.791667 0.385321 11.401754 127.874984 3.328959 -140.194429 
59.000000 19.000000 26.106217 2.000000 3.000000 4.590000 0.928995 0.500000 3.854129 1.426385 61.845034 1.000000 0.630657 3.605551 123.690068 1.788854 26.565051 
35.000000 21.000000 32.473774 1.000000 18.000000 21.842000 0.953392 0.333333 10.183075 3.072587 59.907813 0.750000 0.362387 10.295630 119.054604 3.882901 -146.309932 
5.000000 21.000000 39.522337 1.000000 7.000000 7.592000 0.904042 0.583333 4.933730 2.108892 33.400705 1.000000 0.763515 5.000000 143.130102 2.683282 63.434949 
44.000000 21.000000 23.160157 10.000000 2.000000 2.812000 0.925820 0.500000 3.055050 1.154701 -45.000000 1.000000 0.709058 2.828427 -135.000000 1.414214 -45.000000 
49.000000 20.000000 24.182595 2.000000 4.000000 6.550000 0.946293 0.500000 4.820546 1.558527 72.391204 0.800000 0.535155 4.472136 116.565051 1.897367 -161.565051 
9.000000 22.000000 62.028815 1.000000 19.000000 15.548000 0.920890 0.593750 8.210601 3.200687 69.858345 0.950000 0.683540 8.544004 110.556045 3.794733 -161.565051 
55.000000 24.000000 45.464446 1.000000 34.000000 23.322000 0.930662 0.618182 11.274609 4.125166 12.939463 0.871795 0.610086 11.401754 164.744881 5.000000 -90.000000 
13.000000 23.000000 29.291063 1.000000 10.000000 13.588000 0.774283 0.400000 5.782389 3.659322 -36.650378 0.714286 0.448993 5.385165 -158.198591 4.160251 -56.309932 
18.000000 25.000000 45.268441 1.000000 16.000000 13.100000 0.880723 0.761905 6.773148 3.207979 -81.419041 1.000000 0.762206 7.280110 -105.945396 3.000000 0.000000 
22.000000 25.000000 32.034752 1.000000 3.000000 3.093000 0.730297 0.750000 2.581989 1.763834 45.000000 1.000000 0.969873 2.828427 135.000000 2.000000 -90.000000 
27.000000 26.000000 26.049196 2.000000 2.000000 1.960000 0.866025 1.000000 2.309401 1.154701 0.000000 1.000000 0.965669 2.236068 153.434949 1.000000 -90.000000 
15.000000 28.000000 31.534885 11.000000 7.000000 12.000000 0.915568 0.388889 6.792834 2.731821 5.844685 0.583333 0.383676 6.082763 170.537678 2.910428 -104.036243 
30.000000 27.000000 29.566580 2.000000 3.000000 5.624000 0.970143 0.333333 4.760952 1.154701 45.000000 1.000000 0.490646 4.242641 135.000000 1.414214 45.000000 
57.000000 30.000000 40.736431 2.000000 5.000000 4.962000 0.765092 0.833333 3.306559 2.129163 -18.434949 1.000000 0.956808 3.605551 -146.309932 2.000000 -90.000000 
10.000000 31.000000 63.028489 1.000000 27.000000 22.842000 0.940901 0.613636 11.729436 3.972542 83.946132 0.818182 0.502545 11.180340 100.304846 4.000000 0.000000 
19.000000 32.000000 43.426880 1.000000 15.000000 16.218000 0.838378 0.535714 7.245154 3.949256 -85.341457 0.681818 0.502931 7.280110 105.945396 4.000000 0.000000 
44.000000 32.000000 28.169529 1.000000 4.000000 6.368000 0.958153 0.500000 4.964579 1.421135 -67.500000 0.800000 0.555835 4.472136 -116.565051 1.788854 -26.565051 
55.000000 36.000000 51.277648 5.000000 40.000000 28.350000 0.946478 0.666667 13.822848 4.461562 6.550875 0.816327 0.506851 12.649111 161.565051 5.000000 -90.000000 
33.000000 33.000000 22.706311 3.000000 1.000000 0.000000 0.000000 1.000000 1.154701 1.154701 0.000000 1.000000 1.000000 1.414214 135.000000 1.000000 -90.000000 
6.000000 35.000000 23.427575 1.000000 2.000000 1.960000 0.866025 1.000000 2.309401 1.154701 90.000000 1.000000 0.965669 2.236068 116.565051 1.000000 0.000000 
17.000000 34.000000 34.271214 1.000000 6.000000 11.438000 0.867623 0.300000 6.087682 3.026938 -29.674666 0.545455 0.354707 5.656854 -135.000000 3.395499 104.036243 
30.000000 35.000000 23.402278 1.000000 2.000000 1.960000 0.866025 1.000000 2.309401 1.154701 90.000000 1.000000 0.965669 2.236068 116.565051 1.000000 0.000000 
8.000000 36.000000 27.666184 12.000000 1.000000 0.000000 0.000000 1.000000 1.154701 1.154701 0.000000 1.000000 1.000000 1.414214 135.000000 1.000000 -90.000000 
32.000000 36.000000 24.478846 12.000000 1.000000 0.000000 0.000000 1.000000 1.154701 1.154701 0.000000 1.000000 1.000000 1.414214 135.000000 1.000000 -90.000000 
21.000000 40.000000 28.345522 5.000000 6.000000 6.368000 0.833333 0.750000 4.000000 2.211083 0.000000 1.000000 0.833753 4.123106 165.963757 2.000000 -90.000000 
31.000000 41.000000 27.918237 7.000000 8.000000 14.622000 0.985828 0.228571 9.364754 1.571002 -35.410496 0.800000 0.318594 8.602325 -144.462322 2.200000 -53.130102 
10.000000 40.000000 25.012398 5.000000 2.000000 2.812000 0.925820 0.500000 3.055050 1.154701 45.000000 1.000000 0.709058 2.828427 135.000000 1.414214 45.000000 
15.000000 40.000000 28.101573 7.000000 9.000000 12.273000 0.966351 0.375000 7.596861 1.954117 -58.752121 0.750000 0.475980 7.211103 -123.690068 2.496151 -33.690068 
12.000000 46.000000 31.555047 1.000000 21.000000 23.231000 0.977896 0.381818 12.930003 2.703582 -73.266759 0.724138 0.379423 12.083046 -114.443955 3.395499 -14.036243 
18.000000 44.000000 34.328015 1.000000 11.000000 10.015000 0.887783 0.733333 5.836300 2.686231 17.079847 0.916667 0.798575 5.830952 149.036243 3.000000 -90.000000 
25.000000 48.000000 56.607021 1.000000 32.000000 29.946000 0.984733 0.426667 16.315473 2.840026 73.025108 0.800000 0.367307 15.811388 108.434949 3.478505 18.434949 
50.000000 45.000000 27.893307 4.000000 12.000000 15.656000 0.948866 0.333333 8.258531 2.607042 46.400140 0.800000 0.426763 8.485281 135.000000 2.828427 45.000000 
55.000000 45.000000 36.041967 2.000000 24.000000 20.229000 0.876530 0.600000 8.997967 4.331145 -19.909337 0.857143 0.552181 8.944272 -153.434949 4.850713 -75.963757 
46.000000 50.000000 22.771675 4.000000 2.000000 2.812000 0.925820 0.500000 3.055050 1.154701 45.000000 1.000000 0.709058 2.828427 135.000000 1.414214 45.000000 
54.000000 49.000000 43.332149 2.000000 15.000000 14.713000 0.902422 0.500000 7.171505 3.089871 -38.524566 0.882353 0.591291 7.810250 -140.194429 3.535534 -45.000000 
51.000000 51.000000 29.544898 5.000000 9.000000 10.495000 0.822487 0.600000 5.059238 2.877612 27.611084 0.900000 0.608192 5.830952 149.036243 3.000000 -90.000000 
7.000000 54.000000 27.145155 1.000000 17.000000 17.880000 0.881715 0.485714 8.453742 3.988332 3.952010 0.653846 0.483423 7.615773 156.801409 4.931970 99.462322 
16.000000 51.000000 51.225301 2.000000 8.000000 9.734000 0.913850 0.533333 5.667510 2.301304 70.336511 0.800000 0.606409 5.830952 120.963757 2.667892 -165.963757 
30.000000 53.000000 33.733053 1.000000 13.000000 14.696000 0.965909 0.541667 8.520229 2.205734 72.221851 0.928571 0.513429 8.544004 110.556045 2.846050 -161.565051 
18.000000 53.000000 38.797839 6.000000 7.000000 7.592000 0.891825 0.583333 4.776412 2.160759 29.871781 0.875000 0.763515 5.000000 143.130102 2.683282 -116.565051 
37.000000 53.000000 28.458748 1.000000 20.000000 19.956000 0.958653 0.500000 10.843622 3.085859 -80.718812 0.769231 0.471093 10.198039 -101.309932 3.535534 171.869898 
53.000000 57.000000 51.261011 1.000000 57.000000 31.923000 0.877220 0.678571 13.135098 6.306022 4.812918 0.802817 0.582569 12.649111 -161.565051 7.000000 -90.000000 
33.000000 55.000000 26.761800 1.000000 3.000000 3.093000 0.730297 0.750000 2.581989 1.763834 45.000000 1.000000 0.969873 2.828427 135.000000 2.000000 -90.000000 
17.000000 58.000000 28.252631 1.000000 10.000000 14.878000 0.974995 0.416667 8.605219 1.912297 -74.998334 0.769231 0.387008 8.544004 -110.556045 2.425356 165.963757 
34.000000 58.000000 22.320761 2.000000 1.000000 0.000000 0.000000 1.000000 1.154701 1.154701 0.000000 1.000000 1.000000 1.414214 135.000000 1.000000 -90.000000 
24.000000 59.000000 22.583950 2.000000 1.000000 0.000000 0.000000 1.000000 1.154701 1.154701 0.000000 1.000000 1.000000 1.414214 135.000000 1.000000 -90.000000 
10.000000 63.000000 43.023315 1.000000 27.000000 22.172000 0.969466 0.613636 12.283014 3.012094 -76.166164 0.900000 0.529500 11.704700 -109.983107 3.638034 -14.036243 
43.000000 64.000000 29.200843 1.000000 3.000000 3.920000 0.942809 1.000000 3.464102 1.154701 0.000000 1.000000 0.756007 3.162278 161.565051 1.000000 -90.000000 
30.000000 66.000000 39.240703 1.000000 13.000000 12.455000 0.894204 0.541667 6.575219 2.943456 77.700105 0.866667 0.671574 6.324555 108.434949 3.395499 14.036243 
54.000000 69.000000 37.220022 1.000000 70.000000 43.046000 0.938571 0.486111 18.515600 6.389472 -11.122153 0.752688 0.412342 18.973666 -161.565051 7.927473 -93.366461 
11.000000 69.000000 42.416407 1.000000 26.000000 31.162000 0.982255 0.371429 15.748092 2.953545 -75.652705 0.666667 0.277654 14.560220 -105.945396 3.794733 -18.434949 
23.000000 68.000000 44.504820 1.000000 32.000000 24.033000 0.949025 0.727273 12.114955 3.818643 86.469412 0.864865 0.544545 11.401754 105.255119 4.000000 0.000000 
28.000000 70.000000 25.934005 1.000000 3.000000 3.093000 0.730297 0.750000 2.581989 1.763834 45.000000 1.000000 0.969873 2.828427 135.000000 2.000000 -90.000000 
38.000000 70.000000 23.427564 7.000000 1.000000 0.000000 0.000000 1.000000 1.154701 1.154701 0.000000 1.000000 1.000000 1.414214 135.000000 1.000000 -90.000000 
10.000000 73.000000 38.387499 1.000000 24.000000 23.024000 0.970373 0.666667 12.819914 3.097457 -87.167217 0.774194 0.440514 12.165525 -99.462322 3.000000 0.000000 
39.000000 72.000000 21.685009 8.000000 1.000000 0.000000 0.000000 1.000000 1.154701 1.154701 0.000000 1.000000 1.000000 1.414214 135.000000 1.000000 -90.000000 
32.000000 74.000000 22.817839 1.000000 2.000000 2.812000 0.925820 0.500000 3.055050 1.154701 -45.000000 1.000000 0.709058 2.828427 -135.000000 1.414214 -45.000000 
18.000000 74.000000 25.317379 1.000000 6.000000 8.973000 0.959508 0.600000 6.121381 1.724279 -7.465709 0.750000 0.513740 5.385165 -158.198591 2.000000 -90.000000 
23.000000 76.000000 27.528319 1.000000 6.000000 8.328000 0.953154 0.600000 5.526219 1.671596 -72.391204 0.857143 0.573146 5.385165 -111.801409 2.000000 0.000000 
10.000000 79.000000 28.997965 1.000000 19.000000 28.904000 0.990575 0.633333 16.681315 2.284806 -88.892982 0.703704 0.232502 15.132746 -97.594643 2.000000 0.000000 
54.000000 81.000000 27.043359 1.000000 7.000000 8.328000 0.930558 0.700000 5.262061 1.926673 -14.678877 0.875000 0.668670 5.385165 -158.198591 2.000000 -90.000000 
29.000000 81.000000 22.366919 2.000000 2.000000 1.960000 0.866025 1.000000 2.309401 1.154701 90.000000 1.000000 0.965669 2.236068 116.565051 1.000000 0.000000 
33.000000 82.000000 25.367483 12.000000 1.000000 0.000000 0.000000 1.000000 1.154701 1.154701 0.000000 1.000000 1.000000 1.414214 135.000000 1.000000 -90.000000 
40.000000 84.000000 27.222063 1.000000 13.000000 23.802000 0.979967 0.236364 13.070903 2.603219 -69.301292 0.590909 0.225031 12.083046 -114.443955 3.156821 158.198591 
15.000000 85.000000 34.431111 1.000000 32.000000 31.716000 0.982709 0.500000 16.441445 3.044243 84.974257 0.744186 0.330952 16.124515 97.125016 3.597007 7.125016 
54.000000 85.000000 21.723211 7.000000 1.000000 0.000000 0.000000 1.000000 1.154701 1.154701 0.000000 1.000000 1.000000 1.414214 135.000000 1.000000 -90.000000 
7.000000 88.000000 27.382395 1.000000 7.000000 10.776000 0.974383 0.388889 7.315132 1.645152 -66.979187 0.875000 0.454129 6.708204 -116.565051 2.213594 161.565051 
25.000000 87.000000 21.913315 6.000000 1.000000 0.000000 0.000000 1.000000 1.154701 1.154701 0.000000 1.000000 1.000000 1.414214 135.000000 1.000000 -90.000000 
26.000000 89.000000 37.215658 1.000000 10.000000 12.918000 0.945533 0.476190 7.479233 2.434694 75.241241 0.769231 0.487238 7.280110 105.945396 2.745626 11.309932 
35.000000 90.000000 23.432226 3.000000 2.000000 2.812000 0.925820 0.500000 3.055050 1.154701 45.000000 1.000000 0.709058 2.828427 135.000000 1.414214 45.000000 
42.000000 89.000000 22.451803 11.000000 1.000000 0.000000 0.000000 1.000000 1.154701 1.154701 0.000000 1.000000 1.000000 1.414214 135.000000 1.000000 -90.000000 
56.000000 96.000000 31.205171 6.000000 38.000000 31.584000 0.983388 0.316667 17.012634 3.088062 -28.910273 0.844444 0.395999 17.000000 -151.927513 3.944467 120.963757 
20.000000 91.000000 41.900082 1.000000 11.000000 12.736000 0.960693 0.523810 7.741582 2.149158 72.661086 0.846154 0.548319 7.615773 113.198591 2.667892 -165.963757 
8.000000 96.000000 30.148167 1.000000 20.000000 34.487000 0.850406 0.227273 14.388775 7.570325 19.365762 0.350877 0.177502 12.206556 145.007980 7.363275 84.289407 
25.000000 95.000000 30.668495 1.000000 12.000000 16.309000 0.973962 0.285714 9.399357 2.130955 -40.268839 0.750000 0.398589 9.219544 -139.398705 2.828427 -45.000000 
47.000000 99.000000 28.413502 11.000000 7.000000 14.440000 0.988946 0.200000 9.595362 1.422768 -56.981244 0.700000 0.284572 8.602325 -125.537678 1.941451 -33.690068 
21.000000 101.000000 36.159969 1.000000 36.000000 31.534000 0.979445 0.450000 15.729046 3.172736 -76.546200 0.800000 0.376240 16.492423 -104.036243 4.101219 171.869898 
31.000000 100.000000 34.691611 3.000000 5.000000 4.962000 0.765092 0.833333 3.306559 2.129163 18.434949 1.000000 0.956808 3.605551 146.309932 2.000000 -90.000000 
39.000000 102.000000 31.601761 1.000000 25.000000 40.020000 0.970639 0.183824 20.151343 4.847230 -66.583537 0.384615 0.168638 17.464249 -103.240520 6.221113 167.005383 
12.000000 102.000000 26.115666 4.000000 4.000000 4.408000 0.870424 0.666667 3.435909 1.691507 -31.717474 1.000000 0.881907 3.605551 -146.309932 2.000000 -90.000000 
9.000000 104.000000 37.346500 1.000000 14.000000 14.696000 0.949020 0.583333 8.086630 2.549033 -75.580686 0.823529 0.552924 8.246211 -104.036243 3.000000 0.000000 
29.000000 105.000000 102.399274 4.000000 17.000000 14.324000 0.905357 0.607143 7.446445 3.162139 17.890537 0.894737 0.700313 7.615773 156.801409 3.794733 -108.434949 
13.000000 106.000000 29.636765 7.000000 8.000000 8.998000 0.872569 0.533333 5.115813 2.499024 -11.835269 0.888889 0.682168 5.099020 168.690068 2.846050 108.434949 
22.000000 110.000000 42.945183 8.000000 18.000000 21.751000 0.978551 0.250000 11.737063 2.417911 -49.523111 0.782609 0.365041 12.041595 -131.633539 3.200922 -39.805571 
8.000000 110.000000 51.206577 1.000000 15.000000 14.696000 0.954516 0.625000 8.349470 2.489469 -74.276095 0.937500 0.592419 8.544004 -110.556045 3.000000 0.000000 
27.000000 110.000000 103.043189 3.000000 17.000000 11.975000 0.691956 0.850000 5.608117 4.048723 -30.963757 1.000000 0.934869 6.403124 -141.340192 4.000000 -90.000000 
34.000000 112.000000 25.825266 5.000000 4.000000 6.368000 0.958153 0.500000 4.964579 1.421135 22.500000 0.800000 0.555835 4.472136 153.434949 1.788854 63.434949 
53.000000 116.000000 40.202602 1.000000 31.000000 32.420000 0.980136 0.216783 17.141394 3.399599 47.487066 0.645833 0.308041 15.811388 124.695154 4.242641 45.000000 
28.000000 116.000000 130.421032 6.000000 25.000000 17.235000 0.797693 0.714286 7.633706 4.603608 -0.712094 0.862069 0.756636 7.615773 156.801409 5.000000 -90.000000 
45.000000 117.000000 28.486285 5.000000 6.000000 8.328000 0.953154 0.600000 5.526219 1.671596 17.608796 0.857143 0.573146 5.385165 158.198591 2.000000 -90.000000 
10.000000 116.000000 21.884676 4.000000 1.000000 0.000000 0.000000 1.000000 1.154701 1.154701 0.000000 1.000000 1.000000 1.414214 135.000000 1.000000 -90.000000 
21.000000 127.000000 76.263637 1.000000 79.000000 51.490000 0.976756 0.490683 26.554541 5.692112 -3.401911 0.658333 0.332621 23.345235 -170.134193 6.567245 -84.289407 
9.000000 123.000000 24.269223 6.000000 6.000000 10.222000 0.946273 0.300000 6.468882 2.091838 -33.846897 0.666667 0.422197 5.830952 -149.036243 2.683282 116.565051 
30.000000 123.000000 133.222201 7.000000 31.000000 20.419000 0.926241 0.620000 10.506564 3.960249 -16.560073 0.911765 0.701777 10.440307 -163.300756 4.427189 -71.565051 
38.000000 123.000000 34.218982 1.000000 14.000000 13.290000 0.942514 0.666667 7.648617 2.555910 -74.703343 0.933333 0.651596 7.615773 -113.198591 3.000000 0.000000 
48.000000 123.000000 44.397677 2.000000 10.000000 12.091000 0.548825 0.625000 4.610242 3.853873 -45.716048 0.833333 0.541579 5.000000 -143.130102 4.000000 -90.000000 
12.000000 125.000000 26.602094 1.000000 9.000000 11.603000 0.893712 0.500000 6.089321 2.731918 85.394487 0.818182 0.520220 6.324555 108.434949 2.941742 -168.690068 
55.000000 128.000000 66.450749 1.000000 44.000000 38.506000 0.962066 0.376068 17.266884 4.710713 -63.501184 0.647059 0.318774 15.811388 -124.695154 6.604744 -29.054604 
29.000000 128.000000 32.983050 2.000000 6.000000 7.774000 0.917811 0.500000 5.071806 2.013593 -57.756935 0.857143 0.632800 5.000000 -126.869898 2.496151 146.309932 
48.000000 127.000000 81.259185 1.000000 12.000000 11.148000 0.816542 0.600000 5.627470 3.248661 -24.633947 0.923077 0.738502 5.830952 -149.036243 4.000000 -90.000000 
13.000000 134.000000 53.731693 1.000000 50.000000 40.864000 0.987025 0.226244 21.530887 3.457105 -52.652661 0.757576 0.324462 20.808652 -125.217593 4.328946 -37.568592 
43.000000 129.000000 23.738726 1.000000 4.000000 5.880000 0.968246 1.000000 4.618802 1.154701 90.000000 1.000000 0.617595 4.123106 104.036243 1.000000 0.000000 
36.000000 132.000000 87.863961 1.000000 38.000000 28.309000 0.965638 0.345455 14.299967 3.716445 -42.594953 0.844444 0.482765 14.212670 -140.710593 4.800000 -53.130102 
49.000000 131.000000 86.074097 7.000000 13.000000 10.404000 0.567866 0.650000 4.846357 3.989137 -63.434949 0.928571 0.890343 5.385165 -111.801409 4.000000 0.000000 
30.000000 137.000000 51.166251 1.000000 1.000000 0.000000 0.000000 1.000000 1.154701 1.154701 0.000000 1.000000 1.000000 1.414214 135.000000 1.000000 -90.000000 
59.000000 135.000000 110.678962 1.000000 12.000000 10.015000 0.821945 0.800000 5.418787 3.086363 85.163322 0.923077 0.871173 5.385165 111.801409 3.000000 0.000000 
54.000000 136.000000 121.966511 1.000000 21.000000 17.897000 0.765285 0.600000 7.028062 4.523909 -86.687063 0.807692 0.596205 7.615773 -113.198591 5.000000 0.000000 
46.000000 137.000000 135.979865 1.000000 33.000000 25.464000 0.935530 0.428571 11.890375 4.200231 74.893818 0.767442 0.506783 11.180340 100.304846 5.032769 20.556045 
9.000000 138.000000 31.905766 1.000000 9.000000 12.248000 0.969266 0.642857 7.393691 1.818967 -78.690068 0.900000 0.477527 7.280110 -105.945396 2.000000 0.000000 
57.000000 138.000000 69.810846 8.000000 6.000000 5.905000 0.632456 0.666667 3.333333 2.581989 -45.000000 1.000000 0.921279 3.605551 -146.309932 2.828427 -45.000000 
60.000000 140.000000 54.338838 1.000000 9.000000 7.476000 0.000000 1.000000 3.464102 3.464102 0.000000 1.000000 1.000000 4.242641 135.000000 3.000000 -90.000000 
25.000000 139.000000 51.098583 1.000000 17.000000 16.309000 0.614090 0.472222 6.225685 4.913534 -37.086923 0.739130 0.564668 6.403124 128.659808 5.813777 153.434949 
38.000000 140.000000 112.292733 1.000000 23.000000 18.434000 0.941838 0.638889 9.803075 3.294498 78.646283 0.851852 0.620887 9.486833 108.434949 3.726207 -168.690068 
17.000000 143.000000 41.161456 1.000000 17.000000 21.618000 0.974976 0.515152 12.075860 2.684597 -83.725668 0.708333 0.348475 11.180340 -100.304846 2.969848 171.869898 
48.000000 144.000000 68.680501 1.000000 74.000000 44.295000 0.976935 0.370000 23.225841 4.959568 68.189733 0.747475 0.413252 21.540659 111.801409 6.384615 -157.380135 
29.000000 144.000000 94.183600 1.000000 23.000000 18.079000 0.743807 0.657143 7.113083 4.754346 -81.389465 0.851852 0.641834 7.280110 105.945396 5.000000 0.000000 
37.000000 144.000000 48.901647 1.000000 16.000000 13.869000 0.924990 0.571429 7.710803 2.930047 -68.744776 0.941176 0.694850 7.615773 -113.198591 3.478505 161.565051 
59.000000 143.000000 36.424486 2.000000 4.000000 6.368000 0.918559 0.444444 4.618802 1.825742 45.000000 0.800000 0.555835 4.242641 135.000000 2.121320 45.000000 
24.000000 145.000000 78.622788 2.000000 18.000000 13.406000 0.567874 0.600000 5.604489 4.613140 69.972037 0.900000 0.826062 6.324555 -108.434949 4.919350 -153.434949 
19.000000 148.000000 84.425567 1.000000 27.000000 18.178000 0.859276 0.562500 8.612133 4.405215 65.273250 0.900000 0.746476 8.544004 110.556045 4.919350 26.565051 
59.000000 148.000000 47.669424 1.000000 10.000000 11.330000 0.949149 0.555556 7.052440 2.220307 -72.076566 0.833333 0.600036 6.708204 -116.565051 2.667892 -14.036243 
8.000000 149.000000 56.460926 1.000000 26.000000 19.104000 0.927868 0.577778 9.889399 3.687842 -75.377273 0.866667 0.660230 9.486833 -108.434949 4.314555 -11.309932 
35.000000 147.000000 84.258439 2.000000 11.000000 13.952000 0.950868 0.392857 7.937729 2.457496 -63.727535 0.733333 0.473081 7.615773 -113.198591 3.086975 -30.963757 
35.000000 152.000000 37.853541 1.000000 19.000000 20.808000 0.931982 0.339286 10.307529 3.736533 47.534931 0.678571 0.416262 9.433981 122.005383 4.600000 36.869898 
14.000000 151.000000 67.441176 1.000000 14.000000 11.529000 0.484123 0.560000 4.758094 4.163332 -26.565051 1.000000 0.817415 5.385165 -158.198591 4.242641 -45.000000 
60.000000 152.000000 57.576804 1.000000 6.000000 5.905000 0.632456 0.666667 3.333333 2.581989 -45.000000 1.000000 0.921279 3.605551 -146.309932 2.828427 -45.000000 
12.000000 153.000000 96.433902 2.000000 9.000000 8.626000 0.503953 0.562500 3.944053 3.406602 -26.565051 0.900000 0.816727 4.472136 -153.434949 3.535534 -45.000000 
16.000000 153.000000 72.549777 10.000000 9.000000 8.626000 0.503953 0.562500 3.944053 3.406602 26.565051 0.900000 0.816727 4.472136 153.434949 3.535534 45.000000 
44.000000 154.000000 40.634851 11.000000 6.000000 5.516000 0.745356 1.000000 3.464102 2.309401 90.000000 1.000000 1.000000 3.605551 123.690068 2.000000 0.000000 
55.000000 153.000000 80.409610 1.000000 27.000000 20.684000 0.919933 0.675000 9.783494 3.835879 -88.555618 0.900000 0.597704 10.198039 -101.309932 4.000000 0.000000 
6.000000 155.000000 43.376267 1.000000 9.000000 11.901000 0.912071 0.450000 6.202448 2.543210 30.610097 0.818182 0.499812 6.403124 141.340192 3.050851 -123.690068 
9.000000 156.000000 86.083130 1.000000 22.000000 15.846000 0.817366 0.523810 7.351822 4.235527 47.547351 0.916667 0.766819 7.615773 113.198591 4.800000 -143.130102 
15.000000 156.000000 166.945976 1.000000 9.000000 8.055000 0.834966 0.750000 4.760952 2.619961 -63.434949 0.900000 0.902154 5.000000 -126.869898 3.000000 0.000000 
23.000000 156.000000 120.065183 1.000000 63.000000 29.293000 0.868127 0.750000 13.125178 6.514575 84.470288 0.913043 0.752547 13.000000 112.619865 7.000000 0.000000 
31.000000 155.000000 63.606860 1.000000 16.000000 12.182000 0.807443 0.640000 6.069905 3.580911 -46.192972 0.888889 0.856266 6.403124 -141.340192 4.242641 -45.000000 
49.000000 155.000000 74.227950 1.000000 20.000000 15.060000 0.908995 0.833333 7.933053 3.306559 90.000000 1.000000 0.758614 8.062258 97.125016 3.000000 0.000000 
44.000000 157.000000 41.529599 2.000000 4.000000 5.880000 0.968246 1.000000 4.618802 1.154701 90.000000 1.000000 0.617595 4.123106 104.036243 1.000000 0.000000 
35.000000 156.000000 32.989845 2.000000 8.000000 7.683000 0.856680 0.666667 4.653433 2.400464 54.645023 1.000000 0.857979 5.000000 126.869898 2.828427 45.000000 
49.000000 159.000000 58.107240 1.000000 21.000000 21.362000 0.867389 0.428571 8.412254 4.186195 60.870255 0.724138 0.439511 9.219544 139.398705 4.472136 26.565051 
29.000000 159.000000 82.536924 1.000000 16.000000 18.360000 0.729245 0.457143 6.735315 4.608655 -65.872241 0.800000 0.434899 7.280110 -105.945396 5.000000 0.000000 
42.000000 161.000000 51.908932 1.000000 9.000000 12.554000 0.895630 0.500000 6.813276 3.030545 81.359251 0.692308 0.459089 6.324555 108.434949 3.000000 0.000000 
6.000000 162.000000 65.605817 4.000000 18.000000 21.453000 0.894136 0.450000 9.265396 4.148996 -19.535931 0.666667 0.373941 8.544004 -159.443955 4.472136 -63.434949 
43.000000 166.000000 66.211285 1.000000 42.000000 24.927000 0.919134 0.466667 12.056189 4.749486 41.657444 0.954545 0.669912 12.041595 131.633539 4.949747 45.000000 
21.000000 166.000000 74.709218 1.000000 24.000000 19.749000 0.476512 0.666667 6.711524 5.900556 -29.558151 0.827586 0.575582 7.211103 -146.309932 6.000000 -90.000000 
26.000000 166.000000 43.422041 1.000000 13.000000 15.937000 0.749664 0.433333 6.159006 4.076146 38.845992 0.722222 0.448808 6.403124 128.659808 4.600000 -126.869898 
10.000000 166.000000 149.429427 1.000000 25.000000 15.548000 0.747915 0.694444 7.109225 4.719067 44.273579 0.961538 0.899394 7.810250 140.194429 4.949747 45.000000 
16.000000 167.000000 144.071662 1.000000 26.000000 16.383000 0.628537 0.722222 6.838051 5.318498 -61.804312 0.928571 0.857076 7.810250 -129.805571 6.000000 -90.000000 
5.000000 168.000000 92.681197 1.000000 13.000000 10.197000 0.683582 0.812500 4.971715 3.628726 -45.000000 1.000000 0.918191 5.656854 -135.000000 4.000000 -90.000000 
12.000000 169.000000 59.224785 1.000000 8.000000 8.626000 0.608639 0.500000 4.026281 3.194641 43.807028 0.800000 0.725980 4.472136 116.565051 3.535534 45.000000 
36.000000 170.000000 57.579716 1.000000 8.000000 8.998000 0.904964 0.533333 5.339096 2.271721 68.367852 0.888889 0.682168 5.385165 111.801409 2.683282 26.565051 
43.000000 172.000000 35.776945 1.000000 8.000000 10.867000 0.850953 0.533333 5.433425 2.853867 -5.392149 0.727273 0.512284 5.385165 -158.198591 3.000000 -90.000000 
23.000000 171.000000 43.989458 1.000000 4.000000 5.053000 0.866025 0.666667 3.651484 1.825742 71.565051 0.800000 0.748540 3.605551 123.690068 2.000000 0.000000 
42.000000 176.000000 47.232912 1.000000 31.000000 36.563000 0.901823 0.402597 13.555961 5.857604 -17.248673 0.607843 0.247110 12.529964 -151.389540 7.000000 -90.000000 
6.000000 175.000000 26.611073 3.000000 3.000000 5.624000 0.769800 0.500000 3.464102 2.211083 0.000000 0.750000 0.490646 3.162278 161.565051 2.000000 -90.000000 
9.000000 177.000000 44.403583 1.000000 14.000000 18.178000 0.943127 0.518519 9.538326 3.170860 -88.033372 0.666667 0.387062 9.219544 -102.528808 3.000000 0.000000 
20.000000 177.000000 107.608545 1.000000 19.000000 16.863000 0.900134 0.593750 8.238933 3.588988 82.097067 0.863636 0.596629 8.246211 104.036243 4.000000 0.000000 
5.000000 178.000000 53.035871 1.000000 5.000000 4.962000 0.765092 0.833333 3.306559 2.129163 -71.565051 1.000000 0.956808 3.605551 -123.690068 2.000000 0.000000 
16.000000 179.000000 118.826505 2.000000 11.000000 10.404000 0.680888 0.550000 4.804174 3.518517 64.993443 0.846154 0.753367 5.099020 101.309932 3.882901 -146.309932 
8.000000 183.000000 117.048146 1.000000 41.000000 32.022000 0.945284 0.338843 15.108852 4.929263 58.174917 0.672131 0.416684 14.866069 132.273689 6.314818 -142.125016 
26.000000 181.000000 72.040931 2.000000 8.000000 7.476000 0.866025 1.000000 4.618802 2.309401 90.000000 1.000000 0.891759 4.472136 116.565051 2.000000 0.000000 
15.000000 185.000000 168.979594 1.000000 59.000000 41.690000 0.985961 0.310526 22.301201 3.723790 65.934292 0.830986 0.368887 20.615528 112.833654 4.464419 -156.801409 
26.000000 184.000000 38.123116 6.000000 3.000000 3.920000 0.942809 1.000000 3.464102 1.154701 90.000000 1.000000 0.756007 3.162278 108.434949 1.000000 0.000000 
53.000000 184.000000 58.793379 1.000000 8.000000 8.907000 0.897150 0.500000 5.228129 2.309401 -45.000000 0.888889 0.692512 5.656854 -135.000000 2.828427 -45.000000 
29.000000 187.000000 52.692418 1.000000 14.000000 11.512000 0.596425 0.700000 5.084220 4.080944 -3.057752 0.933333 0.819313 5.830952 -149.036243 4.000000 -90.000000 
48.000000 185.000000 70.564667 1.000000 13.000000 17.624000 0.883443 0.433333 7.456377 3.493595 -32.891827 0.722222 0.378848 7.211103 -146.309932 3.944467 -59.036243 
45.000000 185.000000 55.515523 4.000000 3.000000 3.093000 0.730297 0.750000 2.581989 1.763834 45.000000 1.000000 0.969873 2.828427 135.000000 2.000000 -90.000000 
22.000000 191.000000 109.829941 1.000000 62.000000 33.362000 0.940466 0.492063 16.226650 5.515219 67.189354 0.837838 0.584696 14.866069 109.653824 6.313641 -158.198591 
59.000000 189.000000 55.702628 1.000000 20.000000 14.994000 0.867156 0.555556 7.514110 3.742301 -46.485115 0.952381 0.764146 7.810250 -140.194429 4.242641 -45.000000 
34.000000 191.000000 86.968041 1.000000 22.000000 15.548000 0.875644 0.628571 7.832556 3.782787 60.012283 0.916667 0.791467 8.062258 119.744881 4.437602 33.690068 
5.000000 192.000000 52.783895 4.000000 16.000000 13.588000 0.888742 0.571429 7.062141 3.237334 -20.409106 0.888889 0.718388 7.280110 -164.054604 3.794733 -71.565051 
12.000000 194.000000 50.894261 1.000000 15.000000 15.548000 0.911653 0.535714 7.750876 3.185302 68.769840 0.750000 0.539637 7.615773 113.198591 3.713907 21.801409 
23.000000 198.000000 160.998501 1.000000 71.000000 56.213000 0.903042 0.364103 19.283490 8.283269 40.649215 0.596639 0.253256 18.439089 139.398705 9.899495 45.000000 
36.000000 196.000000 31.398110 1.000000 4.000000 4.408000 0.870424 0.666667 3.435909 1.691507 -58.282526 1.000000 0.881907 3.605551 -123.690068 2.000000 0.000000 
9.000000 197.000000 65.785967 8.000000 9.000000 9.461000 0.894762 0.562500 5.586501 2.494614 -54.217474 0.818182 0.712086 5.656854 -135.000000 3.050851 -33.690068 
15.000000 196.000000 63.113469 3.000000 9.000000 10.313000 0.899193 0.450000 5.949468 2.603205 48.170096 0.818182 0.624757 5.830952 120.963757 3.328201 -146.309932 
31.000000 200.000000 61.616050 1.000000 27.000000 23.620000 0.955756 0.385714 11.433463 3.363271 53.188233 0.870968 0.473751 12.206556 124.992020 4.160251 33.690068 
38.000000 198.000000 40.984036 10.000000 12.000000 10.404000 0.751299 0.600000 5.129903 3.385540 -64.463772 0.923077 0.821855 5.385165 -111.801409 3.882901 146.309932 
42.000000 200.000000 73.311453 3.000000 14.000000 11.992000 0.710602 0.560000 5.398086 3.798064 58.709014 0.933333 0.768164 5.830952 120.963757 4.242641 45.000000 
15.000000 202.000000 60.018614 1.000000 26.000000 23.413000 0.891334 0.412698 10.325839 4.681190 -40.660999 0.684211 0.463344 10.000000 -143.130102 5.824352 123.690068 
6.000000 205.000000 38.336953 1.000000 17.000000 21.180000 0.971759 0.425000 11.478052 2.708546 13.784269 0.680000 0.361139 10.770330 158.198591 3.530090 78.690068 
31.000000 203.000000 48.688847 2.000000 13.000000 14.142000 0.955101 0.464286 8.101757 2.400401 61.367613 0.866667 0.546871 8.062258 119.744881 3.050851 33.690068 
41.000000 205.000000 94.567071 1.000000 35.000000 23.297000 0.833796 0.546875 9.899600 5.465299 -28.151920 0.853659 0.629218 10.630146 -138.814075 6.516946 -59.036243 
46.000000 204.000000 74.472269 2.000000 2.000000 1.960000 0.866025 1.000000 2.309401 1.154701 0.000000 1.000000 0.965669 2.236068 153.434949 1.000000 -90.000000 
50.000000 203.000000 60.747454 1.000000 8.000000 8.146000 0.684830 0.666667 4.134143 3.012562 1.788167 0.888889 0.789037 4.472136 -153.434949 3.000000 -90.000000 
53.000000 207.000000 62.361866 1.000000 22.000000 21.544000 0.773224 0.523810 8.309576 5.269381 -18.398244 0.709677 0.453676 8.062258 -150.255119 5.942251 111.801409 
58.000000 210.000000 52.137897 1.000000 37.000000 33.718000 0.817656 0.480519 12.491558 7.191487 -3.267918 0.596774 0.342224 12.529964 -151.389540 7.000000 -90.000000 
9.000000 212.000000 54.411529 1.000000 32.000000 38.101000 0.979717 0.193939 20.693161 4.146578 40.042885 0.507937 0.236411 18.601075 143.746162 5.060599 -127.568592 
19.000000 208.000000 65.873469 1.000000 27.000000 40.938000 0.690240 0.337500 10.896032 7.884154 89.132821 0.473684 0.174622 11.180340 116.565051 8.000000 0.000000 
31.000000 210.000000 96.219205 1.000000 57.000000 43.684000 0.940803 0.339286 17.520794 5.938738 -59.592157 0.655172 0.326677 16.124515 -119.744881 7.917962 -40.601295 
41.000000 211.000000 76.178967 1.000000 26.000000 27.730000 0.863888 0.520000 10.073167 5.073692 76.525263 0.702703 0.342819 10.440307 106.699244 5.000000 0.000000 
13.000000 215.000000 88.030318 5.000000 33.000000 23.760000 0.950703 0.687500 12.220255 3.789526 7.986405 0.891892 0.573017 12.369317 165.963757 4.000000 -90.000000 
22.000000 216.000000 95.251169 1.000000 52.000000 28.929000 0.899892 0.722222 13.023794 5.679832 7.888957 0.866667 0.635330 12.649111 161.565051 6.000000 -90.000000 
40.000000 215.000000 82.031414 5.000000 14.000000 14.622000 0.835741 0.500000 6.543469 3.593174 79.941637 0.823529 0.557540 7.280110 105.945396 4.000000 0.000000 
51.000000 215.000000 169.595046 1.000000 55.000000 42.443000 0.899106 0.561224 14.759007 6.460461 -83.890719 0.687500 0.332611 14.560220 -105.945396 7.000000 0.000000 
42.000000 219.000000 101.843088 1.000000 28.000000 23.992000 0.722976 0.583333 8.714772 6.020799 7.936284 0.756757 0.477918 8.544004 159.443955 6.000000 -90.000000 
26.000000 221.000000 53.465455 1.000000 11.000000 15.457000 0.934038 0.366667 8.417312 3.006436 53.713572 0.687500 0.399616 7.810250 129.805571 3.535534 45.000000 
29.000000 223.000000 46.252420 3.000000 11.000000 18.468000 0.979115 0.229167 10.054818 2.044231 53.080073 0.785714 0.296012 10.000000 126.869898 2.773501 33.690068 
47.000000 220.000000 181.504809 1.000000 31.000000 20.700000 0.706964 0.645833 8.465996 5.987572 -11.172686 0.794872 0.685332 8.602325 -144.462322 6.000000 -90.000000 
10.000000 220.000000 36.992709 1.000000 4.000000 6.550000 0.946293 0.500000 4.820546 1.558527 72.391204 0.800000 0.535155 4.472136 116.565051 1.897367 -161.565051 
13.000000 225.000000 65.463699 1.000000 29.000000 20.899000 0.831622 0.517857 8.758911 4.864196 -28.633621 0.878788 0.630547 8.944272 -153.434949 5.600000 -53.130102 
20.000000 223.000000 69.305021 2.000000 10.000000 14.051000 0.892578 0.333333 7.170353 3.233065 48.590268 0.666667 0.425135 7.211103 123.690068 4.000000 -143.130102 
53.000000 223.000000 177.324944 1.000000 3.000000 3.093000 0.730297 0.750000 2.581989 1.763834 45.000000 1.000000 0.969873 2.828427 135.000000 2.000000 -90.000000 
42.000000 224.000000 48.886733 1.000000 9.000000 12.364000 0.891107 0.500000 6.077570 2.757962 87.682268 0.692308 0.470409 6.324555 108.434949 3.000000 0.000000 
60.000000 221.000000 169.805864 1.000000 9.000000 8.791000 0.822473 0.750000 4.848301 2.757733 -76.717474 0.900000 0.794297 5.000000 -126.869898 3.000000 0.000000 
57.000000 225.000000 165.181859 1.000000 18.000000 12.645000 0.376562 0.720000 5.173160 4.792370 80.900417 1.000000 0.907623 5.830952 120.963757 5.000000 -90.000000 
22.000000 226.000000 72.109149 1.000000 15.000000 13.679000 0.534827 0.600000 5.270401 4.453286 -67.862612 0.833333 0.666221 5.830952 120.963757 5.000000 -90.000000 
9.000000 227.000000 23.154169 4.000000 1.000000 0.000000 0.000000 1.000000 1.154701 1.154701 0.000000 1.000000 1.000000 1.414214 135.000000 1.000000 -90.000000 
48.000000 228.000000 51.060260 1.000000 21.000000 26.804000 0.896019 0.350000 11.449447 5.083739 11.656352 0.512195 0.294282 10.198039 168.690068 6.000000 -90.000000 
60.000000 228.000000 104.929467 1.000000 6.000000 5.516000 0.745356 1.000000 3.464102 2.309401 90.000000 1.000000 1.000000 3.605551 123.690068 2.000000 0.000000 
16.000000 229.000000 57.528803 4.000000 8.000000 10.032000 0.814166 0.533333 4.847220 2.814449 9.362894 0.800000 0.579284 5.385165 158.198591 3.000000 -90.000000 
36.000000 232.000000 96.120290 1.000000 76.000000 63.027000 0.992989 0.238245 32.966228 3.896838 -69.199515 0.655172 0.218132 30.364453 -107.241459 5.671307 162.474432 
56.000000 229.000000 60.257008 1.000000 7.000000 12.248000 0.983251 0.500000 8.265333 1.506423 -77.731136 0.777778 0.371410 7.280110 -105.945396 1.940285 -14.036243 
13.000000 232.000000 36.666444 1.000000 8.000000 8.328000 0.894059 0.800000 5.033223 2.254625 90.000000 1.000000 0.764194 5.099020 101.309932 2.000000 0.000000 
20.000000 234.000000 50.731479 7.000000 17.000000 20.155000 0.978260 0.265625 11.625482 2.410893 -42.322851 0.772727 0.393617 10.630146 -138.814075 3.200922 -50.194429 
51.000000 231.000000 27.587044 2.000000 1.000000 0.000000 0.000000 1.000000 1.154701 1.154701 0.000000 1.000000 1.000000 1.414214 135.000000 1.000000 -90.000000 
10.000000 233.000000 32.723355 1.000000 4.000000 5.880000 0.968246 1.000000 4.618802 1.154701 90.000000 1.000000 0.617595 4.123106 104.036243 1.000000 0.000000 
30.000000 235.000000 40.421580 4.000000 16.000000 21.089000 0.984325 0.266667 12.237582 2.158296 -57.266912 0.761905 0.342454 11.661904 -120.963757 3.000000 -36.869898 
11.000000 235.000000 25.314065 7.000000 2.000000 1.960000 0.866025 1.000000 2.309401 1.154701 0.000000 1.000000 0.965669 2.236068 153.434949 1.000000 -90.000000 
