256
32.000000 115.000000 15.973304 1.000000 10759.000000 591.556000 0.962829 0.700456 283.092182 76.466251 0.480275 0.700456 0.382287 248.386795 165.068583 64.000000 -90.000000 
29.000000 5.000000 83.084258 1.000000 27.000000 30.682000 0.977661 0.385714 16.098351 3.383697 -80.758445 0.551020 0.296575 14.317821 -102.094757 4.608177 165.963757 
42.000000 6.000000 92.221939 1.000000 53.000000 40.325000 0.982258 0.464912 20.559392 3.855638 78.116258 0.746479 0.352513 19.924859 107.525568 5.070002 5.194429 
10.000000 8.000000 70.636616 1.000000 25.000000 27.498000 0.988358 0.446429 15.741988 2.395097 79.670917 0.735294 0.334645 14.560220 105.945396 2.959182 -170.537678 
52.000000 11.000000 39.869512 2.000000 1.000000 0.000000 0.000000 1.000000 1.154701 1.154701 0.000000 1.000000 1.000000 1.414214 135.000000 1.000000 -90.000000 
9.000000 14.000000 45.597140 3.000000 5.000000 5.814000 0.743786 0.555556 3.529850 2.359413 34.099295 0.833333 0.783414 3.605551 123.690068 2.683282 -116.565051 
20.000000 15.000000 59.293378 1.000000 12.000000 11.719000 0.893943 0.480000 6.373289 2.856390 45.882703 0.857143 0.682840 6.403124 128.659808 3.535534 -135.000000 
31.000000 14.000000 47.073842 1.000000 10.000000 12.736000 0.970693 0.476190 8.108597 1.948671 72.867676 0.833333 0.498472 7.615773 113.198591 2.425356 14.036243 
7.000000 16.000000 55.593733 1.000000 7.000000 6.922000 0.856222 0.875000 4.312826 2.228038 81.650378 1.000000 0.868564 4.472136 116.565051 2.000000 0.000000 
57.000000 18.000000 47.551510 6.000000 10.000000 12.736000 0.967318 0.476190 7.770728 1.970395 -19.684659 0.833333 0.498472 7.615773 -156.801409 2.529822 -71.565051 
14.000000 18.000000 69.945571 1.000000 27.000000 21.180000 0.927370 0.675000 10.552179 3.948044 -86.259951 0.818182 0.573574 10.198039 -101.309932 4.000000 0.000000 
20.000000 19.000000 42.339361 3.000000 6.000000 8.510000 0.942928 0.600000 5.514176 1.836202 -85.268839 0.857143 0.555380 5.099020 101.309932 2.000000 0.000000 
38.000000 20.000000 54.456553 1.000000 11.000000 18.128000 0.989070 0.550000 11.251320 1.658960 -82.195372 0.733333 0.305551 10.198039 -101.309932 2.000000 0.000000 
50.000000 20.000000 47.651404 1.000000 6.000000 6.368000 0.877058 0.750000 4.163332 2.000000 71.565051 1.000000 0.833753 4.472136 116.565051 2.000000 0.000000 
25.000000 20.000000 50.944232 1.000000 16.000000 13.381000 0.899535 0.761905 7.181528 3.137247 -83.772825 1.000000 0.736501 7.280110 -105.945396 3.000000 0.000000 
45.000000 21.000000 63.604277 1.000000 16.000000 14.233000 0.913493 0.761905 7.573603 3.081348 85.643983 0.888889 0.666040 7.280110 105.945396 3.000000 0.000000 
9.000000 24.000000 90.586107 1.000000 26.000000 23.206000 0.969091 0.541667 12.400826 3.059338 76.742670 0.838710 0.470654 12.369317 104.036243 3.794733 18.434949 
48.000000 23.000000 43.803787 1.000000 3.000000 3.093000 0.730297 0.750000 2.581989 1.763834 -45.000000 1.000000 0.969873 2.828427 -135.000000 2.000000 -90.000000 
15.000000 28.000000 61.178095 1.000000 9.000000 8.816000 0.674374 0.562500 4.371626 3.227964 45.000000 0.900000 0.790979 4.472136 116.565051 3.535534 45.000000 
52.000000 28.000000 51.851274 1.000000 14.000000 19.104000 0.984740 0.350000 11.268718 1.961102 71.352342 0.736842 0.355508 10.770330 111.801409 2.529822 18.434949 
27.000000 28.000000 46.880583 2.000000 3.000000 4.590000 0.928995 0.500000 3.854129 1.426385 61.845034 0.750000 0.630657 3.605551 123.690068 1.788854 -153.434949 
34.000000 29.000000 47.788171 1.000000 5.000000 8.998000 0.925803 0.500000 5.804515 2.194146 -83.597867 0.714286 0.426355 5.099020 101.309932 2.000000 0.000000 
58.000000 31.000000 43.148566 7.000000 5.000000 6.368000 0.923687 0.625000 4.492622 1.721341 -20.993606 1.000000 0.694794 4.472136 -153.434949 2.000000 -90.000000 
10.000000 30.000000 98.225638 1.000000 18.000000 16.102000 0.922210 0.562500 8.298398 3.208906 74.240559 1.000000 0.610816 8.544004 110.556045 4.000000 0.000000 
18.000000 30.000000 62.017113 8.000000 6.000000 8.626000 0.952745 0.375000 5.705418 1.733136 -41.544386 1.000000 0.544485 5.656854 -135.000000 2.121320 -45.000000 
17.000000 33.000000 64.346367 1.000000 10.000000 14.324000 0.961583 0.357143 8.456787 2.321512 -68.676648 0.666667 0.411949 8.062258 -119.744881 2.846050 -18.434949 
36.000000 34.000000 47.414397 2.000000 10.000000 19.104000 0.992369 0.250000 12.214681 1.506068 70.816257 0.666667 0.253935 10.770330 111.801409 1.897367 18.434949 
61.000000 33.000000 58.096821 5.000000 4.000000 4.590000 0.731925 0.666667 3.055050 2.081666 0.000000 1.000000 0.840876 3.162278 161.565051 2.000000 -90.000000 
25.000000 35.000000 77.802296 1.000000 21.000000 21.618000 0.977688 0.477273 12.628354 2.652762 -74.801107 0.750000 0.430469 11.401754 -105.255119 3.296654 -15.945396 
44.000000 35.000000 46.420616 1.000000 6.000000 8.328000 0.953154 0.600000 5.526219 1.671596 72.391204 0.857143 0.573146 5.385165 111.801409 2.000000 0.000000 
8.000000 36.000000 86.716529 1.000000 22.000000 17.028000 0.896619 0.687500 8.621988 3.817843 -81.509219 0.880000 0.679576 8.246211 104.036243 4.000000 0.000000 
58.000000 37.000000 118.558356 1.000000 34.000000 20.436000 0.709442 0.531250 8.212171 5.787642 49.362423 0.918919 0.768581 8.544004 110.556045 6.246950 38.659808 
13.000000 36.000000 59.427977 2.000000 10.000000 12.364000 0.875696 0.555556 5.991415 2.893028 -89.333890 0.833333 0.522677 6.324555 108.434949 3.000000 0.000000 
30.000000 37.000000 53.510795 8.000000 3.000000 3.093000 0.730297 0.750000 2.581989 1.763834 -45.000000 1.000000 0.969873 2.828427 -135.000000 2.000000 -90.000000 
13.000000 40.000000 54.294215 10.000000 5.000000 7.220000 0.948099 0.416667 5.066665 1.611077 -54.720017 1.000000 0.585230 5.000000 -126.869898 2.121320 -45.000000 
52.000000 45.000000 185.663578 1.000000 68.000000 35.612000 0.940635 0.404762 16.834436 5.713934 32.986925 0.839506 0.568977 16.124515 150.255119 6.379052 56.309932 
25.000000 42.000000 90.611144 1.000000 26.000000 23.876000 0.957492 0.541667 12.091085 3.487785 -79.864085 0.838710 0.447600 12.369317 -104.036243 4.000000 0.000000 
18.000000 43.000000 123.032555 1.000000 18.000000 13.952000 0.836507 0.642857 6.702942 3.672917 86.934259 0.947368 0.774133 7.071068 98.130102 4.000000 0.000000 
10.000000 45.000000 94.324601 1.000000 32.000000 24.711000 0.951879 0.666667 13.101105 4.015153 -88.773477 0.780488 0.518357 12.165525 99.462322 4.000000 0.000000 
44.000000 44.000000 50.045746 1.000000 5.000000 7.013000 0.931488 0.625000 4.881890 1.775899 -79.099295 0.833333 0.609333 4.472136 -116.565051 2.000000 0.000000 
23.000000 46.000000 50.735500 2.000000 12.000000 14.812000 0.962488 0.342857 8.938460 2.425225 -60.747402 0.666667 0.467830 8.062258 -119.744881 3.130495 153.434949 
29.000000 50.000000 51.090831 1.000000 10.000000 10.842000 0.940913 0.833333 6.448130 2.183642 -83.978712 1.000000 0.642647 6.324555 -108.434949 2.000000 0.000000 
6.000000 50.000000 82.116469 1.000000 6.000000 8.510000 0.942928 0.600000 5.514176 1.836202 -85.268839 0.857143 0.555380 5.099020 101.309932 2.000000 0.000000 
13.000000 52.000000 83.490809 1.000000 27.000000 24.521000 0.964484 0.562500 12.583140 3.323749 -84.510801 0.729730 0.443392 12.165525 -99.462322 3.880645 -5.710593 
7.000000 52.000000 52.567546 2.000000 3.000000 3.920000 0.942809 1.000000 3.464102 1.154701 90.000000 1.000000 0.756007 3.162278 108.434949 1.000000 0.000000 
44.000000 53.000000 85.620450 1.000000 14.000000 13.770000 0.827819 0.560000 6.212907 3.485410 44.557938 0.823529 0.615133 6.403124 128.659808 4.160251 33.690068 
22.000000 55.000000 39.111491 2.000000 1.000000 0.000000 0.000000 1.000000 1.154701 1.154701 0.000000 1.000000 1.000000 1.414214 135.000000 1.000000 -90.000000 
49.000000 58.000000 145.369486 1.000000 52.000000 44.055000 0.926832 0.666667 16.574129 6.223200 4.405086 0.693333 0.293354 14.317821 155.224859 6.000000 -90.000000 
59.000000 57.000000 51.546544 2.000000 5.000000 6.368000 0.923687 0.625000 4.492622 1.721341 20.993606 1.000000 0.694794 4.472136 153.434949 2.000000 -90.000000 
20.000000 56.000000 42.725180 2.000000 1.000000 0.000000 0.000000 1.000000 1.154701 1.154701 0.000000 1.000000 1.000000 1.414214 135.000000 1.000000 -90.000000 
10.000000 58.000000 56.058577 1.000000 15.000000 18.550000 0.951387 0.555556 10.173372 3.133378 88.694769 0.714286 0.400607 9.219544 102.528808 3.000000 0.000000 
56.000000 57.000000 42.185568 2.000000 1.000000 0.000000 0.000000 1.000000 1.154701 1.154701 0.000000 1.000000 1.000000 1.414214 135.000000 1.000000 -90.000000 
44.000000 59.000000 100.937571 1.000000 16.000000 19.956000 0.894440 0.500000 8.914223 3.986326 -7.872112 0.666667 0.376874 8.544004 -159.443955 4.000000 -90.000000 
27.000000 60.000000 57.393797 1.000000 16.000000 16.780000 0.974355 0.400000 10.263203 2.309401 63.434949 0.842105 0.506619 9.433981 122.005383 2.683282 26.565051 
58.000000 60.000000 82.335152 1.000000 10.000000 15.366000 0.981051 0.312500 9.430189 1.827072 68.560548 0.666667 0.366868 8.944272 116.565051 2.414039 21.801409 
39.000000 62.000000 61.855137 1.000000 30.000000 27.060000 0.945799 0.461538 13.341389 4.332642 -88.278076 0.681818 0.413306 13.152946 -98.746162 4.816638 175.236358 
10.000000 62.000000 53.854691 1.000000 19.000000 17.690000 0.939078 0.703704 8.926392 3.068026 88.119406 0.904762 0.550197 9.219544 102.528808 3.000000 0.000000 
58.000000 67.000000 59.506007 2.000000 10.000000 14.440000 0.978960 0.285714 8.839306 1.803700 56.309932 0.909091 0.406531 8.602325 125.537678 2.496151 -146.309932 
26.000000 68.000000 71.986916 1.000000 11.000000 14.696000 0.977186 0.458333 8.999811 1.911424 73.997308 0.733333 0.434440 8.544004 110.556045 2.425356 -165.963757 
52.000000 75.000000 224.268595 1.000000 113.000000 57.230000 0.977641 0.316527 28.459563 5.984505 -29.590346 0.758389 0.389604 27.018512 -141.009006 7.378898 -59.931417 
7.000000 71.000000 52.908770 1.000000 4.000000 7.402000 0.899903 0.500000 4.643862 2.025144 -83.379740 0.666667 0.452160 4.123106 104.036243 2.000000 0.000000 
15.000000 72.000000 81.111383 1.000000 16.000000 16.656000 0.960910 0.592593 9.148182 2.532773 77.971703 0.842105 0.512985 9.219544 102.528808 3.000000 0.000000 
40.000000 72.000000 43.143632 5.000000 1.000000 0.000000 0.000000 1.000000 1.154701 1.154701 0.000000 1.000000 1.000000 1.414214 135.000000 1.000000 -90.000000 
6.000000 73.000000 78.420793 1.000000 6.000000 6.922000 0.894483 0.750000 4.513541 2.018017 -77.066822 0.857143 0.744483 4.472136 -116.565051 2.000000 0.000000 
9.000000 73.000000 81.447409 1.000000 12.000000 9.734000 0.571052 0.750000 4.514225 3.705791 34.721977 1.000000 0.909613 5.000000 126.869898 4.000000 -90.000000 
34.000000 74.000000 41.400182 9.000000 4.000000 4.408000 0.870424 0.666667 3.435909 1.691507 -58.282526 1.000000 0.881907 3.605551 -123.690068 2.000000 0.000000 
14.000000 75.000000 55.567747 1.000000 15.000000 18.178000 0.951352 0.555556 9.742606 3.001751 84.270624 0.681818 0.414709 9.219544 102.528808 3.000000 0.000000 
24.000000 75.000000 61.240679 1.000000 12.000000 12.066000 0.931581 0.666667 7.005038 2.546565 80.877073 0.857143 0.652034 6.708204 116.565051 2.941742 11.309932 
28.000000 76.000000 52.035883 1.000000 7.000000 8.998000 0.928683 0.466667 5.674257 2.104437 -69.407037 0.875000 0.596897 5.385165 -111.801409 2.529822 161.565051 
8.000000 79.000000 98.528817 1.000000 19.000000 17.235000 0.945918 0.475000 9.220684 2.991252 -71.645166 0.826087 0.575043 8.944272 -116.565051 3.478505 -18.434949 
16.000000 81.000000 102.551409 1.000000 35.000000 27.614000 0.968158 0.538462 14.507664 3.631840 80.080718 0.795455 0.464975 13.601471 107.102729 4.378164 5.710593 
34.000000 83.000000 66.408317 1.000000 21.000000 22.536000 0.980986 0.583333 12.673118 2.459608 -81.186589 0.807692 0.400240 12.165525 -99.462322 2.959182 -9.462322 
8.000000 83.000000 81.950035 1.000000 12.000000 13.100000 0.928198 0.571429 7.089662 2.637974 88.234758 0.800000 0.571655 7.071068 98.130102 3.000000 0.000000 
12.000000 85.000000 61.045095 10.000000 6.000000 7.220000 0.869227 0.500000 4.472136 2.211083 -59.036243 0.857143 0.702276 4.472136 -116.565051 2.683282 153.434949 
39.000000 84.000000 45.115838 1.000000 3.000000 4.590000 0.928995 0.500000 3.854129 1.426385 28.154966 0.750000 0.630657 3.605551 146.309932 1.788854 -116.565051 
49.000000 86.000000 41.656649 7.000000 1.000000 0.000000 0.000000 1.000000 1.154701 1.154701 0.000000 1.000000 1.000000 1.414214 135.000000 1.000000 -90.000000 
56.000000 87.000000 72.339232 5.000000 12.000000 14.878000 0.666063 0.480000 5.591918 4.170985 62.608796 0.750000 0.464410 6.403124 128.659808 4.919350 -153.434949 
31.000000 90.000000 56.525702 1.000000 21.000000 27.730000 0.959177 0.323077 14.588929 4.125840 82.515828 0.525000 0.276892 13.341664 102.994617 4.438773 -170.537678 
44.000000 91.000000 58.616299 1.000000 22.000000 25.861000 0.983771 0.305556 13.841009 2.483450 -68.674177 0.733333 0.328669 13.416408 -116.565051 3.162278 -18.434949 
7.000000 90.000000 47.599828 1.000000 5.000000 9.362000 0.945834 0.500000 5.803201 1.884018 -83.867613 0.714286 0.401893 5.099020 101.309932 2.000000 0.000000 
56.000000 92.000000 41.523840 7.000000 2.000000 1.960000 0.866025 1.000000 2.309401 1.154701 0.000000 1.000000 0.965669 2.236068 153.434949 1.000000 -90.000000 
60.000000 90.000000 65.016205 2.000000 22.000000 19.956000 0.929264 0.611111 9.805914 3.622471 12.430586 0.785714 0.518202 9.219544 167.471192 4.000000 -90.000000 
12.000000 92.000000 89.436744 1.000000 29.000000 20.485000 0.935498 0.725000 10.661197 3.766943 83.736785 0.878788 0.652838 10.440307 106.699244 4.000000 0.000000 
7.000000 94.000000 52.176002 1.000000 2.000000 2.812000 0.925820 0.500000 3.055050 1.154701 45.000000 1.000000 0.709058 2.828427 135.000000 1.414214 45.000000 
24.000000 94.000000 49.559752 3.000000 2.000000 2.812000 0.925820 0.500000 3.055050 1.154701 45.000000 1.000000 0.709058 2.828427 135.000000 1.414214 45.000000 
29.000000 95.000000 54.314652 10.000000 8.000000 10.288000 0.955077 0.666667 6.262737 1.856014 -76.717474 0.888889 0.557409 6.324555 -108.434949 2.000000 0.000000 
52.000000 95.000000 52.353994 1.000000 4.000000 5.905000 0.791649 0.666667 3.586706 2.191393 -75.127559 0.800000 0.614186 3.605551 -123.690068 2.000000 0.000000 
36.000000 96.000000 41.112502 3.000000 1.000000 0.000000 0.000000 1.000000 1.154701 1.154701 0.000000 1.000000 1.000000 1.414214 135.000000 1.000000 -90.000000 
38.000000 98.000000 43.348254 6.000000 4.000000 6.368000 0.958153 0.500000 4.964579 1.421135 22.500000 0.800000 0.555835 4.472136 153.434949 1.788854 63.434949 
58.000000 102.000000 58.289101 1.000000 61.000000 41.640000 0.975030 0.610000 20.753886 4.608847 -0.984502 0.813333 0.382244 20.099751 174.289407 5.000000 -90.000000 
7.000000 98.000000 54.495384 10.000000 3.000000 4.590000 0.928995 0.500000 3.854129 1.426385 -61.845034 1.000000 0.630657 3.605551 -123.690068 1.788854 -26.565051 
44.000000 97.000000 39.507145 6.000000 1.000000 0.000000 0.000000 1.000000 1.154701 1.154701 0.000000 1.000000 1.000000 1.414214 135.000000 1.000000 -90.000000 
10.000000 99.000000 137.507158 1.000000 13.000000 10.677000 0.643062 0.650000 4.886760 3.742350 73.764404 1.000000 0.855511 5.385165 111.801409 4.000000 0.000000 
44.000000 100.000000 42.012213 1.000000 1.000000 0.000000 0.000000 1.000000 1.154701 1.154701 0.000000 1.000000 1.000000 1.414214 135.000000 1.000000 -90.000000 
6.000000 101.000000 143.007724 1.000000 15.000000 11.603000 0.844847 0.833333 6.093009 3.259808 84.586273 1.000000 0.867033 6.324555 108.434949 3.000000 0.000000 
14.000000 99.000000 71.762331 2.000000 17.000000 18.368000 0.892268 0.485714 8.233734 3.717578 25.330486 0.739130 0.461737 8.062258 150.255119 4.024922 63.434949 
26.000000 101.000000 42.672148 1.000000 7.000000 8.998000 0.619677 0.583333 4.123930 3.236694 90.000000 0.777778 0.596897 4.472136 116.565051 3.000000 0.000000 
16.000000 103.000000 80.890317 1.000000 14.000000 12.455000 0.861739 0.777778 6.244691 3.168257 86.437492 0.933333 0.723233 6.324555 108.434949 3.000000 0.000000 
40.000000 105.000000 54.928551 1.000000 24.000000 30.864000 0.991651 0.375000 17.314520 2.232750 -77.610921 0.727273 0.260808 16.492423 -104.036243 3.111270 -8.130102 
12.000000 104.000000 50.013639 2.000000 4.000000 5.880000 0.968246 1.000000 4.618802 1.154701 90.000000 1.000000 0.617595 4.123106 104.036243 1.000000 0.000000 
49.000000 105.000000 46.591962 4.000000 3.000000 5.624000 0.970143 0.333333 4.760952 1.154701 45.000000 1.000000 0.490646 4.242641 135.000000 1.414214 45.000000 
8.000000 105.000000 40.765388 2.000000 1.000000 0.000000 0.000000 1.000000 1.154701 1.154701 0.000000 1.000000 1.000000 1.414214 135.000000 1.000000 -90.000000 
19.000000 104.000000 54.993748 11.000000 6.000000 6.459000 0.778499 0.666667 3.829708 2.403701 45.000000 1.000000 0.818022 4.242641 135.000000 2.828427 45.000000 
50.000000 107.000000 39.411299 12.000000 1.000000 0.000000 0.000000 1.000000 1.154701 1.154701 0.000000 1.000000 1.000000 1.414214 135.000000 1.000000 -90.000000 
11.000000 109.000000 82.128382 1.000000 7.000000 9.180000 0.922848 0.700000 5.442381 2.096210 79.374747 0.875000 0.579394 5.385165 111.801409 2.000000 0.000000 
46.000000 108.000000 48.798960 3.000000 3.000000 5.624000 0.970143 0.333333 4.760952 1.154701 45.000000 1.000000 0.490646 4.242641 135.000000 1.414214 45.000000 
6.000000 110.000000 84.871055 1.000000 12.000000 11.330000 0.909651 0.666667 6.427753 2.669913 76.884030 0.857143 0.720043 6.324555 108.434949 3.000000 0.000000 
26.000000 111.000000 67.548423 1.000000 36.000000 37.414000 0.986753 0.473684 19.406986 3.148347 -87.421471 0.679245 0.275050 19.026298 93.012788 3.791584 176.185925 
12.000000 113.000000 74.415907 7.000000 16.000000 12.827000 0.890121 0.666667 6.940011 3.162738 -60.803751 0.941176 0.788491 7.211103 -123.690068 3.882901 -33.690068 
18.000000 114.000000 67.430231 2.000000 7.000000 9.180000 0.891997 0.466667 5.314367 2.402314 72.231161 0.875000 0.579394 5.385165 111.801409 2.667892 14.036243 
37.000000 113.000000 74.384052 1.000000 21.000000 19.931000 0.956509 0.700000 10.484331 3.058298 -84.340980 0.913043 0.495720 10.198039 -101.309932 3.000000 0.000000 
31.000000 116.000000 60.054255 1.000000 10.000000 11.140000 0.869871 0.666667 5.747150 2.834949 83.337734 0.833333 0.616108 5.385165 111.801409 3.000000 0.000000 
16.000000 117.000000 67.513135 7.000000 10.000000 9.370000 0.862427 0.666667 5.313460 2.689574 -17.692715 0.909091 0.802758 5.385165 -158.198591 3.000000 -90.000000 
48.000000 116.000000 45.591865 7.000000 4.000000 5.053000 0.866025 0.666667 3.651484 1.825742 -71.565051 0.800000 0.748540 3.605551 -123.690068 2.000000 0.000000 
52.000000 117.000000 40.142764 2.000000 3.000000 4.590000 0.928995 0.500000 3.854129 1.426385 61.845034 1.000000 0.630657 3.605551 123.690068 1.788854 26.565051 
10.000000 118.000000 94.787383 1.000000 29.000000 23.578000 0.971343 0.604167 12.861629 3.056968 -76.845533 0.878788 0.510444 12.649111 -108.434949 3.638034 -14.036243 
25.000000 117.000000 80.647123 1.000000 25.000000 19.650000 0.937039 0.625000 10.171397 3.552091 78.328619 0.892857 0.604784 10.440307 106.699244 3.945576 -170.537678 
35.000000 117.000000 41.087014 1.000000 1.000000 0.000000 0.000000 1.000000 1.154701 1.154701 0.000000 1.000000 1.000000 1.414214 135.000000 1.000000 -90.000000 
55.000000 119.000000 43.299825 12.000000 3.000000 4.590000 0.928995 0.500000 3.854129 1.426385 -61.845034 1.000000 0.630657 3.605551 -123.690068 1.788854 -26.565051 
18.000000 120.000000 96.302597 1.000000 10.000000 8.998000 0.773102 0.666667 4.712847 2.989271 -82.311874 0.909091 0.852711 5.099020 101.309932 3.000000 0.000000 
58.000000 120.000000 46.076520 11.000000 1.000000 0.000000 0.000000 1.000000 1.154701 1.154701 0.000000 1.000000 1.000000 1.414214 135.000000 1.000000 -90.000000 
36.000000 122.000000 54.099955 1.000000 13.000000 18.616000 0.979594 0.650000 11.255451 2.262209 -87.721935 0.764706 0.345089 10.049876 95.710593 2.000000 0.000000 
50.000000 124.000000 51.852672 1.000000 15.000000 14.605000 0.818589 0.500000 7.199979 4.135520 -53.327153 0.714286 0.598510 7.810250 -129.805571 4.608177 165.963757 
9.000000 124.000000 68.190169 1.000000 22.000000 18.914000 0.915935 0.488889 9.263117 3.717526 -70.809811 0.846154 0.568323 9.486833 -108.434949 4.801960 149.036243 
44.000000 123.000000 70.422128 1.000000 21.000000 18.153000 0.850387 0.600000 7.876780 4.144429 -79.727400 0.807692 0.581956 7.615773 -113.198591 5.000000 0.000000 
29.000000 125.000000 50.722728 1.000000 2.000000 1.960000 0.866025 1.000000 2.309401 1.154701 90.000000 1.000000 0.965669 2.236068 116.565051 1.000000 0.000000 
19.000000 128.000000 90.742604 1.000000 38.000000 35.967000 0.984267 0.319328 19.478156 3.441552 -74.173165 0.690909 0.312212 17.720045 -106.389540 4.539797 167.905243 
8.000000 129.000000 66.179416 1.000000 19.000000 17.698000 0.946205 0.703704 9.648160 3.121839 -89.421026 0.791667 0.549775 9.219544 -102.528808 3.000000 0.000000 
33.000000 130.000000 52.073160 1.000000 12.000000 15.366000 0.977329 0.375000 9.557691 2.023605 65.977337 0.750000 0.440242 8.944272 116.565051 2.683282 26.565051 
59.000000 131.000000 42.588012 5.000000 5.000000 8.328000 0.969048 0.500000 6.024504 1.487286 17.143438 0.714286 0.477622 5.385165 158.198591 1.897367 71.565051 
15.000000 135.000000 129.971720 1.000000 31.000000 27.614000 0.978762 0.442857 14.490808 2.970634 72.736702 0.885714 0.411835 14.866069 109.653824 3.794733 -161.565051 
48.000000 134.000000 62.329182 1.000000 49.000000 50.613000 0.977961 0.333333 25.163027 5.253684 86.805604 0.457944 0.213096 21.840330 105.945396 6.758378 -171.027373 
6.000000 135.000000 43.112817 11.000000 4.000000 6.368000 0.958153 0.500000 4.964579 1.421135 -67.500000 0.800000 0.555835 4.472136 -116.565051 1.788854 -26.565051 
59.000000 136.000000 118.800120 1.000000 10.000000 8.998000 0.773102 0.666667 4.712847 2.989271 82.311874 0.909091 0.852711 5.099020 101.309932 3.000000 0.000000 
56.000000 139.000000 79.182948 1.000000 7.000000 9.552000 0.829547 0.583333 4.841370 2.703597 34.314689 0.777778 0.545932 5.000000 143.130102 3.000000 -90.000000 
60.000000 141.000000 164.431857 1.000000 12.000000 12.091000 0.944144 0.500000 7.302114 2.406292 30.758907 0.857143 0.649895 7.211103 146.309932 3.050851 56.309932 
36.000000 142.000000 57.091042 7.000000 8.000000 8.998000 0.931551 0.533333 5.671347 2.062156 -29.650139 0.888889 0.682168 5.830952 -149.036243 2.683282 116.565051 
26.000000 142.000000 74.166464 1.000000 8.000000 7.683000 0.707879 0.666667 4.056654 2.865349 -7.018122 1.000000 0.857979 4.472136 -153.434949 3.000000 -90.000000 
47.000000 143.000000 75.423413 1.000000 22.000000 21.825000 0.906005 0.488889 9.929275 4.202730 82.470971 0.687500 0.443521 9.848858 113.962489 5.000000 0.000000 
53.000000 143.000000 122.878418 1.000000 23.000000 18.823000 0.773871 0.547619 7.623332 4.828188 41.906885 0.851852 0.599089 8.062258 150.255119 5.656854 -135.000000 
8.000000 144.000000 56.492906 1.000000 10.000000 10.288000 0.933821 0.833333 6.150265 2.200207 82.981878 1.000000 0.696762 6.324555 108.434949 2.000000 0.000000 
18.000000 145.000000 120.911724 1.000000 46.000000 33.172000 0.964045 0.383333 16.121115 4.284024 68.427935 0.754098 0.438358 15.524175 104.931417 5.199469 -158.198591 
30.000000 143.000000 59.587904 1.000000 5.000000 6.368000 0.923687 0.625000 4.492622 1.721341 69.006394 0.833333 0.694794 4.472136 116.565051 2.000000 0.000000 
12.000000 145.000000 44.427268 11.000000 3.000000 3.093000 0.730297 0.750000 2.581989 1.763834 -45.000000 1.000000 0.969873 2.828427 -135.000000 2.000000 -90.000000 
56.000000 146.000000 87.603417 1.000000 10.000000 9.461000 0.804316 0.666667 4.979248 2.958675 -9.307846 0.833333 0.791207 5.385165 -158.198591 3.000000 -90.000000 
28.000000 147.000000 126.603129 2.000000 16.000000 13.290000 0.905922 0.761905 7.135318 3.021408 -9.515597 0.941176 0.744681 7.280110 -164.054604 3.000000 -90.000000 
37.000000 150.000000 70.563720 1.000000 3.000000 4.590000 0.928995 0.500000 3.854129 1.426385 -61.845034 0.750000 0.630657 3.605551 -123.690068 1.788854 153.434949 
40.000000 149.000000 81.731944 2.000000 23.000000 20.328000 0.932145 0.511111 10.149228 3.674893 -12.814917 0.741935 0.524719 9.848858 -156.037511 4.767571 99.462322 
8.000000 150.000000 94.906771 1.000000 26.000000 22.123000 0.950692 0.361111 11.474315 3.558592 53.804823 0.812500 0.511869 11.401754 127.874984 4.437602 33.690068 
46.000000 149.000000 148.744928 1.000000 35.000000 26.341000 0.923817 0.500000 11.894789 4.553742 64.571881 0.795455 0.505995 11.661904 120.963757 5.120951 -156.801409 
5.000000 149.000000 44.190131 10.000000 1.000000 0.000000 0.000000 1.000000 1.154701 1.154701 0.000000 1.000000 1.000000 1.414214 135.000000 1.000000 -90.000000 
35.000000 151.000000 47.563995 2.000000 7.000000 13.216000 0.866477 0.466667 5.833011 2.911938 -16.235596 0.636364 0.328753 5.830952 -149.036243 3.000000 -90.000000 
58.000000 151.000000 107.914585 1.000000 34.000000 26.324000 0.731496 0.607143 8.817923 6.012459 61.588642 0.790698 0.492106 9.219544 130.601295 6.499337 21.801409 
20.000000 154.000000 76.470709 1.000000 25.000000 30.037000 0.989081 0.333333 16.196866 2.387005 74.909218 0.757576 0.285387 15.811388 108.434949 3.152963 14.036243 
30.000000 153.000000 164.218407 7.000000 10.000000 10.288000 0.933821 0.833333 6.150265 2.200207 -7.018122 1.000000 0.696762 6.324555 -161.565051 2.000000 -90.000000 
48.000000 155.000000 175.208895 1.000000 49.000000 38.060000 0.970651 0.289941 18.586102 4.469788 51.700868 0.671233 0.362725 17.029386 130.236358 6.379052 -146.309932 
7.000000 158.000000 62.832442 1.000000 13.000000 13.472000 0.775933 0.520000 6.081864 3.836536 -71.126597 0.812500 0.591870 6.403124 -128.659808 4.472136 -26.565051 
31.000000 157.000000 104.753901 1.000000 12.000000 15.176000 0.867872 0.500000 6.794312 3.375334 21.075263 0.705882 0.449422 7.211103 146.309932 4.000000 -90.000000 
59.000000 156.000000 78.981832 1.000000 8.000000 8.998000 0.931551 0.533333 5.671347 2.062156 -60.349861 1.000000 0.682168 5.830952 -120.963757 2.683282 -26.565051 
34.000000 158.000000 102.127953 1.000000 30.000000 26.994000 0.906609 0.476190 10.839577 4.573985 25.653624 0.789474 0.415118 10.630146 138.814075 4.919350 63.434949 
13.000000 159.000000 67.553797 1.000000 11.000000 10.842000 0.936793 0.916667 6.513910 2.279105 -86.942248 1.000000 0.706911 6.324555 -108.434949 2.000000 0.000000 
40.000000 161.000000 76.704048 3.000000 4.000000 6.368000 0.918559 0.444444 4.618802 1.825742 45.000000 0.800000 0.555835 4.242641 135.000000 2.121320 45.000000 
56.000000 157.000000 103.985229 5.000000 11.000000 11.049000 0.816145 0.733333 5.326157 3.077706 3.214374 0.916667 0.686438 5.385165 158.198591 3.000000 -90.000000 
59.000000 159.000000 74.188852 8.000000 7.000000 7.774000 0.613667 0.583333 3.862352 3.049577 -17.768839 0.875000 0.738267 4.242641 -135.000000 3.000000 -90.000000 
46.000000 163.000000 193.978671 1.000000 15.000000 12.736000 0.835405 0.625000 6.285881 3.454937 -73.605754 0.833333 0.747708 6.403124 -128.659808 4.000000 0.000000 
25.000000 162.000000 61.462123 1.000000 15.000000 16.102000 0.952830 0.625000 8.583447 2.605121 -75.709354 0.833333 0.509013 8.544004 -110.556045 3.000000 0.000000 
8.000000 164.000000 54.951880 1.000000 13.000000 19.956000 0.932918 0.371429 9.523332 3.429256 -17.073755 0.541667 0.306210 8.062258 -150.255119 4.110961 108.434949 
12.000000 164.000000 77.698358 2.000000 16.000000 19.584000 0.926897 0.400000 9.332035 3.502468 -19.090710 0.640000 0.389313 8.944272 -153.434949 4.438773 99.462322 
55.000000 164.000000 348.054287 1.000000 38.000000 24.455000 0.932450 0.493506 12.022119 4.343574 -65.902357 0.863636 0.627022 11.704700 -109.983107 4.919350 -26.565051 
31.000000 165.000000 244.725991 5.000000 21.000000 15.457000 0.851895 0.600000 7.461707 3.907784 18.815663 0.913043 0.762902 7.615773 156.801409 4.365641 75.963757 
19.000000 167.000000 78.490651 1.000000 19.000000 22.950000 0.970974 0.431818 11.315461 2.706488 -76.482275 0.730769 0.350721 11.401754 -105.255119 3.395499 165.963757 
37.000000 168.000000 189.679199 1.000000 41.000000 29.988000 0.886634 0.427083 12.405267 5.737076 74.532037 0.706897 0.469420 12.165525 99.462322 6.788387 -159.443955 
50.000000 168.000000 186.050123 1.000000 22.000000 17.326000 0.896305 0.687500 8.372850 3.712842 -74.918987 0.916667 0.659932 8.544004 -110.556045 4.000000 0.000000 
60.000000 168.000000 298.127604 8.000000 7.000000 7.774000 0.613667 0.583333 3.862352 3.049577 17.768839 0.875000 0.738267 4.242641 135.000000 3.000000 -90.000000 
10.000000 170.000000 89.268166 1.000000 22.000000 20.204000 0.839020 0.550000 8.324254 4.529235 69.808856 0.846154 0.507251 8.944272 116.565051 5.000000 0.000000 
16.000000 170.000000 160.422305 1.000000 23.000000 16.954000 0.893256 0.547619 8.554067 3.845467 -54.996625 0.884615 0.715708 8.602325 -125.537678 4.529039 -38.659808 
29.000000 172.000000 116.335752 1.000000 33.000000 29.227000 0.833765 0.366667 10.847158 5.988920 54.715450 0.647059 0.395800 10.770330 111.801409 7.484467 -156.801409 
51.000000 172.000000 335.542069 1.000000 34.000000 26.506000 0.966281 0.435897 13.759552 3.542947 -69.234642 0.871795 0.486082 13.928388 -111.037511 4.427189 -18.434949 
22.000000 174.000000 192.707204 1.000000 13.000000 12.736000 0.878469 0.520000 6.500132 3.105755 -52.058471 0.866667 0.648013 7.071068 -135.000000 3.882901 -33.690068 
11.000000 176.000000 87.625475 1.000000 50.000000 36.835000 0.974832 0.625000 17.949710 4.001723 86.199513 0.806452 0.393159 16.492423 104.036243 4.808326 8.130102 
59.000000 175.000000 128.825653 1.000000 15.000000 13.770000 0.835749 0.625000 6.517676 3.578936 85.449438 0.833333 0.659071 6.324555 108.434949 4.000000 0.000000 
30.000000 176.000000 79.999505 1.000000 9.000000 12.546000 0.916435 0.375000 6.947646 2.780326 71.062508 0.692308 0.459557 6.708204 116.565051 3.342516 21.801409 
38.000000 177.000000 157.694519 1.000000 40.000000 28.350000 0.915727 0.571429 12.532368 5.035515 -77.379988 0.727273 0.506851 12.206556 -124.992020 5.857122 -12.528808 
46.000000 176.000000 212.104958 1.000000 6.000000 5.905000 0.632456 0.666667 3.333333 2.581989 -45.000000 1.000000 0.921279 3.605551 -146.309932 2.828427 -45.000000 
55.000000 177.000000 199.135177 1.000000 13.000000 10.958000 0.837275 0.722222 5.689708 3.111030 84.954471 1.000000 0.821751 6.082763 99.462322 3.000000 0.000000 
31.000000 181.000000 122.151690 1.000000 32.000000 23.231000 0.902163 0.640000 10.308514 4.447045 10.723868 0.820513 0.578168 10.770330 158.198591 5.000000 -90.000000 
26.000000 179.000000 81.637121 2.000000 12.000000 11.719000 0.789074 0.600000 5.529352 3.396672 15.453202 0.800000 0.682840 5.385165 158.198591 3.794733 71.565051 
56.000000 180.000000 123.788278 1.000000 15.000000 18.244000 0.948921 0.416667 9.561136 3.016659 88.514418 0.714286 0.412153 9.219544 -102.528808 3.845077 -7.125016 
40.000000 181.000000 160.885184 1.000000 20.000000 15.432000 0.817559 0.833333 7.082041 4.078157 -87.535858 0.869565 0.728531 7.211103 -123.690068 4.000000 0.000000 
45.000000 182.000000 168.836149 1.000000 20.000000 15.068000 0.766708 0.833333 6.817078 4.376541 81.923589 0.869565 0.757948 7.211103 123.690068 4.000000 0.000000 
51.000000 181.000000 113.091088 1.000000 14.000000 12.645000 0.769547 0.560000 5.747410 3.670242 59.887269 0.823529 0.705929 6.403124 141.340192 4.024922 -153.434949 
13.000000 183.000000 69.880629 1.000000 14.000000 22.470000 0.933074 0.388889 10.525365 3.785807 -88.544581 0.583333 0.268204 9.486833 -108.434949 4.000000 0.000000 
24.000000 183.000000 55.418664 4.000000 5.000000 8.717000 0.869402 0.416667 4.766533 2.355171 -58.282526 0.714286 0.446800 4.472136 -116.565051 2.683282 153.434949 
7.000000 184.000000 101.488779 1.000000 21.000000 15.920000 0.618813 0.700000 6.476478 5.087524 79.267528 0.875000 0.726291 7.211103 123.690068 5.000000 0.000000 
20.000000 184.000000 84.091630 1.000000 12.000000 14.994000 0.781170 0.600000 6.084111 3.798425 75.267389 0.750000 0.458488 5.830952 120.963757 4.000000 0.000000 
58.000000 185.000000 206.743514 1.000000 13.000000 12.554000 0.871629 0.541667 6.409413 3.141674 66.639593 0.866667 0.663129 6.708204 116.565051 4.000000 0.000000 
14.000000 187.000000 97.078573 1.000000 24.000000 19.468000 0.858346 0.750000 8.208237 4.211408 -77.979690 0.888889 0.589978 8.944272 -116.565051 4.000000 0.000000 
26.000000 187.000000 90.019766 1.000000 19.000000 20.709000 0.706059 0.387755 8.250719 5.842774 -34.835833 0.593750 0.419725 8.062258 -119.744881 6.127946 111.801409 
44.000000 187.000000 353.354587 1.000000 34.000000 21.891000 0.873154 0.607143 10.111211 4.928658 68.532590 0.829268 0.681832 10.000000 126.869898 5.375872 18.434949 
52.000000 186.000000 253.335646 1.000000 36.000000 24.124000 0.852109 0.571429 10.054282 5.262053 -79.534175 0.800000 0.608531 10.295630 -119.054604 6.043865 -15.945396 
37.000000 188.000000 198.655761 1.000000 20.000000 14.878000 0.742683 0.666667 6.648640 4.452219 -34.622964 0.909091 0.774016 7.211103 -146.309932 5.000000 -90.000000 
21.000000 188.000000 84.446368 1.000000 9.000000 8.882000 0.907936 0.900000 5.399179 2.262845 -85.268839 1.000000 0.782319 5.385165 -111.801409 2.000000 0.000000 
33.000000 189.000000 153.499910 1.000000 17.000000 25.861000 0.659699 0.354167 7.851034 5.900288 56.801147 0.548387 0.253972 8.062258 97.125016 5.813777 -153.434949 
57.000000 189.000000 55.381491 10.000000 7.000000 11.248000 0.434031 0.437500 4.163332 3.750737 -71.565051 0.700000 0.424826 4.472136 116.565051 3.794733 161.565051 
8.000000 191.000000 172.016331 1.000000 27.000000 20.113000 0.494100 0.551020 7.188026 6.249305 64.392182 0.818182 0.627417 8.062258 -119.744881 7.000000 -90.000000 
13.000000 191.000000 151.044831 1.000000 1.000000 0.000000 0.000000 1.000000 1.154701 1.154701 0.000000 1.000000 1.000000 1.414214 135.000000 1.000000 -90.000000 
20.000000 191.000000 106.306777 1.000000 10.000000 11.512000 0.913543 0.555556 6.435449 2.617569 -85.203433 0.769231 0.585223 6.324555 -108.434949 2.941742 -11.309932 
50.000000 193.000000 118.933758 1.000000 28.000000 22.379000 0.949670 0.636364 11.316349 3.544868 -84.210016 0.848485 0.540240 11.180340 -100.304846 4.000000 0.000000 
5.000000 193.000000 127.046781 1.000000 8.000000 7.865000 0.717406 0.666667 4.136643 2.881814 -17.296144 1.000000 0.829839 4.472136 -153.434949 3.000000 -90.000000 
27.000000 192.000000 100.264967 1.000000 14.000000 18.269000 0.565786 0.560000 5.950541 4.906531 84.183183 0.736842 0.383778 5.830952 120.963757 5.000000 -90.000000 
42.000000 192.000000 138.333968 1.000000 21.000000 15.829000 0.912135 0.656250 8.314409 3.407985 -71.319277 0.913043 0.733276 8.544004 -110.556045 4.000000 0.000000 
16.000000 193.000000 83.422487 1.000000 6.000000 6.459000 0.778499 0.666667 3.829708 2.403701 45.000000 1.000000 0.818022 4.242641 135.000000 2.828427 45.000000 
21.000000 194.000000 73.777351 1.000000 12.000000 17.144000 0.972691 0.285714 10.471316 2.430451 51.184531 0.666667 0.366451 9.219544 130.601295 3.328201 -146.309932 
32.000000 194.000000 182.622601 1.000000 21.000000 21.172000 0.744666 0.428571 7.341797 4.900188 -56.352730 0.750000 0.446407 8.062258 -150.255119 5.269652 146.309932 
56.000000 194.000000 49.173930 1.000000 10.000000 9.643000 0.721802 0.666667 4.728363 3.272498 79.537749 1.000000 0.768840 5.099020 101.309932 3.000000 0.000000 
41.000000 196.000000 134.612569 1.000000 14.000000 20.667000 0.915265 0.437500 9.394743 3.784683 -68.573793 0.636364 0.310363 8.944272 -116.565051 4.000000 0.000000 
50.000000 197.000000 159.223808 1.000000 18.000000 17.880000 0.935520 0.750000 9.133270 3.226536 84.580657 0.818182 0.511860 8.544004 110.556045 3.000000 0.000000 
11.000000 197.000000 95.225752 1.000000 36.000000 27.126000 0.969959 0.692308 14.684482 3.572260 83.886871 0.818182 0.493806 13.341664 102.994617 4.000000 0.000000 
37.000000 199.000000 151.068017 1.000000 23.000000 18.749000 0.848593 0.479167 8.186753 4.331172 -33.098961 0.884615 0.603146 8.544004 -159.443955 4.949747 -45.000000 
57.000000 200.000000 130.457589 1.000000 19.000000 21.734000 0.894012 0.395833 9.721107 4.355465 63.804795 0.633333 0.385848 8.602325 125.537678 5.578319 14.036243 
22.000000 201.000000 164.560053 1.000000 29.000000 25.373000 0.971071 0.402778 13.561470 3.238338 -75.404323 0.763158 0.448202 12.649111 -108.434949 3.880570 -14.036243 
50.000000 202.000000 301.902686 1.000000 2.000000 1.960000 0.866025 1.000000 2.309401 1.154701 90.000000 1.000000 0.965669 2.236068 116.565051 1.000000 0.000000 
9.000000 202.000000 69.294906 1.000000 23.000000 20.485000 0.949609 0.766667 10.516930 3.296384 87.808643 0.884615 0.517768 10.049876 95.710593 3.000000 0.000000 
41.000000 202.000000 186.213530 1.000000 27.000000 17.326000 0.766338 0.642857 7.613930 4.891479 48.443391 0.900000 0.809916 8.602325 125.537678 5.547002 -123.690068 
32.000000 203.000000 269.055505 1.000000 45.000000 25.646000 0.886844 0.818182 11.459712 5.295183 -83.528316 0.957447 0.682357 11.401754 -105.255119 5.000000 0.000000 
59.000000 205.000000 116.665868 1.000000 20.000000 23.504000 0.711407 0.555556 7.945302 5.583802 -29.179801 0.645161 0.353988 7.810250 -140.194429 6.000000 -90.000000 
45.000000 206.000000 189.897648 1.000000 29.000000 22.214000 0.913257 0.453125 10.457489 4.260216 -49.766526 0.828571 0.566840 10.000000 -143.130102 4.949747 -45.000000 
18.000000 210.000000 158.384529 1.000000 65.000000 53.401000 0.991776 0.225694 27.580213 3.529882 65.392967 0.722222 0.255489 26.000000 112.619865 4.577318 -154.798876 
7.000000 210.000000 40.648595 2.000000 1.000000 0.000000 0.000000 1.000000 1.154701 1.154701 0.000000 1.000000 1.000000 1.414214 135.000000 1.000000 -90.000000 
52.000000 210.000000 190.331751 1.000000 25.000000 19.030000 0.841356 0.446429 8.447933 4.565950 49.225185 0.925926 0.639081 8.944272 116.565051 5.547002 -123.690068 
41.000000 212.000000 57.699393 1.000000 5.000000 6.368000 0.923687 0.625000 4.492622 1.721341 -69.006394 1.000000 0.694794 4.472136 -116.565051 2.000000 0.000000 
29.000000 213.000000 43.911038 11.000000 3.000000 4.590000 0.928995 0.500000 3.854129 1.426385 -61.845034 1.000000 0.630657 3.605551 -123.690068 1.788854 -26.565051 
46.000000 213.000000 184.468687 1.000000 21.000000 16.772000 0.903843 0.525000 8.393900 3.591442 71.290571 0.840000 0.665472 8.246211 104.036243 4.085297 -158.198591 
56.000000 211.000000 212.363274 1.000000 21.000000 20.237000 0.845325 0.500000 8.598575 4.593807 29.956748 0.700000 0.482828 8.485281 135.000000 5.269652 56.309932 
59.000000 214.000000 117.812763 1.000000 1.000000 0.000000 0.000000 1.000000 1.154701 1.154701 0.000000 1.000000 1.000000 1.414214 135.000000 1.000000 -90.000000 
32.000000 214.000000 40.712206 11.000000 1.000000 0.000000 0.000000 1.000000 1.154701 1.154701 0.000000 1.000000 1.000000 1.414214 135.000000 1.000000 -90.000000 
42.000000 215.000000 89.222824 2.000000 7.000000 6.922000 0.856222 0.875000 4.312826 2.228038 81.650378 1.000000 0.868564 4.472136 116.565051 2.000000 0.000000 
14.000000 218.000000 58.141541 1.000000 12.000000 18.823000 0.934043 0.300000 9.796876 3.499064 63.237275 0.600000 0.312568 9.433981 122.005383 4.024922 26.565051 
34.000000 215.000000 43.054322 2.000000 1.000000 0.000000 0.000000 1.000000 1.154701 1.154701 0.000000 1.000000 1.000000 1.414214 135.000000 1.000000 -90.000000 
52.000000 221.000000 103.836177 1.000000 48.000000 38.052000 0.970645 0.244898 17.354765 4.174115 44.057569 0.761905 0.355461 19.104973 132.878904 4.949747 45.000000 
8.000000 218.000000 65.147200 1.000000 6.000000 8.510000 0.942928 0.600000 5.514176 1.836202 -85.268839 0.857143 0.555380 5.099020 101.309932 2.000000 0.000000 
59.000000 219.000000 70.699163 1.000000 5.000000 6.368000 0.923687 0.625000 4.492622 1.721341 69.006394 0.833333 0.694794 4.472136 116.565051 2.000000 0.000000 
8.000000 222.000000 49.869382 2.000000 7.000000 10.032000 0.964597 0.350000 6.447571 1.700416 50.844685 1.000000 0.506873 6.403124 128.659808 2.121320 45.000000 
31.000000 222.000000 46.381376 1.000000 7.000000 10.288000 0.967949 0.583333 6.654453 1.671252 -75.910705 0.777778 0.487733 6.324555 -108.434949 2.000000 0.000000 
11.000000 223.000000 57.689084 11.000000 5.000000 4.962000 0.765092 0.833333 3.306559 2.129163 -71.565051 1.000000 0.956808 3.605551 -123.690068 2.000000 0.000000 
42.000000 223.000000 49.212936 1.000000 12.000000 11.421000 0.823338 0.666667 5.606347 3.181891 -81.822091 0.857143 0.711072 6.324555 -108.434949 3.000000 0.000000 
56.000000 224.000000 43.503806 9.000000 1.000000 0.000000 0.000000 1.000000 1.154701 1.154701 0.000000 1.000000 1.000000 1.414214 135.000000 1.000000 -90.000000 
16.000000 226.000000 70.381162 1.000000 21.000000 17.789000 0.944702 0.583333 9.729104 3.190456 -75.087881 0.913043 0.602374 9.486833 -108.434949 3.726207 168.690068 
27.000000 228.000000 74.368058 1.000000 24.000000 23.578000 0.962656 0.545455 12.575067 3.404397 81.706552 0.727273 0.422437 11.704700 109.983107 4.000000 0.000000 
8.000000 229.000000 72.052953 1.000000 31.000000 21.039000 0.938741 0.775000 11.032063 3.801911 -82.358399 0.911765 0.666251 10.440307 -106.699244 4.000000 0.000000 
17.000000 231.000000 106.597013 1.000000 25.000000 18.707000 0.924889 0.694444 9.569286 3.638602 -89.007371 0.892857 0.658117 9.219544 102.528808 4.000000 0.000000 
56.000000 232.000000 53.452320 1.000000 8.000000 10.288000 0.955077 0.666667 6.262737 1.856014 76.717474 0.888889 0.557409 6.324555 108.434949 2.000000 0.000000 
13.000000 233.000000 44.087141 3.000000 2.000000 1.960000 0.866025 1.000000 2.309401 1.154701 0.000000 1.000000 0.965669 2.236068 153.434949 1.000000 -90.000000 
29.000000 235.000000 68.820781 1.000000 40.000000 38.539000 0.955288 0.312500 17.406017 5.146576 -77.092362 0.533333 0.289336 16.492423 -104.036243 6.255857 -19.653824 
46.000000 234.000000 46.092407 12.000000 2.000000 1.960000 0.866025 1.000000 2.309401 1.154701 90.000000 1.000000 0.965669 2.236068 116.565051 1.000000 0.000000 
51.000000 234.000000 46.081136 1.000000 7.000000 8.882000 0.942088 0.700000 5.788786 1.941356 80.384664 0.875000 0.608470 5.385165 111.801409 2.000000 0.000000 
