268
32.000000 117.000000 12.196858 1.000000 10765.000000 591.556000 0.961496 0.700846 280.607002 77.115740 0.882788 0.700846 0.382500 248.386795 165.068583 64.000000 -90.000000 
8.000000 4.000000 35.577156 1.000000 8.000000 10.842000 0.963965 0.666667 7.079519 1.883367 -82.534291 0.800000 0.514117 6.324555 -108.434949 2.000000 0.000000 
45.000000 5.000000 32.225468 2.000000 4.000000 6.368000 0.918559 0.444444 4.618802 1.825742 45.000000 0.800000 0.555835 4.242641 135.000000 2.121320 45.000000 
39.000000 5.000000 34.975004 1.000000 7.000000 10.288000 0.967949 0.583333 6.654453 1.671252 75.910705 0.875000 0.487733 6.324555 108.434949 2.000000 0.000000 
54.000000 6.000000 35.736818 8.000000 3.000000 3.920000 0.942809 1.000000 3.464102 1.154701 0.000000 1.000000 0.756007 3.162278 161.565051 1.000000 -90.000000 
15.000000 9.000000 53.863649 4.000000 12.000000 13.290000 0.962244 0.571429 8.136714 2.214723 14.769391 0.800000 0.558511 7.615773 156.801409 2.667892 -104.036243 
22.000000 8.000000 31.238675 2.000000 2.000000 2.812000 0.925820 0.500000 3.055050 1.154701 45.000000 1.000000 0.709058 2.828427 135.000000 1.414214 45.000000 
54.000000 9.000000 37.791397 1.000000 14.000000 21.172000 0.971308 0.350000 11.082501 2.635695 76.600140 0.636364 0.297605 10.198039 101.309932 3.394113 8.130102 
8.000000 11.000000 60.922899 1.000000 25.000000 18.500000 0.942038 0.925926 9.977211 3.347407 -86.855574 0.961538 0.670767 9.486833 -108.434949 3.000000 0.000000 
29.000000 11.000000 48.543027 1.000000 46.000000 36.124000 0.970051 0.541176 17.677692 4.293961 -87.484817 0.754098 0.374924 17.117243 96.709837 4.844799 175.914383 
41.000000 13.000000 42.158235 1.000000 13.000000 17.144000 0.983650 0.361111 10.749780 1.935964 -69.525699 0.764706 0.396988 9.848858 -113.962489 2.529822 -18.434949 
51.000000 13.000000 47.683169 1.000000 12.000000 12.273000 0.910407 0.500000 6.776314 2.803453 -21.316876 0.857143 0.634639 6.708204 -153.434949 3.395499 104.036243 
13.000000 14.000000 44.554046 6.000000 6.000000 6.368000 0.833333 0.750000 4.000000 2.211083 0.000000 1.000000 0.833753 4.123106 165.963757 2.000000 -90.000000 
56.000000 14.000000 37.073629 1.000000 6.000000 8.328000 0.951618 0.600000 5.664082 1.740486 75.344996 0.857143 0.573146 5.385165 111.801409 2.000000 0.000000 
19.000000 17.000000 57.376158 1.000000 20.000000 23.694000 0.984884 0.333333 13.121767 2.272861 70.284332 0.740741 0.348994 13.000000 112.619865 2.846050 18.434949 
39.000000 21.000000 39.671553 1.000000 17.000000 21.362000 0.913587 0.472222 9.772312 3.973843 2.550375 0.680000 0.355795 9.486833 161.565051 4.000000 -90.000000 
48.000000 18.000000 46.902125 2.000000 15.000000 19.377000 0.952600 0.375000 10.298512 3.133082 -21.182408 0.600000 0.371722 9.433981 -147.994617 3.807887 113.198591 
7.000000 18.000000 58.756482 1.000000 9.000000 11.992000 0.940966 0.500000 6.833633 2.313189 -67.887110 0.818182 0.493820 6.708204 -116.565051 2.846050 161.565051 
43.000000 17.000000 33.222178 3.000000 1.000000 0.000000 0.000000 1.000000 1.154701 1.154701 0.000000 1.000000 1.000000 1.414214 135.000000 1.000000 -90.000000 
53.000000 18.000000 39.923381 2.000000 10.000000 10.958000 0.912820 0.555556 6.170652 2.519864 -8.806289 0.833333 0.632116 6.082763 170.537678 2.910428 104.036243 
29.000000 20.000000 38.115272 7.000000 6.000000 8.328000 0.951618 0.600000 5.664082 1.740486 -14.655004 0.857143 0.573146 5.385165 -158.198591 2.000000 -90.000000 
56.000000 20.000000 37.163740 1.000000 5.000000 6.368000 0.923687 0.625000 4.492622 1.721341 69.006394 1.000000 0.694794 4.472136 116.565051 2.000000 0.000000 
11.000000 20.000000 65.785198 1.000000 9.000000 9.180000 0.836258 0.600000 4.952447 2.715603 -82.661803 0.900000 0.744936 5.099020 101.309932 3.000000 0.000000 
25.000000 21.000000 34.927617 1.000000 4.000000 6.550000 0.946293 0.500000 4.820546 1.558527 72.391204 0.800000 0.535155 4.472136 116.565051 1.897367 -161.565051 
7.000000 22.000000 64.642012 1.000000 9.000000 10.288000 0.942932 0.750000 6.161450 2.051676 79.721977 1.000000 0.627085 6.324555 108.434949 2.000000 0.000000 
52.000000 21.000000 38.222946 1.000000 7.000000 8.626000 0.761824 0.583333 4.399925 2.850202 72.231161 0.875000 0.635232 4.472136 116.565051 3.000000 0.000000 
14.000000 21.000000 50.724624 12.000000 3.000000 3.093000 0.730297 0.750000 2.581989 1.763834 -45.000000 1.000000 0.969873 2.828427 -135.000000 2.000000 -90.000000 
43.000000 22.000000 49.886577 1.000000 6.000000 6.922000 0.894483 0.750000 4.513541 2.018017 77.066822 0.857143 0.744483 4.472136 116.565051 2.000000 0.000000 
52.000000 28.000000 54.153619 5.000000 27.000000 25.026000 0.868315 0.385714 9.911787 4.916375 -21.947762 0.692308 0.427636 10.816654 -146.309932 5.748657 102.528808 
10.000000 27.000000 87.132171 1.000000 36.000000 27.432000 0.976159 0.461538 15.342846 3.330301 72.228595 0.818182 0.483971 14.317821 114.775141 4.110961 18.434949 
33.000000 25.000000 33.914933 9.000000 8.000000 16.218000 0.990316 0.200000 10.687150 1.483745 -59.483830 0.615385 0.268230 9.433981 -122.005383 2.057983 -30.963757 
43.000000 25.000000 33.388237 9.000000 2.000000 2.812000 0.925820 0.500000 3.055050 1.154701 -45.000000 1.000000 0.709058 2.828427 -135.000000 1.414214 -45.000000 
16.000000 26.000000 42.141316 1.000000 6.000000 9.180000 0.873278 0.500000 5.155515 2.511882 26.062508 0.750000 0.496624 5.000000 143.130102 3.000000 -90.000000 
45.000000 27.000000 29.652822 10.000000 1.000000 0.000000 0.000000 1.000000 1.154701 1.154701 0.000000 1.000000 1.000000 1.414214 135.000000 1.000000 -90.000000 
59.000000 30.000000 56.215680 1.000000 18.000000 16.218000 0.818439 0.600000 6.909655 3.970245 58.599064 0.782609 0.603518 7.211103 123.690068 4.608177 14.036243 
29.000000 29.000000 31.326886 1.000000 1.000000 0.000000 0.000000 1.000000 1.154701 1.154701 0.000000 1.000000 1.000000 1.414214 135.000000 1.000000 -90.000000 
18.000000 35.000000 43.625475 1.000000 24.000000 30.062000 0.986992 0.320000 16.783659 2.698337 -75.185110 0.648649 0.273559 15.524175 -104.931417 3.726207 168.690068 
52.000000 38.000000 169.154096 1.000000 72.000000 35.223000 0.946997 0.467532 17.567516 5.643442 33.519126 0.878049 0.614725 16.643317 147.264774 6.656402 -123.690068 
10.000000 35.000000 31.144080 1.000000 5.000000 5.905000 0.631142 0.555556 3.585155 2.780887 -45.000000 0.833333 0.767732 3.605551 -146.309932 2.828427 -45.000000 
28.000000 36.000000 31.747277 12.000000 2.000000 1.960000 0.866025 1.000000 2.309401 1.154701 90.000000 1.000000 0.965669 2.236068 116.565051 1.000000 0.000000 
32.000000 36.000000 38.120008 2.000000 5.000000 7.683000 0.950267 0.416667 5.516767 1.718124 58.879270 0.833333 0.536237 5.000000 126.869898 2.218801 -146.309932 
15.000000 40.000000 69.124576 1.000000 53.000000 49.687000 0.994469 0.315476 27.910396 2.931466 -78.173256 0.706667 0.238642 24.515301 -101.768289 3.678910 -12.804266 
41.000000 39.000000 65.666399 1.000000 1.000000 0.000000 0.000000 1.000000 1.154701 1.154701 0.000000 1.000000 1.000000 1.414214 135.000000 1.000000 -90.000000 
28.000000 40.000000 33.000108 2.000000 4.000000 8.436000 0.888523 0.333333 5.033223 2.309401 26.565051 0.666667 0.375002 4.472136 153.434949 2.529822 -108.434949 
46.000000 39.000000 64.828754 7.000000 1.000000 0.000000 0.000000 1.000000 1.154701 1.154701 0.000000 1.000000 1.000000 1.414214 135.000000 1.000000 -90.000000 
34.000000 42.000000 33.495592 4.000000 2.000000 2.812000 0.925820 0.500000 3.055050 1.154701 45.000000 1.000000 0.709058 2.828427 135.000000 1.414214 45.000000 
8.000000 44.000000 106.200797 1.000000 27.000000 20.948000 0.955913 0.675000 11.294583 3.316669 78.107479 0.870968 0.584675 10.770330 111.801409 3.880570 -165.963757 
28.000000 43.000000 36.775270 1.000000 6.000000 7.774000 0.908344 0.500000 4.920353 2.057808 -61.137822 0.857143 0.632800 5.000000 -126.869898 2.529822 161.565051 
19.000000 46.000000 55.751743 1.000000 20.000000 21.461000 0.968842 0.317460 11.787415 2.919506 -57.056183 0.740741 0.415220 11.401754 -127.874984 3.709993 147.994617 
57.000000 47.000000 45.019317 8.000000 10.000000 11.438000 0.935997 0.400000 6.692982 2.355982 -40.307241 0.909091 0.591179 6.403124 -141.340192 2.828427 -45.000000 
13.000000 48.000000 47.443159 1.000000 1.000000 0.000000 0.000000 1.000000 1.154701 1.154701 0.000000 1.000000 1.000000 1.414214 135.000000 1.000000 -90.000000 
44.000000 49.000000 218.408833 4.000000 49.000000 24.637000 0.808618 0.612500 10.508752 6.182661 27.946718 0.924528 0.797968 10.816654 146.309932 6.640783 71.565051 
7.000000 50.000000 50.983853 1.000000 17.000000 13.935000 0.914184 0.809524 7.648330 3.099865 -85.898244 0.944444 0.732582 7.280110 105.945396 3.000000 0.000000 
33.000000 52.000000 59.441730 1.000000 40.000000 45.866000 0.972772 0.317460 24.009431 5.564521 -79.198184 0.465116 0.209287 18.681542 -105.524111 6.411561 -9.462322 
22.000000 51.000000 36.190743 1.000000 5.000000 4.962000 0.765092 0.833333 3.306559 2.129163 -71.565051 1.000000 0.956808 3.605551 -123.690068 2.000000 0.000000 
10.000000 54.000000 50.713967 1.000000 16.000000 18.823000 0.963799 0.333333 10.127331 2.700246 25.361908 0.727273 0.416758 9.433981 147.994617 3.130495 63.434949 
56.000000 54.000000 43.684238 1.000000 7.000000 7.402000 0.800314 0.583333 4.163332 2.496256 -30.963757 1.000000 0.791281 4.472136 -153.434949 2.828427 -45.000000 
59.000000 52.000000 40.823703 2.000000 6.000000 7.220000 0.869227 0.500000 4.472136 2.211083 59.036243 0.857143 0.702276 4.472136 116.565051 2.683282 -153.434949 
6.000000 54.000000 30.145953 1.000000 2.000000 1.960000 0.866025 1.000000 2.309401 1.154701 90.000000 1.000000 0.965669 2.236068 116.565051 1.000000 0.000000 
18.000000 56.000000 40.141133 1.000000 7.000000 9.180000 0.712540 0.583333 4.291469 3.011028 83.952621 0.777778 0.579394 4.472136 116.565051 3.000000 0.000000 
31.000000 56.000000 32.737728 1.000000 5.000000 8.328000 0.969048 0.500000 6.024504 1.487286 72.856562 0.833333 0.477622 5.385165 111.801409 1.897367 -161.565051 
44.000000 59.000000 193.196332 1.000000 57.000000 36.099000 0.940306 0.581633 16.200993 5.513685 -3.692955 0.760000 0.465172 14.560220 164.054604 7.000000 -90.000000 
52.000000 59.000000 39.806519 2.000000 17.000000 18.641000 0.906898 0.346939 8.966914 3.778221 44.184451 0.680000 0.450235 9.219544 139.398705 4.609328 -129.805571 
6.000000 61.000000 32.707701 4.000000 2.000000 2.812000 0.925820 0.500000 3.055050 1.154701 45.000000 1.000000 0.709058 2.828427 135.000000 1.414214 45.000000 
12.000000 61.000000 54.775193 1.000000 27.000000 28.400000 0.978654 0.270000 15.619622 3.210065 43.998809 0.692308 0.341041 13.453624 131.987212 4.233244 48.814075 
36.000000 58.000000 72.556912 1.000000 9.000000 8.717000 0.852803 0.562500 4.944132 2.581989 45.000000 1.000000 0.804241 5.000000 126.869898 2.828427 45.000000 
58.000000 59.000000 36.164635 12.000000 5.000000 5.814000 0.743786 0.555556 3.529850 2.359413 55.900705 1.000000 0.783414 3.605551 123.690068 2.683282 26.565051 
60.000000 60.000000 65.245444 1.000000 3.000000 3.920000 0.942809 1.000000 3.464102 1.154701 90.000000 1.000000 0.756007 3.162278 108.434949 1.000000 0.000000 
39.000000 61.000000 83.481775 3.000000 20.000000 16.582000 0.887493 0.625000 7.776004 3.583354 13.756001 0.952381 0.646052 8.246211 165.963757 4.000000 -90.000000 
29.000000 65.000000 39.532428 1.000000 12.000000 14.969000 0.828383 0.500000 6.417735 3.594967 5.897926 0.800000 0.459754 6.324555 161.565051 4.000000 -90.000000 
60.000000 64.000000 58.274923 3.000000 5.000000 4.962000 0.765092 0.833333 3.306559 2.129163 -18.434949 1.000000 0.956808 3.605551 -146.309932 2.000000 -90.000000 
37.000000 64.000000 54.684259 2.000000 3.000000 3.093000 0.730297 0.750000 2.581989 1.763834 -45.000000 1.000000 0.969873 2.828427 -135.000000 2.000000 -90.000000 
40.000000 65.000000 115.742783 1.000000 13.000000 11.421000 0.680018 0.650000 5.217848 3.825702 -83.922529 0.928571 0.770328 5.385165 111.801409 4.000000 0.000000 
56.000000 66.000000 41.995966 5.000000 4.000000 4.590000 0.731925 0.666667 3.055050 2.081666 0.000000 1.000000 0.840876 3.162278 161.565051 2.000000 -90.000000 
11.000000 66.000000 66.264867 1.000000 16.000000 16.011000 0.919454 0.500000 8.118722 3.192260 -80.304936 0.800000 0.548119 8.246211 -104.036243 3.794733 161.565051 
58.000000 66.000000 45.592948 4.000000 4.000000 5.905000 0.926289 0.444444 4.355771 1.641317 39.690172 1.000000 0.614186 4.242641 135.000000 2.121320 -135.000000 
24.000000 67.000000 62.182518 1.000000 18.000000 13.563000 0.888316 0.857143 7.191077 3.302376 -86.454693 1.000000 0.810607 7.280110 -105.945396 3.000000 0.000000 
60.000000 70.000000 49.883052 3.000000 18.000000 19.195000 0.967498 0.500000 10.906912 2.758110 10.990354 0.750000 0.453366 9.486833 161.565051 3.287980 -99.462322 
18.000000 68.000000 91.554082 1.000000 24.000000 18.360000 0.873882 0.600000 8.451361 4.108535 -82.744803 0.827586 0.652349 8.246211 -104.036243 4.902903 -11.309932 
41.000000 68.000000 83.735346 5.000000 5.000000 5.814000 0.743786 0.555556 3.529850 2.359413 55.900705 1.000000 0.783414 3.605551 123.690068 2.683282 26.565051 
45.000000 69.000000 202.518543 5.000000 23.000000 15.068000 0.628928 0.766667 6.407885 4.981895 -64.779834 0.958333 0.871640 7.071068 -135.000000 5.000000 0.000000 
55.000000 71.000000 71.655688 2.000000 22.000000 18.542000 0.926335 0.611111 9.076421 3.419095 7.424286 0.846154 0.587990 9.219544 167.471192 4.000000 -90.000000 
14.000000 70.000000 58.752262 3.000000 9.000000 8.626000 0.503953 0.562500 3.944053 3.406602 -26.565051 0.900000 0.816727 4.472136 -153.434949 3.535534 -45.000000 
25.000000 70.000000 45.999440 1.000000 14.000000 18.434000 0.965184 0.437500 10.582264 2.768024 74.137505 0.636364 0.377931 8.944272 116.565051 3.333974 -168.690068 
31.000000 70.000000 44.820538 1.000000 14.000000 13.199000 0.900381 0.583333 7.052660 3.068624 -29.120260 0.875000 0.658874 7.211103 -146.309932 3.794733 -71.565051 
9.000000 74.000000 73.696743 1.000000 32.000000 23.049000 0.949739 0.484848 12.121844 3.794659 69.754300 0.842105 0.586232 11.704700 109.983107 4.427189 -161.565051 
17.000000 72.000000 43.667227 2.000000 8.000000 11.512000 0.962015 0.444444 7.245945 1.978118 75.200687 0.727273 0.468179 6.708204 116.565051 2.353394 11.309932 
38.000000 73.000000 31.490323 3.000000 4.000000 4.408000 0.870424 0.666667 3.435909 1.691507 31.717474 1.000000 0.881907 3.605551 146.309932 2.000000 -90.000000 
44.000000 72.000000 127.096854 8.000000 7.000000 8.626000 0.294617 0.437500 3.879126 3.706952 45.000000 0.777778 0.635232 4.242641 135.000000 3.535534 45.000000 
57.000000 74.000000 71.995545 11.000000 6.000000 5.905000 0.632456 0.666667 3.333333 2.581989 -45.000000 1.000000 0.921279 3.605551 -146.309932 2.828427 -45.000000 
47.000000 74.000000 188.966974 6.000000 23.000000 17.252000 0.523834 0.469388 6.319098 5.382737 43.892622 0.920000 0.694945 7.280110 164.054604 5.656854 45.000000 
58.000000 78.000000 86.397037 1.000000 26.000000 25.009000 0.952903 0.406250 11.962083 3.627813 46.289433 0.764706 0.412295 11.313708 135.000000 4.242641 45.000000 
26.000000 78.000000 40.325434 2.000000 8.000000 12.248000 0.977249 0.571429 7.743964 1.642465 77.612430 0.800000 0.424469 7.280110 105.945396 2.000000 0.000000 
44.000000 78.000000 43.235570 2.000000 8.000000 13.952000 0.924934 0.333333 7.205214 2.738898 59.292360 0.666667 0.344059 6.708204 116.565051 3.200000 36.869898 
50.000000 79.000000 147.344183 1.000000 32.000000 17.417000 0.576637 0.761905 7.227497 5.904867 -28.297919 0.969697 0.951422 7.810250 -140.194429 6.000000 -90.000000 
11.000000 81.000000 75.957179 1.000000 28.000000 23.024000 0.967952 0.583333 12.238907 3.073637 74.838197 0.903226 0.513933 12.649111 108.434949 3.794733 18.434949 
21.000000 79.000000 30.834706 2.000000 1.000000 0.000000 0.000000 1.000000 1.154701 1.154701 0.000000 1.000000 1.000000 1.414214 135.000000 1.000000 -90.000000 
33.000000 79.000000 29.354153 6.000000 1.000000 0.000000 0.000000 1.000000 1.154701 1.154701 0.000000 1.000000 1.000000 1.414214 135.000000 1.000000 -90.000000 
26.000000 83.000000 53.389052 1.000000 32.000000 28.168000 0.971978 0.457143 15.013297 3.529174 80.083157 0.761905 0.410209 14.560220 105.945396 4.109975 9.462322 
43.000000 85.000000 37.123018 1.000000 6.000000 8.998000 0.960280 0.400000 6.023770 1.680865 64.805344 0.857143 0.511626 5.830952 120.963757 2.213594 -161.565051 
51.000000 86.000000 65.944629 2.000000 44.000000 23.413000 0.810274 0.628571 10.134690 5.939448 26.069283 0.880000 0.784121 10.770330 158.198591 6.640783 71.565051 
58.000000 85.000000 74.230833 1.000000 23.000000 15.920000 0.893857 0.657143 8.322172 3.731259 -60.567811 0.920000 0.795462 8.602325 -125.537678 4.437602 -33.690068 
6.000000 87.000000 34.485001 1.000000 5.000000 6.368000 0.923687 0.625000 4.492622 1.721341 -69.006394 0.833333 0.694794 4.472136 -116.565051 2.000000 0.000000 
19.000000 87.000000 29.563957 2.000000 1.000000 0.000000 0.000000 1.000000 1.154701 1.154701 0.000000 1.000000 1.000000 1.414214 135.000000 1.000000 -90.000000 
17.000000 88.000000 31.987779 2.000000 1.000000 0.000000 0.000000 1.000000 1.154701 1.154701 0.000000 1.000000 1.000000 1.414214 135.000000 1.000000 -90.000000 
41.000000 89.000000 58.478037 1.000000 3.000000 3.093000 0.730297 0.750000 2.581989 1.763834 45.000000 1.000000 0.969873 2.828427 135.000000 2.000000 -90.000000 
9.000000 93.000000 40.144371 1.000000 16.000000 20.419000 0.979347 0.320000 11.748376 2.375357 66.122288 0.695652 0.362207 11.180340 116.565051 3.020048 23.198591 
32.000000 92.000000 88.882453 1.000000 46.000000 37.257000 0.984721 0.511111 19.841133 3.455069 79.788726 0.766667 0.354189 18.248288 99.462322 4.203808 -169.695154 
46.000000 91.000000 48.740238 1.000000 6.000000 6.368000 0.833333 0.750000 4.000000 2.211083 0.000000 1.000000 0.833753 4.123106 165.963757 2.000000 -90.000000 
19.000000 94.000000 52.500438 1.000000 21.000000 21.428000 0.970410 0.636364 11.442967 2.763055 82.217189 0.875000 0.437153 11.180340 100.304846 3.000000 0.000000 
39.000000 96.000000 50.887269 7.000000 8.000000 8.882000 0.920807 0.800000 5.445698 2.123921 -8.677012 1.000000 0.695395 5.385165 -158.198591 2.000000 -90.000000 
13.000000 96.000000 54.957185 11.000000 7.000000 7.592000 0.904042 0.583333 4.933730 2.108892 -56.599295 1.000000 0.763515 5.000000 -126.869898 2.683282 -26.565051 
50.000000 93.000000 40.128833 3.000000 8.000000 10.313000 0.738679 0.533333 4.934792 3.326333 2.158014 0.727273 0.555340 5.099020 168.690068 3.000000 -90.000000 
25.000000 96.000000 34.188269 9.000000 2.000000 2.812000 0.925820 0.500000 3.055050 1.154701 -45.000000 1.000000 0.709058 2.828427 -135.000000 1.414214 -45.000000 
47.000000 96.000000 43.776180 2.000000 7.000000 9.643000 0.930984 0.700000 5.735421 2.093767 10.047616 0.777778 0.538188 5.385165 158.198591 2.000000 -90.000000 
8.000000 99.000000 33.966553 1.000000 8.000000 10.288000 0.956611 0.666667 6.470141 1.885191 -78.474350 0.888889 0.557409 6.324555 -108.434949 2.000000 0.000000 
44.000000 99.000000 38.609575 1.000000 7.000000 13.770000 0.972941 0.333333 8.335921 1.926057 -75.445072 0.636364 0.307566 7.280110 -105.945396 2.353394 168.690068 
20.000000 99.000000 64.128024 1.000000 34.000000 27.978000 0.957367 0.523077 13.926786 4.023101 -80.149082 0.739130 0.441185 13.341664 -102.994617 4.706787 -11.309932 
14.000000 102.000000 45.535280 3.000000 11.000000 13.472000 0.964050 0.523810 8.243264 2.190415 9.786563 0.785714 0.500813 7.280110 164.054604 2.549510 -101.309932 
40.000000 102.000000 58.983776 2.000000 10.000000 10.288000 0.928132 0.833333 6.110101 2.274496 0.000000 1.000000 0.696762 6.082763 170.537678 2.000000 -90.000000 
48.000000 105.000000 39.699330 3.000000 9.000000 14.250000 0.965477 0.250000 8.488191 2.211083 45.000000 0.750000 0.373916 7.810250 129.805571 2.828427 45.000000 
9.000000 105.000000 38.244692 1.000000 8.000000 11.421000 0.953002 0.666667 7.011052 2.124104 -82.203595 0.800000 0.474048 6.324555 -108.434949 2.000000 0.000000 
42.000000 104.000000 41.237104 6.000000 3.000000 3.093000 0.730297 0.750000 2.581989 1.763834 -45.000000 1.000000 0.969873 2.828427 -135.000000 2.000000 -90.000000 
35.000000 106.000000 44.172229 1.000000 4.000000 5.880000 0.968246 1.000000 4.618802 1.154701 90.000000 1.000000 0.617595 4.123106 104.036243 1.000000 0.000000 
38.000000 109.000000 54.247053 1.000000 14.000000 18.550000 0.920390 0.333333 9.010691 3.523193 31.747886 0.636364 0.373900 8.602325 144.462322 4.242641 45.000000 
9.000000 109.000000 42.283211 1.000000 23.000000 23.851000 0.947922 0.383333 12.080045 3.847525 76.723385 0.589744 0.396687 11.180340 116.565051 4.743416 18.434949 
28.000000 108.000000 45.272763 1.000000 29.000000 28.747000 0.981540 0.517857 15.956320 3.051787 84.405169 0.725000 0.358375 14.317821 102.094757 3.644240 6.340192 
45.000000 107.000000 34.237118 3.000000 3.000000 3.093000 0.730297 0.750000 2.581989 1.763834 45.000000 1.000000 0.969873 2.828427 135.000000 2.000000 -90.000000 
41.000000 109.000000 29.504305 2.000000 1.000000 0.000000 0.000000 1.000000 1.154701 1.154701 0.000000 1.000000 1.000000 1.414214 135.000000 1.000000 -90.000000 
48.000000 108.000000 29.871555 8.000000 3.000000 3.093000 0.730297 0.750000 2.581989 1.763834 -45.000000 1.000000 0.969873 2.828427 -135.000000 2.000000 -90.000000 
42.000000 114.000000 47.057339 1.000000 29.000000 34.942000 0.660874 0.322222 11.376275 8.537861 -2.239287 0.508772 0.251265 10.440307 -163.300756 8.653716 105.945396 
15.000000 114.000000 40.363347 1.000000 14.000000 16.656000 0.972870 0.518519 9.388955 2.172159 73.388187 0.823529 0.448862 9.486833 108.434949 2.846050 18.434949 
48.000000 117.000000 33.572521 5.000000 6.000000 10.958000 0.978582 0.333333 7.387565 1.520781 20.776307 0.750000 0.379270 6.708204 153.434949 1.897367 71.565051 
36.000000 118.000000 46.317748 1.000000 20.000000 25.166000 0.987962 0.384615 14.056258 2.174459 12.647368 0.769231 0.313642 13.341664 167.005383 2.667892 75.963757 
7.000000 117.000000 38.923514 2.000000 4.000000 6.368000 0.958153 0.500000 4.964579 1.421135 67.500000 0.800000 0.555835 4.472136 116.565051 1.788854 26.565051 
28.000000 119.000000 43.239174 1.000000 19.000000 20.692000 0.948019 0.351852 11.126698 3.540676 56.290621 0.678571 0.420324 10.295630 119.054604 4.529039 -141.340192 
8.000000 122.000000 56.695849 1.000000 12.000000 14.696000 0.969462 0.500000 8.626320 2.115537 74.190286 0.857143 0.473935 8.544004 110.556045 2.667892 14.036243 
19.000000 122.000000 68.042417 1.000000 26.000000 22.743000 0.959099 0.787879 11.660256 3.300673 -87.764056 0.896552 0.487641 11.401754 -105.255119 3.000000 0.000000 
43.000000 128.000000 56.104324 1.000000 24.000000 26.671000 0.646398 0.380952 9.449533 7.210001 -19.083405 0.585366 0.339329 9.486833 161.565051 7.000000 -90.000000 
45.000000 123.000000 30.275860 1.000000 1.000000 0.000000 0.000000 1.000000 1.154701 1.154701 0.000000 1.000000 1.000000 1.414214 135.000000 1.000000 -90.000000 
31.000000 124.000000 45.797200 1.000000 1.000000 0.000000 0.000000 1.000000 1.154701 1.154701 0.000000 1.000000 1.000000 1.414214 135.000000 1.000000 -90.000000 
34.000000 126.000000 40.279047 6.000000 2.000000 1.960000 0.866025 1.000000 2.309401 1.154701 0.000000 1.000000 0.965669 2.236068 153.434949 1.000000 -90.000000 
11.000000 128.000000 64.885473 1.000000 24.000000 21.064000 0.941960 0.600000 10.850370 3.642729 -80.695802 0.774194 0.514742 10.770330 -111.801409 4.000000 0.000000 
6.000000 129.000000 61.056730 2.000000 7.000000 6.922000 0.856222 0.875000 4.312826 2.228038 81.650378 1.000000 0.868564 4.472136 116.565051 2.000000 0.000000 
27.000000 130.000000 55.554041 1.000000 15.000000 15.341000 0.729117 0.535714 6.391323 4.374153 75.290462 0.789474 0.551792 7.071068 98.130102 4.000000 0.000000 
33.000000 132.000000 52.558521 1.000000 24.000000 26.944000 0.988814 0.428571 15.476823 2.308476 76.208401 0.774194 0.333199 14.560220 105.945396 2.910428 14.036243 
10.000000 133.000000 48.636388 2.000000 15.000000 23.231000 0.951529 0.340909 11.910198 3.663098 -89.682761 0.555556 0.271016 11.180340 -100.304846 3.781141 -5.710593 
19.000000 131.000000 41.980466 1.000000 10.000000 9.461000 0.804316 0.666667 4.979248 2.958675 80.692154 0.909091 0.791207 5.385165 111.801409 3.000000 0.000000 
23.000000 132.000000 62.269506 1.000000 15.000000 11.992000 0.471582 0.600000 4.864383 4.289522 0.000000 1.000000 0.823033 5.385165 158.198591 4.919350 -63.434949 
60.000000 133.000000 68.316360 3.000000 10.000000 8.998000 0.793574 0.625000 4.864662 2.960022 -37.534291 1.000000 0.852711 5.000000 -143.130102 3.535534 135.000000 
40.000000 134.000000 39.626497 5.000000 9.000000 11.049000 0.858338 0.600000 5.528981 2.836838 7.627559 0.750000 0.561631 5.385165 158.198591 3.000000 -90.000000 
14.000000 138.000000 56.524908 1.000000 40.000000 38.498000 0.986434 0.246914 20.394081 3.347854 62.502389 0.754717 0.289906 19.697716 113.962489 4.472136 26.565051 
25.000000 134.000000 43.138626 1.000000 3.000000 3.093000 0.730297 0.750000 2.581989 1.763834 45.000000 1.000000 0.969873 2.828427 135.000000 2.000000 -90.000000 
44.000000 134.000000 47.052634 5.000000 17.000000 19.956000 0.971507 0.472222 10.903878 2.584316 16.703912 0.739130 0.400429 9.848858 156.037511 3.152963 75.963757 
58.000000 137.000000 161.953181 3.000000 32.000000 24.538000 0.857686 0.484848 9.894196 5.087330 -3.038990 0.761905 0.524856 11.704700 -160.016893 6.000000 -90.000000 
48.000000 133.000000 35.550933 1.000000 2.000000 1.960000 0.866025 1.000000 2.309401 1.154701 90.000000 1.000000 0.965669 2.236068 116.565051 1.000000 0.000000 
56.000000 143.000000 149.690899 3.000000 32.000000 27.747000 0.530688 0.444444 8.243078 6.986564 -89.017370 0.761905 0.421467 9.219544 102.528808 7.400000 -36.869898 
12.000000 145.000000 39.068460 4.000000 7.000000 11.438000 0.975028 0.280000 7.487640 1.662885 41.481030 0.875000 0.413825 7.071068 135.000000 2.121320 45.000000 
24.000000 145.000000 55.181048 1.000000 18.000000 17.326000 0.960641 0.500000 9.611324 2.669947 67.981136 0.900000 0.539944 9.848858 113.962489 3.478505 18.434949 
34.000000 144.000000 45.625527 1.000000 1.000000 0.000000 0.000000 1.000000 1.154701 1.154701 0.000000 1.000000 1.000000 1.414214 135.000000 1.000000 -90.000000 
43.000000 142.000000 45.603605 6.000000 24.000000 17.971000 0.887125 0.600000 8.801723 4.062253 -15.099093 0.857143 0.676609 8.944272 -153.434949 4.525483 -81.869898 
38.000000 147.000000 30.399972 8.000000 1.000000 0.000000 0.000000 1.000000 1.154701 1.154701 0.000000 1.000000 1.000000 1.414214 135.000000 1.000000 -90.000000 
51.000000 149.000000 93.511178 2.000000 27.000000 25.216000 0.938576 0.333333 12.056451 4.160366 44.204430 0.692308 0.421925 11.401754 127.874984 4.949747 45.000000 
60.000000 146.000000 73.749302 2.000000 15.000000 15.366000 0.507910 0.500000 5.930194 5.108329 6.800271 0.750000 0.550302 6.403124 -128.659808 5.000000 -90.000000 
18.000000 152.000000 91.497531 1.000000 21.000000 22.586000 0.971047 0.420000 11.574872 2.765125 -67.174205 0.724138 0.398686 11.180340 -116.565051 3.413967 -23.198591 
8.000000 152.000000 47.285892 1.000000 13.000000 14.696000 0.965043 0.541667 8.492728 2.225858 72.841397 0.866667 0.513429 8.544004 110.556045 2.846050 -161.565051 
43.000000 153.000000 91.175318 1.000000 21.000000 24.637000 0.343843 0.500000 6.891813 6.471599 73.565661 0.656250 0.341986 8.062258 -119.744881 6.000000 0.000000 
55.000000 151.000000 162.632241 2.000000 25.000000 17.814000 0.848786 0.625000 8.238115 4.355792 -7.774902 0.862069 0.715402 8.246211 165.963757 4.902903 -78.690068 
35.000000 154.000000 91.620915 1.000000 26.000000 28.284000 0.963255 0.309524 13.941757 3.744583 -67.414929 0.634146 0.330839 13.000000 -112.619865 5.269652 146.309932 
51.000000 154.000000 135.959169 1.000000 16.000000 16.656000 0.957004 0.592593 9.053067 2.626051 -80.171483 0.842105 0.512985 9.219544 -102.528808 3.000000 0.000000 
27.000000 156.000000 124.990143 8.000000 20.000000 18.550000 0.959274 0.444444 10.114524 2.857108 -65.872367 0.869565 0.534142 9.848858 -113.962489 3.577709 -26.565051 
59.000000 155.000000 74.138846 1.000000 15.000000 12.000000 0.439792 0.600000 4.954022 4.449207 -85.692176 0.937500 0.822163 5.385165 111.801409 4.919350 -26.565051 
50.000000 158.000000 136.101492 1.000000 22.000000 19.013000 0.956054 0.488889 10.666707 3.127393 -67.609465 0.846154 0.563255 9.848858 -113.962489 3.899602 158.198591 
57.000000 158.000000 119.485982 1.000000 16.000000 14.994000 0.938609 0.457143 8.192459 2.826267 -28.868915 0.842105 0.611317 8.062258 -150.255119 3.577709 116.565051 
19.000000 161.000000 84.005718 1.000000 78.000000 55.567000 0.987501 0.412698 27.859445 4.390972 80.657999 0.735849 0.284381 27.658633 102.528808 5.753965 -170.537678 
42.000000 159.000000 137.516411 1.000000 28.000000 35.223000 0.706856 0.400000 9.867127 6.979587 -88.653423 0.560000 0.239060 10.440307 -106.699244 6.646804 -171.869898 
52.000000 163.000000 84.906219 1.000000 35.000000 28.102000 0.853761 0.583333 10.757572 5.601101 75.697602 0.729167 0.450563 10.440307 106.699244 6.000000 0.000000 
36.000000 162.000000 175.906174 1.000000 29.000000 30.451000 0.633317 0.517857 8.473421 6.557514 -53.726689 0.725000 0.322939 8.602325 -144.462322 6.933752 146.309932 
45.000000 164.000000 198.396651 1.000000 26.000000 18.732000 0.837772 0.650000 8.259593 4.509908 -86.878383 0.866667 0.682878 8.544004 -110.556045 5.000000 0.000000 
34.000000 167.000000 149.344728 1.000000 23.000000 18.178000 0.609252 0.547619 6.681577 5.298334 8.489855 0.821429 0.635887 7.280110 164.054604 6.000000 -90.000000 
8.000000 169.000000 66.122396 1.000000 21.000000 21.064000 0.966676 0.420000 11.302093 2.893360 -76.320262 0.724138 0.450399 10.440307 -106.699244 3.362422 -12.528808 
29.000000 170.000000 73.507368 2.000000 15.000000 21.362000 0.886372 0.375000 9.130122 4.227001 -74.294065 0.555556 0.313936 8.246211 -104.036243 4.608177 165.963757 
44.000000 169.000000 138.599953 1.000000 44.000000 36.124000 0.933418 0.523810 14.379184 5.159117 74.540661 0.745763 0.358623 13.416408 116.565051 5.578319 -165.963757 
19.000000 170.000000 109.879078 1.000000 47.000000 29.715000 0.929173 0.723077 13.314685 4.921717 -87.055671 0.886792 0.547095 13.152946 98.746162 5.000000 0.000000 
52.000000 170.000000 61.256317 1.000000 19.000000 27.813000 0.790906 0.351852 9.573348 5.858294 -19.046271 0.513514 0.249180 9.433981 -147.994617 5.953667 -97.125016 
57.000000 171.000000 43.037510 1.000000 11.000000 18.269000 0.969894 0.458333 9.455051 2.302549 12.960200 0.647059 0.301540 8.544004 159.443955 2.846050 71.565051 
27.000000 174.000000 69.232319 1.000000 23.000000 21.362000 0.893272 0.575000 9.376482 4.214886 -80.384121 0.741935 0.481369 8.544004 -110.556045 4.608177 -14.036243 
35.000000 173.000000 84.430449 1.000000 18.000000 21.362000 0.859093 0.428571 8.862136 4.535819 50.525729 0.666667 0.376724 8.062258 119.744881 4.949747 45.000000 
40.000000 174.000000 92.602201 1.000000 7.000000 9.734000 0.937025 0.466667 6.154863 2.149666 -66.704430 0.875000 0.530608 5.830952 -120.963757 2.683282 -26.565051 
50.000000 177.000000 60.833105 1.000000 17.000000 16.565000 0.707612 0.680000 6.539650 4.620923 38.880200 0.809524 0.550092 7.071068 135.000000 5.000000 -90.000000 
8.000000 177.000000 66.228423 1.000000 29.000000 23.024000 0.956148 0.659091 11.897270 3.484514 -79.642118 0.852941 0.532288 11.401754 -105.255119 4.000000 0.000000 
37.000000 176.000000 44.749792 11.000000 1.000000 0.000000 0.000000 1.000000 1.154701 1.154701 0.000000 1.000000 1.000000 1.414214 135.000000 1.000000 -90.000000 
45.000000 177.000000 98.710509 1.000000 23.000000 29.136000 0.691817 0.547619 8.045728 5.809601 -65.203577 0.676471 0.277419 8.062258 -119.744881 5.820855 -14.036243 
20.000000 177.000000 32.337767 5.000000 1.000000 0.000000 0.000000 1.000000 1.154701 1.154701 0.000000 1.000000 1.000000 1.414214 135.000000 1.000000 -90.000000 
55.000000 176.000000 34.173722 1.000000 3.000000 3.920000 0.942809 1.000000 3.464102 1.154701 0.000000 1.000000 0.756007 3.162278 161.565051 1.000000 -90.000000 
15.000000 178.000000 43.374471 1.000000 4.000000 4.590000 0.731925 0.666667 3.055050 2.081666 90.000000 1.000000 0.840876 3.162278 108.434949 2.000000 0.000000 
34.000000 178.000000 166.297957 1.000000 25.000000 17.210000 0.755530 0.714286 7.547485 4.944465 -78.898261 0.925926 0.758496 8.062258 -119.744881 5.000000 0.000000 
41.000000 178.000000 149.939632 1.000000 12.000000 10.106000 0.737438 0.750000 4.995102 3.373765 -58.912048 0.923077 0.859245 5.656854 -135.000000 3.794733 161.565051 
11.000000 181.000000 52.266895 1.000000 14.000000 15.184000 0.962318 0.400000 8.829664 2.401028 65.276054 0.777778 0.523868 8.602325 125.537678 2.971125 21.801409 
55.000000 180.000000 32.407837 4.000000 1.000000 0.000000 0.000000 1.000000 1.154701 1.154701 0.000000 1.000000 1.000000 1.414214 135.000000 1.000000 -90.000000 
6.000000 183.000000 69.943220 1.000000 8.000000 8.237000 0.824432 0.666667 4.618802 2.614065 -66.801409 0.888889 0.776467 5.000000 -126.869898 3.000000 0.000000 
35.000000 184.000000 161.735051 1.000000 32.000000 35.612000 0.953946 0.290909 15.145921 4.543429 -55.601271 0.603774 0.267754 14.212670 -129.289407 5.600000 143.130102 
42.000000 184.000000 118.860848 1.000000 19.000000 21.726000 0.771486 0.542857 7.302349 4.646089 69.595211 0.730769 0.386097 7.615773 113.198591 5.000000 0.000000 
54.000000 184.000000 103.892354 1.000000 17.000000 18.434000 0.735142 0.485714 7.375628 5.000035 72.406759 0.680000 0.458916 8.062258 119.744881 5.000000 0.000000 
10.000000 184.000000 48.939789 10.000000 7.000000 8.882000 0.942088 0.700000 5.788786 1.941356 -80.384664 0.875000 0.608470 5.385165 -111.801409 2.000000 0.000000 
49.000000 185.000000 227.114649 1.000000 1.000000 0.000000 0.000000 1.000000 1.154701 1.154701 0.000000 1.000000 1.000000 1.414214 135.000000 1.000000 -90.000000 
16.000000 185.000000 48.118327 1.000000 11.000000 13.100000 0.902060 0.611111 6.509674 2.809648 87.800647 0.785714 0.524017 6.324555 108.434949 3.000000 0.000000 
25.000000 188.000000 67.177024 1.000000 32.000000 30.914000 0.984535 0.304762 16.349974 2.864333 21.523815 0.820513 0.346723 16.552945 154.983107 3.628276 -110.556045 
30.000000 189.000000 115.887942 1.000000 31.000000 32.874000 0.918418 0.397436 14.392183 5.693707 -8.642487 0.584906 0.300324 13.928388 -158.962489 6.000000 -90.000000 
35.000000 189.000000 209.156478 1.000000 25.000000 21.453000 0.714654 0.510204 7.945012 5.557360 -52.360203 0.757576 0.519363 8.062258 -119.744881 6.101702 -33.690068 
10.000000 189.000000 49.840448 1.000000 12.000000 16.863000 0.962398 0.375000 8.625484 2.343058 67.140695 0.800000 0.376818 8.544004 110.556045 2.683282 26.565051 
57.000000 189.000000 68.931800 1.000000 8.000000 9.643000 0.892790 0.533333 5.348904 2.409542 22.277928 0.888889 0.615072 5.830952 149.036243 2.846050 -108.434949 
53.000000 188.000000 111.734608 2.000000 11.000000 15.457000 0.888910 0.458333 7.289473 3.339174 -58.282526 0.687500 0.399616 6.708204 -116.565051 3.882901 146.309932 
6.000000 190.000000 53.428164 1.000000 5.000000 6.550000 0.889464 0.625000 4.253087 1.943686 84.847577 1.000000 0.668944 4.123106 104.036243 2.000000 0.000000 
44.000000 189.000000 189.655437 1.000000 33.000000 32.337000 0.636358 0.366667 9.207371 7.102508 52.059752 0.702128 0.329451 10.440307 106.699244 7.071068 45.000000 
58.000000 194.000000 122.611624 1.000000 1.000000 0.000000 0.000000 1.000000 1.154701 1.154701 0.000000 1.000000 1.000000 1.414214 135.000000 1.000000 -90.000000 
47.000000 195.000000 144.027281 1.000000 28.000000 18.451000 0.644764 0.666667 7.696656 5.883181 29.762413 0.848485 0.754672 8.062258 150.255119 6.000000 -90.000000 
52.000000 193.000000 184.051091 1.000000 18.000000 22.098000 0.772339 0.500000 7.481998 4.752642 40.533509 0.666667 0.355073 8.485281 135.000000 5.366563 -116.565051 
15.000000 195.000000 45.991214 6.000000 18.000000 24.836000 0.978743 0.200000 13.187840 2.704709 -51.161248 0.666667 0.288976 12.806248 -128.659808 3.508232 142.125016 
7.000000 200.000000 49.869861 1.000000 13.000000 13.216000 0.791023 0.520000 5.869970 3.591171 -48.531301 0.866667 0.610540 6.403124 -141.340192 4.000000 -36.869898 
30.000000 197.000000 73.589457 1.000000 29.000000 28.375000 0.570996 0.591837 8.135905 6.679195 49.872323 0.763158 0.366884 8.602325 125.537678 6.957011 -161.565051 
39.000000 195.000000 89.286526 1.000000 38.000000 35.331000 0.784452 0.431818 11.769705 7.299452 -73.942048 0.603175 0.322619 11.704700 -109.983107 8.000000 0.000000 
60.000000 202.000000 160.609725 4.000000 14.000000 16.284000 0.879300 0.500000 7.262480 3.458883 12.051117 0.777778 0.466218 7.280110 164.054604 4.000000 -90.000000 
11.000000 200.000000 33.830973 3.000000 1.000000 0.000000 0.000000 1.000000 1.154701 1.154701 0.000000 1.000000 1.000000 1.414214 135.000000 1.000000 -90.000000 
52.000000 198.000000 183.617788 1.000000 21.000000 24.174000 0.536375 0.500000 6.795619 5.735363 -62.496010 0.724138 0.353678 7.615773 -113.198591 6.000000 0.000000 
57.000000 199.000000 77.303793 2.000000 4.000000 3.556000 0.000000 1.000000 2.309401 2.309401 0.000000 1.000000 1.000000 2.828427 135.000000 2.000000 -90.000000 
25.000000 201.000000 57.727759 1.000000 15.000000 12.736000 0.884433 0.714286 6.633250 3.095516 90.000000 0.882353 0.747708 7.071068 98.130102 3.000000 0.000000 
40.000000 200.000000 181.328024 2.000000 20.000000 15.639000 0.900536 0.571429 7.956169 3.459196 61.182522 0.952381 0.712560 8.602325 125.537678 4.242641 45.000000 
11.000000 203.000000 69.825822 1.000000 13.000000 13.960000 0.947084 0.433333 8.013493 2.572212 -40.841720 0.812500 0.558573 7.810250 -140.194429 3.400000 -53.130102 
25.000000 206.000000 36.697265 6.000000 12.000000 17.062000 0.984396 0.244898 10.229780 1.800133 -46.098886 0.923077 0.369431 9.899495 -135.000000 2.121320 -45.000000 
45.000000 205.000000 81.288609 1.000000 40.000000 29.293000 0.654281 0.519481 10.821135 8.183501 -5.148334 0.655738 0.477807 11.401754 -164.744881 7.000000 -90.000000 
50.000000 205.000000 159.178908 2.000000 38.000000 26.853000 0.708491 0.542857 10.138778 7.155135 5.571719 0.745098 0.530771 10.295630 150.945396 7.000000 -90.000000 
31.000000 202.000000 63.084855 1.000000 7.000000 6.831000 0.688972 0.777778 3.763583 2.727798 -59.527302 0.875000 0.884488 4.242641 -135.000000 3.000000 -90.000000 
38.000000 208.000000 133.627853 1.000000 41.000000 32.800000 0.917568 0.414141 12.954399 5.150398 -27.922662 0.732143 0.398840 13.601471 -143.972627 6.260990 -63.434949 
6.000000 207.000000 42.564366 1.000000 8.000000 9.370000 0.942087 0.533333 6.119976 2.052453 -66.890562 0.888889 0.642206 5.830952 -120.963757 2.529822 161.565051 
58.000000 206.000000 131.065153 2.000000 18.000000 15.937000 0.783626 0.500000 6.782344 4.213418 45.150250 0.818182 0.621426 6.708204 116.565051 4.949747 -135.000000 
53.000000 211.000000 165.758882 2.000000 44.000000 34.462000 0.763434 0.550000 11.110222 7.175938 -86.834265 0.771930 0.391024 10.770330 -111.801409 8.000000 0.000000 
60.000000 211.000000 95.348599 1.000000 20.000000 26.225000 0.934586 0.400000 11.563146 4.113431 7.544083 0.606061 0.291429 11.180340 153.434949 5.000000 -90.000000 
9.000000 212.000000 45.805900 1.000000 12.000000 15.738000 0.975487 0.375000 9.479993 2.086133 68.342342 0.750000 0.423064 8.944272 116.565051 2.683282 26.565051 
29.000000 215.000000 47.857483 1.000000 20.000000 26.142000 0.990338 0.256410 14.953486 2.073623 -68.494088 0.740741 0.293083 14.317821 -114.775141 2.785430 158.198591 
21.000000 216.000000 42.378843 2.000000 8.000000 8.055000 0.829512 0.666667 4.633571 2.587796 56.981244 0.888889 0.801915 5.000000 126.869898 3.000000 0.000000 
6.000000 217.000000 47.934053 1.000000 10.000000 11.512000 0.943055 0.555556 6.880972 2.288862 -77.886127 0.769231 0.585223 6.324555 -108.434949 2.667892 165.963757 
17.000000 218.000000 55.063784 1.000000 14.000000 13.100000 0.896102 0.666667 6.762978 3.001738 76.945286 0.933333 0.666931 7.280110 105.945396 3.000000 0.000000 
40.000000 216.000000 65.773000 1.000000 31.000000 30.650000 0.881452 0.430556 11.169250 5.274945 -62.745957 0.584906 0.341157 12.041595 -131.633539 7.155418 153.434949 
59.000000 217.000000 71.869007 6.000000 21.000000 14.787000 0.651972 0.840000 6.160591 4.671227 -54.584213 0.913043 0.820988 7.071068 -135.000000 5.000000 -90.000000 
49.000000 217.000000 121.988573 1.000000 40.000000 24.248000 0.762732 0.666667 9.927914 6.420528 -7.851914 0.833333 0.670037 11.180340 -153.434949 6.000000 -90.000000 
54.000000 217.000000 54.089978 2.000000 9.000000 9.643000 0.594210 0.750000 4.206084 3.382996 -72.652423 0.818182 0.691956 5.000000 -126.869898 3.000000 0.000000 
23.000000 220.000000 41.879363 1.000000 17.000000 19.956000 0.964785 0.425000 10.913484 2.870666 -84.996010 0.653846 0.400429 10.049876 95.710593 3.472973 -7.125016 
33.000000 220.000000 32.403300 2.000000 3.000000 4.590000 0.928995 0.500000 3.854129 1.426385 61.845034 1.000000 0.630657 3.605551 123.690068 1.788854 26.565051 
9.000000 222.000000 64.229132 1.000000 16.000000 16.838000 0.958255 0.592593 9.098077 2.601282 -89.575967 0.800000 0.503682 9.055385 96.340192 3.000000 0.000000 
40.000000 223.000000 43.375799 5.000000 5.000000 7.774000 0.799510 0.416667 4.346387 2.610668 -16.002692 0.714286 0.527333 4.472136 -153.434949 2.846050 -71.565051 
14.000000 224.000000 61.268900 1.000000 10.000000 13.216000 0.877357 0.555556 6.457898 3.098744 -11.749283 0.769231 0.469646 6.324555 -161.565051 3.000000 -90.000000 
48.000000 223.000000 42.904864 6.000000 14.000000 16.954000 0.806271 0.400000 6.660798 3.940169 -13.101212 0.700000 0.435649 7.615773 -156.801409 4.608177 104.036243 
60.000000 226.000000 67.426637 2.000000 10.000000 12.248000 0.962539 0.714286 7.341915 1.990716 8.956255 0.909091 0.530586 7.280110 164.054604 2.000000 -90.000000 
51.000000 224.000000 34.065484 5.000000 8.000000 9.552000 0.925959 0.533333 5.779562 2.182505 22.853660 1.000000 0.623923 5.830952 149.036243 2.683282 63.434949 
38.000000 225.000000 44.631014 4.000000 4.000000 5.905000 0.926289 0.444444 4.355771 1.641317 50.309828 0.800000 0.614186 4.242641 135.000000 2.121320 45.000000 
40.000000 228.000000 41.450314 6.000000 19.000000 18.153000 0.949236 0.703704 9.338173 2.937452 8.123638 0.863636 0.526532 9.486833 161.565051 3.000000 -90.000000 
24.000000 228.000000 58.391510 1.000000 44.000000 37.786000 0.985296 0.578947 20.244378 3.458907 88.313799 0.758621 0.330088 19.104973 -96.009006 3.847341 -175.914383 
49.000000 229.000000 38.201584 1.000000 11.000000 15.060000 0.963977 0.458333 8.849635 2.353870 -1.041283 0.687500 0.417238 8.062258 172.874984 3.000000 -90.000000 
14.000000 229.000000 54.600849 1.000000 12.000000 11.140000 0.425579 0.750000 4.414400 3.994686 -59.089295 0.923077 0.739329 5.000000 126.869898 4.000000 -90.000000 
44.000000 232.000000 39.662365 1.000000 17.000000 22.379000 0.891627 0.377778 10.163229 4.601603 85.891245 0.566667 0.328003 9.055385 96.340192 5.000000 0.000000 
7.000000 234.000000 42.869624 10.000000 4.000000 4.408000 0.870424 0.666667 3.435909 1.691507 -58.282526 1.000000 0.881907 3.605551 -123.690068 2.000000 0.000000 
17.000000 232.000000 43.149586 1.000000 5.000000 7.220000 0.948099 0.416667 5.066665 1.611077 -35.279983 0.833333 0.585230 5.000000 -143.130102 2.121320 -45.000000 
54.000000 233.000000 34.701748 2.000000 2.000000 1.960000 0.866025 1.000000 2.309401 1.154701 90.000000 1.000000 0.965669 2.236068 116.565051 1.000000 0.000000 
15.000000 235.000000 50.043220 2.000000 5.000000 7.402000 0.882464 0.416667 4.587955 2.158086 -25.670096 0.833333 0.565201 4.472136 -153.434949 2.529822 -71.565051 
50.000000 234.000000 32.161595 7.000000 4.000000 4.590000 0.731925 0.666667 3.055050 2.081666 90.000000 1.000000 0.840876 3.162278 108.434949 2.000000 0.000000 
11.000000 236.000000 72.564724 1.000000 21.000000 15.730000 0.887327 0.656250 7.849714 3.619818 -70.870849 1.000000 0.740989 8.544004 -110.556045 4.000000 0.000000 
7.000000 237.000000 55.507048 1.000000 7.000000 11.322000 0.793593 0.466667 5.123816 3.117579 85.454862 0.777778 0.420490 5.099020 101.309932 3.000000 0.000000 
