274
32.000000 121.000000 10.185071 1.000000 10460.000000 591.556000 0.961633 0.680990 280.708396 77.008960 0.349229 0.680990 0.371663 248.386795 165.068583 64.000000 -90.000000 
6.000000 9.000000 49.122274 2.000000 33.000000 24.248000 0.961095 0.550000 12.704372 3.509169 18.695818 0.916667 0.552780 13.000000 157.380135 4.365641 75.963757 
53.000000 4.000000 24.231408 2.000000 2.000000 1.960000 0.866025 1.000000 2.309401 1.154701 90.000000 1.000000 0.965669 2.236068 116.565051 1.000000 0.000000 
59.000000 8.000000 125.965881 4.000000 31.000000 22.561000 0.940566 0.620000 11.233912 3.815151 14.241812 0.885714 0.589682 10.770330 158.198591 4.365641 75.963757 
12.000000 12.000000 34.777601 3.000000 29.000000 30.269000 0.986226 0.295918 17.517192 2.897399 24.417688 0.659091 0.326467 15.652476 153.434949 3.899602 68.198591 
39.000000 7.000000 45.675169 1.000000 20.000000 19.468000 0.963538 0.500000 10.284645 2.751862 -75.208612 0.800000 0.491648 10.440307 -106.699244 3.395499 165.963757 
31.000000 10.000000 36.882174 1.000000 12.000000 15.656000 0.975587 0.285714 9.497630 2.085806 -41.842187 0.800000 0.426763 8.602325 -144.462322 2.811128 128.659808 
51.000000 8.000000 51.327173 2.000000 8.000000 7.501000 0.765333 0.666667 4.260095 2.741945 -65.592963 1.000000 0.887575 4.472136 -116.565051 3.000000 0.000000 
21.000000 11.000000 38.528188 3.000000 35.000000 26.134000 0.923203 0.454545 11.501631 4.420219 23.659561 0.813953 0.513176 12.529964 151.389540 5.059644 71.565051 
46.000000 10.000000 70.189438 1.000000 26.000000 19.195000 0.876343 0.650000 8.993994 4.332299 77.635299 0.838710 0.654861 8.944272 116.565051 5.000000 0.000000 
38.000000 12.000000 37.084238 1.000000 15.000000 20.783000 0.966413 0.333333 10.992587 2.825031 72.944692 0.625000 0.329315 9.486833 108.434949 3.478505 -161.565051 
50.000000 14.000000 40.531871 1.000000 24.000000 29.946000 0.991390 0.320000 18.344908 2.402062 76.806777 0.648649 0.275480 15.524175 104.931417 3.152963 14.036243 
30.000000 15.000000 33.482067 1.000000 11.000000 14.233000 0.944244 0.523810 7.862363 2.588659 80.478235 0.785714 0.457903 7.280110 105.945396 3.000000 0.000000 
57.000000 16.000000 119.795699 3.000000 14.000000 12.827000 0.896084 0.583333 6.823120 3.028683 34.238700 0.875000 0.689929 7.211103 146.309932 3.882901 56.309932 
37.000000 17.000000 44.202243 1.000000 24.000000 23.694000 0.914389 0.480000 10.486937 4.245487 81.570801 0.727273 0.418792 10.770330 111.801409 4.902903 -168.690068 
27.000000 19.000000 51.403764 5.000000 15.000000 14.051000 0.920438 0.535714 7.588398 2.966217 15.825636 0.833333 0.637703 7.280110 164.054604 3.478505 71.565051 
16.000000 20.000000 41.561802 2.000000 7.000000 11.992000 0.793950 0.350000 5.613312 3.412798 31.296212 0.636364 0.384082 5.385165 158.198591 3.794733 -108.434949 
44.000000 19.000000 37.914993 2.000000 6.000000 10.032000 0.973572 0.300000 6.878242 1.570846 -38.119607 0.857143 0.434463 6.403124 -141.340192 2.121320 -45.000000 
12.000000 19.000000 39.297487 1.000000 11.000000 9.461000 0.615531 0.687500 4.499158 3.545843 -23.198591 0.846154 0.870328 5.000000 -143.130102 4.000000 -90.000000 
20.000000 19.000000 25.435854 1.000000 3.000000 4.590000 0.928995 0.500000 3.854129 1.426385 61.845034 0.750000 0.630657 3.605551 123.690068 1.788854 -153.434949 
58.000000 19.000000 72.674759 2.000000 10.000000 16.309000 0.760123 0.333333 6.755576 4.389631 71.321689 0.526316 0.332158 6.324555 -108.434949 4.608177 -165.963757 
7.000000 25.000000 44.630879 2.000000 30.000000 34.297000 0.912679 0.306122 14.746477 6.026542 -14.836172 0.535714 0.268963 14.317821 -167.905243 6.518574 -84.805571 
22.000000 24.000000 29.074425 7.000000 5.000000 6.368000 0.923687 0.625000 4.492622 1.721341 -20.993606 1.000000 0.694794 4.472136 -153.434949 2.000000 -90.000000 
37.000000 22.000000 42.720612 1.000000 20.000000 20.502000 0.950973 0.500000 10.185459 3.150095 -75.794198 0.800000 0.449586 10.440307 -106.699244 3.846096 -15.945396 
60.000000 25.000000 37.713868 3.000000 15.000000 14.762000 0.965261 0.937500 8.777860 2.293532 1.589915 1.000000 0.588059 8.246211 165.963757 2.000000 -90.000000 
14.000000 25.000000 86.019403 1.000000 28.000000 18.732000 0.820792 0.583333 8.230742 4.701620 -13.740853 0.875000 0.735407 8.485281 -135.000000 5.093248 -75.963757 
25.000000 24.000000 31.364948 5.000000 6.000000 8.998000 0.965254 0.400000 6.286764 1.642810 30.170445 0.857143 0.511626 5.830952 149.036243 2.218801 -123.690068 
31.000000 24.000000 44.374869 9.000000 9.000000 11.810000 0.958735 0.375000 7.069979 2.009998 -57.731673 1.000000 0.505915 7.211103 -123.690068 2.683282 -26.565051 
47.000000 24.000000 33.919406 1.000000 9.000000 11.992000 0.950271 0.375000 7.094273 2.209335 -32.942901 0.818182 0.493820 6.708204 -153.434949 2.773501 123.690068 
42.000000 23.000000 30.607566 2.000000 3.000000 4.590000 0.928995 0.500000 3.854129 1.426385 28.154966 0.750000 0.630657 3.605551 146.309932 1.788854 -116.565051 
54.000000 25.000000 129.163657 3.000000 37.000000 25.927000 0.942475 0.770833 12.503849 4.179734 3.767051 0.902439 0.550254 12.165525 170.537678 4.000000 -90.000000 
21.000000 27.000000 33.828308 1.000000 13.000000 11.512000 0.822789 0.866667 5.713411 3.247201 80.239135 0.928571 0.760790 5.830952 120.963757 3.000000 0.000000 
39.000000 27.000000 52.432729 1.000000 36.000000 29.938000 0.965526 0.480000 15.088803 3.927695 -85.259251 0.734694 0.413421 15.132746 -97.594643 4.637744 -8.746162 
51.000000 29.000000 49.336786 1.000000 16.000000 13.869000 0.919844 0.533333 7.625935 2.991535 -28.750450 0.941176 0.694850 7.810250 -140.194429 3.577709 -63.434949 
25.000000 28.000000 59.420250 1.000000 10.000000 9.552000 0.844366 0.666667 5.153844 2.761261 83.157990 0.833333 0.779903 5.385165 111.801409 3.000000 0.000000 
29.000000 28.000000 50.038909 1.000000 10.000000 9.552000 0.739340 0.833333 4.700115 3.164741 73.997308 0.909091 0.779903 5.000000 126.869898 3.000000 0.000000 
13.000000 29.000000 23.714508 3.000000 3.000000 5.624000 0.769800 0.500000 3.464102 2.211083 90.000000 0.750000 0.490646 3.162278 108.434949 2.000000 0.000000 
32.000000 29.000000 38.965688 2.000000 1.000000 0.000000 0.000000 1.000000 1.154701 1.154701 0.000000 1.000000 1.000000 1.414214 135.000000 1.000000 -90.000000 
17.000000 31.000000 62.801223 2.000000 16.000000 13.869000 0.906309 0.571429 7.485574 3.163518 -15.441849 0.842105 0.694850 7.280110 -164.054604 3.638034 -75.963757 
28.000000 33.000000 41.857022 1.000000 14.000000 17.872000 0.969814 0.518519 9.586254 2.337580 -8.909444 0.823529 0.398416 9.219544 -167.471192 3.000000 -90.000000 
56.000000 31.000000 56.587798 1.000000 2.000000 1.960000 0.866025 1.000000 2.309401 1.154701 0.000000 1.000000 0.965669 2.236068 153.434949 1.000000 -90.000000 
60.000000 36.000000 34.781705 1.000000 20.000000 21.428000 0.972618 0.606061 11.293268 2.624644 9.379665 0.833333 0.416336 11.180340 169.695154 3.000000 -90.000000 
38.000000 33.000000 31.255657 1.000000 8.000000 9.180000 0.859483 0.533333 4.990828 2.551137 -71.642899 0.888889 0.662165 5.385165 -111.801409 3.000000 0.000000 
48.000000 33.000000 54.142726 1.000000 22.000000 25.836000 0.975955 0.564103 14.097675 3.072926 -88.758918 0.709677 0.329236 13.038405 94.398705 3.000000 0.000000 
24.000000 36.000000 46.410873 1.000000 4.000000 4.590000 0.731925 0.666667 3.055050 2.081666 0.000000 1.000000 0.840876 3.162278 161.565051 2.000000 -90.000000 
53.000000 38.000000 92.206312 1.000000 47.000000 25.563000 0.921746 0.652778 12.698340 4.924334 14.701483 0.921569 0.716811 12.649111 161.565051 5.578319 -104.036243 
7.000000 36.000000 37.393519 1.000000 5.000000 7.013000 0.931488 0.625000 4.881890 1.775899 79.099295 0.833333 0.609333 4.472136 116.565051 2.000000 0.000000 
33.000000 36.000000 26.546140 2.000000 3.000000 3.920000 0.942809 1.000000 3.464102 1.154701 90.000000 1.000000 0.756007 3.162278 108.434949 1.000000 0.000000 
46.000000 37.000000 25.041089 5.000000 3.000000 3.920000 0.942809 1.000000 3.464102 1.154701 0.000000 1.000000 0.756007 3.162278 161.565051 1.000000 -90.000000 
23.000000 38.000000 33.549299 2.000000 6.000000 6.368000 0.833333 0.750000 4.000000 2.211083 90.000000 1.000000 0.833753 4.123106 104.036243 2.000000 0.000000 
26.000000 37.000000 52.353600 1.000000 8.000000 7.865000 0.717406 0.666667 4.136643 2.881814 -72.703856 1.000000 0.829839 4.472136 -116.565051 3.000000 0.000000 
30.000000 37.000000 65.366394 1.000000 9.000000 7.683000 0.665812 0.750000 4.053691 3.024539 69.699353 1.000000 0.965227 4.472136 116.565051 3.000000 0.000000 
42.000000 38.000000 28.022985 1.000000 2.000000 1.960000 0.866025 1.000000 2.309401 1.154701 90.000000 1.000000 0.965669 2.236068 116.565051 1.000000 0.000000 
5.000000 40.000000 28.871088 2.000000 11.000000 14.233000 0.958456 0.523810 7.836204 2.235198 -16.472520 0.733333 0.457903 7.615773 -156.801409 2.846050 -71.565051 
32.000000 39.000000 34.831219 1.000000 5.000000 4.962000 0.765092 0.833333 3.306559 2.129163 71.565051 1.000000 0.956808 3.605551 123.690068 2.000000 0.000000 
39.000000 39.000000 29.560890 2.000000 6.000000 6.368000 0.833333 0.750000 4.000000 2.211083 90.000000 1.000000 0.833753 4.123106 104.036243 2.000000 0.000000 
21.000000 44.000000 28.830736 1.000000 19.000000 16.474000 0.922104 0.593750 8.750185 3.385825 -10.784810 0.863636 0.620527 8.544004 -159.443955 3.781177 -80.537678 
41.000000 41.000000 37.089848 10.000000 5.000000 6.186000 0.889464 0.555556 4.253087 1.943686 -58.282526 0.833333 0.722172 4.242641 -135.000000 2.236068 -26.565051 
49.000000 43.000000 62.535983 1.000000 14.000000 15.275000 0.889264 0.466667 7.801967 3.568579 -23.840279 0.736842 0.518704 7.211103 -146.309932 3.899602 111.801409 
27.000000 45.000000 29.662802 1.000000 7.000000 10.958000 0.969572 0.388889 7.111576 1.740958 71.407647 0.777778 0.442481 6.708204 116.565051 2.182821 14.036243 
34.000000 43.000000 25.260642 1.000000 6.000000 8.328000 0.953154 0.600000 5.526219 1.671596 -72.391204 0.857143 0.573146 5.385165 -111.801409 2.000000 0.000000 
56.000000 43.000000 51.623565 1.000000 9.000000 10.842000 0.952175 0.750000 6.686870 2.043198 82.372441 0.900000 0.578382 6.324555 108.434949 2.000000 0.000000 
11.000000 45.000000 41.902825 1.000000 14.000000 17.235000 0.972072 0.437500 9.833028 2.307632 71.549693 0.736842 0.423716 8.944272 116.565051 2.846050 18.434949 
55.000000 45.000000 50.122191 6.000000 2.000000 1.960000 0.866025 1.000000 2.309401 1.154701 90.000000 1.000000 0.965669 2.236068 116.565051 1.000000 0.000000 
38.000000 48.000000 45.586324 1.000000 50.000000 48.951000 0.990410 0.378788 25.874022 3.574811 80.819961 0.574713 0.231541 22.561028 102.804266 5.121964 -176.185925 
4.000000 49.000000 37.335440 7.000000 8.000000 8.328000 0.894059 0.800000 5.033223 2.254625 0.000000 1.000000 0.764194 5.099020 168.690068 2.000000 -90.000000 
7.000000 49.000000 43.423169 7.000000 5.000000 4.962000 0.765092 0.833333 3.306559 2.129163 -18.434949 1.000000 0.956808 3.605551 -146.309932 2.000000 -90.000000 
55.000000 58.000000 51.352005 1.000000 14.000000 12.182000 0.824641 0.583333 6.064391 3.430362 3.562508 0.875000 0.749233 6.324555 161.565051 4.000000 -90.000000 
15.000000 52.000000 32.294826 6.000000 15.000000 19.286000 0.970738 0.555556 10.733372 2.577519 -3.385614 0.681818 0.374745 9.219544 167.471192 3.000000 -90.000000 
37.000000 52.000000 30.491237 2.000000 6.000000 8.626000 0.821198 0.500000 4.632197 2.643330 21.255224 0.750000 0.544485 4.472136 153.434949 2.846050 -108.434949 
7.000000 54.000000 59.311307 6.000000 39.000000 22.189000 0.792526 0.650000 9.437406 5.755293 6.863948 0.906977 0.763807 10.049876 174.289407 6.000000 -90.000000 
25.000000 52.000000 55.840234 5.000000 25.000000 17.326000 0.759923 0.714286 7.313542 4.753900 7.985743 0.892857 0.749922 7.615773 156.801409 5.000000 -90.000000 
44.000000 51.000000 40.109408 1.000000 12.000000 10.958000 0.870719 0.666667 5.853881 2.878825 72.815150 0.923077 0.758539 6.324555 108.434949 3.000000 0.000000 
31.000000 58.000000 40.489213 1.000000 27.000000 27.267000 0.973213 0.270000 14.695385 3.378558 44.514281 0.710526 0.366928 13.453624 131.987212 4.242641 45.000000 
42.000000 58.000000 27.023402 1.000000 18.000000 24.472000 0.947487 0.272727 11.437605 3.657694 19.958311 0.600000 0.296645 11.704700 160.016893 4.310218 -106.699244 
50.000000 55.000000 101.611574 1.000000 55.000000 31.352000 0.918694 0.705128 14.291608 5.644752 -4.581453 0.808824 0.580892 13.416408 -153.434949 6.000000 -90.000000 
16.000000 57.000000 39.217821 1.000000 9.000000 8.907000 0.901845 0.562500 5.435641 2.348517 40.268839 0.900000 0.779076 5.656854 135.000000 2.828427 45.000000 
10.000000 59.000000 48.299321 1.000000 15.000000 19.584000 0.792472 0.428571 7.226304 4.407378 -66.797125 0.714286 0.364981 7.071068 98.130102 4.919350 153.434949 
24.000000 58.000000 57.668311 1.000000 14.000000 14.787000 0.870629 0.500000 7.056825 3.471535 2.232614 0.736842 0.547325 7.280110 -164.054604 3.945576 99.462322 
19.000000 60.000000 51.560926 1.000000 15.000000 17.508000 0.927944 0.428571 8.412648 3.135569 -72.153440 0.750000 0.442057 8.062258 -119.744881 4.024922 -26.565051 
46.000000 61.000000 33.090838 1.000000 8.000000 10.222000 0.883176 0.533333 5.773503 2.708013 78.690068 0.800000 0.562929 5.385165 111.801409 3.000000 0.000000 
8.000000 62.000000 43.736441 1.000000 20.000000 14.696000 0.693713 0.666667 6.278380 4.522014 -23.781885 0.869565 0.789891 7.071068 -135.000000 4.850713 104.036243 
15.000000 66.000000 35.328264 1.000000 27.000000 36.521000 0.982671 0.281250 19.763241 3.663305 -8.429780 0.473684 0.215681 16.763055 -162.645975 4.274374 -80.537678 
23.000000 63.000000 28.403666 6.000000 7.000000 6.368000 0.353094 0.777778 3.236694 3.028212 0.000000 1.000000 0.972712 3.605551 123.690068 3.000000 -90.000000 
50.000000 67.000000 118.171804 1.000000 44.000000 25.720000 0.915915 0.800000 12.212153 4.901618 0.510974 0.897959 0.663777 11.704700 160.016893 5.000000 -90.000000 
32.000000 67.000000 38.461257 1.000000 18.000000 19.402000 0.975214 0.333333 11.010254 2.436146 60.336672 0.818182 0.445078 10.816654 123.690068 3.130495 26.565051 
44.000000 70.000000 47.578242 1.000000 34.000000 29.202000 0.955750 0.435897 14.088503 4.144549 -16.902049 0.739130 0.408425 13.928388 -158.962489 5.190282 96.340192 
5.000000 65.000000 45.718916 1.000000 10.000000 9.552000 0.700212 0.833333 4.577001 3.267680 -80.923647 0.909091 0.779903 5.000000 -126.869898 3.000000 0.000000 
10.000000 67.000000 55.567424 1.000000 14.000000 13.307000 0.859583 0.583333 6.343561 3.241533 -12.332637 0.875000 0.650250 6.324555 -161.565051 3.794733 108.434949 
40.000000 69.000000 25.196699 3.000000 3.000000 4.590000 0.928995 0.500000 3.854129 1.426385 61.845034 1.000000 0.630657 3.605551 123.690068 1.788854 26.565051 
29.000000 71.000000 33.545197 1.000000 18.000000 27.432000 0.988064 0.321429 15.935030 2.454675 -78.198382 0.580645 0.241986 14.560220 -105.945396 3.041052 -10.304846 
37.000000 71.000000 38.468358 1.000000 10.000000 9.734000 0.871779 0.666667 5.408076 2.649411 78.563167 0.909091 0.758011 5.385165 111.801409 3.000000 0.000000 
7.000000 72.000000 28.170076 1.000000 7.000000 11.421000 0.973937 0.388889 7.644333 1.733883 72.780505 0.700000 0.414792 6.708204 116.565051 2.182821 -165.963757 
11.000000 72.000000 41.019388 1.000000 6.000000 6.922000 0.894483 0.750000 4.513541 2.018017 -12.933178 1.000000 0.744483 4.472136 -153.434949 2.000000 -90.000000 
35.000000 73.000000 24.932383 3.000000 3.000000 3.093000 0.730297 0.750000 2.581989 1.763834 45.000000 1.000000 0.969873 2.828427 135.000000 2.000000 -90.000000 
50.000000 74.000000 72.714618 1.000000 16.000000 17.533000 0.705739 0.457143 6.684200 4.735571 -82.845275 0.727273 0.470388 7.615773 -113.198591 5.000000 0.000000 
8.000000 77.000000 32.430048 1.000000 8.000000 10.032000 0.748875 0.500000 4.818624 3.193356 46.650933 0.727273 0.579284 5.000000 126.869898 3.535534 45.000000 
22.000000 75.000000 38.979523 1.000000 20.000000 20.692000 0.944123 0.500000 10.152343 3.346131 -81.311083 0.689655 0.442447 10.440307 -106.699244 4.000000 0.000000 
14.000000 77.000000 48.152240 1.000000 23.000000 17.855000 0.946660 0.851852 9.773589 3.149392 83.693877 0.958333 0.655602 9.486833 108.434949 3.000000 0.000000 
32.000000 78.000000 28.789594 2.000000 8.000000 10.958000 0.907435 0.533333 5.842861 2.455125 -19.250327 0.800000 0.505693 5.830952 -149.036243 2.846050 108.434949 
44.000000 76.000000 59.778156 1.000000 20.000000 20.601000 0.935413 0.500000 10.254812 3.625673 89.003520 0.740741 0.445845 10.049876 95.710593 4.000000 0.000000 
36.000000 79.000000 36.242328 1.000000 8.000000 10.958000 0.957752 0.444444 6.704391 1.928161 70.453071 0.800000 0.505693 6.708204 116.565051 2.425356 14.036243 
48.000000 79.000000 137.977692 5.000000 14.000000 10.958000 0.854919 0.700000 5.989203 3.106969 36.769993 1.000000 0.884962 6.403124 141.340192 3.535534 45.000000 
26.000000 81.000000 27.550285 6.000000 4.000000 4.590000 0.731925 0.666667 3.055050 2.081666 0.000000 1.000000 0.840876 3.162278 161.565051 2.000000 -90.000000 
49.000000 81.000000 102.049742 2.000000 9.000000 11.901000 0.888671 0.450000 6.066676 2.781843 60.548656 0.750000 0.499812 5.830952 120.963757 3.328201 -146.309932 
33.000000 84.000000 38.227033 2.000000 20.000000 20.899000 0.950853 0.444444 10.645256 3.296240 -23.908296 0.714286 0.434860 9.848858 -156.037511 3.899602 -68.198591 
7.000000 84.000000 42.059671 7.000000 7.000000 8.328000 0.910849 0.700000 5.125685 2.115574 -4.307824 1.000000 0.668670 5.099020 168.690068 2.000000 -90.000000 
21.000000 84.000000 50.494261 1.000000 17.000000 18.360000 0.961489 0.354167 10.003791 2.749490 56.855917 0.809524 0.462080 10.000000 126.869898 3.487429 -144.462322 
27.000000 86.000000 40.131146 3.000000 16.000000 15.829000 0.961867 0.500000 9.260210 2.532820 -19.301707 0.842105 0.558686 8.944272 -153.434949 3.152963 -75.963757 
42.000000 85.000000 68.978665 1.000000 27.000000 31.692000 0.976405 0.281250 15.944577 3.443183 62.894291 0.627907 0.279626 13.892444 120.256437 4.472136 26.565051 
13.000000 85.000000 38.281567 1.000000 19.000000 19.195000 0.936679 0.527778 10.053604 3.520658 -89.169444 0.730769 0.478553 9.219544 102.528808 3.845077 172.874984 
55.000000 87.000000 36.613297 1.000000 16.000000 14.622000 0.928306 0.444444 8.000346 2.974664 41.518020 0.888889 0.637189 7.810250 129.805571 3.535534 45.000000 
48.000000 86.000000 124.793890 3.000000 15.000000 12.182000 0.679005 0.750000 5.511933 4.046498 14.583807 0.937500 0.802749 5.830952 149.036243 4.000000 -90.000000 
8.000000 90.000000 41.386217 3.000000 17.000000 18.823000 0.956427 0.629630 10.035492 2.930073 1.412289 0.708333 0.442805 9.219544 167.471192 3.000000 -90.000000 
45.000000 88.000000 68.930515 3.000000 5.000000 5.814000 0.743786 0.555556 3.529850 2.359413 -55.900705 0.833333 0.783414 3.605551 -146.309932 2.683282 153.434949 
22.000000 92.000000 28.096408 5.000000 6.000000 11.628000 0.983425 0.250000 7.871654 1.427256 28.862178 0.750000 0.345640 7.211103 146.309932 1.788854 63.434949 
15.000000 90.000000 36.486779 3.000000 21.000000 16.011000 0.766338 0.583333 6.917933 4.444342 24.017389 0.840000 0.719406 7.211103 123.690068 5.269652 56.309932 
48.000000 92.000000 94.536461 3.000000 27.000000 16.102000 0.556638 0.750000 6.650029 5.524545 -31.676432 0.964286 0.916223 7.211103 -146.309932 6.000000 -90.000000 
34.000000 90.000000 37.161296 3.000000 6.000000 8.055000 0.913956 0.500000 5.205158 2.112318 54.751224 0.750000 0.601436 5.000000 126.869898 2.683282 -153.434949 
44.000000 93.000000 65.476488 8.000000 12.000000 17.715000 0.956043 0.285714 9.504904 2.787097 -53.327469 0.705882 0.346661 8.602325 -125.537678 3.535534 -45.000000 
56.000000 91.000000 23.471487 1.000000 3.000000 4.590000 0.928995 0.500000 3.854129 1.426385 -61.845034 1.000000 0.630657 3.605551 -123.690068 1.788854 -26.565051 
34.000000 94.000000 36.720425 1.000000 18.000000 19.195000 0.965724 0.500000 10.320039 2.678771 -75.290089 0.750000 0.453366 9.848858 -113.962489 3.333974 -11.309932 
55.000000 98.000000 28.841605 1.000000 23.000000 28.598000 0.988673 0.511111 15.093905 2.265349 -4.839903 0.793103 0.286903 15.297059 -168.690068 2.786104 -84.289407 
11.000000 93.000000 44.974137 1.000000 11.000000 12.273000 0.871839 0.550000 6.145800 3.010167 74.472864 0.733333 0.581753 5.830952 120.963757 3.395499 -165.963757 
28.000000 93.000000 23.582358 1.000000 1.000000 0.000000 0.000000 1.000000 1.154701 1.154701 0.000000 1.000000 1.000000 1.414214 135.000000 1.000000 -90.000000 
40.000000 93.000000 23.856474 3.000000 2.000000 1.960000 0.866025 1.000000 2.309401 1.154701 90.000000 1.000000 0.965669 2.236068 116.565051 1.000000 0.000000 
14.000000 96.000000 86.615081 6.000000 11.000000 11.512000 0.902160 0.611111 6.158162 2.656644 6.184531 0.846154 0.643746 6.324555 161.565051 3.000000 -90.000000 
48.000000 100.000000 208.465713 1.000000 51.000000 28.648000 0.900775 0.607143 13.037545 5.662028 -11.861368 0.809524 0.634176 12.649111 -161.565051 6.325771 -82.874984 
16.000000 100.000000 53.759989 2.000000 18.000000 20.618000 0.823975 0.500000 7.660820 4.340818 31.272864 0.692308 0.400686 8.485281 135.000000 4.828079 -111.801409 
29.000000 99.000000 35.608699 1.000000 14.000000 19.286000 0.981743 0.350000 10.741958 2.043271 -72.945010 0.736842 0.349762 10.770330 -111.801409 2.667892 165.963757 
8.000000 101.000000 57.004655 1.000000 50.000000 31.534000 0.953092 0.595238 15.803124 4.783298 -9.155114 0.806452 0.522555 14.866069 -160.346176 5.366563 100.304846 
41.000000 99.000000 32.407742 1.000000 12.000000 10.958000 0.882039 0.666667 5.992948 2.823732 -75.749320 1.000000 0.758539 6.324555 -108.434949 3.000000 0.000000 
37.000000 102.000000 29.647965 2.000000 10.000000 14.531000 0.941895 0.333333 7.551924 2.536752 35.782526 0.714286 0.402355 7.211103 146.309932 3.050851 56.309932 
20.000000 104.000000 41.254381 1.000000 19.000000 22.305000 0.861967 0.422222 8.414659 4.265927 87.970948 0.703704 0.368726 9.055385 96.340192 4.850713 14.036243 
28.000000 105.000000 55.753475 1.000000 25.000000 18.434000 0.909551 0.625000 9.219995 3.831756 -76.279068 0.862069 0.674877 8.944272 -116.565051 4.123106 -14.036243 
48.000000 107.000000 197.000362 6.000000 9.000000 9.180000 0.757081 0.562500 4.786639 3.127211 -48.455614 0.900000 0.744936 5.000000 -143.130102 3.535534 135.000000 
21.000000 112.000000 42.933757 1.000000 2.000000 1.960000 0.866025 1.000000 2.309401 1.154701 90.000000 1.000000 0.965669 2.236068 116.565051 1.000000 0.000000 
52.000000 109.000000 152.519518 3.000000 17.000000 19.584000 0.664772 0.472222 6.987731 5.220157 79.945650 0.680000 0.413646 7.211103 123.690068 5.656854 45.000000 
5.000000 109.000000 36.635665 4.000000 10.000000 10.214000 0.891649 0.500000 5.664760 2.564597 39.027911 1.000000 0.704504 5.830952 149.036243 2.828427 45.000000 
41.000000 110.000000 81.996477 1.000000 46.000000 41.086000 0.983530 0.403509 21.169323 3.826205 -79.653667 0.657143 0.295516 19.416488 -101.888658 4.713320 -7.125016 
58.000000 110.000000 29.228835 1.000000 6.000000 7.774000 0.917811 0.500000 5.071806 2.013593 -32.243065 0.857143 0.632800 5.000000 -143.130102 2.496151 -56.309932 
10.000000 109.000000 32.503504 4.000000 7.000000 10.032000 0.654167 0.437500 4.279360 3.236694 -45.000000 0.777778 0.506873 4.472136 -153.434949 3.535534 135.000000 
17.000000 108.000000 37.327238 1.000000 14.000000 22.396000 0.886998 0.350000 9.487098 4.380896 14.479187 0.518519 0.269760 8.544004 159.443955 4.510671 78.690068 
57.000000 112.000000 31.345897 1.000000 4.000000 4.590000 0.731925 0.666667 3.055050 2.081666 90.000000 1.000000 0.840876 3.162278 108.434949 2.000000 0.000000 
7.000000 118.000000 76.340144 1.000000 53.000000 32.667000 0.965863 0.504762 16.843495 4.363347 17.426812 0.841270 0.519411 16.155494 158.198591 5.059644 71.565051 
26.000000 117.000000 49.037422 6.000000 17.000000 15.730000 0.892900 0.531250 7.604153 3.423801 1.170056 0.894737 0.599849 8.062258 172.874984 4.000000 -90.000000 
15.000000 115.000000 51.523800 7.000000 14.000000 12.736000 0.914572 0.666667 6.935767 2.804981 -13.776406 0.933333 0.697860 7.280110 -164.054604 3.000000 -90.000000 
37.000000 115.000000 33.459701 1.000000 30.000000 26.663000 0.958441 0.461538 13.407161 3.824951 -76.971282 0.750000 0.424390 13.341664 -102.994617 4.789131 163.300756 
52.000000 119.000000 253.057128 1.000000 65.000000 37.191000 0.955084 0.507812 17.643202 5.228275 -16.304987 0.812500 0.502124 16.763055 -162.645975 6.034306 -73.300756 
59.000000 116.000000 37.925261 1.000000 14.000000 22.024000 0.928186 0.280000 10.931896 4.067931 6.180638 0.518519 0.277794 10.440307 163.300756 4.589285 82.874984 
17.000000 118.000000 36.262675 1.000000 3.000000 3.920000 0.942809 1.000000 3.464102 1.154701 90.000000 1.000000 0.756007 3.162278 108.434949 1.000000 0.000000 
44.000000 118.000000 30.875148 1.000000 6.000000 8.328000 0.951618 0.600000 5.664082 1.740486 -75.344996 0.857143 0.573146 5.385165 -111.801409 2.000000 0.000000 
16.000000 122.000000 30.687289 4.000000 11.000000 16.102000 0.978157 0.343750 9.995177 2.077695 -18.847120 0.687500 0.373276 8.944272 -153.434949 2.785430 111.801409 
42.000000 121.000000 33.335742 3.000000 9.000000 9.643000 0.849825 0.600000 5.178886 2.729605 -5.884144 0.818182 0.691956 5.385165 -158.198591 3.000000 -90.000000 
25.000000 121.000000 37.200052 5.000000 5.000000 5.624000 0.000000 0.555556 2.780887 2.780887 0.000000 1.000000 0.817744 3.162278 108.434949 2.828427 -45.000000 
28.000000 121.000000 39.614759 7.000000 7.000000 9.180000 0.911317 0.466667 5.444473 2.241514 -10.900705 0.777778 0.579394 5.099020 168.690068 2.529822 -71.565051 
36.000000 122.000000 42.691602 1.000000 30.000000 27.796000 0.956064 0.461538 13.338603 3.910313 -88.815893 0.750000 0.393875 13.152946 98.746162 4.617323 174.805571 
9.000000 125.000000 57.408210 1.000000 13.000000 14.994000 0.806339 0.520000 6.301607 3.727108 55.081302 0.764706 0.496695 7.071068 135.000000 4.160251 33.690068 
29.000000 126.000000 38.253532 6.000000 6.000000 6.368000 0.833333 0.750000 4.000000 2.211083 0.000000 1.000000 0.833753 4.123106 165.963757 2.000000 -90.000000 
48.000000 126.000000 47.613784 1.000000 26.000000 24.058000 0.972520 0.433333 12.837838 2.988896 -74.762817 0.812500 0.441630 12.649111 -108.434949 3.638034 -14.036243 
14.000000 125.000000 48.177216 1.000000 13.000000 12.554000 0.917655 0.520000 7.189440 2.856930 -47.495667 0.812500 0.663129 7.071068 -135.000000 3.535534 -45.000000 
7.000000 130.000000 76.147669 7.000000 27.000000 18.641000 0.920669 0.600000 9.654066 3.768412 -22.151065 0.931034 0.715080 9.848858 -156.037511 4.427189 108.434949 
43.000000 127.000000 52.893372 4.000000 6.000000 8.998000 0.960280 0.400000 6.023770 1.680865 -25.194656 0.857143 0.511626 5.830952 -149.036243 2.213594 108.434949 
12.000000 128.000000 38.669597 8.000000 8.000000 9.552000 0.925959 0.533333 5.779562 2.182505 -22.853660 0.800000 0.623923 5.830952 -149.036243 2.683282 116.565051 
18.000000 129.000000 28.132921 1.000000 11.000000 15.548000 0.957631 0.314286 9.086389 2.616869 57.611214 0.687500 0.395734 8.062258 119.744881 3.200000 -143.130102 
31.000000 128.000000 33.783521 7.000000 5.000000 8.717000 0.789542 0.416667 4.531372 2.780887 -63.434949 0.714286 0.446800 4.472136 -116.565051 2.846050 161.565051 
56.000000 130.000000 180.740701 1.000000 44.000000 21.643000 0.753333 0.698413 9.409240 6.187883 -18.982540 0.916667 0.900117 9.486833 -161.565051 6.640783 -71.565051 
39.000000 131.000000 32.947706 1.000000 13.000000 14.878000 0.958577 0.541667 8.244323 2.348269 -80.535330 0.866667 0.503110 8.246211 -104.036243 2.910428 -14.036243 
50.000000 139.000000 54.852110 1.000000 50.000000 41.889000 0.983712 0.222222 21.247853 3.819346 -43.456131 0.735294 0.309859 21.213203 -135.000000 4.917531 -47.290610 
14.000000 135.000000 44.917634 1.000000 29.000000 19.005000 0.876182 0.644444 9.027019 4.350850 9.790576 0.935484 0.743009 9.219544 167.471192 5.000000 -90.000000 
53.000000 135.000000 34.604214 1.000000 13.000000 15.937000 0.871942 0.464286 7.013819 3.434026 82.067146 0.684211 0.448808 7.280110 -105.945396 3.638034 14.036243 
36.000000 137.000000 49.701415 1.000000 51.000000 45.412000 0.981324 0.268421 24.433896 4.700129 -72.497411 0.560440 0.271855 20.615528 -112.833654 5.692100 -18.434949 
59.000000 139.000000 190.196799 1.000000 43.000000 27.796000 0.931760 0.551282 13.078452 4.748447 -12.488075 0.860000 0.564554 13.152946 -171.253838 5.687368 -78.690068 
26.000000 137.000000 30.558160 1.000000 9.000000 11.992000 0.764661 0.450000 5.458750 3.517795 -1.950247 0.750000 0.493820 5.385165 158.198591 3.880570 75.963757 
21.000000 139.000000 41.481759 1.000000 16.000000 16.102000 0.950922 0.666667 8.979628 2.778568 -82.141987 0.800000 0.542947 8.246211 -104.036243 3.000000 0.000000 
10.000000 139.000000 40.401169 1.000000 10.000000 10.313000 0.828652 0.666667 5.243312 2.935021 80.091424 0.909091 0.694175 5.385165 111.801409 3.000000 0.000000 
35.000000 141.000000 51.113503 1.000000 28.000000 21.618000 0.949272 0.560000 11.263098 3.541750 -74.767228 0.823529 0.573959 11.180340 -116.565051 4.242641 171.869898 
8.000000 148.000000 42.618340 5.000000 46.000000 37.299000 0.983168 0.261364 19.397477 3.543947 -36.964716 0.821429 0.353454 19.416488 -145.491477 4.600000 -53.130102 
16.000000 146.000000 52.188797 6.000000 48.000000 31.956000 0.973708 0.380952 17.301674 3.941321 -27.047899 0.842105 0.489662 16.643317 -147.264774 4.919350 -63.434949 
26.000000 141.000000 42.139013 1.000000 7.000000 8.328000 0.910849 0.700000 5.125685 2.115574 -85.692176 1.000000 0.668670 5.099020 101.309932 2.000000 0.000000 
29.000000 144.000000 35.765217 4.000000 6.000000 7.683000 0.885615 0.500000 4.760952 2.211083 -18.434949 0.857143 0.643484 4.472136 -153.434949 2.529822 108.434949 
42.000000 145.000000 28.294475 1.000000 8.000000 10.776000 0.912767 0.533333 6.238769 2.548417 13.776406 0.727273 0.519005 5.830952 149.036243 3.000000 -90.000000 
47.000000 144.000000 35.386463 9.000000 9.000000 11.438000 0.969266 0.360000 7.393691 1.818967 -45.000000 1.000000 0.532061 7.071068 -135.000000 2.121320 -45.000000 
27.000000 146.000000 25.993242 1.000000 5.000000 6.186000 0.889464 0.555556 4.253087 1.943686 -58.282526 0.833333 0.722172 4.242641 -135.000000 2.236068 -26.565051 
37.000000 147.000000 55.729449 1.000000 23.000000 18.459000 0.948823 0.511111 10.131383 3.199571 -68.521284 0.851852 0.619450 9.848858 -113.962489 3.794733 -18.434949 
31.000000 149.000000 40.704068 7.000000 16.000000 14.721000 0.944515 0.457143 8.328848 2.735773 -27.954354 0.888889 0.630146 8.062258 -150.255119 3.130495 -63.434949 
25.000000 152.000000 42.433955 1.000000 5.000000 7.402000 0.885505 0.625000 4.363136 2.027243 -15.481878 0.833333 0.565201 4.472136 -153.434949 2.000000 -90.000000 
46.000000 151.000000 45.788530 1.000000 31.000000 27.242000 0.966577 0.516667 14.234683 3.649425 -79.464241 0.720930 0.421981 12.649111 -108.434949 4.306830 -6.340192 
56.000000 151.000000 42.548919 1.000000 17.000000 20.485000 0.973725 0.566667 11.689565 2.662045 89.657221 0.739130 0.382698 10.198039 101.309932 3.000000 0.000000 
23.000000 153.000000 36.755080 1.000000 10.000000 9.180000 0.806180 0.666667 4.888755 2.892531 -69.379278 1.000000 0.827706 5.385165 -111.801409 3.000000 0.000000 
28.000000 154.000000 49.494544 1.000000 10.000000 11.512000 0.928973 0.555556 6.515408 2.411665 -79.238700 0.769231 0.585223 6.324555 -108.434949 2.846050 -18.434949 
17.000000 154.000000 22.803861 1.000000 2.000000 1.960000 0.866025 1.000000 2.309401 1.154701 90.000000 1.000000 0.965669 2.236068 116.565051 1.000000 0.000000 
56.000000 155.000000 48.971509 1.000000 26.000000 22.106000 0.969979 0.472727 12.259635 2.981396 -70.867794 0.866667 0.512558 11.704700 -109.983107 3.478505 -18.434949 
21.000000 155.000000 44.626090 1.000000 6.000000 6.922000 0.894483 0.750000 4.513541 2.018017 -12.933178 0.857143 0.744483 4.472136 -153.434949 2.000000 -90.000000 
38.000000 158.000000 55.228377 1.000000 62.000000 52.110000 0.988855 0.397436 26.725414 3.978945 82.086354 0.632653 0.255218 26.019224 92.202598 5.079850 -173.659808 
28.000000 164.000000 66.141581 1.000000 64.000000 51.540000 0.990300 0.222222 26.351059 3.661361 -66.479311 0.780488 0.268972 26.400758 -114.623565 4.642383 -21.801409 
20.000000 166.000000 53.165703 1.000000 76.000000 67.766000 0.996249 0.153226 36.632258 3.170027 -63.540054 0.716981 0.189949 34.885527 -117.299572 4.467915 -29.054604 
59.000000 161.000000 35.004812 1.000000 8.000000 8.998000 0.904964 0.533333 5.339096 2.271721 68.367852 0.888889 0.682168 5.385165 111.801409 2.683282 26.565051 
40.000000 164.000000 26.555823 10.000000 7.000000 11.438000 0.969473 0.280000 7.023769 1.722204 -45.000000 0.777778 0.413825 7.071068 -135.000000 2.121320 -45.000000 
49.000000 162.000000 43.280407 1.000000 32.000000 28.466000 0.971785 0.571429 14.134054 3.333756 80.210754 0.820513 0.402510 14.317821 102.094757 4.000000 0.000000 
56.000000 163.000000 29.360041 4.000000 3.000000 3.093000 0.730297 0.750000 2.581989 1.763834 45.000000 1.000000 0.969873 2.828427 135.000000 2.000000 -90.000000 
10.000000 167.000000 28.481021 1.000000 7.000000 9.643000 0.767362 0.583333 4.667918 2.993132 82.628219 0.777778 0.538188 4.472136 116.565051 3.000000 0.000000 
45.000000 167.000000 32.538835 1.000000 6.000000 6.922000 0.894483 0.750000 4.513541 2.018017 -77.066822 1.000000 0.744483 4.472136 -116.565051 2.000000 0.000000 
53.000000 166.000000 22.826365 9.000000 1.000000 0.000000 0.000000 1.000000 1.154701 1.154701 0.000000 1.000000 1.000000 1.414214 135.000000 1.000000 -90.000000 
57.000000 169.000000 26.889832 1.000000 9.000000 13.216000 0.968258 0.300000 8.014599 2.003277 -54.574069 0.818182 0.422682 7.810250 -129.805571 2.600000 -36.869898 
49.000000 171.000000 30.744768 1.000000 8.000000 11.529000 0.928048 0.400000 6.332713 2.358690 33.945276 0.800000 0.467094 6.403124 141.340192 2.828427 45.000000 
7.000000 171.000000 26.977308 6.000000 3.000000 3.920000 0.942809 1.000000 3.464102 1.154701 0.000000 1.000000 0.756007 3.162278 161.565051 1.000000 -90.000000 
42.000000 171.000000 35.986911 1.000000 11.000000 11.884000 0.951352 0.611111 7.422255 2.286851 -75.221795 0.785714 0.612265 6.708204 -116.565051 2.667892 165.963757 
18.000000 174.000000 47.123377 1.000000 49.000000 38.365000 0.984545 0.429825 20.092259 3.518835 -75.374327 0.777778 0.357414 19.416488 -101.888658 4.272331 -12.994617 
52.000000 172.000000 39.014640 1.000000 7.000000 8.328000 0.930558 0.700000 5.262061 1.926673 -75.321123 0.875000 0.668670 5.385165 -111.801409 2.000000 0.000000 
6.000000 174.000000 27.884085 5.000000 6.000000 6.368000 0.833333 0.750000 4.000000 2.211083 0.000000 1.000000 0.833753 4.123106 165.963757 2.000000 -90.000000 
46.000000 174.000000 34.928327 1.000000 10.000000 13.398000 0.945530 0.416667 7.622907 2.481524 23.311161 0.769231 0.459367 6.708204 153.434949 3.130495 63.434949 
43.000000 177.000000 34.904662 1.000000 11.000000 11.140000 0.873401 0.611111 5.868037 2.857743 87.690038 1.000000 0.677718 6.082763 99.462322 3.000000 0.000000 
50.000000 178.000000 41.268455 1.000000 21.000000 18.823000 0.944600 0.583333 9.808721 3.219465 -81.065856 0.807692 0.546994 9.219544 -102.528808 3.781177 -9.462322 
58.000000 177.000000 41.161673 1.000000 20.000000 15.432000 0.920581 0.833333 8.251186 3.222513 85.291695 0.952381 0.728531 8.246211 104.036243 3.000000 0.000000 
27.000000 180.000000 38.533200 1.000000 1.000000 0.000000 0.000000 1.000000 1.154701 1.154701 0.000000 1.000000 1.000000 1.414214 135.000000 1.000000 -90.000000 
13.000000 182.000000 51.760054 1.000000 47.000000 29.086000 0.959735 0.671429 15.064947 4.231866 83.124881 0.921569 0.568659 14.560220 105.945396 5.000000 0.000000 
38.000000 181.000000 56.401666 1.000000 5.000000 5.624000 0.000000 0.555556 2.780887 2.780887 0.000000 1.000000 0.817744 3.162278 108.434949 2.828427 -45.000000 
55.000000 180.000000 29.193965 1.000000 5.000000 7.013000 0.931488 0.625000 4.881890 1.775899 -79.099295 0.833333 0.609333 4.472136 -116.565051 2.000000 0.000000 
33.000000 182.000000 65.092736 1.000000 31.000000 21.982000 0.927023 0.704545 10.860167 4.072600 -85.596866 0.968750 0.617175 11.045361 95.194429 4.000000 0.000000 
44.000000 183.000000 108.156386 1.000000 23.000000 20.576000 0.960382 0.575000 11.046963 3.078662 -80.626726 0.793103 0.513803 10.440307 -106.699244 4.000000 0.000000 
26.000000 183.000000 47.876281 1.000000 5.000000 6.550000 0.889464 0.625000 4.253087 1.943686 84.847577 1.000000 0.668944 4.123106 104.036243 2.000000 0.000000 
54.000000 185.000000 69.263119 1.000000 51.000000 32.684000 0.948684 0.607143 15.158972 4.793653 -77.370685 0.836066 0.499336 14.560220 -105.945396 5.589566 170.537678 
34.000000 187.000000 53.352475 1.000000 16.000000 18.616000 0.977351 0.533333 10.799579 2.285447 79.272392 0.761905 0.424725 10.198039 101.309932 2.745626 11.309932 
44.000000 188.000000 49.462357 1.000000 18.000000 19.286000 0.972780 0.450000 10.691412 2.477530 74.134558 0.818182 0.449694 10.440307 106.699244 3.152963 14.036243 
27.000000 189.000000 59.445609 1.000000 24.000000 18.616000 0.943658 0.888889 10.015965 3.314514 -86.571184 0.960000 0.637088 9.486833 -108.434949 3.000000 0.000000 
17.000000 190.000000 41.894700 1.000000 48.000000 34.991000 0.948293 0.470588 16.062438 5.098151 -89.835364 0.761905 0.414819 17.029386 93.366461 6.000000 0.000000 
50.000000 192.000000 41.201239 2.000000 3.000000 3.093000 0.730297 0.750000 2.581989 1.763834 45.000000 1.000000 0.969873 2.828427 135.000000 2.000000 -90.000000 
36.000000 193.000000 51.481998 1.000000 70.000000 57.833000 0.991701 0.500000 31.250986 4.017724 -89.092341 0.642202 0.236597 28.071338 -94.085617 4.745882 -2.385944 
59.000000 194.000000 39.941166 1.000000 11.000000 13.290000 0.960416 0.523810 7.943105 2.212706 -72.216028 0.846154 0.511968 7.615773 -113.198591 2.785430 158.198591 
51.000000 197.000000 29.849929 8.000000 10.000000 13.869000 0.976920 0.357143 8.865685 1.893753 -22.197545 0.769231 0.434281 8.062258 -150.255119 2.414039 111.801409 
13.000000 197.000000 24.647426 3.000000 2.000000 2.812000 0.925820 0.500000 3.055050 1.154701 45.000000 1.000000 0.709058 2.828427 135.000000 1.414214 45.000000 
43.000000 197.000000 31.399686 2.000000 3.000000 3.920000 0.942809 1.000000 3.464102 1.154701 90.000000 1.000000 0.756007 3.162278 108.434949 1.000000 0.000000 
10.000000 201.000000 29.653369 3.000000 12.000000 12.000000 0.919084 0.500000 6.737600 2.655032 22.969595 0.857143 0.657731 6.708204 153.434949 3.130495 63.434949 
25.000000 199.000000 45.049591 1.000000 38.000000 32.088000 0.981859 0.475000 17.416949 3.302511 77.856086 0.808511 0.384750 16.763055 107.354025 4.013213 -167.471192 
39.000000 198.000000 41.738341 1.000000 19.000000 17.301000 0.947211 0.703704 9.304635 2.983170 83.671769 0.950000 0.571336 9.219544 102.528808 3.000000 0.000000 
50.000000 199.000000 26.709221 1.000000 2.000000 2.812000 0.925820 0.500000 3.055050 1.154701 -45.000000 1.000000 0.709058 2.828427 -135.000000 1.414214 -45.000000 
57.000000 200.000000 40.933787 1.000000 23.000000 21.916000 0.919218 0.638889 9.736393 3.833705 -78.673425 0.793103 0.460319 9.219544 -102.528808 4.000000 0.000000 
54.000000 205.000000 30.272449 1.000000 18.000000 24.728000 0.985996 0.300000 14.181768 2.365062 73.227208 0.666667 0.291220 12.649111 108.434949 3.152963 14.036243 
31.000000 205.000000 45.619945 1.000000 54.000000 45.717000 0.988149 0.469565 23.401589 3.592125 85.140482 0.760563 0.284264 23.194827 97.431408 4.164644 -174.805571 
8.000000 207.000000 34.512832 1.000000 20.000000 24.430000 0.947414 0.333333 11.606526 3.714193 68.129964 0.606061 0.330610 10.816654 123.690068 4.769990 -147.994617 
14.000000 210.000000 37.515065 3.000000 18.000000 17.326000 0.949803 0.500000 9.220234 2.884547 22.030405 0.818182 0.539944 9.486833 161.565051 3.577709 -116.565051 
38.000000 209.000000 41.182568 1.000000 30.000000 36.794000 0.987729 0.416667 17.894334 2.794743 80.570636 0.652174 0.236380 18.439089 102.528808 3.638034 14.036243 
28.000000 210.000000 25.582108 8.000000 3.000000 4.590000 0.928995 0.500000 3.854129 1.426385 -28.154966 0.750000 0.630657 3.605551 -146.309932 1.788854 116.565051 
49.000000 209.000000 32.641882 1.000000 13.000000 14.787000 0.948039 0.464286 8.200282 2.608957 -68.706182 0.866667 0.508231 8.062258 -119.744881 3.130495 -26.565051 
43.000000 211.000000 45.235536 1.000000 14.000000 17.343000 0.955452 0.333333 9.279260 2.738754 52.956351 0.666667 0.419260 8.485281 135.000000 3.600000 -143.130102 
56.000000 211.000000 35.794849 1.000000 11.000000 12.736000 0.863543 0.458333 6.314069 3.184029 -72.023786 0.687500 0.548319 6.082763 99.462322 3.577709 -26.565051 
50.000000 214.000000 38.681913 2.000000 14.000000 15.093000 0.950356 0.400000 8.599714 2.675923 60.319756 0.823529 0.529110 8.062258 119.744881 3.577709 26.565051 
59.000000 212.000000 49.455798 1.000000 6.000000 7.592000 0.755090 0.500000 4.134723 2.710813 66.576195 0.857143 0.654442 4.472136 116.565051 3.000000 0.000000 
23.000000 214.000000 26.340427 1.000000 9.000000 12.248000 0.970689 0.642857 7.724292 1.856454 -80.782526 0.900000 0.477527 7.280110 -105.945396 2.000000 0.000000 
30.000000 213.000000 28.896719 9.000000 4.000000 5.905000 0.926289 0.444444 4.355771 1.641317 -39.690172 1.000000 0.614186 4.242641 -135.000000 2.121320 135.000000 
38.000000 213.000000 30.040551 1.000000 5.000000 8.328000 0.969048 0.500000 6.024504 1.487286 72.856562 0.833333 0.477622 5.385165 111.801409 1.897367 -161.565051 
7.000000 225.000000 50.417891 2.000000 60.000000 50.481000 0.986565 0.277778 28.335188 4.629063 17.630611 0.606061 0.262220 25.000000 163.739795 5.631783 -105.945396 
39.000000 216.000000 57.767363 1.000000 9.000000 10.032000 0.830151 0.600000 5.113179 2.850791 18.937492 0.900000 0.651694 5.385165 158.198591 3.000000 -90.000000 
53.000000 216.000000 65.942573 1.000000 23.000000 19.658000 0.959457 0.511111 10.762827 3.033563 72.023352 0.821429 0.556011 10.295630 119.054604 3.478505 18.434949 
33.000000 216.000000 22.684716 2.000000 1.000000 0.000000 0.000000 1.000000 1.154701 1.154701 0.000000 1.000000 1.000000 1.414214 135.000000 1.000000 -90.000000 
44.000000 218.000000 62.205160 1.000000 25.000000 19.840000 0.930502 0.555556 10.109804 3.703096 77.325335 0.806452 0.594826 9.486833 108.434949 4.608177 -165.963757 
33.000000 220.000000 50.689047 1.000000 29.000000 32.312000 0.978916 0.345238 16.462849 3.362786 73.806895 0.568627 0.289926 14.560220 105.945396 4.297584 15.255119 
53.000000 221.000000 64.446166 1.000000 32.000000 25.952000 0.956951 0.444444 13.091946 3.799931 76.846288 0.761905 0.475078 12.649111 108.434949 5.032769 -159.443955 
12.000000 222.000000 39.491674 1.000000 3.000000 3.920000 0.942809 1.000000 3.464102 1.154701 90.000000 1.000000 0.756007 3.162278 108.434949 1.000000 0.000000 
15.000000 223.000000 33.595851 1.000000 13.000000 11.719000 0.574882 0.520000 4.892874 4.003527 34.481244 0.928571 0.739743 5.385165 158.198591 4.242641 45.000000 
23.000000 223.000000 45.928601 1.000000 15.000000 13.290000 0.857579 0.625000 6.569595 3.379083 77.119322 0.882353 0.698139 6.403124 128.659808 3.638034 14.036243 
59.000000 225.000000 34.818407 1.000000 7.000000 10.032000 0.936390 0.350000 6.008153 2.108630 55.900705 1.000000 0.506873 5.830952 120.963757 2.683282 26.565051 
41.000000 225.000000 91.324429 1.000000 55.000000 38.010000 0.971558 0.509259 18.456779 4.370612 86.275235 0.774648 0.408131 18.110770 96.340192 5.457528 7.125016 
15.000000 229.000000 36.511174 1.000000 29.000000 26.506000 0.975054 0.345238 14.577578 3.235744 -25.676837 0.725000 0.414600 13.416408 -153.434949 4.201806 -66.801409 
52.000000 226.000000 47.308594 1.000000 14.000000 13.869000 0.928268 0.500000 7.544301 2.805823 -68.612962 0.823529 0.607994 7.615773 -113.198591 3.162278 -18.434949 
28.000000 228.000000 39.979107 1.000000 30.000000 24.339000 0.955540 0.500000 12.228015 3.605565 68.629280 0.857143 0.499205 12.649111 108.434949 4.472136 26.565051 
35.000000 229.000000 45.432186 1.000000 8.000000 9.461000 0.910892 0.533333 5.710814 2.356539 -76.243999 0.800000 0.632966 5.385165 -111.801409 2.667892 -14.036243 
46.000000 231.000000 47.653421 1.000000 49.000000 48.505000 0.964944 0.333333 21.253217 5.577996 89.314536 0.526882 0.230846 21.377558 100.784298 6.124060 6.009006 
37.000000 233.000000 49.528083 5.000000 7.000000 8.328000 0.930558 0.700000 5.262061 1.926673 14.678877 1.000000 0.668670 5.385165 158.198591 2.000000 -90.000000 
60.000000 233.000000 52.657993 1.000000 7.000000 8.419000 0.853277 0.583333 4.811222 2.508849 -27.231161 0.875000 0.658185 5.000000 -143.130102 3.000000 -90.000000 
29.000000 234.000000 24.279398 1.000000 1.000000 0.000000 0.000000 1.000000 1.154701 1.154701 0.000000 1.000000 1.000000 1.414214 135.000000 1.000000 -90.000000 
33.000000 235.000000 32.533445 1.000000 6.000000 8.328000 0.953154 0.600000 5.526219 1.671596 -72.391204 0.857143 0.573146 5.385165 -111.801409 2.000000 0.000000 
49.000000 236.000000 47.461266 1.000000 58.000000 51.986000 0.991792 0.464000 29.911497 3.824624 82.787253 0.623656 0.239828 25.317978 99.090277 4.732071 6.709837 
