217
33.000000 115.000000 11.543404 1.000000 10575.000000 591.556000 0.961611 0.688477 283.713307 77.855382 -0.334405 0.688477 0.375749 248.386795 165.068583 64.000000 -90.000000 
8.000000 6.000000 47.745214 1.000000 22.000000 21.618000 0.974348 0.500000 11.896047 2.677174 -73.276181 0.880000 0.450968 11.704700 -109.983107 3.395499 165.963757 
58.000000 10.000000 39.811026 1.000000 11.000000 15.267000 0.912965 0.458333 6.966782 2.842714 20.910085 0.733333 0.407907 7.211103 146.309932 3.162278 71.565051 
44.000000 9.000000 30.692572 11.000000 1.000000 0.000000 0.000000 1.000000 1.154701 1.154701 0.000000 1.000000 1.000000 1.414214 135.000000 1.000000 -90.000000 
49.000000 15.000000 37.289253 1.000000 20.000000 24.496000 0.987951 0.512821 13.983665 2.164203 8.782672 0.800000 0.329033 13.341664 167.005383 2.687006 -98.130102 
23.000000 12.000000 58.749423 1.000000 34.000000 43.526000 0.993823 0.231293 24.086764 2.673013 72.915838 0.596491 0.196181 21.840330 105.945396 3.602552 -162.897271 
47.000000 11.000000 31.735367 11.000000 2.000000 2.812000 0.925820 0.500000 3.055050 1.154701 -45.000000 1.000000 0.709058 2.828427 -135.000000 1.414214 -45.000000 
8.000000 12.000000 34.104998 1.000000 6.000000 8.328000 0.953154 0.600000 5.526219 1.671596 -72.391204 0.857143 0.573146 5.385165 -111.801409 2.000000 0.000000 
41.000000 16.000000 39.831333 1.000000 11.000000 12.918000 0.950284 0.523810 7.284173 2.268188 13.989737 0.846154 0.535961 7.280110 164.054604 2.846050 -108.434949 
58.000000 14.000000 39.923055 1.000000 4.000000 5.053000 0.866025 0.666667 3.651484 1.825742 -71.565051 1.000000 0.748540 3.605551 -123.690068 2.000000 0.000000 
9.000000 17.000000 67.976185 1.000000 12.000000 12.736000 0.954612 0.571429 7.580114 2.257749 71.163812 0.857143 0.598166 7.615773 113.198591 2.846050 18.434949 
55.000000 23.000000 56.448384 1.000000 46.000000 41.078000 0.986573 0.403509 20.857776 3.406569 11.686418 0.730159 0.295623 19.646883 165.256437 4.197377 77.005383 
13.000000 17.000000 77.556179 2.000000 4.000000 5.624000 0.000000 0.444444 3.055050 3.055050 0.000000 0.800000 0.654195 3.162278 108.434949 2.828427 -45.000000 
49.000000 21.000000 37.481306 2.000000 3.000000 3.093000 0.730297 0.750000 2.581989 1.763834 45.000000 1.000000 0.969873 2.828427 135.000000 2.000000 -90.000000 
27.000000 23.000000 61.111389 1.000000 46.000000 30.839000 0.974412 0.766667 16.885610 3.795374 -85.808209 0.901961 0.500617 15.297059 -101.309932 4.000000 0.000000 
45.000000 23.000000 39.414351 2.000000 10.000000 13.588000 0.969555 0.357143 8.165105 1.999433 64.546929 0.833333 0.448993 8.062258 119.744881 2.599735 -158.198591 
36.000000 23.000000 34.811128 1.000000 2.000000 1.960000 0.866025 1.000000 2.309401 1.154701 90.000000 1.000000 0.965669 2.236068 116.565051 1.000000 0.000000 
34.000000 25.000000 34.485576 9.000000 3.000000 3.093000 0.730297 0.750000 2.581989 1.763834 -45.000000 1.000000 0.969873 2.828427 -135.000000 2.000000 -90.000000 
40.000000 26.000000 36.180470 1.000000 7.000000 9.362000 0.885966 0.466667 5.239827 2.429972 90.000000 0.777778 0.562650 5.099020 101.309932 3.000000 0.000000 
13.000000 27.000000 69.276963 1.000000 39.000000 33.006000 0.982926 0.764706 17.515968 3.222957 88.852907 0.928571 0.375073 17.029386 93.366461 3.000000 0.000000 
45.000000 28.000000 45.816486 1.000000 8.000000 10.288000 0.955077 0.666667 6.262737 1.856014 -76.717474 0.888889 0.557409 6.324555 -108.434949 2.000000 0.000000 
56.000000 30.000000 45.888186 6.000000 3.000000 4.590000 0.928995 0.500000 3.854129 1.426385 28.154966 0.750000 0.630657 3.605551 146.309932 1.788854 -116.565051 
14.000000 32.000000 64.604096 1.000000 52.000000 50.125000 0.992840 0.416000 26.302555 3.141954 82.867091 0.684211 0.230305 25.317978 99.090277 3.945576 9.462322 
30.000000 32.000000 29.868280 12.000000 1.000000 0.000000 0.000000 1.000000 1.154701 1.154701 0.000000 1.000000 1.000000 1.414214 135.000000 1.000000 -90.000000 
51.000000 32.000000 37.808370 2.000000 7.000000 8.998000 0.729790 0.437500 4.429339 3.028212 45.000000 0.777778 0.596897 5.000000 126.869898 3.478505 71.565051 
55.000000 34.000000 42.842425 1.000000 17.000000 14.696000 0.921998 0.607143 8.020617 3.105533 -14.008947 0.850000 0.671408 7.615773 -156.801409 3.395499 -75.963757 
46.000000 35.000000 55.133796 1.000000 19.000000 18.798000 0.967111 0.633333 10.431826 2.653364 -83.302595 0.863636 0.496028 10.198039 -101.309932 3.000000 0.000000 
39.000000 35.000000 31.054644 3.000000 1.000000 0.000000 0.000000 1.000000 1.154701 1.154701 0.000000 1.000000 1.000000 1.414214 135.000000 1.000000 -90.000000 
9.000000 38.000000 61.651067 1.000000 25.000000 20.485000 0.942830 0.625000 10.485926 3.494686 -84.197881 0.806452 0.562792 10.198039 -101.309932 3.754672 -6.340192 
52.000000 36.000000 50.971889 1.000000 6.000000 6.368000 0.833333 0.750000 4.000000 2.211083 90.000000 1.000000 0.833753 4.123106 104.036243 2.000000 0.000000 
28.000000 38.000000 37.908634 1.000000 5.000000 6.368000 0.923687 0.625000 4.492622 1.721341 -69.006394 1.000000 0.694794 4.472136 -116.565051 2.000000 0.000000 
23.000000 39.000000 56.139199 1.000000 10.000000 12.736000 0.967318 0.476190 7.770728 1.970395 -70.315341 0.833333 0.498472 7.615773 -113.198591 2.529822 -18.434949 
55.000000 44.000000 46.060964 2.000000 46.000000 31.625000 0.971051 0.613333 16.660949 3.979869 -4.557691 0.821429 0.478237 15.297059 -168.690068 4.345716 95.194429 
24.000000 43.000000 60.828025 1.000000 47.000000 40.805000 0.989233 0.494737 22.527556 3.296947 -80.593847 0.746032 0.305814 19.646883 -104.743563 3.945576 -9.462322 
35.000000 43.000000 48.996193 1.000000 6.000000 6.368000 0.877058 0.750000 4.163332 2.000000 71.565051 1.000000 0.833753 4.472136 116.565051 2.000000 0.000000 
42.000000 42.000000 42.050495 1.000000 5.000000 4.962000 0.765092 0.833333 3.306559 2.129163 -71.565051 1.000000 0.956808 3.605551 -123.690068 2.000000 0.000000 
45.000000 44.000000 42.963709 1.000000 11.000000 11.628000 0.924619 0.458333 6.695125 2.550123 -58.547776 0.846154 0.633673 6.708204 -116.565051 3.130495 153.434949 
41.000000 45.000000 33.202300 1.000000 5.000000 8.328000 0.969048 0.500000 6.024504 1.487286 72.856562 0.833333 0.477622 5.385165 111.801409 1.897367 -161.565051 
9.000000 48.000000 49.748287 1.000000 20.000000 20.576000 0.972195 0.606061 10.984101 2.572197 -77.818773 0.869565 0.446785 11.401754 -105.255119 3.000000 0.000000 
9.000000 54.000000 53.606940 1.000000 23.000000 24.157000 0.982004 0.348485 13.820261 2.610097 -69.644245 0.718750 0.387844 12.529964 -118.610460 3.277152 159.443955 
21.000000 51.000000 33.192822 1.000000 3.000000 3.920000 0.942809 1.000000 3.464102 1.154701 90.000000 1.000000 0.756007 3.162278 108.434949 1.000000 0.000000 
32.000000 51.000000 46.327322 1.000000 18.000000 19.931000 0.963643 0.600000 10.409731 2.781414 -79.292489 0.818182 0.424903 10.440307 -106.699244 3.000000 0.000000 
16.000000 53.000000 39.682066 1.000000 7.000000 10.288000 0.967949 0.583333 6.654453 1.671252 75.910705 0.777778 0.487733 6.324555 108.434949 2.000000 0.000000 
54.000000 55.000000 42.565237 6.000000 14.000000 14.696000 0.957560 0.583333 8.518045 2.455186 -12.716560 0.875000 0.552924 8.246211 -165.963757 2.910428 -75.963757 
24.000000 54.000000 40.874356 1.000000 14.000000 19.956000 0.967112 0.466667 11.465927 2.916385 -85.531484 0.583333 0.329765 10.198039 -101.309932 3.000000 0.000000 
58.000000 54.000000 37.220280 2.000000 16.000000 18.062000 0.935485 0.500000 9.255174 3.270463 4.122475 0.666667 0.447209 8.544004 159.443955 4.000000 -90.000000 
45.000000 56.000000 48.787131 1.000000 26.000000 23.206000 0.963609 0.541667 11.650595 3.114407 -79.938583 0.838710 0.470654 12.369317 -104.036243 4.000000 0.000000 
18.000000 57.000000 67.200074 1.000000 16.000000 17.971000 0.943985 0.592593 9.051648 2.986943 -80.092255 0.842105 0.451073 9.055385 96.340192 3.000000 0.000000 
35.000000 56.000000 32.442019 1.000000 3.000000 3.920000 0.942809 1.000000 3.464102 1.154701 90.000000 1.000000 0.756007 3.162278 108.434949 1.000000 0.000000 
7.000000 60.000000 72.963074 1.000000 16.000000 14.605000 0.937575 0.571429 8.154659 2.836056 73.477794 0.842105 0.638410 8.062258 119.744881 3.333974 -168.690068 
56.000000 63.000000 41.781035 5.000000 24.000000 20.783000 0.957364 0.800000 11.045908 3.190980 -1.081881 0.888889 0.526905 10.198039 -168.690068 3.000000 -90.000000 
14.000000 60.000000 36.880784 1.000000 8.000000 13.770000 0.930870 0.444444 6.864855 2.508074 -67.375984 0.727273 0.351504 6.708204 -116.565051 3.000000 0.000000 
38.000000 62.000000 49.319273 1.000000 58.000000 57.254000 0.989439 0.295918 30.102067 4.363345 82.165665 0.547170 0.199815 28.442925 100.124672 5.458938 -171.573031 
11.000000 62.000000 45.388762 9.000000 6.000000 12.174000 0.601437 0.375000 4.858197 3.881312 19.329904 0.600000 0.321435 4.472136 116.565051 3.794733 -108.434949 
8.000000 68.000000 40.125838 1.000000 10.000000 12.736000 0.970693 0.476190 8.108597 1.948671 72.867676 0.833333 0.498472 7.615773 113.198591 2.425356 14.036243 
13.000000 67.000000 30.196237 10.000000 1.000000 0.000000 0.000000 1.000000 1.154701 1.154701 0.000000 1.000000 1.000000 1.414214 135.000000 1.000000 -90.000000 
43.000000 69.000000 46.942602 7.000000 6.000000 6.922000 0.894483 0.750000 4.513541 2.018017 -12.933178 1.000000 0.744483 4.472136 -153.434949 2.000000 -90.000000 
54.000000 69.000000 44.278436 5.000000 12.000000 13.216000 0.818312 0.400000 7.207563 4.142721 31.308247 0.666667 0.563576 6.708204 153.434949 4.242641 45.000000 
21.000000 68.000000 51.822561 1.000000 5.000000 4.962000 0.765092 0.833333 3.306559 2.129163 71.565051 1.000000 0.956808 3.605551 123.690068 2.000000 0.000000 
35.000000 69.000000 39.776502 1.000000 13.000000 16.168000 0.970973 0.722222 9.067684 2.168902 88.740026 0.866667 0.438134 9.055385 96.340192 2.000000 0.000000 
17.000000 70.000000 59.123076 1.000000 22.000000 17.053000 0.857482 0.687500 8.150771 4.193682 -89.146828 0.916667 0.677895 8.246211 104.036243 4.000000 0.000000 
41.000000 71.000000 65.497173 1.000000 11.000000 10.495000 0.827448 0.550000 5.382351 3.022414 -71.565051 0.916667 0.743346 5.385165 -111.801409 3.478505 161.565051 
39.000000 78.000000 49.274659 7.000000 25.000000 29.020000 0.984636 0.320513 15.494579 2.705676 -15.992004 0.675676 0.303721 14.317821 -155.224859 3.794733 -71.565051 
46.000000 72.000000 71.393683 1.000000 16.000000 14.051000 0.896536 0.761905 7.234281 3.204582 -89.659476 0.888889 0.680216 7.280110 105.945396 3.000000 0.000000 
57.000000 82.000000 44.370954 1.000000 64.000000 48.736000 0.987714 0.533333 25.717204 4.018887 1.482511 0.673684 0.298834 24.083189 -175.236358 5.000000 -90.000000 
10.000000 75.000000 41.182259 2.000000 4.000000 4.408000 0.870424 0.666667 3.435909 1.691507 58.282526 1.000000 0.881907 3.605551 123.690068 2.000000 0.000000 
51.000000 73.000000 48.111038 1.000000 1.000000 0.000000 0.000000 1.000000 1.154701 1.154701 0.000000 1.000000 1.000000 1.414214 135.000000 1.000000 -90.000000 
8.000000 76.000000 46.709604 1.000000 6.000000 6.368000 0.833333 0.750000 4.000000 2.211083 90.000000 1.000000 0.833753 4.123106 104.036243 2.000000 0.000000 
19.000000 77.000000 45.403769 1.000000 18.000000 21.552000 0.972907 0.545455 11.519932 2.663388 81.213476 0.750000 0.370949 11.401754 105.255119 3.000000 0.000000 
52.000000 79.000000 66.986958 1.000000 24.000000 19.774000 0.943627 0.480000 10.104047 3.344550 18.112801 0.827586 0.574327 10.440307 163.300756 4.024922 63.434949 
10.000000 77.000000 40.680952 11.000000 3.000000 3.920000 0.942809 1.000000 3.464102 1.154701 90.000000 1.000000 0.756007 3.162278 108.434949 1.000000 0.000000 
15.000000 81.000000 37.061134 12.000000 4.000000 6.368000 0.958153 0.500000 4.964579 1.421135 -67.500000 0.800000 0.555835 4.472136 -116.565051 1.788854 -26.565051 
8.000000 83.000000 32.884432 10.000000 3.000000 4.590000 0.928995 0.500000 3.854129 1.426385 -61.845034 1.000000 0.630657 3.605551 -123.690068 1.788854 -26.565051 
18.000000 82.000000 37.166778 12.000000 1.000000 0.000000 0.000000 1.000000 1.154701 1.154701 0.000000 1.000000 1.000000 1.414214 135.000000 1.000000 -90.000000 
32.000000 84.000000 58.735606 1.000000 37.000000 41.210000 0.992624 0.587302 22.082884 2.677270 -85.467027 0.822222 0.236370 21.213203 -98.130102 3.000000 0.000000 
46.000000 84.000000 47.818912 1.000000 14.000000 18.360000 0.940533 0.350000 9.331035 3.169768 64.941662 0.666667 0.380537 8.544004 110.556045 3.944467 -149.036243 
6.000000 85.000000 40.956026 1.000000 7.000000 8.328000 0.930558 0.700000 5.262061 1.926673 75.321123 1.000000 0.668670 5.385165 111.801409 2.000000 0.000000 
11.000000 85.000000 47.838612 10.000000 8.000000 8.998000 0.931551 0.533333 5.671347 2.062156 -60.349861 1.000000 0.682168 5.830952 -120.963757 2.683282 -26.565051 
17.000000 86.000000 40.442433 8.000000 3.000000 3.920000 0.942809 1.000000 3.464102 1.154701 0.000000 1.000000 0.756007 3.162278 161.565051 1.000000 -90.000000 
50.000000 85.000000 42.553604 7.000000 4.000000 4.408000 0.870424 0.666667 3.435909 1.691507 58.282526 1.000000 0.881907 3.605551 123.690068 2.000000 0.000000 
14.000000 87.000000 42.221090 1.000000 6.000000 7.402000 0.755929 0.500000 3.944053 2.581989 90.000000 0.857143 0.678241 4.123106 104.036243 3.000000 0.000000 
44.000000 108.000000 66.451528 1.000000 126.000000 97.232000 0.997251 0.304348 52.742070 3.907778 -9.433320 0.673797 0.157160 46.690470 -170.134193 4.767571 -80.537678 
8.000000 89.000000 48.693436 1.000000 16.000000 18.616000 0.980234 0.533333 10.881498 2.152829 77.139771 0.800000 0.424725 10.440307 106.699244 2.667892 14.036243 
19.000000 89.000000 54.190973 2.000000 8.000000 10.867000 0.933647 0.400000 6.617957 2.370509 -33.228278 0.727273 0.512284 5.830952 -149.036243 2.773501 -56.309932 
49.000000 98.000000 51.841802 1.000000 37.000000 33.866000 0.978962 0.544118 17.839005 3.639894 -0.245917 0.770833 0.339492 17.117243 173.290163 4.000000 -90.000000 
55.000000 92.000000 43.710856 1.000000 13.000000 11.810000 0.703043 0.541667 5.729907 4.074808 -9.534597 0.812500 0.730766 6.082763 170.537678 4.000000 -90.000000 
12.000000 93.000000 119.987229 1.000000 46.000000 33.957000 0.978975 0.541176 17.636965 3.597569 80.293767 0.851852 0.420003 17.464249 103.240520 4.109975 9.462322 
22.000000 92.000000 43.088862 1.000000 10.000000 13.009000 0.787310 0.500000 5.663387 3.491806 -61.589256 0.769231 0.481762 5.830952 -120.963757 4.000000 0.000000 
57.000000 95.000000 48.254555 6.000000 15.000000 11.901000 0.852710 0.600000 6.260193 3.270233 46.716815 1.000000 0.833021 6.403124 128.659808 3.535534 45.000000 
19.000000 98.000000 75.017772 1.000000 21.000000 22.751000 0.980198 0.381818 12.713221 2.517483 72.995318 0.807692 0.393621 12.083046 114.443955 3.162278 -161.565051 
30.000000 98.000000 55.407856 1.000000 27.000000 25.538000 0.980980 0.519231 13.983951 2.714441 77.446742 0.843750 0.412504 13.601471 107.102729 3.333974 -168.690068 
59.000000 97.000000 48.083629 6.000000 6.000000 5.905000 0.632456 0.666667 3.333333 2.581989 -45.000000 1.000000 0.921279 3.605551 -146.309932 2.828427 -45.000000 
11.000000 100.000000 35.149065 11.000000 3.000000 4.590000 0.928995 0.500000 3.854129 1.426385 -61.845034 1.000000 0.630657 3.605551 -123.690068 1.788854 -26.565051 
56.000000 103.000000 39.225608 1.000000 19.000000 21.891000 0.977781 0.575758 11.797312 2.473083 6.467269 0.730769 0.381024 11.180340 169.695154 2.969848 81.869898 
24.000000 102.000000 36.367307 2.000000 7.000000 10.313000 0.962213 0.350000 6.573993 1.790080 -31.926579 0.875000 0.485922 6.403124 -141.340192 2.236068 -63.434949 
7.000000 104.000000 52.494991 1.000000 12.000000 12.918000 0.944349 0.571429 7.248267 2.384290 -68.460978 0.857143 0.584685 7.615773 -113.198591 3.000000 0.000000 
20.000000 106.000000 56.877884 7.000000 14.000000 13.315000 0.943668 0.466667 7.737373 2.560239 -32.934130 0.933333 0.649618 7.810250 -140.194429 3.130495 -63.434949 
31.000000 109.000000 34.913689 12.000000 2.000000 1.960000 0.866025 1.000000 2.309401 1.154701 90.000000 1.000000 0.965669 2.236068 116.565051 1.000000 0.000000 
54.000000 108.000000 46.682419 2.000000 4.000000 5.053000 0.866025 0.666667 3.651484 1.825742 -71.565051 0.800000 0.748540 3.605551 -123.690068 2.000000 0.000000 
56.000000 112.000000 59.732038 2.000000 13.000000 14.721000 0.938025 0.464286 8.047258 2.788929 -16.739420 0.722222 0.511993 7.615773 -156.801409 3.333974 -78.690068 
10.000000 112.000000 72.623217 1.000000 31.000000 25.811000 0.975030 0.596154 13.912085 3.089515 -82.817158 0.815789 0.464726 13.341664 -102.994617 3.597007 172.874984 
25.000000 112.000000 65.282740 2.000000 12.000000 19.493000 0.961480 0.300000 10.380163 2.853261 -64.534528 0.521739 0.294338 8.944272 -116.565051 3.342516 -21.801409 
59.000000 113.000000 39.537726 1.000000 5.000000 8.328000 0.969048 0.500000 6.024504 1.487286 17.143438 0.833333 0.477622 5.385165 158.198591 1.897367 -108.434949 
51.000000 115.000000 34.816864 1.000000 9.000000 14.696000 0.939818 0.428571 8.084409 2.762242 1.176648 0.642857 0.355451 7.280110 164.054604 2.959182 80.537678 
20.000000 114.000000 89.247725 1.000000 29.000000 23.760000 0.950071 0.604167 11.965424 3.733632 87.872456 0.828571 0.503561 12.165525 99.462322 4.000000 0.000000 
10.000000 117.000000 77.010158 1.000000 39.000000 27.076000 0.973009 1.000000 15.011107 3.464102 90.000000 1.000000 0.536729 13.341664 102.994617 3.000000 0.000000 
60.000000 118.000000 48.862966 5.000000 15.000000 13.199000 0.893600 0.625000 6.955920 3.122261 -23.394955 0.833333 0.705936 7.211103 -146.309932 3.478505 -71.565051 
38.000000 118.000000 50.634078 2.000000 8.000000 8.328000 0.894059 0.800000 5.033223 2.254625 90.000000 1.000000 0.764194 5.099020 101.309932 2.000000 0.000000 
22.000000 122.000000 69.923821 1.000000 72.000000 65.698000 0.994427 0.375000 37.459995 3.949375 85.577457 0.585366 0.190926 32.062439 93.576334 4.801660 4.236395 
38.000000 121.000000 43.475331 9.000000 3.000000 3.920000 0.942809 1.000000 3.464102 1.154701 90.000000 1.000000 0.756007 3.162278 108.434949 1.000000 0.000000 
53.000000 124.000000 35.012021 1.000000 6.000000 8.328000 0.951618 0.600000 5.664082 1.740486 -14.655004 0.857143 0.573146 5.385165 -158.198591 2.000000 -90.000000 
59.000000 129.000000 47.858757 1.000000 22.000000 32.692000 0.963299 0.314286 15.747144 4.227017 -10.260200 0.488889 0.215304 14.317821 -167.905243 4.448397 94.398705 
26.000000 127.000000 65.233532 1.000000 11.000000 11.140000 0.911425 0.611111 6.202253 2.552014 -77.778023 0.916667 0.677718 6.324555 -108.434949 3.000000 0.000000 
10.000000 128.000000 34.624744 1.000000 6.000000 9.180000 0.955069 0.400000 5.927544 1.756826 61.845034 0.750000 0.496624 5.830952 120.963757 2.236068 -153.434949 
37.000000 129.000000 69.590901 1.000000 41.000000 39.614000 0.988009 0.431579 21.852405 3.373862 -81.883796 0.672131 0.281843 19.416488 -101.888658 4.163157 172.405357 
6.000000 130.000000 68.236630 1.000000 9.000000 9.370000 0.894762 0.600000 5.586501 2.494614 -72.652423 0.818182 0.722482 5.385165 -111.801409 2.846050 -18.434949 
27.000000 132.000000 62.016908 3.000000 13.000000 13.125000 0.919397 0.433333 7.014817 2.759141 39.754261 0.866667 0.617391 7.211103 146.309932 3.535534 45.000000 
13.000000 132.000000 90.633556 1.000000 26.000000 21.800000 0.968069 0.590909 12.029034 3.015506 -79.012014 0.866667 0.525212 11.401754 -105.255119 3.530090 168.690068 
22.000000 133.000000 66.812552 1.000000 24.000000 22.677000 0.877141 0.428571 9.763297 4.688665 -44.663620 0.727273 0.452435 10.000000 -143.130102 5.377549 140.194429 
52.000000 133.000000 43.087321 1.000000 24.000000 24.058000 0.972070 0.727273 12.338007 2.895632 -85.410722 0.827586 0.407658 11.401754 -105.255119 3.000000 0.000000 
46.000000 137.000000 46.652875 6.000000 15.000000 15.250000 0.955708 0.625000 8.852527 2.605441 7.957060 0.833333 0.557266 8.246211 165.963757 2.959182 80.537678 
8.000000 137.000000 32.632392 1.000000 3.000000 3.920000 0.942809 1.000000 3.464102 1.154701 90.000000 1.000000 0.756007 3.162278 108.434949 1.000000 0.000000 
54.000000 140.000000 81.054030 2.000000 29.000000 23.603000 0.946058 0.414286 12.358100 4.004000 27.882917 0.707317 0.509490 11.661904 149.036243 4.919350 -116.565051 
35.000000 143.000000 66.615179 1.000000 33.000000 29.145000 0.975923 0.305556 15.337884 3.345433 34.695154 0.825000 0.397813 14.422205 146.309932 4.301163 -125.537678 
58.000000 140.000000 45.111699 7.000000 7.000000 8.328000 0.930558 0.700000 5.262061 1.926673 -14.678877 1.000000 0.668670 5.385165 -158.198591 2.000000 -90.000000 
6.000000 141.000000 73.730311 1.000000 13.000000 11.330000 0.884107 0.722222 6.184232 2.889799 -77.042082 0.928571 0.780047 6.324555 -108.434949 3.000000 0.000000 
21.000000 141.000000 56.677075 1.000000 4.000000 4.408000 0.870424 0.666667 3.435909 1.691507 -31.717474 1.000000 0.881907 3.605551 -146.309932 2.000000 -90.000000 
12.000000 142.000000 46.912293 1.000000 15.000000 17.508000 0.961345 0.555556 9.968995 2.744940 -87.334509 0.714286 0.442057 9.055385 96.340192 3.000000 0.000000 
45.000000 142.000000 32.985485 1.000000 4.000000 6.368000 0.958153 0.500000 4.964579 1.421135 -67.500000 0.800000 0.555835 4.472136 -116.565051 1.788854 -26.565051 
28.000000 142.000000 48.596133 7.000000 10.000000 18.178000 0.982877 0.208333 11.364912 2.094144 -36.038096 0.625000 0.276473 10.000000 -143.130102 2.906191 -54.462322 
60.000000 144.000000 43.312043 3.000000 8.000000 8.146000 0.787839 0.666667 4.396969 2.708013 45.000000 0.888889 0.789037 5.000000 126.869898 3.000000 0.000000 
9.000000 146.000000 73.180757 1.000000 19.000000 15.920000 0.936459 0.593750 8.772908 3.077346 -17.283328 0.904762 0.657121 8.544004 -159.443955 3.638034 104.036243 
25.000000 143.000000 78.179972 1.000000 1.000000 0.000000 0.000000 1.000000 1.154701 1.154701 0.000000 1.000000 1.000000 1.414214 135.000000 1.000000 -90.000000 
17.000000 147.000000 83.400967 1.000000 20.000000 17.880000 0.940219 0.555556 9.151631 3.116779 12.701063 0.833333 0.568733 9.219544 167.471192 3.638034 -104.036243 
24.000000 145.000000 52.674174 1.000000 12.000000 18.658000 0.930838 0.244898 9.117131 3.331687 -45.707212 0.631579 0.317318 8.602325 -144.462322 4.160251 -56.309932 
47.000000 148.000000 53.286213 5.000000 9.000000 15.730000 0.916386 0.428571 7.398346 2.961527 -2.218237 0.750000 0.317567 7.071068 171.869898 3.000000 -90.000000 
39.000000 147.000000 39.491305 3.000000 3.000000 4.590000 0.928995 0.500000 3.854129 1.426385 61.845034 1.000000 0.630657 3.605551 123.690068 1.788854 26.565051 
52.000000 147.000000 102.746984 2.000000 9.000000 10.015000 0.927417 0.600000 6.110940 2.285676 15.965341 0.818182 0.653380 5.830952 149.036243 2.667892 75.963757 
35.000000 148.000000 73.679678 2.000000 8.000000 8.998000 0.843486 0.666667 4.858569 2.609784 67.198454 0.800000 0.682168 5.000000 126.869898 3.000000 0.000000 
43.000000 152.000000 55.296958 4.000000 4.000000 6.550000 0.946293 0.500000 4.820546 1.558527 -72.391204 0.800000 0.535155 4.472136 -116.565051 1.897367 161.565051 
60.000000 149.000000 81.368895 1.000000 19.000000 22.652000 0.844418 0.542857 8.996501 4.819282 -5.042224 0.633333 0.358872 8.062258 -150.255119 5.000000 -90.000000 
38.000000 152.000000 73.233075 1.000000 23.000000 20.990000 0.697310 0.479167 7.538436 5.403325 -22.588693 0.741935 0.496325 8.544004 -159.443955 5.942251 -68.198591 
13.000000 152.000000 113.679831 7.000000 16.000000 18.732000 0.521957 0.533333 6.118198 5.218651 -5.654966 0.761905 0.420232 6.708204 -153.434949 5.000000 -90.000000 
30.000000 151.000000 65.012876 1.000000 25.000000 26.043000 0.832761 0.446429 9.065394 5.018894 -35.863911 0.735294 0.368844 9.219544 -130.601295 5.656854 -45.000000 
55.000000 151.000000 170.797911 1.000000 21.000000 23.992000 0.659091 0.375000 7.785344 5.855070 -70.127540 0.700000 0.358438 8.544004 -110.556045 6.260990 153.434949 
7.000000 153.000000 56.079737 1.000000 12.000000 14.051000 0.961765 0.428571 8.321669 2.279093 65.882798 0.800000 0.510162 8.062258 119.744881 2.971125 21.801409 
17.000000 155.000000 87.767864 1.000000 21.000000 25.580000 0.422846 0.428571 7.499902 6.796424 81.828559 0.617647 0.319898 7.615773 113.198591 6.790998 165.963757 
49.000000 154.000000 66.062727 1.000000 24.000000 20.419000 0.595254 0.428571 9.030161 7.256076 22.519475 0.600000 0.543311 8.544004 -159.443955 7.000000 -90.000000 
59.000000 154.000000 147.203566 2.000000 13.000000 11.421000 0.790815 0.650000 6.065478 3.712407 51.903760 0.866667 0.770328 6.403124 128.659808 4.000000 0.000000 
5.000000 157.000000 43.054170 8.000000 5.000000 5.814000 0.743786 0.555556 3.529850 2.359413 -55.900705 1.000000 0.783414 3.605551 -146.309932 2.683282 -26.565051 
34.000000 157.000000 102.635005 1.000000 12.000000 15.275000 0.896656 0.400000 7.698782 3.408468 -52.568975 0.666667 0.444603 7.211103 -123.690068 4.000000 -36.869898 
11.000000 157.000000 75.960477 1.000000 16.000000 21.362000 0.905448 0.444444 9.757163 4.141490 80.949376 0.695652 0.334865 9.055385 96.340192 4.000000 0.000000 
54.000000 158.000000 155.704750 1.000000 22.000000 16.582000 0.792293 0.523810 7.276091 4.439440 46.453972 0.916667 0.710658 8.062258 150.255119 4.949747 45.000000 
24.000000 160.000000 96.494615 1.000000 34.000000 28.491000 0.936672 0.343434 13.193391 4.620443 -57.239597 0.708333 0.426991 12.083046 -114.443955 5.748657 139.398705 
7.000000 162.000000 44.052933 8.000000 8.000000 10.776000 0.966506 0.444444 6.995924 1.795469 -24.495457 0.888889 0.519005 6.708204 -153.434949 2.236068 -63.434949 
47.000000 161.000000 170.674632 1.000000 52.000000 44.238000 0.658972 0.481481 11.417321 8.587742 88.729858 0.684211 0.291092 12.083046 -114.443955 9.000000 0.000000 
36.000000 162.000000 83.215583 1.000000 30.000000 22.495000 0.713030 0.535714 8.906113 6.244378 61.463225 0.714286 0.573602 9.433981 122.005383 6.708204 -153.434949 
16.000000 161.000000 116.154506 1.000000 20.000000 20.527000 0.823171 0.500000 8.234475 4.675477 -24.848136 0.800000 0.448637 8.602325 -144.462322 4.949747 -45.000000 
21.000000 164.000000 124.955238 1.000000 28.000000 22.214000 0.931418 0.388889 10.643897 3.873859 -44.976206 0.875000 0.547294 10.816654 -146.309932 4.242641 -45.000000 
9.000000 165.000000 44.951512 2.000000 4.000000 4.590000 0.731925 0.666667 3.055050 2.081666 90.000000 1.000000 0.840876 3.162278 108.434949 2.000000 0.000000 
16.000000 166.000000 63.226090 1.000000 11.000000 9.643000 0.848965 0.733333 5.323477 2.813190 -65.662750 1.000000 0.845724 5.830952 -120.963757 3.000000 0.000000 
31.000000 165.000000 96.374194 2.000000 14.000000 16.582000 0.899850 0.400000 7.811290 3.407287 -61.464310 0.736842 0.452237 7.615773 -113.198591 4.242641 -45.000000 
6.000000 166.000000 56.986470 1.000000 8.000000 9.552000 0.924086 0.533333 5.864558 2.241345 74.643586 0.800000 0.623923 5.385165 111.801409 2.529822 18.434949 
43.000000 167.000000 193.940198 1.000000 29.000000 23.248000 0.657957 0.460317 8.533436 6.426151 -2.631651 0.743590 0.523290 9.486833 -161.565051 6.740358 99.462322 
16.000000 170.000000 61.819227 7.000000 25.000000 26.432000 0.898307 0.378788 11.742689 5.159371 -75.343383 0.625000 0.359204 11.401754 -105.255119 6.000000 0.000000 
38.000000 167.000000 113.114007 1.000000 4.000000 4.408000 0.870424 0.666667 3.435909 1.691507 -58.282526 1.000000 0.881907 3.605551 -123.690068 2.000000 0.000000 
28.000000 170.000000 126.737112 1.000000 39.000000 28.772000 0.894789 0.506494 12.336460 5.508089 -76.463079 0.672414 0.481197 11.401754 -105.255119 6.449806 172.874984 
35.000000 172.000000 105.605222 3.000000 19.000000 22.586000 0.739824 0.452381 7.662064 5.155037 61.932709 0.730769 0.360716 8.062258 119.744881 5.656854 -135.000000 
38.000000 175.000000 243.664211 1.000000 27.000000 21.180000 0.901194 0.482143 9.676371 4.193887 34.212916 0.843750 0.573574 9.899495 135.000000 4.949747 45.000000 
5.000000 178.000000 48.558977 1.000000 9.000000 11.628000 0.891351 0.500000 6.393967 2.898472 -2.092458 0.818182 0.518460 6.082763 170.537678 3.000000 -90.000000 
18.000000 175.000000 84.153907 1.000000 49.000000 41.864000 0.950395 0.382812 19.015411 5.914672 76.099985 0.590361 0.304000 16.492423 104.036243 7.251377 21.037511 
29.000000 176.000000 148.855926 1.000000 44.000000 26.994000 0.847568 0.571429 10.689716 5.672896 -67.830397 0.862745 0.608840 11.045361 95.194429 5.813777 -26.565051 
36.000000 182.000000 257.750258 1.000000 41.000000 25.191000 0.918821 0.532468 12.174610 4.804998 -19.105294 0.854167 0.641832 12.083046 -155.556045 5.908789 113.198591 
10.000000 183.000000 131.369418 1.000000 40.000000 26.142000 0.942623 0.454545 13.182116 4.400964 -62.679327 0.869565 0.586167 12.529964 -118.610460 5.366563 -26.565051 
27.000000 186.000000 96.313515 1.000000 50.000000 46.966000 0.992338 0.324675 24.629456 3.042986 -78.793221 0.735294 0.250249 23.086793 -107.650124 3.756594 169.695154 
18.000000 189.000000 133.057262 1.000000 24.000000 21.089000 0.825771 0.489796 8.801607 4.964153 -41.557075 0.800000 0.513680 8.602325 -144.462322 5.656854 135.000000 
9.000000 190.000000 120.084908 1.000000 30.000000 23.578000 0.964641 0.625000 12.562596 3.311105 -78.679397 0.857143 0.528046 12.369317 -104.036243 3.922323 -11.309932 
40.000000 189.000000 171.270604 1.000000 8.000000 8.626000 0.537086 0.500000 4.163332 3.511885 63.434949 0.800000 0.725980 4.472136 116.565051 3.535534 45.000000 
27.000000 191.000000 194.487234 1.000000 46.000000 30.542000 0.943421 0.589744 14.154723 4.693688 -78.838080 0.779661 0.509484 13.341664 -102.994617 5.515433 -8.130102 
34.000000 191.000000 55.194999 1.000000 3.000000 3.920000 0.942809 1.000000 3.464102 1.154701 90.000000 1.000000 0.756007 3.162278 108.434949 1.000000 0.000000 
40.000000 192.000000 225.186528 6.000000 17.000000 12.827000 0.805973 0.680000 6.280637 3.717840 -39.393589 1.000000 0.837771 7.071068 -135.000000 4.242641 -45.000000 
15.000000 192.000000 123.042061 1.000000 11.000000 13.588000 0.895919 0.523810 7.113320 3.159857 84.747468 0.785714 0.493892 7.071068 98.130102 3.000000 0.000000 
7.000000 194.000000 36.888578 1.000000 11.000000 12.248000 0.949451 0.785714 7.094689 2.227141 87.659778 0.916667 0.583644 7.071068 98.130102 2.000000 0.000000 
35.000000 194.000000 218.642601 1.000000 19.000000 14.324000 0.868397 0.678571 7.231865 3.586066 -82.310322 0.904762 0.782703 7.280110 -105.945396 4.000000 0.000000 
26.000000 195.000000 106.665636 1.000000 37.000000 33.155000 0.986731 0.330357 18.643614 3.026993 -71.458201 0.740000 0.352923 16.763055 -107.354025 3.766968 -19.653824 
41.000000 197.000000 170.488278 1.000000 26.000000 16.863000 0.225614 0.722222 6.037415 5.881751 -56.647282 0.896552 0.816439 7.071068 135.000000 6.000000 -90.000000 
10.000000 199.000000 51.456597 1.000000 18.000000 18.616000 0.970630 0.600000 10.287166 2.474839 -77.142656 0.857143 0.477816 10.440307 -106.699244 3.000000 0.000000 
36.000000 198.000000 128.623803 1.000000 12.000000 10.313000 0.663034 0.600000 4.795832 3.590110 90.000000 0.923077 0.833010 5.385165 -111.801409 4.000000 0.000000 
17.000000 200.000000 45.376083 2.000000 6.000000 7.592000 0.755090 0.500000 4.134723 2.710813 66.576195 0.857143 0.654442 4.472136 116.565051 3.000000 0.000000 
32.000000 202.000000 122.439784 1.000000 21.000000 19.030000 0.855290 0.428571 8.552773 4.431612 42.666571 0.777778 0.536828 8.062258 119.744881 5.487955 -120.963757 
45.000000 201.000000 223.528295 1.000000 22.000000 15.846000 0.561096 0.523810 6.703416 5.548759 -30.459694 0.814815 0.766819 7.071068 171.869898 5.656854 -45.000000 
9.000000 203.000000 64.065146 1.000000 23.000000 25.009000 0.981442 0.383333 13.320481 2.554304 73.194337 0.766667 0.364723 13.000000 112.619865 3.162278 18.434949 
37.000000 203.000000 77.661005 2.000000 1.000000 0.000000 0.000000 1.000000 1.154701 1.154701 0.000000 1.000000 1.000000 1.414214 135.000000 1.000000 -90.000000 
48.000000 205.000000 199.140216 1.000000 19.000000 16.872000 0.651127 0.452381 6.202878 4.707789 -62.967905 0.826087 0.596092 7.071068 98.130102 5.366563 153.434949 
28.000000 206.000000 109.939816 1.000000 26.000000 19.956000 0.538234 0.464286 7.534080 6.349686 85.194270 0.742857 0.612421 8.544004 -110.556045 6.957011 161.565051 
38.000000 206.000000 64.052455 1.000000 21.000000 29.574000 0.979919 0.323077 14.653301 2.921815 74.704863 0.600000 0.246558 13.341664 102.994617 3.708735 15.945396 
14.000000 209.000000 123.743340 1.000000 55.000000 46.528000 0.984564 0.458333 23.727767 4.152891 83.667176 0.617978 0.280150 20.223748 98.530766 5.239776 3.576334 
54.000000 209.000000 169.880077 1.000000 41.000000 23.231000 0.820746 0.569444 10.159091 5.803826 -54.185227 0.911111 0.740778 10.295630 -119.054604 6.559298 141.340192 
40.000000 210.000000 242.142132 1.000000 62.000000 37.166000 0.964339 0.607843 18.198894 4.816693 81.974336 0.805195 0.479543 17.262677 100.007980 5.457528 -172.874984 
16.000000 212.000000 112.145812 1.000000 23.000000 30.062000 0.990755 0.255556 16.205090 2.198404 69.612579 0.741935 0.262161 16.155494 111.801409 2.971125 21.801409 
59.000000 211.000000 113.792842 2.000000 14.000000 10.660000 0.590032 0.875000 4.878860 3.939093 -54.485204 1.000000 0.923591 5.656854 -135.000000 4.000000 -90.000000 
28.000000 212.000000 175.537878 1.000000 41.000000 36.521000 0.791913 0.585714 11.563952 7.061342 89.278101 0.694915 0.327515 10.770330 -111.801409 7.000000 0.000000 
48.000000 215.000000 199.240603 1.000000 68.000000 37.373000 0.948013 0.531250 17.385814 5.532740 74.332320 0.819277 0.520590 16.492423 104.036243 6.181225 -164.054604 
16.000000 217.000000 142.072890 1.000000 48.000000 37.762000 0.981413 0.313725 19.851880 3.809718 70.222836 0.727273 0.360519 17.720045 106.389540 4.775977 19.653824 
59.000000 214.000000 114.518604 1.000000 16.000000 12.066000 0.866220 0.888889 6.491897 3.243755 80.782526 1.000000 0.869379 6.708204 116.565051 3.000000 0.000000 
6.000000 218.000000 43.959583 1.000000 7.000000 8.328000 0.910849 0.700000 5.125685 2.115574 -85.692176 0.875000 0.668670 5.099020 101.309932 2.000000 0.000000 
29.000000 224.000000 121.123823 1.000000 85.000000 60.183000 0.983621 0.227273 28.817100 5.194250 55.209781 0.674603 0.266369 25.806976 125.537678 6.509868 -144.462322 
58.000000 218.000000 94.190909 1.000000 19.000000 16.565000 0.787810 0.542857 7.080333 4.360911 -78.690068 0.791667 0.614809 8.062258 -119.744881 4.743416 -18.434949 
52.000000 220.000000 119.281880 1.000000 24.000000 19.749000 0.924182 0.533333 9.776676 3.734218 75.151740 0.800000 0.575582 9.486833 108.434949 4.595725 23.198591 
6.000000 222.000000 128.280138 2.000000 17.000000 13.381000 0.859350 0.708333 6.788806 3.471717 77.592902 0.894737 0.782533 6.708204 116.565051 3.880570 14.036243 
36.000000 228.000000 117.230535 1.000000 67.000000 67.031000 0.993890 0.145969 34.642723 3.823691 56.914343 0.558333 0.170982 31.384710 120.650668 5.236609 -148.671307 
54.000000 225.000000 84.177090 1.000000 1.000000 0.000000 0.000000 1.000000 1.154701 1.154701 0.000000 1.000000 1.000000 1.414214 135.000000 1.000000 -90.000000 
16.000000 229.000000 59.182913 1.000000 16.000000 15.316000 0.968246 1.000000 9.237604 2.309401 90.000000 1.000000 0.590174 8.246211 104.036243 2.000000 0.000000 
56.000000 231.000000 37.020728 1.000000 11.000000 11.810000 0.865066 0.611111 5.923823 2.971730 80.600057 0.916667 0.618340 6.324555 108.434949 3.000000 0.000000 
12.000000 234.000000 62.691865 1.000000 50.000000 38.936000 0.979191 0.367647 19.351385 3.927158 74.997085 0.704225 0.354877 18.027756 109.440035 5.314115 19.653824 
41.000000 233.000000 38.803719 1.000000 9.000000 12.248000 0.969266 0.642857 7.393691 1.818967 78.690068 0.900000 0.477527 7.280110 105.945396 2.000000 0.000000 
59.000000 233.000000 35.751656 1.000000 9.000000 11.628000 0.891351 0.500000 6.393967 2.898472 -2.092458 0.750000 0.518460 6.082763 170.537678 3.000000 -90.000000 
