277
32.000000 122.000000 17.489881 1.000000 10303.000000 591.556000 0.961472 0.670768 286.100542 78.649754 0.673174 0.670768 0.366084 248.386795 165.068583 64.000000 -90.000000 
14.000000 5.000000 46.751935 11.000000 3.000000 4.590000 0.928995 0.500000 3.854129 1.426385 -61.845034 1.000000 0.630657 3.605551 -123.690068 1.788854 -26.565051 
21.000000 5.000000 68.376192 1.000000 14.000000 16.838000 0.968729 0.518519 9.439262 2.342084 77.217823 0.823529 0.440722 9.486833 108.434949 2.910428 -165.963757 
56.000000 5.000000 46.374844 1.000000 6.000000 8.328000 0.953154 0.600000 5.526219 1.671596 72.391204 0.857143 0.573146 5.385165 111.801409 2.000000 0.000000 
8.000000 7.000000 55.803277 1.000000 9.000000 12.248000 0.969266 0.642857 7.393691 1.818967 -78.690068 0.900000 0.477527 7.280110 -105.945396 2.000000 0.000000 
40.000000 10.000000 52.075830 1.000000 36.000000 45.486000 0.988623 0.409091 22.273509 3.350244 -88.778606 0.545455 0.191314 22.203603 -97.765166 4.000000 0.000000 
53.000000 10.000000 44.081358 6.000000 4.000000 4.408000 0.870424 0.666667 3.435909 1.691507 31.717474 1.000000 0.881907 3.605551 146.309932 2.000000 -90.000000 
14.000000 12.000000 72.449139 1.000000 32.000000 37.257000 0.993194 0.296296 21.234984 2.473282 73.317965 0.695652 0.246392 18.973666 108.434949 3.420526 15.255119 
6.000000 13.000000 46.537796 11.000000 2.000000 2.812000 0.925820 0.500000 3.055050 1.154701 -45.000000 1.000000 0.709058 2.828427 -135.000000 1.414214 -45.000000 
53.000000 13.000000 44.063234 7.000000 2.000000 2.812000 0.925820 0.500000 3.055050 1.154701 -45.000000 1.000000 0.709058 2.828427 -135.000000 1.414214 -45.000000 
34.000000 16.000000 134.983720 1.000000 52.000000 32.179000 0.962815 0.650000 16.261693 4.393281 -81.588649 0.912281 0.523790 16.278821 -100.619655 4.931970 170.537678 
53.000000 16.000000 68.733400 1.000000 24.000000 27.126000 0.977911 0.615385 14.821605 3.098032 -87.580431 0.666667 0.329204 13.341664 102.994617 3.000000 0.000000 
5.000000 16.000000 64.148631 2.000000 4.000000 3.556000 0.000000 1.000000 2.309401 2.309401 0.000000 1.000000 1.000000 2.828427 135.000000 2.000000 -90.000000 
8.000000 19.000000 49.604200 1.000000 4.000000 6.368000 0.958153 0.500000 4.964579 1.421135 67.500000 0.800000 0.555835 4.472136 116.565051 1.788854 26.565051 
15.000000 23.000000 131.626431 1.000000 81.000000 53.086000 0.987936 0.360000 28.108850 4.352986 72.910284 0.764151 0.321956 26.248809 107.744672 5.363827 -163.300756 
37.000000 21.000000 193.058872 1.000000 19.000000 12.827000 0.763324 0.791667 6.257501 4.042447 -73.124096 1.000000 0.936333 6.708204 -116.565051 4.000000 0.000000 
58.000000 22.000000 47.832666 1.000000 5.000000 6.368000 0.923687 0.625000 4.492622 1.721341 69.006394 1.000000 0.694794 4.472136 116.565051 2.000000 0.000000 
30.000000 22.000000 198.139116 1.000000 23.000000 17.988000 0.847658 0.575000 7.914822 4.199148 85.515688 0.821429 0.647374 8.062258 97.125016 5.000000 0.000000 
52.000000 23.000000 79.700972 1.000000 1.000000 0.000000 0.000000 1.000000 1.154701 1.154701 0.000000 1.000000 1.000000 1.414214 135.000000 1.000000 -90.000000 
43.000000 24.000000 160.601844 1.000000 27.000000 21.916000 0.943176 0.450000 11.273052 3.745951 -71.484961 0.818182 0.540375 10.440307 -106.699244 4.608177 165.963757 
20.000000 26.000000 78.704736 1.000000 17.000000 17.252000 0.924601 0.404762 8.516409 3.244222 58.717245 0.772727 0.513655 8.062258 119.744881 4.000000 -143.130102 
34.000000 24.000000 90.825805 1.000000 7.000000 8.717000 0.805430 0.583333 4.455913 2.640980 15.232772 0.875000 0.625521 4.472136 153.434949 3.000000 -90.000000 
37.000000 26.000000 175.886365 1.000000 16.000000 11.512000 0.770265 0.800000 5.771314 3.680503 58.039409 1.000000 0.936357 6.403124 128.659808 4.000000 0.000000 
29.000000 28.000000 179.159613 1.000000 39.000000 26.506000 0.938374 0.541667 12.680497 4.382652 75.953991 0.866667 0.557565 12.369317 104.036243 5.425167 -170.537678 
42.000000 29.000000 163.395821 1.000000 28.000000 19.584000 0.906899 0.518519 9.736336 4.102390 -70.075132 0.875000 0.681299 9.486833 -108.434949 4.642383 158.198591 
14.000000 30.000000 72.904826 1.000000 13.000000 14.994000 0.924607 0.464286 7.790975 2.967762 65.946986 0.764706 0.496695 7.615773 113.198591 3.638034 -165.963757 
50.000000 30.000000 67.150163 3.000000 2.000000 2.812000 0.925820 0.500000 3.055050 1.154701 -45.000000 1.000000 0.709058 2.828427 -135.000000 1.414214 -45.000000 
57.000000 29.000000 58.061990 1.000000 9.000000 11.322000 0.926779 0.500000 6.438906 2.418497 -73.154966 0.900000 0.540630 6.324555 -108.434949 3.000000 0.000000 
22.000000 31.000000 74.637285 2.000000 10.000000 9.180000 0.806180 0.666667 4.888755 2.892531 69.379278 1.000000 0.827706 5.385165 111.801409 3.000000 0.000000 
26.000000 34.000000 82.621718 1.000000 12.000000 12.000000 0.919084 0.500000 6.737600 2.655032 -67.030405 0.857143 0.657731 6.708204 -116.565051 3.130495 -26.565051 
43.000000 33.000000 160.475451 1.000000 17.000000 13.100000 0.792494 0.708333 6.179102 3.768505 86.552345 0.944444 0.809844 6.324555 108.434949 4.000000 0.000000 
53.000000 35.000000 92.139477 1.000000 42.000000 35.363000 0.980693 0.375000 19.105401 3.736136 -71.296215 0.688525 0.355987 17.088007 -110.556045 4.743416 161.565051 
34.000000 35.000000 162.103834 1.000000 48.000000 28.946000 0.927627 0.527473 13.379099 4.997191 76.345475 0.842105 0.585837 13.341664 102.994617 5.531727 12.528808 
16.000000 36.000000 101.092316 1.000000 54.000000 40.714000 0.972561 0.450000 20.172364 4.693077 -87.731049 0.720000 0.352820 20.024984 92.862405 5.738802 176.423666 
40.000000 36.000000 105.793505 1.000000 5.000000 5.814000 0.743786 0.555556 3.529850 2.359413 34.099295 0.833333 0.783414 3.605551 123.690068 2.683282 -116.565051 
26.000000 39.000000 110.160184 1.000000 23.000000 15.846000 0.739837 0.657143 6.841751 4.603034 76.293988 0.920000 0.801674 7.280110 105.945396 5.000000 0.000000 
44.000000 39.000000 59.478772 1.000000 9.000000 10.288000 0.942932 0.750000 6.161450 2.051676 -79.721977 1.000000 0.627085 6.324555 -108.434949 2.000000 0.000000 
14.000000 41.000000 56.827493 1.000000 21.000000 24.612000 0.969668 0.381818 13.441710 3.285476 -81.544896 0.600000 0.342603 11.704700 -109.983107 3.904748 167.471192 
22.000000 42.000000 95.863282 1.000000 15.000000 12.000000 0.837595 0.600000 6.303438 3.443512 45.000000 0.937500 0.822163 6.403124 128.659808 4.160251 -146.309932 
5.000000 45.000000 78.562162 1.000000 20.000000 30.790000 0.940962 0.277778 14.485272 4.903422 20.247125 0.476190 0.218289 13.000000 157.380135 5.366563 -116.565051 
35.000000 45.000000 145.796615 1.000000 121.000000 65.599000 0.982892 0.504167 30.890663 5.689532 83.716537 0.770701 0.321787 30.594117 101.309932 6.484689 -173.290163 
10.000000 44.000000 51.279394 1.000000 4.000000 5.053000 0.866025 0.666667 3.651484 1.825742 -71.565051 1.000000 0.748540 3.605551 -123.690068 2.000000 0.000000 
17.000000 46.000000 110.900424 1.000000 18.000000 14.233000 0.864921 0.642857 7.047152 3.537017 76.223594 1.000000 0.749295 7.615773 113.198591 4.000000 0.000000 
12.000000 48.000000 83.146738 1.000000 11.000000 12.364000 0.915122 0.611111 6.575792 2.651214 80.848687 0.846154 0.574944 6.324555 108.434949 3.000000 0.000000 
51.000000 49.000000 74.161150 1.000000 13.000000 13.290000 0.954577 0.619048 7.913389 2.357910 74.077921 0.866667 0.605054 7.615773 113.198591 2.846050 18.434949 
38.000000 51.000000 117.904798 1.000000 62.000000 45.825000 0.987974 0.563636 24.137580 3.732213 -86.310394 0.775000 0.324939 22.090722 -95.194429 4.309824 -3.012788 
5.000000 52.000000 68.061621 10.000000 3.000000 3.093000 0.730297 0.750000 2.581989 1.763834 45.000000 1.000000 0.969873 2.828427 135.000000 2.000000 -90.000000 
18.000000 53.000000 65.290110 1.000000 5.000000 5.624000 0.000000 0.555556 2.780887 2.780887 0.000000 1.000000 0.817744 3.162278 108.434949 2.828427 -45.000000 
59.000000 54.000000 73.560284 1.000000 18.000000 23.297000 0.768206 0.428571 8.469632 5.422282 -71.244230 0.620690 0.323598 8.602325 -125.537678 5.813777 153.434949 
9.000000 54.000000 46.882798 11.000000 3.000000 4.590000 0.928995 0.500000 3.854129 1.426385 -61.845034 1.000000 0.630657 3.605551 -123.690068 1.788854 -26.565051 
51.000000 53.000000 140.281587 1.000000 21.000000 18.360000 0.937069 0.466667 9.531860 3.328004 -74.477905 0.777778 0.570805 9.219544 -102.528808 4.085297 -21.801409 
5.000000 59.000000 108.119870 5.000000 27.000000 25.348000 0.976425 0.692308 13.575003 2.930229 -0.794576 0.870968 0.418024 13.038405 175.601295 3.000000 -90.000000 
14.000000 55.000000 112.816786 1.000000 26.000000 18.641000 0.890089 0.722222 9.109810 4.152127 88.947849 0.928571 0.688595 9.219544 -102.528808 4.000000 0.000000 
37.000000 56.000000 83.172603 1.000000 4.000000 4.590000 0.731925 0.666667 3.055050 2.081666 0.000000 1.000000 0.840876 3.162278 161.565051 2.000000 -90.000000 
27.000000 57.000000 189.939792 1.000000 74.000000 38.034000 0.968595 0.822222 19.894185 4.946594 -85.429645 0.936709 0.548481 18.439089 -102.528808 5.000000 0.000000 
55.000000 57.000000 54.977708 4.000000 8.000000 9.370000 0.835767 0.500000 5.123660 2.813321 32.066822 0.800000 0.642206 5.000000 126.869898 3.478505 -108.434949 
9.000000 57.000000 66.614977 2.000000 8.000000 7.501000 0.765333 0.666667 4.260095 2.741945 65.592963 0.888889 0.887575 4.472136 116.565051 3.000000 0.000000 
17.000000 59.000000 66.309317 2.000000 5.000000 4.962000 0.765092 0.833333 3.306559 2.129163 71.565051 1.000000 0.956808 3.605551 123.690068 2.000000 0.000000 
39.000000 59.000000 195.227139 1.000000 21.000000 14.142000 0.673766 0.700000 6.198992 4.580713 -88.330765 0.913043 0.883408 6.708204 116.565051 5.000000 0.000000 
60.000000 58.000000 62.783898 3.000000 4.000000 4.590000 0.731925 0.666667 3.055050 2.081666 0.000000 1.000000 0.840876 3.162278 161.565051 2.000000 -90.000000 
52.000000 61.000000 56.750747 1.000000 10.000000 12.364000 0.917055 0.555556 6.538283 2.607207 12.084806 0.769231 0.522677 6.324555 161.565051 3.000000 -90.000000 
22.000000 61.000000 93.040173 1.000000 15.000000 16.656000 0.965086 0.555556 9.615868 2.518726 -81.650378 0.789474 0.480924 9.219544 -102.528808 2.828427 -8.130102 
44.000000 61.000000 145.469201 1.000000 19.000000 16.102000 0.905794 0.593750 8.044300 3.408512 -77.979904 0.950000 0.644750 8.246211 -104.036243 4.000000 0.000000 
26.000000 62.000000 50.922862 1.000000 3.000000 4.590000 0.928995 0.500000 3.854129 1.426385 28.154966 0.750000 0.630657 3.605551 146.309932 1.788854 -116.565051 
41.000000 63.000000 50.550104 7.000000 6.000000 6.922000 0.894483 0.750000 4.513541 2.018017 -12.933178 0.857143 0.744483 4.472136 -153.434949 2.000000 -90.000000 
57.000000 65.000000 119.124439 1.000000 25.000000 20.783000 0.955504 0.500000 11.174538 3.296236 73.679542 0.806452 0.548859 10.770330 111.801409 4.109975 -170.537678 
15.000000 65.000000 61.585244 1.000000 4.000000 4.590000 0.731925 0.666667 3.055050 2.081666 0.000000 1.000000 0.840876 3.162278 161.565051 2.000000 -90.000000 
10.000000 66.000000 83.884000 1.000000 21.000000 20.022000 0.970524 0.525000 11.347880 2.734886 -80.213437 0.807692 0.491833 10.440307 -106.699244 3.123581 -9.462322 
38.000000 68.000000 121.553404 1.000000 104.000000 61.654000 0.987892 0.577778 33.648610 5.220419 88.816874 0.688742 0.311281 30.066593 -93.814075 6.000000 0.000000 
4.000000 67.000000 74.394158 8.000000 5.000000 4.962000 0.765092 0.833333 3.306559 2.129163 18.434949 1.000000 0.956808 3.605551 146.309932 2.000000 -90.000000 
18.000000 68.000000 111.521717 1.000000 18.000000 14.060000 0.693551 0.500000 5.925463 4.268749 -45.000000 1.000000 0.764443 6.324555 -161.565051 4.242641 -45.000000 
52.000000 69.000000 53.576452 2.000000 3.000000 3.093000 0.730297 0.750000 2.581989 1.763834 45.000000 1.000000 0.969873 2.828427 135.000000 2.000000 -90.000000 
13.000000 70.000000 48.262596 11.000000 2.000000 1.960000 0.866025 1.000000 2.309401 1.154701 90.000000 1.000000 0.965669 2.236068 116.565051 1.000000 0.000000 
22.000000 72.000000 161.688600 1.000000 24.000000 18.087000 0.809740 0.489796 7.767634 4.557957 -51.822976 0.827586 0.669235 8.062258 -150.255119 5.000000 -36.869898 
14.000000 72.000000 90.265455 1.000000 17.000000 19.170000 0.979920 0.566667 11.286024 2.250322 78.714007 0.850000 0.429139 10.440307 106.699244 2.745626 -168.690068 
34.000000 74.000000 128.325547 1.000000 18.000000 15.829000 0.833107 0.514286 7.384307 4.084346 77.988392 0.782609 0.628522 7.615773 113.198591 4.743416 18.434949 
8.000000 77.000000 75.563089 1.000000 19.000000 18.186000 0.966742 0.422222 10.404366 2.660951 -66.452590 0.826087 0.524904 9.848858 -113.962489 3.130495 -26.565051 
26.000000 76.000000 118.764381 1.000000 25.000000 18.087000 0.492404 0.595238 6.573027 5.720943 74.398056 0.862069 0.697120 7.280110 105.945396 6.000000 0.000000 
45.000000 75.000000 141.705685 1.000000 73.000000 45.767000 0.976350 0.496599 23.805315 5.146597 -82.683360 0.752577 0.383497 21.095023 -95.440332 6.175450 176.423666 
58.000000 76.000000 55.095537 2.000000 5.000000 8.328000 0.969048 0.500000 6.024504 1.487286 72.856562 0.714286 0.477622 5.385165 111.801409 1.897367 18.434949 
30.000000 77.000000 69.413604 12.000000 3.000000 3.093000 0.730297 0.750000 2.581989 1.763834 45.000000 1.000000 0.969873 2.828427 135.000000 2.000000 -90.000000 
57.000000 79.000000 52.751938 1.000000 5.000000 4.962000 0.765092 0.833333 3.306559 2.129163 -18.434949 1.000000 0.956808 3.605551 -146.309932 2.000000 -90.000000 
17.000000 80.000000 73.341360 1.000000 35.000000 32.411000 0.966236 0.625000 14.950913 3.852236 89.372408 0.686275 0.347965 14.317821 102.094757 4.000000 0.000000 
37.000000 81.000000 94.181504 1.000000 1.000000 0.000000 0.000000 1.000000 1.154701 1.154701 0.000000 1.000000 1.000000 1.414214 135.000000 1.000000 -90.000000 
10.000000 81.000000 68.438153 1.000000 4.000000 5.880000 0.968246 1.000000 4.618802 1.154701 90.000000 1.000000 0.617595 4.123106 104.036243 1.000000 0.000000 
28.000000 80.000000 77.386700 6.000000 3.000000 3.920000 0.942809 1.000000 3.464102 1.154701 90.000000 1.000000 0.756007 3.162278 108.434949 1.000000 0.000000 
32.000000 81.000000 76.350360 12.000000 3.000000 4.590000 0.928995 0.500000 3.854129 1.426385 -61.845034 0.750000 0.630657 3.605551 -123.690068 1.788854 153.434949 
43.000000 83.000000 136.000899 1.000000 41.000000 25.927000 0.911169 0.683333 12.402366 5.110175 -85.185997 0.891304 0.609741 12.369317 -104.036243 5.000000 0.000000 
24.000000 85.000000 64.929426 3.000000 1.000000 0.000000 0.000000 1.000000 1.154701 1.154701 0.000000 1.000000 1.000000 1.414214 135.000000 1.000000 -90.000000 
31.000000 83.000000 48.412953 10.000000 2.000000 2.812000 0.925820 0.500000 3.055050 1.154701 -45.000000 1.000000 0.709058 2.828427 -135.000000 1.414214 -45.000000 
13.000000 86.000000 92.837671 1.000000 34.000000 27.540000 0.895682 0.566667 11.598081 5.157617 79.759821 0.693878 0.453872 10.770330 111.801409 6.000000 0.000000 
31.000000 86.000000 119.170459 1.000000 36.000000 28.813000 0.978368 0.514286 16.037900 3.317826 78.777584 0.818182 0.443043 14.866069 109.653824 4.101219 -171.869898 
54.000000 88.000000 58.045954 1.000000 13.000000 17.144000 0.981594 0.361111 10.417809 1.989577 67.756760 0.764706 0.396988 9.848858 113.962489 2.599735 21.801409 
20.000000 88.000000 140.239736 1.000000 25.000000 16.102000 0.612884 0.714286 6.631201 5.239794 77.631036 0.961538 0.848355 7.615773 113.198591 5.000000 0.000000 
43.000000 90.000000 75.887881 1.000000 39.000000 34.718000 0.961674 0.464286 16.286613 4.465737 -80.487277 0.661017 0.341918 14.866069 -109.653824 5.746958 -16.699244 
7.000000 90.000000 65.809784 1.000000 15.000000 14.142000 0.911211 0.535714 7.476672 3.079941 75.421541 0.882353 0.631005 7.280110 105.945396 3.638034 -165.963757 
24.000000 90.000000 79.569442 1.000000 4.000000 5.905000 0.791649 0.666667 3.586706 2.191393 -14.872441 0.800000 0.614186 3.605551 -146.309932 2.000000 -90.000000 
14.000000 91.000000 55.109831 6.000000 9.000000 13.315000 0.907978 0.500000 6.901898 2.892024 -87.402786 0.642857 0.417612 6.324555 -108.434949 3.000000 0.000000 
59.000000 92.000000 68.665607 1.000000 10.000000 11.330000 0.946709 0.555556 6.828563 2.199409 -68.818889 0.833333 0.600036 6.708204 -116.565051 2.683282 -26.565051 
28.000000 92.000000 117.880796 1.000000 21.000000 16.011000 0.912044 0.656250 8.425139 3.455093 -79.145059 0.875000 0.719406 8.246211 -104.036243 3.880570 165.963757 
22.000000 93.000000 75.196662 1.000000 10.000000 9.643000 0.849208 0.666667 5.266245 2.780887 79.695154 1.000000 0.768840 5.385165 111.801409 3.000000 0.000000 
32.000000 94.000000 63.838821 1.000000 5.000000 4.962000 0.765092 0.833333 3.306559 2.129163 71.565051 1.000000 0.956808 3.605551 123.690068 2.000000 0.000000 
16.000000 97.000000 97.690883 1.000000 65.000000 60.554000 0.993298 0.320197 32.485183 3.754559 -81.356553 0.590909 0.201328 29.614186 -101.689369 4.740464 169.695154 
32.000000 98.000000 91.806371 8.000000 15.000000 12.554000 0.914254 0.625000 7.152515 2.897773 -24.658014 0.937500 0.765148 7.211103 -146.309932 3.478505 108.434949 
59.000000 97.000000 43.787940 11.000000 2.000000 1.960000 0.866025 1.000000 2.309401 1.154701 90.000000 1.000000 0.965669 2.236068 116.565051 1.000000 0.000000 
35.000000 99.000000 56.473635 3.000000 4.000000 5.905000 0.926289 0.444444 4.355771 1.641317 50.309828 1.000000 0.614186 4.242641 135.000000 2.121320 -135.000000 
46.000000 100.000000 105.523918 1.000000 54.000000 31.997000 0.962403 0.600000 16.675539 4.529486 -79.814267 0.843750 0.549585 15.524175 -104.931417 5.099020 -11.309932 
26.000000 102.000000 47.043124 7.000000 3.000000 3.093000 0.730297 0.750000 2.581989 1.763834 -45.000000 1.000000 0.969873 2.828427 -135.000000 2.000000 -90.000000 
55.000000 102.000000 64.535055 1.000000 9.000000 10.867000 0.866833 0.450000 5.784434 2.884112 -67.500000 0.750000 0.576320 5.656854 -135.000000 3.395499 165.963757 
14.000000 105.000000 54.566756 1.000000 15.000000 16.681000 0.972722 0.375000 10.251824 2.378161 60.685649 0.833333 0.479712 9.433981 122.005383 3.086975 -149.036243 
23.000000 105.000000 61.943519 1.000000 13.000000 14.051000 0.919889 0.433333 7.633624 2.993743 55.226521 0.764706 0.552676 7.211103 123.690068 3.800000 -143.130102 
28.000000 104.000000 56.060804 1.000000 6.000000 5.516000 0.745356 1.000000 3.464102 2.309401 90.000000 1.000000 1.000000 3.605551 123.690068 2.000000 0.000000 
34.000000 102.000000 63.994011 7.000000 7.000000 7.402000 0.800314 0.583333 4.163332 2.496256 -30.963757 1.000000 0.791281 4.472136 -153.434949 2.828427 -45.000000 
54.000000 104.000000 45.682116 9.000000 3.000000 5.624000 0.970143 0.333333 4.760952 1.154701 -45.000000 1.000000 0.490646 4.242641 -135.000000 1.414214 -45.000000 
9.000000 108.000000 66.873736 1.000000 13.000000 14.233000 0.939118 0.619048 7.644720 2.626685 -74.030776 0.812500 0.541158 7.615773 -113.198591 3.000000 0.000000 
30.000000 108.000000 135.454442 1.000000 32.000000 27.126000 0.974390 0.571429 14.362553 3.229646 80.955262 0.820513 0.438939 14.142136 98.130102 3.781177 -170.537678 
41.000000 109.000000 56.711399 6.000000 6.000000 6.368000 0.833333 0.750000 4.000000 2.211083 0.000000 1.000000 0.833753 4.123106 165.963757 2.000000 -90.000000 
18.000000 109.000000 88.724841 1.000000 16.000000 15.432000 0.944610 0.666667 8.305782 2.725922 75.416193 0.888889 0.582825 8.544004 110.556045 3.000000 0.000000 
38.000000 110.000000 74.534957 1.000000 12.000000 12.364000 0.928852 0.500000 7.065846 2.617556 -65.565156 0.857143 0.627212 6.708204 -116.565051 3.130495 -26.565051 
54.000000 110.000000 61.052106 1.000000 12.000000 14.696000 0.973450 0.500000 8.833066 2.021895 72.796737 0.800000 0.473935 8.544004 110.556045 2.529822 18.434949 
12.000000 113.000000 62.086178 1.000000 27.000000 31.468000 0.974435 0.360000 16.793055 3.772895 -84.025437 0.574468 0.283257 15.297059 -101.309932 4.242641 -8.130102 
46.000000 112.000000 85.190111 1.000000 29.000000 23.206000 0.963166 0.659091 12.401241 3.334791 -80.900915 0.852941 0.524960 11.401754 -105.255119 3.781177 -9.462322 
58.000000 118.000000 58.551625 2.000000 29.000000 31.170000 0.980498 0.414286 17.372446 3.414194 -6.156010 0.557692 0.309547 14.560220 -164.054604 4.448397 -85.601295 
28.000000 114.000000 56.673163 1.000000 16.000000 20.758000 0.970256 0.484848 11.210560 2.713857 84.980230 0.727273 0.352005 11.180340 100.304846 2.976834 -172.874984 
53.000000 114.000000 51.879630 12.000000 4.000000 4.408000 0.870424 0.666667 3.435909 1.691507 -58.282526 1.000000 0.881907 3.605551 -123.690068 2.000000 0.000000 
22.000000 119.000000 104.578852 1.000000 37.000000 26.299000 0.964454 0.569231 13.877294 3.667084 -77.540108 0.880952 0.536437 13.601471 -107.102729 4.274374 -9.462322 
38.000000 117.000000 93.182471 1.000000 10.000000 10.288000 0.928132 0.833333 6.110101 2.274496 90.000000 1.000000 0.696762 6.082763 99.462322 2.000000 0.000000 
32.000000 119.000000 123.993887 1.000000 22.000000 17.996000 0.913319 0.611111 8.901871 3.625241 85.598598 0.846154 0.618759 9.055385 96.340192 4.000000 0.000000 
60.000000 119.000000 44.049812 6.000000 1.000000 0.000000 0.000000 1.000000 1.154701 1.154701 0.000000 1.000000 1.000000 1.414214 135.000000 1.000000 -90.000000 
34.000000 123.000000 68.327130 1.000000 18.000000 23.802000 0.967482 0.300000 11.991171 3.033064 62.509788 0.642857 0.311581 11.180340 116.565051 3.882901 33.690068 
45.000000 124.000000 89.448944 1.000000 53.000000 44.510000 0.986255 0.240909 23.645929 3.907010 67.180063 0.646341 0.293313 21.540659 111.801409 5.366563 -153.434949 
28.000000 122.000000 63.222993 1.000000 3.000000 3.093000 0.730297 0.750000 2.581989 1.763834 -45.000000 1.000000 0.969873 2.828427 -135.000000 2.000000 -90.000000 
10.000000 123.000000 118.653070 1.000000 35.000000 24.984000 0.955516 0.583333 13.015497 3.838769 84.892585 0.813953 0.556000 12.369317 104.036243 4.931970 9.462322 
19.000000 124.000000 145.254010 1.000000 17.000000 15.920000 0.906151 0.485714 8.004021 3.385329 -69.633947 0.772727 0.587950 7.615773 -113.198591 4.024922 -26.565051 
15.000000 126.000000 66.853800 2.000000 6.000000 10.404000 0.889570 0.400000 5.524521 2.523599 6.378766 0.666667 0.410927 5.099020 168.690068 2.846050 71.565051 
24.000000 126.000000 128.624439 1.000000 24.000000 19.377000 0.929336 0.666667 9.892101 3.652504 85.041283 0.827586 0.594756 9.486833 108.434949 4.000000 0.000000 
18.000000 127.000000 74.379932 1.000000 9.000000 11.810000 0.878114 0.600000 6.073622 2.905933 90.000000 0.692308 0.505915 5.385165 111.801409 3.000000 0.000000 
57.000000 130.000000 120.178823 2.000000 39.000000 26.853000 0.920520 0.650000 12.344508 4.822936 1.756140 0.795918 0.544739 12.369317 -165.963757 5.000000 -90.000000 
29.000000 128.000000 70.993973 10.000000 4.000000 4.590000 0.731925 0.666667 3.055050 2.081666 90.000000 1.000000 0.840876 3.162278 108.434949 2.000000 0.000000 
10.000000 129.000000 140.207482 1.000000 39.000000 28.375000 0.929819 0.541667 12.963626 4.770846 84.325509 0.764706 0.493396 12.165525 99.462322 5.970223 174.289407 
31.000000 131.000000 104.973142 1.000000 24.000000 21.825000 0.939365 0.380952 11.319345 3.881607 58.477685 0.705882 0.483841 10.000000 126.869898 4.919350 26.565051 
21.000000 132.000000 163.843286 1.000000 48.000000 30.335000 0.944174 0.738462 14.630958 4.820134 -86.383312 0.842105 0.538231 13.601471 -107.102729 5.000000 0.000000 
42.000000 133.000000 58.604175 1.000000 20.000000 27.730000 0.979442 0.384615 14.622114 2.949652 82.309720 0.571429 0.263707 13.601471 107.102729 3.530894 -174.805571 
10.000000 135.000000 158.661206 1.000000 37.000000 25.745000 0.942828 0.616667 12.900884 4.299605 83.619735 0.787234 0.557210 12.369317 104.036243 5.000000 0.000000 
48.000000 136.000000 86.566181 7.000000 10.000000 10.288000 0.933821 0.833333 6.150265 2.200207 7.018122 1.000000 0.696762 6.324555 161.565051 2.000000 -90.000000 
55.000000 136.000000 76.389158 2.000000 8.000000 8.055000 0.829512 0.666667 4.633571 2.587796 -56.981244 0.888889 0.801915 5.000000 -126.869898 3.000000 0.000000 
20.000000 137.000000 92.385403 1.000000 30.000000 24.405000 0.966996 0.625000 12.914722 3.290551 85.805179 0.810811 0.496816 12.369317 104.036243 3.681638 5.710593 
42.000000 138.000000 58.095833 1.000000 3.000000 3.920000 0.942809 1.000000 3.464102 1.154701 90.000000 1.000000 0.756007 3.162278 108.434949 1.000000 0.000000 
36.000000 140.000000 79.736087 1.000000 13.000000 15.250000 0.970895 0.541667 9.037359 2.164512 76.150264 0.764706 0.482964 8.544004 110.556045 2.667892 -165.963757 
51.000000 140.000000 79.469853 1.000000 15.000000 21.362000 0.968468 0.267857 11.599421 2.889846 -56.968132 0.535714 0.313936 10.000000 -126.869898 3.882901 -33.690068 
10.000000 142.000000 79.919421 1.000000 11.000000 13.034000 0.888429 0.440000 6.577927 3.019362 -43.668500 0.846154 0.528302 6.403124 -141.340192 3.535534 -45.000000 
47.000000 140.000000 63.191194 7.000000 2.000000 1.960000 0.866025 1.000000 2.309401 1.154701 0.000000 1.000000 0.965669 2.236068 153.434949 1.000000 -90.000000 
58.000000 141.000000 109.978934 1.000000 32.000000 26.597000 0.765600 0.533333 10.223494 6.576946 -3.162834 0.680851 0.454694 10.440307 163.300756 6.000000 -90.000000 
19.000000 143.000000 60.536358 2.000000 10.000000 13.034000 0.955202 0.333333 7.848051 2.322663 51.582897 0.833333 0.480274 7.211103 123.690068 2.828427 45.000000 
43.000000 142.000000 90.780204 2.000000 8.000000 10.214000 0.907830 0.400000 5.659833 2.373385 -32.688218 0.888889 0.563603 5.830952 -149.036243 2.828427 -45.000000 
41.000000 144.000000 100.506205 2.000000 6.000000 6.368000 0.833333 0.750000 4.000000 2.211083 90.000000 1.000000 0.833753 4.123106 104.036243 2.000000 0.000000 
8.000000 144.000000 83.445894 1.000000 17.000000 15.730000 0.877495 0.531250 7.343728 3.521953 84.854409 0.809524 0.599849 8.062258 97.125016 4.000000 0.000000 
14.000000 145.000000 115.546365 1.000000 17.000000 12.182000 0.765072 0.708333 5.961660 3.838976 -76.035511 1.000000 0.909783 6.324555 -108.434949 4.000000 0.000000 
53.000000 145.000000 155.287776 1.000000 29.000000 20.601000 0.804416 0.537037 8.773758 5.212200 -66.927428 0.828571 0.646475 9.219544 -102.528808 6.000000 143.130102 
34.000000 145.000000 85.572228 1.000000 24.000000 20.783000 0.956288 0.600000 11.080551 3.240243 80.903553 0.827586 0.526905 10.198039 101.309932 3.616778 9.462322 
46.000000 145.000000 116.486165 1.000000 17.000000 12.455000 0.642005 0.708333 5.489185 4.208561 79.004435 1.000000 0.878212 6.082763 99.462322 4.000000 0.000000 
26.000000 146.000000 56.884882 1.000000 8.000000 7.683000 0.856680 0.666667 4.653433 2.400464 54.645023 1.000000 0.857979 5.000000 126.869898 2.828427 45.000000 
21.000000 151.000000 80.526400 9.000000 25.000000 25.770000 0.977389 0.277778 14.621227 3.091663 -49.572939 0.694444 0.375842 13.453624 -131.987212 3.951028 -41.185925 
42.000000 147.000000 72.729255 6.000000 11.000000 14.440000 0.855844 0.458333 6.541362 3.383416 -74.227921 0.687500 0.447184 6.708204 -116.565051 4.000000 0.000000 
50.000000 149.000000 134.677646 1.000000 18.000000 21.081000 0.807374 0.428571 8.302878 4.899029 -46.890284 0.692308 0.385515 8.062258 -150.255119 4.949747 -45.000000 
28.000000 147.000000 67.261232 1.000000 7.000000 13.125000 0.625788 0.437500 4.856318 3.787895 -4.065051 0.700000 0.332441 4.472136 153.434949 4.000000 -90.000000 
8.000000 151.000000 100.758826 1.000000 20.000000 24.364000 0.919223 0.370370 10.628043 4.184659 -66.659405 0.625000 0.332199 10.816654 -123.690068 5.209459 150.255119 
12.000000 150.000000 57.638934 2.000000 7.000000 6.368000 0.353094 0.777778 3.236694 3.028212 90.000000 1.000000 0.972712 3.605551 123.690068 3.000000 -90.000000 
47.000000 150.000000 124.817872 1.000000 8.000000 8.328000 0.908403 0.800000 5.109174 2.136119 -79.099295 1.000000 0.764194 5.385165 -111.801409 2.000000 0.000000 
58.000000 152.000000 115.885546 1.000000 54.000000 57.114000 0.847178 0.519231 15.974908 8.487616 4.727916 0.580645 0.186900 14.317821 155.224859 8.000000 -90.000000 
44.000000 153.000000 143.351995 1.000000 22.000000 15.829000 0.841442 0.785714 7.524338 4.065753 3.410127 0.916667 0.768194 7.615773 156.801409 4.000000 -90.000000 
28.000000 155.000000 90.032243 1.000000 18.000000 13.960000 0.837601 0.750000 6.842396 3.737880 70.643190 0.900000 0.773409 7.211103 123.690068 4.000000 0.000000 
47.000000 156.000000 249.541142 2.000000 16.000000 16.218000 0.961469 0.380952 9.241206 2.540527 49.992166 0.842105 0.536460 9.219544 130.601295 3.328201 33.690068 
34.000000 157.000000 77.664365 2.000000 1.000000 0.000000 0.000000 1.000000 1.154701 1.154701 0.000000 1.000000 1.000000 1.414214 135.000000 1.000000 -90.000000 
9.000000 158.000000 107.365189 1.000000 31.000000 24.356000 0.923006 0.516667 10.810208 4.159618 67.161228 0.861111 0.515208 11.180340 116.565051 4.919350 26.565051 
23.000000 158.000000 55.943091 2.000000 10.000000 14.142000 0.938589 0.400000 7.578236 2.614768 52.985143 0.714286 0.420670 7.071068 135.000000 3.050851 33.690068 
52.000000 158.000000 136.057204 1.000000 37.000000 36.836000 0.872852 0.440476 12.596830 6.147065 -14.687627 0.627119 0.290923 12.369317 -165.963757 7.000000 -90.000000 
40.000000 160.000000 189.392242 1.000000 29.000000 19.195000 0.904393 0.591837 9.734859 4.153879 48.128165 0.906250 0.730422 9.899495 135.000000 4.949747 45.000000 
25.000000 160.000000 47.029320 5.000000 2.000000 2.812000 0.925820 0.500000 3.055050 1.154701 45.000000 1.000000 0.709058 2.828427 135.000000 1.414214 45.000000 
60.000000 160.000000 101.390149 2.000000 5.000000 4.962000 0.765092 0.833333 3.306559 2.129163 -71.565051 1.000000 0.956808 3.605551 -123.690068 2.000000 0.000000 
34.000000 163.000000 84.041898 1.000000 11.000000 10.958000 0.468452 0.687500 4.429237 3.913182 84.690172 0.846154 0.695328 5.000000 126.869898 4.000000 -90.000000 
43.000000 162.000000 73.820534 5.000000 9.000000 10.776000 0.957335 0.500000 6.851564 1.979967 22.127970 0.818182 0.583881 6.708204 153.434949 2.529822 71.565051 
12.000000 163.000000 53.381700 4.000000 5.000000 5.814000 0.901281 0.555556 4.163332 1.803700 45.000000 1.000000 0.783414 4.242641 135.000000 2.121320 45.000000 
19.000000 163.000000 54.821887 4.000000 8.000000 13.406000 0.984189 0.285714 9.113770 1.614266 28.846333 0.666667 0.367139 8.062258 150.255119 2.229482 59.036243 
57.000000 164.000000 134.788911 1.000000 21.000000 16.954000 0.890646 0.525000 8.296642 3.772465 77.500753 0.840000 0.653473 8.246211 104.036243 4.427189 18.434949 
9.000000 165.000000 60.281859 1.000000 10.000000 9.370000 0.862427 0.666667 5.313460 2.689574 -72.307285 0.909091 0.802758 5.385165 -111.801409 3.000000 0.000000 
14.000000 166.000000 55.092210 1.000000 6.000000 9.800000 0.986013 1.000000 6.928203 1.154701 90.000000 1.000000 0.450179 6.082763 99.462322 1.000000 0.000000 
39.000000 166.000000 124.874346 1.000000 21.000000 25.952000 0.881720 0.388889 9.940161 4.689498 -70.991304 0.600000 0.311770 9.848858 -113.962489 5.659453 -30.963757 
46.000000 166.000000 99.458348 1.000000 7.000000 8.055000 0.909717 0.583333 5.175277 2.148922 -67.500000 0.777778 0.701675 5.000000 -126.869898 2.529822 -18.434949 
52.000000 167.000000 110.171198 2.000000 18.000000 14.812000 0.850701 0.642857 7.165481 3.766530 77.415650 0.857143 0.701745 7.280110 105.945396 4.000000 0.000000 
16.000000 168.000000 52.987666 6.000000 4.000000 5.053000 0.866025 0.666667 3.651484 1.825742 18.434949 0.800000 0.748540 3.605551 146.309932 2.000000 -90.000000 
21.000000 168.000000 53.983966 1.000000 10.000000 13.100000 0.960221 0.714286 7.417327 2.071214 81.754237 0.833333 0.476379 7.280110 105.945396 2.000000 0.000000 
30.000000 170.000000 102.318211 1.000000 22.000000 14.787000 0.829621 0.785714 7.230853 4.037176 -76.387932 1.000000 0.860083 7.615773 -113.198591 4.000000 0.000000 
36.000000 169.000000 146.299976 1.000000 15.000000 11.603000 0.844847 0.833333 6.093009 3.259808 -84.586273 1.000000 0.867033 6.324555 -108.434949 3.000000 0.000000 
47.000000 169.000000 142.990244 3.000000 9.000000 9.089000 0.803349 0.562500 4.852812 2.889888 58.948636 0.900000 0.756062 5.000000 126.869898 3.478505 18.434949 
13.000000 171.000000 51.294789 1.000000 14.000000 17.235000 0.928944 0.400000 8.463161 3.133224 -64.524905 0.666667 0.423716 8.062258 -119.744881 3.577709 -26.565051 
23.000000 172.000000 53.611866 1.000000 13.000000 17.508000 0.974805 0.361111 10.095875 2.251963 70.276486 0.684211 0.383116 9.486833 108.434949 2.888742 23.198591 
7.000000 172.000000 65.021302 1.000000 7.000000 8.328000 0.910849 0.700000 5.125685 2.115574 85.692176 1.000000 0.668670 5.099020 101.309932 2.000000 0.000000 
34.000000 174.000000 115.412436 1.000000 13.000000 12.844000 0.775970 0.541667 5.773503 3.641748 -15.945396 0.928571 0.639287 6.324555 -161.565051 4.000000 -90.000000 
42.000000 172.000000 136.491054 1.000000 24.000000 21.081000 0.900265 0.533333 9.939940 4.327281 -84.155987 0.727273 0.514020 9.219544 -102.528808 5.000000 0.000000 
52.000000 174.000000 76.056801 1.000000 6.000000 7.774000 0.829891 0.500000 4.433787 2.473724 33.400705 0.857143 0.632800 4.472136 153.434949 2.828427 45.000000 
55.000000 174.000000 89.045478 1.000000 10.000000 13.216000 0.961991 0.333333 7.665794 2.093389 55.337212 0.833333 0.469646 7.810250 129.805571 2.773501 33.690068 
17.000000 173.000000 43.762369 2.000000 1.000000 0.000000 0.000000 1.000000 1.154701 1.154701 0.000000 1.000000 1.000000 1.414214 135.000000 1.000000 -90.000000 
48.000000 173.000000 82.654649 11.000000 7.000000 8.328000 0.930558 0.700000 5.262061 1.926673 -75.321123 0.875000 0.668670 5.385165 -111.801409 2.000000 0.000000 
9.000000 174.000000 42.484520 3.000000 3.000000 4.590000 0.928995 0.500000 3.854129 1.426385 28.154966 1.000000 0.630657 3.605551 146.309932 1.788854 63.434949 
39.000000 174.000000 183.300332 2.000000 14.000000 11.901000 0.827038 0.560000 5.944469 3.341660 -44.322642 1.000000 0.777486 6.403124 -141.340192 3.535534 -45.000000 
29.000000 177.000000 110.323190 1.000000 32.000000 23.140000 0.911491 0.533333 11.459076 4.713345 73.434915 0.761905 0.582179 10.770330 111.801409 5.335784 -165.963757 
36.000000 176.000000 146.765932 1.000000 9.000000 7.683000 0.665812 0.750000 4.053691 3.024539 69.699353 1.000000 0.965227 4.472136 116.565051 3.000000 0.000000 
48.000000 177.000000 138.479127 1.000000 17.000000 17.789000 0.969654 0.472222 10.170816 2.486587 71.525915 0.850000 0.487636 9.848858 113.962489 3.152963 -165.963757 
11.000000 180.000000 91.249871 1.000000 28.000000 22.280000 0.916297 0.560000 10.328501 4.136566 84.668920 0.777778 0.544455 10.198039 101.309932 4.748556 6.340192 
39.000000 179.000000 300.637858 7.000000 15.000000 11.049000 0.537216 0.750000 4.915504 4.145954 -5.884144 1.000000 0.936052 5.385165 158.198591 4.000000 -90.000000 
47.000000 181.000000 62.355925 8.000000 4.000000 4.590000 0.731925 0.666667 3.055050 2.081666 90.000000 1.000000 0.840876 3.162278 108.434949 2.000000 0.000000 
19.000000 183.000000 84.601465 11.000000 6.000000 6.459000 0.778499 0.666667 3.829708 2.403701 45.000000 1.000000 0.818022 4.242641 135.000000 2.828427 -135.000000 
37.000000 183.000000 105.190738 1.000000 6.000000 7.683000 0.775535 0.500000 4.218562 2.663198 24.183230 0.857143 0.643484 4.472136 153.434949 2.846050 -108.434949 
49.000000 182.000000 58.433729 1.000000 5.000000 6.550000 0.889464 0.625000 4.253087 1.943686 -84.847577 1.000000 0.668944 4.123106 104.036243 2.000000 0.000000 
42.000000 187.000000 288.476878 1.000000 50.000000 30.079000 0.940718 0.549451 14.193253 4.814211 -21.029612 0.892857 0.569331 13.928388 -158.962489 5.692100 -71.565051 
55.000000 187.000000 85.594733 1.000000 14.000000 15.829000 0.899897 0.500000 8.053667 3.512224 2.496441 0.666667 0.488851 7.280110 164.054604 4.000000 -90.000000 
27.000000 184.000000 106.816088 1.000000 55.000000 37.596000 0.979975 0.611111 19.582880 3.899389 88.505803 0.774648 0.416468 18.248288 99.462322 4.776179 5.710593 
50.000000 188.000000 92.894820 2.000000 18.000000 22.189000 0.894537 0.375000 9.199068 4.111935 -26.740547 0.692308 0.352526 9.433981 -147.994617 5.121475 -50.194429 
14.000000 186.000000 113.663264 1.000000 26.000000 18.641000 0.920126 0.577778 9.590088 3.755684 70.120629 0.866667 0.688595 9.486833 108.434949 4.427189 18.434949 
37.000000 185.000000 76.115914 12.000000 3.000000 3.093000 0.730297 0.750000 2.581989 1.763834 -45.000000 1.000000 0.969873 2.828427 -135.000000 2.000000 -90.000000 
7.000000 188.000000 75.743249 1.000000 13.000000 12.455000 0.835869 0.722222 5.922742 3.251160 84.431845 0.928571 0.671574 6.324555 108.434949 3.000000 0.000000 
10.000000 190.000000 50.247626 1.000000 3.000000 3.093000 0.730297 0.750000 2.581989 1.763834 -45.000000 1.000000 0.969873 2.828427 -135.000000 2.000000 -90.000000 
58.000000 190.000000 67.522376 1.000000 10.000000 14.903000 0.774477 0.400000 6.202507 3.923719 -46.589915 0.625000 0.385936 5.830952 -149.036243 4.472136 153.434949 
48.000000 192.000000 163.137226 1.000000 14.000000 11.421000 0.847707 0.777778 6.003039 3.184398 -88.916055 0.933333 0.829584 6.324555 -108.434949 3.000000 0.000000 
5.000000 193.000000 43.064143 12.000000 1.000000 0.000000 0.000000 1.000000 1.154701 1.154701 0.000000 1.000000 1.000000 1.414214 135.000000 1.000000 -90.000000 
39.000000 194.000000 116.393721 1.000000 25.000000 20.047000 0.910987 0.694444 9.218428 3.802006 -76.810487 0.862069 0.584253 9.848858 -113.962489 4.000000 0.000000 
55.000000 193.000000 91.079748 1.000000 21.000000 22.958000 0.926019 0.333333 10.741802 4.054793 -56.072364 0.656250 0.387402 10.816654 -123.690068 4.949747 -45.000000 
34.000000 196.000000 61.181495 1.000000 9.000000 10.313000 0.563218 0.562500 4.326965 3.575409 43.092963 0.818182 0.624757 4.472136 116.565051 4.000000 -90.000000 
48.000000 198.000000 186.500474 1.000000 47.000000 26.895000 0.945848 0.474747 13.960759 4.531784 -35.903701 0.921569 0.654646 13.601471 -143.972627 5.269652 -56.309932 
12.000000 198.000000 78.241168 10.000000 5.000000 8.717000 0.968023 0.312500 6.215727 1.559295 -49.065051 0.833333 0.446800 5.656854 -135.000000 2.121320 135.000000 
27.000000 198.000000 91.610943 1.000000 37.000000 26.969000 0.964838 0.474359 13.995826 3.678718 73.328112 0.822222 0.512829 13.601471 107.102729 4.427189 18.434949 
55.000000 199.000000 48.040759 5.000000 2.000000 1.960000 0.866025 1.000000 2.309401 1.154701 0.000000 1.000000 0.965669 2.236068 153.434949 1.000000 -90.000000 
15.000000 201.000000 73.640540 1.000000 11.000000 12.273000 0.916279 0.458333 6.547076 2.622374 -59.506854 0.846154 0.581753 6.708204 -116.565051 3.130495 -26.565051 
60.000000 201.000000 64.963363 1.000000 7.000000 6.368000 0.353094 0.777778 3.236694 3.028212 0.000000 1.000000 0.972712 3.605551 123.690068 3.000000 -90.000000 
10.000000 202.000000 95.203514 1.000000 12.000000 14.696000 0.969031 0.500000 8.463569 2.089977 70.315341 0.857143 0.473935 8.544004 110.556045 2.683282 26.565051 
54.000000 203.000000 131.454024 1.000000 8.000000 7.774000 0.782273 0.666667 4.279143 2.665633 19.329904 0.888889 0.843733 4.472136 153.434949 3.000000 -90.000000 
57.000000 203.000000 125.722104 1.000000 8.000000 10.958000 0.932922 0.533333 6.270465 2.257861 76.062245 0.727273 0.505693 5.830952 120.963757 2.667892 -165.963757 
17.000000 204.000000 52.424855 1.000000 6.000000 6.922000 0.894483 0.750000 4.513541 2.018017 77.066822 1.000000 0.744483 4.472136 116.565051 2.000000 0.000000 
47.000000 206.000000 109.335780 1.000000 24.000000 25.836000 0.982303 0.461538 14.208789 2.661301 77.822986 0.774194 0.359167 13.341664 102.994617 3.394113 -171.869898 
58.000000 207.000000 142.318018 1.000000 15.000000 16.400000 0.966934 0.357143 9.721673 2.479284 -52.700352 0.833333 0.493607 9.219544 -130.601295 3.328201 146.309932 
20.000000 208.000000 90.847419 1.000000 52.000000 41.566000 0.986904 0.433333 21.787867 3.514537 76.834051 0.764706 0.326927 20.615528 104.036243 4.603172 -170.537678 
54.000000 208.000000 70.009744 5.000000 15.000000 12.066000 0.850651 0.833333 6.224794 3.272570 -4.229456 1.000000 0.815042 6.324555 161.565051 3.000000 -90.000000 
32.000000 211.000000 66.825376 1.000000 27.000000 24.910000 0.964450 0.409091 12.893593 3.407322 -70.310667 0.710526 0.431180 12.083046 -114.443955 4.110961 -18.434949 
7.000000 211.000000 110.455806 1.000000 17.000000 13.472000 0.897927 0.809524 7.188425 3.163939 -83.628239 0.944444 0.773983 7.280110 -105.945396 3.000000 0.000000 
20.000000 213.000000 50.732479 3.000000 7.000000 8.626000 0.903393 0.437500 5.256170 2.253920 39.996010 0.875000 0.635232 5.000000 126.869898 2.773501 -123.690068 
44.000000 213.000000 53.811102 1.000000 9.000000 8.882000 0.907936 0.900000 5.399179 2.262845 85.268839 1.000000 0.782319 5.385165 111.801409 2.000000 0.000000 
10.000000 213.000000 72.168131 1.000000 3.000000 3.093000 0.730297 0.750000 2.581989 1.763834 45.000000 1.000000 0.969873 2.828427 135.000000 2.000000 -90.000000 
53.000000 214.000000 67.433983 8.000000 3.000000 4.590000 0.928995 0.500000 3.854129 1.426385 28.154966 1.000000 0.630657 3.605551 146.309932 1.788854 63.434949 
50.000000 214.000000 52.544297 11.000000 5.000000 7.013000 0.931488 0.625000 4.881890 1.775899 -79.099295 0.833333 0.609333 4.472136 -116.565051 2.000000 0.000000 
22.000000 215.000000 53.825352 12.000000 2.000000 1.960000 0.866025 1.000000 2.309401 1.154701 90.000000 1.000000 0.965669 2.236068 116.565051 1.000000 0.000000 
18.000000 216.000000 57.892672 4.000000 3.000000 4.590000 0.928995 0.500000 3.854129 1.426385 61.845034 1.000000 0.630657 3.605551 123.690068 1.788854 26.565051 
16.000000 219.000000 77.159813 2.000000 9.000000 10.404000 0.778412 0.450000 5.181782 3.252880 -30.472698 0.818182 0.616391 5.385165 -158.198591 3.794733 108.434949 
35.000000 217.000000 61.221759 1.000000 16.000000 16.656000 0.966928 0.592593 9.612790 2.451720 79.130083 0.842105 0.512985 9.219544 102.528808 2.910428 14.036243 
55.000000 217.000000 68.680974 8.000000 9.000000 13.770000 0.816648 0.450000 5.957185 3.438108 -61.712406 0.692308 0.395443 5.830952 -120.963757 4.000000 0.000000 
27.000000 218.000000 62.904433 1.000000 15.000000 14.051000 0.923993 0.535714 7.642611 2.922602 -76.425159 0.833333 0.637703 7.280110 -105.945396 3.395499 -14.036243 
58.000000 219.000000 62.236334 3.000000 9.000000 10.222000 0.830593 0.600000 5.456902 3.038843 -11.309932 0.818182 0.633295 5.385165 -158.198591 3.000000 -90.000000 
19.000000 221.000000 94.276453 1.000000 9.000000 9.552000 0.878639 0.600000 5.462501 2.608267 78.916827 0.818182 0.701913 5.385165 111.801409 2.910428 -165.963757 
31.000000 222.000000 49.155081 10.000000 4.000000 5.905000 0.926289 0.444444 4.355771 1.641317 -50.309828 0.800000 0.614186 4.242641 -135.000000 2.121320 -45.000000 
59.000000 221.000000 50.767999 1.000000 4.000000 5.905000 0.926289 0.444444 4.355771 1.641317 50.309828 0.800000 0.614186 4.242641 135.000000 2.121320 45.000000 
11.000000 222.000000 82.521524 1.000000 28.000000 23.388000 0.966814 0.777778 12.412098 3.171037 87.218632 0.875000 0.499927 12.041595 94.763642 3.000000 0.000000 
36.000000 223.000000 78.594988 1.000000 24.000000 24.058000 0.966658 0.545455 12.068317 3.090333 78.132746 0.750000 0.407658 11.704700 109.983107 3.781177 9.462322 
49.000000 222.000000 111.248403 1.000000 43.000000 29.177000 0.966344 0.767857 15.391455 3.959526 -88.232803 0.860000 0.517337 14.142136 98.130102 4.000000 0.000000 
42.000000 224.000000 59.322181 2.000000 3.000000 3.093000 0.730297 0.750000 2.581989 1.763834 -45.000000 1.000000 0.969873 2.828427 -135.000000 2.000000 -90.000000 
48.000000 228.000000 58.332387 7.000000 12.000000 14.878000 0.960662 0.750000 8.226155 2.284569 -2.449546 0.857143 0.464410 8.062258 172.874984 2.000000 -90.000000 
57.000000 225.000000 86.729198 1.000000 1.000000 0.000000 0.000000 1.000000 1.154701 1.154701 0.000000 1.000000 1.000000 1.414214 135.000000 1.000000 -90.000000 
14.000000 227.000000 98.227846 1.000000 29.000000 25.629000 0.973743 0.557692 13.426237 3.056500 -77.895723 0.852941 0.440261 13.601471 -107.102729 3.726207 168.690068 
20.000000 227.000000 52.850387 2.000000 4.000000 5.905000 0.791649 0.666667 3.586706 2.191393 -14.872441 0.800000 0.614186 3.605551 -146.309932 2.000000 -90.000000 
60.000000 226.000000 60.808978 1.000000 4.000000 4.590000 0.731925 0.666667 3.055050 2.081666 90.000000 1.000000 0.840876 3.162278 108.434949 2.000000 0.000000 
6.000000 227.000000 59.794518 1.000000 8.000000 8.998000 0.778484 0.666667 4.593790 2.883358 87.757697 0.888889 0.682168 4.472136 116.565051 3.000000 0.000000 
59.000000 228.000000 56.204605 10.000000 7.000000 7.592000 0.904042 0.583333 4.933730 2.108892 -56.599295 0.875000 0.763515 5.000000 -126.869898 2.683282 153.434949 
29.000000 234.000000 75.756090 1.000000 25.000000 24.827000 0.981193 0.347222 13.679576 2.640580 -67.235176 0.806452 0.401614 13.416408 -116.565051 3.342516 -21.801409 
40.000000 233.000000 101.559245 1.000000 33.000000 30.889000 0.977806 0.471429 15.360311 3.218155 -73.766694 0.767442 0.358084 14.866069 -109.653824 4.013213 -12.528808 
6.000000 234.000000 69.280883 1.000000 9.000000 10.776000 0.957335 0.500000 6.851564 1.979967 -67.872030 0.900000 0.583881 6.708204 -116.565051 2.529822 161.565051 
15.000000 234.000000 57.975179 1.000000 7.000000 10.288000 0.967949 0.583333 6.654453 1.671252 -75.910705 0.777778 0.487733 6.324555 -108.434949 2.000000 0.000000 
53.000000 234.000000 81.057522 1.000000 28.000000 29.020000 0.983446 0.500000 15.636995 2.833482 -80.741873 0.756757 0.340167 14.317821 -102.094757 3.452379 -9.462322 
5.000000 237.000000 44.861487 2.000000 1.000000 0.000000 0.000000 1.000000 1.154701 1.154701 0.000000 1.000000 1.000000 1.414214 135.000000 1.000000 -90.000000 
