229
32.000000 115.000000 11.129857 1.000000 10136.000000 591.556000 0.958846 0.659896 277.964785 78.921652 1.335428 0.659896 0.360151 248.386795 165.068583 64.000000 -90.000000 
15.000000 4.000000 54.282011 11.000000 3.000000 3.920000 0.942809 1.000000 3.464102 1.154701 90.000000 1.000000 0.756007 3.162278 108.434949 1.000000 0.000000 
57.000000 5.000000 43.307188 2.000000 8.000000 11.512000 0.962015 0.444444 7.245945 1.978118 75.200687 0.727273 0.468179 6.708204 116.565051 2.353394 11.309932 
20.000000 5.000000 72.644689 1.000000 22.000000 16.193000 0.892913 0.687500 8.145094 3.667162 86.337558 0.916667 0.739541 8.246211 104.036243 4.000000 0.000000 
14.000000 6.000000 48.678534 2.000000 7.000000 6.922000 0.856222 0.875000 4.312826 2.228038 81.650378 1.000000 0.868564 4.472136 116.565051 2.000000 0.000000 
37.000000 8.000000 50.473914 1.000000 41.000000 39.837000 0.986979 0.512500 20.763376 3.339740 86.004367 0.706897 0.278926 20.396078 101.309932 3.582043 3.366461 
24.000000 6.000000 44.653901 1.000000 8.000000 9.734000 0.656792 0.500000 4.528387 3.414730 23.645305 0.800000 0.606409 5.000000 143.130102 3.882901 56.309932 
29.000000 7.000000 32.406220 11.000000 4.000000 5.880000 0.968246 1.000000 4.618802 1.154701 90.000000 1.000000 0.617595 4.123106 104.036243 1.000000 0.000000 
9.000000 8.000000 72.009776 1.000000 23.000000 19.840000 0.959923 0.575000 10.968556 3.074098 78.991892 0.851852 0.547240 10.440307 106.699244 3.535534 -171.869898 
52.000000 16.000000 81.210891 1.000000 60.000000 42.815000 0.977355 0.394737 20.602642 4.359666 15.932657 0.705882 0.356998 19.646883 165.256437 5.219701 74.054604 
14.000000 11.000000 40.989813 3.000000 9.000000 14.233000 0.593303 0.450000 5.198921 4.185025 -24.183230 0.692308 0.374648 5.385165 -158.198591 4.000000 -90.000000 
19.000000 13.000000 80.368611 1.000000 30.000000 22.677000 0.940616 0.500000 11.370813 3.860074 68.914067 0.810811 0.565543 11.180340 116.565051 4.919350 -153.434949 
29.000000 10.000000 34.698937 1.000000 4.000000 4.590000 0.731925 0.666667 3.055050 2.081666 90.000000 1.000000 0.840876 3.162278 108.434949 2.000000 0.000000 
44.000000 13.000000 37.574917 1.000000 18.000000 24.984000 0.988697 0.346154 13.862684 2.078417 76.862296 0.692308 0.285943 13.601471 107.102729 2.630384 9.462322 
10.000000 14.000000 37.574626 1.000000 9.000000 11.512000 0.924749 0.500000 6.639580 2.526878 87.294065 0.750000 0.526701 6.324555 108.434949 2.941742 11.309932 
10.000000 18.000000 72.137398 1.000000 26.000000 24.943000 0.974586 0.295455 13.671862 3.062679 55.315571 0.787879 0.414235 12.806248 128.659808 4.115966 -149.036243 
23.000000 18.000000 59.908773 1.000000 47.000000 35.388000 0.933926 0.489583 15.003138 5.363124 83.084411 0.796610 0.397850 16.278821 100.619655 5.656854 -171.869898 
34.000000 20.000000 46.455293 1.000000 14.000000 16.681000 0.937437 0.437500 8.624673 3.002729 -77.437521 0.777778 0.447731 8.544004 -110.556045 3.394113 171.869898 
11.000000 24.000000 60.876603 1.000000 34.000000 25.497000 0.963261 0.404762 13.258944 3.560930 65.464907 0.850000 0.520937 13.000000 112.619865 4.024922 26.565051 
39.000000 23.000000 40.149315 1.000000 9.000000 8.237000 0.759113 0.750000 4.430771 2.884248 -83.952621 1.000000 0.873525 4.472136 116.565051 3.000000 0.000000 
18.000000 24.000000 52.153670 11.000000 6.000000 6.922000 0.894483 0.750000 4.513541 2.018017 -77.066822 1.000000 0.744483 4.472136 -116.565051 2.000000 0.000000 
46.000000 24.000000 54.636815 1.000000 16.000000 15.730000 0.935780 0.666667 8.213826 2.896073 83.768468 0.888889 0.564563 8.062258 97.125016 3.000000 0.000000 
20.000000 26.000000 68.037495 1.000000 9.000000 13.588000 0.958911 0.375000 8.084350 2.293593 57.440183 0.692308 0.404093 7.211103 123.690068 2.773501 33.690068 
28.000000 27.000000 47.908353 1.000000 19.000000 17.326000 0.958177 0.527778 9.571184 2.739035 68.503654 0.863636 0.569941 9.848858 113.962489 3.478505 18.434949 
42.000000 26.000000 35.793520 1.000000 2.000000 2.812000 0.925820 0.500000 3.055050 1.154701 45.000000 1.000000 0.709058 2.828427 135.000000 1.414214 45.000000 
49.000000 28.000000 105.394857 1.000000 26.000000 19.840000 0.819649 0.530612 8.528601 4.885741 26.664956 0.812500 0.618619 9.219544 130.601295 6.000000 53.130102 
14.000000 29.000000 55.397176 2.000000 11.000000 12.000000 0.942983 0.458333 7.105929 2.365148 64.751554 0.846154 0.602920 6.708204 116.565051 2.683282 26.565051 
20.000000 30.000000 61.478763 1.000000 20.000000 15.432000 0.920581 0.833333 8.251186 3.222513 -85.291695 0.952381 0.728531 8.246211 -104.036243 3.000000 0.000000 
25.000000 31.000000 57.852564 12.000000 3.000000 3.920000 0.942809 1.000000 3.464102 1.154701 90.000000 1.000000 0.756007 3.162278 108.434949 1.000000 0.000000 
16.000000 35.000000 85.442159 1.000000 23.000000 20.022000 0.953665 0.575000 10.569842 3.180149 -83.602403 0.821429 0.538674 10.049876 95.710593 3.535534 -8.130102 
22.000000 36.000000 47.612593 1.000000 9.000000 11.719000 0.720863 0.562500 4.975151 3.448166 -39.690172 0.692308 0.512130 5.656854 -135.000000 4.000000 -90.000000 
34.000000 34.000000 29.086799 1.000000 2.000000 1.960000 0.866025 1.000000 2.309401 1.154701 90.000000 1.000000 0.965669 2.236068 116.565051 1.000000 0.000000 
45.000000 37.000000 79.244976 1.000000 58.000000 34.950000 0.907404 0.495726 14.359958 6.034916 22.633921 0.753247 0.502319 13.601471 143.972627 7.242118 -111.801409 
57.000000 40.000000 53.733138 3.000000 31.000000 30.170000 0.985105 0.276786 16.250476 2.794329 31.712480 0.815789 0.351060 16.124515 150.255119 3.605551 56.309932 
8.000000 37.000000 45.014136 1.000000 13.000000 12.918000 0.910158 0.541667 7.033308 2.913621 66.938349 0.928571 0.633409 7.211103 123.690068 3.577709 26.565051 
14.000000 39.000000 42.010716 1.000000 17.000000 15.829000 0.915003 0.485714 8.199873 3.308221 -63.502568 0.809524 0.593604 8.062258 -119.744881 4.400000 143.130102 
19.000000 38.000000 57.425326 1.000000 12.000000 13.216000 0.940407 0.400000 7.401149 2.516763 40.247234 0.923077 0.563576 7.211103 146.309932 2.828427 45.000000 
33.000000 38.000000 29.054612 6.000000 1.000000 0.000000 0.000000 1.000000 1.154701 1.154701 0.000000 1.000000 1.000000 1.414214 135.000000 1.000000 -90.000000 
32.000000 47.000000 33.979365 1.000000 17.000000 24.496000 0.986922 0.653846 13.356813 2.153119 2.577382 0.809524 0.279678 13.038405 175.601295 2.000000 -90.000000 
40.000000 43.000000 48.056226 5.000000 10.000000 8.998000 0.793574 0.625000 4.864662 2.960022 37.534291 1.000000 0.852711 5.000000 126.869898 3.535534 -135.000000 
9.000000 43.000000 43.915900 1.000000 13.000000 15.250000 0.970895 0.541667 9.037359 2.164512 76.150264 0.866667 0.482964 8.544004 110.556045 2.667892 14.036243 
20.000000 48.000000 42.992147 5.000000 23.000000 32.419000 0.987442 0.205357 18.761425 2.963988 -29.157877 0.575000 0.228560 16.124515 -150.255119 3.911521 122.471192 
42.000000 45.000000 73.399588 2.000000 28.000000 16.772000 0.752363 0.666667 7.562683 4.981911 53.806289 0.933333 0.887296 7.810250 129.805571 5.547002 33.690068 
14.000000 45.000000 46.667415 2.000000 7.000000 7.592000 0.891825 0.583333 4.776412 2.160759 29.871781 1.000000 0.763515 5.000000 143.130102 2.683282 63.434949 
25.000000 46.000000 31.130579 3.000000 2.000000 1.960000 0.866025 1.000000 2.309401 1.154701 0.000000 1.000000 0.965669 2.236068 153.434949 1.000000 -90.000000 
44.000000 48.000000 87.962398 4.000000 10.000000 11.438000 0.673530 0.500000 4.701901 3.475456 28.028206 0.909091 0.591179 5.385165 158.198591 3.535534 45.000000 
58.000000 58.000000 65.791827 1.000000 66.000000 53.632000 0.982010 0.440000 27.305059 5.155999 -1.801350 0.616822 0.257313 25.317978 -170.909723 5.721365 -87.397438 
9.000000 51.000000 35.330916 1.000000 8.000000 10.288000 0.955077 0.666667 6.262737 1.856014 -76.717474 0.888889 0.557409 6.324555 -108.434949 2.000000 0.000000 
41.000000 53.000000 149.333973 5.000000 36.000000 22.652000 0.895208 0.600000 10.670373 4.755236 8.861999 0.857143 0.679968 10.198039 168.690068 5.374012 81.869898 
28.000000 52.000000 31.679424 1.000000 7.000000 12.918000 0.982915 0.333333 8.488938 1.562476 -71.887528 0.700000 0.341066 7.615773 -113.198591 1.897367 -18.434949 
52.000000 54.000000 44.907202 2.000000 11.000000 14.994000 0.920778 0.314286 7.726462 3.013993 27.822832 0.733333 0.420280 7.615773 156.801409 3.794733 -108.434949 
14.000000 53.000000 33.124460 2.000000 9.000000 12.182000 0.947622 0.375000 7.302434 2.332357 63.813117 0.750000 0.481650 6.708204 116.565051 3.050851 -146.309932 
47.000000 54.000000 35.564728 10.000000 2.000000 2.812000 0.925820 0.500000 3.055050 1.154701 -45.000000 1.000000 0.709058 2.828427 -135.000000 1.414214 -45.000000 
31.000000 57.000000 43.513404 3.000000 15.000000 15.250000 0.956608 0.625000 8.581444 2.500431 14.174947 0.882353 0.557266 8.544004 159.443955 3.000000 -90.000000 
47.000000 58.000000 56.020045 1.000000 19.000000 21.155000 0.968466 0.475000 11.667620 2.906926 80.688186 0.730769 0.404457 10.198039 101.309932 3.348938 -172.874984 
18.000000 60.000000 33.454042 9.000000 5.000000 8.717000 0.960000 0.312500 5.773503 1.616581 -45.000000 1.000000 0.446800 5.656854 -135.000000 2.121320 135.000000 
39.000000 63.000000 91.725758 2.000000 39.000000 24.058000 0.895618 0.650000 11.338455 5.043623 10.709685 0.866667 0.662445 10.770330 158.198591 5.425167 80.537678 
9.000000 65.000000 44.864041 1.000000 19.000000 21.916000 0.972509 0.380000 11.316609 2.635247 69.428733 0.760000 0.380264 11.180340 116.565051 3.277152 20.556045 
49.000000 63.000000 49.107560 1.000000 17.000000 18.550000 0.977199 0.377778 11.129444 2.363082 65.012665 0.739130 0.454021 10.295630 119.054604 3.130495 -153.434949 
13.000000 67.000000 46.312438 7.000000 5.000000 7.013000 0.931488 0.625000 4.881890 1.775899 -10.900705 0.833333 0.609333 4.472136 -153.434949 2.000000 -90.000000 
41.000000 68.000000 81.334073 5.000000 6.000000 6.277000 0.456435 0.666667 3.265986 2.905933 26.565051 0.857143 0.849942 3.605551 123.690068 3.000000 -90.000000 
58.000000 72.000000 53.039507 1.000000 14.000000 19.584000 0.982608 0.259259 11.736840 2.179445 -34.063379 0.700000 0.340649 10.816654 -146.309932 2.906191 -54.462322 
38.000000 81.000000 81.765984 1.000000 112.000000 61.472000 0.987469 0.551724 31.213993 4.925982 4.204816 0.788732 0.337117 29.154759 174.093859 5.970223 84.289407 
53.000000 71.000000 32.625602 8.000000 2.000000 1.960000 0.866025 1.000000 2.309401 1.154701 0.000000 1.000000 0.965669 2.236068 153.434949 1.000000 -90.000000 
13.000000 77.000000 66.907230 1.000000 28.000000 27.829000 0.974989 0.430769 14.459386 3.213644 -13.193067 0.700000 0.366833 13.341664 -167.005383 4.024922 100.304846 
23.000000 73.000000 53.114676 1.000000 34.000000 30.864000 0.981349 0.453333 16.979898 3.264083 -83.430764 0.708333 0.369478 15.297059 -101.309932 4.029515 -8.746162 
54.000000 73.000000 29.582938 8.000000 1.000000 0.000000 0.000000 1.000000 1.154701 1.154701 0.000000 1.000000 1.000000 1.414214 135.000000 1.000000 -90.000000 
18.000000 84.000000 48.817025 1.000000 6.000000 5.516000 0.745356 1.000000 3.464102 2.309401 90.000000 1.000000 1.000000 3.605551 123.690068 2.000000 0.000000 
24.000000 90.000000 47.589123 1.000000 41.000000 37.671000 0.981291 0.303704 19.152208 3.687366 -22.767485 0.683333 0.309318 17.492856 -149.036243 4.642383 111.801409 
8.000000 90.000000 43.674198 2.000000 12.000000 18.749000 0.981249 0.214286 10.262064 1.977943 -40.237874 0.800000 0.314685 10.630146 -138.814075 2.828427 135.000000 
13.000000 86.000000 48.371481 6.000000 11.000000 13.960000 0.951044 0.458333 8.029648 2.481603 -20.385196 0.733333 0.472639 7.211103 -146.309932 3.152963 -75.963757 
17.000000 88.000000 46.348022 1.000000 10.000000 14.440000 0.970781 0.285714 8.536421 2.048458 30.582907 0.714286 0.406531 8.062258 150.255119 2.683282 -116.565051 
13.000000 93.000000 61.521161 4.000000 13.000000 16.863000 0.959788 0.325000 9.189034 2.579602 28.561155 0.764706 0.408220 8.944272 153.434949 3.130495 63.434949 
34.000000 93.000000 28.008322 8.000000 1.000000 0.000000 0.000000 1.000000 1.154701 1.154701 0.000000 1.000000 1.000000 1.414214 135.000000 1.000000 -90.000000 
40.000000 97.000000 36.354623 6.000000 10.000000 18.360000 0.839692 0.416667 6.730922 3.655319 -21.078931 0.588235 0.271812 6.708204 -153.434949 3.794733 -71.565051 
24.000000 101.000000 45.185818 1.000000 1.000000 0.000000 0.000000 1.000000 1.154701 1.154701 0.000000 1.000000 1.000000 1.414214 135.000000 1.000000 -90.000000 
37.000000 105.000000 56.526850 1.000000 51.000000 55.642000 0.990741 0.277174 27.552167 3.740729 -16.189160 0.548387 0.185467 24.041631 -163.072487 5.038865 -76.759480 
55.000000 100.000000 34.730145 10.000000 9.000000 11.909000 0.970689 0.375000 7.724292 1.856454 -62.347577 0.818182 0.499281 7.211103 -123.690068 2.236068 -26.565051 
10.000000 103.000000 33.952105 2.000000 4.000000 5.814000 0.774597 0.444444 3.651484 2.309401 -45.000000 0.800000 0.626731 3.605551 -146.309932 2.683282 116.565051 
53.000000 105.000000 39.501305 1.000000 27.000000 31.559000 0.983617 0.257143 17.667147 3.184889 -67.314494 0.613636 0.281773 16.155494 -111.801409 4.020566 -21.037511 
16.000000 108.000000 32.987506 2.000000 5.000000 6.368000 0.576018 0.555556 3.401960 2.780887 0.000000 1.000000 0.694794 3.605551 146.309932 3.000000 -90.000000 
33.000000 109.000000 28.754949 2.000000 2.000000 2.812000 0.925820 0.500000 3.055050 1.154701 -45.000000 1.000000 0.709058 2.828427 -135.000000 1.414214 -45.000000 
52.000000 111.000000 38.247739 1.000000 25.000000 31.534000 0.990561 0.312500 17.083307 2.341640 -76.339495 0.714286 0.261278 16.763055 -107.354025 3.073080 167.005383 
10.000000 113.000000 45.244494 1.000000 27.000000 29.599000 0.952207 0.321429 15.329263 4.682364 62.241191 0.562500 0.316520 13.416408 116.565051 5.584404 23.962489 
28.000000 111.000000 39.410273 1.000000 13.000000 12.066000 0.904828 0.722222 6.688382 2.847757 78.108985 0.928571 0.706370 6.708204 116.565051 3.000000 0.000000 
35.000000 111.000000 29.597501 9.000000 1.000000 0.000000 0.000000 1.000000 1.154701 1.154701 0.000000 1.000000 1.000000 1.414214 135.000000 1.000000 -90.000000 
32.000000 113.000000 38.659556 1.000000 6.000000 6.368000 0.833333 0.750000 4.000000 2.211083 90.000000 1.000000 0.833753 4.123106 104.036243 2.000000 0.000000 
37.000000 115.000000 44.086038 7.000000 6.000000 7.220000 0.934535 0.500000 4.985233 1.774106 -39.690172 1.000000 0.702276 5.000000 -143.130102 2.121320 -45.000000 
15.000000 118.000000 45.334861 5.000000 15.000000 17.508000 0.967822 0.555556 9.429325 2.372772 12.582335 0.789474 0.442057 9.486833 161.565051 2.910428 -104.036243 
50.000000 117.000000 35.080570 1.000000 13.000000 15.432000 0.960192 0.541667 8.771914 2.450349 -77.948883 0.764706 0.473545 8.544004 -110.556045 2.794783 170.537678 
21.000000 119.000000 31.005859 7.000000 3.000000 3.920000 0.942809 1.000000 3.464102 1.154701 0.000000 1.000000 0.756007 3.162278 161.565051 1.000000 -90.000000 
37.000000 118.000000 40.421137 1.000000 4.000000 7.402000 0.965676 0.333333 5.615939 1.458730 53.909444 0.800000 0.452160 5.000000 126.869898 1.941451 33.690068 
41.000000 125.000000 69.063513 1.000000 63.000000 37.902000 0.967428 0.529412 18.598599 4.708151 -9.265756 0.807692 0.469959 17.464249 -166.759480 5.096369 -80.537678 
10.000000 125.000000 34.585097 3.000000 10.000000 14.440000 0.978960 0.285714 8.839306 1.803700 56.309932 0.769231 0.406531 8.602325 125.537678 2.496151 33.690068 
15.000000 123.000000 31.400929 7.000000 3.000000 3.920000 0.942809 1.000000 3.464102 1.154701 0.000000 1.000000 0.756007 3.162278 161.565051 1.000000 -90.000000 
21.000000 128.000000 39.305999 1.000000 24.000000 33.056000 0.989579 0.300000 16.989829 2.446345 -75.388753 0.685714 0.230177 16.763055 -107.354025 3.152963 165.963757 
9.000000 130.000000 41.700459 1.000000 13.000000 11.330000 0.861448 0.650000 6.049018 3.071970 -63.674675 0.866667 0.780047 6.403124 -128.659808 3.577709 153.434949 
12.000000 130.000000 38.956534 1.000000 3.000000 4.590000 0.928995 0.500000 3.854129 1.426385 28.154966 0.750000 0.630657 3.605551 146.309932 1.788854 -116.565051 
55.000000 130.000000 69.516185 7.000000 8.000000 7.683000 0.707879 0.666667 4.056654 2.865349 7.018122 0.888889 0.857979 4.472136 153.434949 3.000000 -90.000000 
59.000000 131.000000 33.880917 1.000000 7.000000 9.180000 0.922848 0.700000 5.442381 2.096210 -79.374747 0.875000 0.579394 5.385165 -111.801409 2.000000 0.000000 
15.000000 134.000000 35.885072 8.000000 9.000000 16.218000 0.971860 0.214286 9.879117 2.327102 -38.309439 0.692308 0.301759 8.602325 -144.462322 2.828427 -45.000000 
36.000000 134.000000 53.077972 1.000000 21.000000 19.724000 0.972974 0.700000 11.544835 2.665858 83.333516 0.875000 0.504736 10.440307 106.699244 3.000000 0.000000 
57.000000 136.000000 137.036320 2.000000 19.000000 20.990000 0.914795 0.422222 9.799485 3.958185 5.146771 0.703704 0.410007 9.219544 167.471192 4.666905 81.869898 
44.000000 136.000000 61.547560 2.000000 19.000000 17.144000 0.900000 0.452381 8.478721 3.695788 -24.382422 0.760000 0.580214 8.062258 -150.255119 4.743416 -71.565051 
8.000000 137.000000 34.024246 6.000000 5.000000 7.220000 0.948099 0.416667 5.066665 1.611077 -54.720017 1.000000 0.585230 5.000000 -126.869898 2.121320 -45.000000 
31.000000 137.000000 50.866274 2.000000 9.000000 10.197000 0.921813 0.900000 5.911554 2.291520 -1.907037 0.900000 0.635671 5.385165 158.198591 2.000000 -90.000000 
41.000000 140.000000 54.431162 1.000000 25.000000 23.049000 0.969493 0.454545 12.666896 3.104900 -69.813285 0.757576 0.457993 12.083046 -114.443955 3.983456 -15.945396 
59.000000 139.000000 128.111090 1.000000 8.000000 8.146000 0.273861 0.666667 3.651484 3.511885 90.000000 1.000000 0.789037 4.242641 135.000000 3.000000 0.000000 
21.000000 140.000000 33.787454 11.000000 2.000000 2.812000 0.925820 0.500000 3.055050 1.154701 -45.000000 1.000000 0.709058 2.828427 -135.000000 1.414214 -45.000000 
28.000000 141.000000 37.891156 4.000000 6.000000 8.328000 0.951618 0.600000 5.664082 1.740486 -75.344996 0.857143 0.573146 5.385165 -111.801409 2.000000 0.000000 
13.000000 141.000000 52.846565 1.000000 20.000000 19.865000 0.943391 0.416667 10.146020 3.365256 -56.950765 0.769231 0.474827 9.433981 -122.005383 4.372865 141.340192 
51.000000 141.000000 90.860993 1.000000 29.000000 31.113000 0.694947 0.460317 9.469354 6.809042 83.732866 0.659091 0.310578 9.848858 113.962489 7.000000 0.000000 
32.000000 143.000000 73.752811 1.000000 20.000000 18.360000 0.757307 0.416667 7.319623 4.780146 -2.988887 0.769231 0.543624 8.062258 172.874984 5.659453 -59.036243 
10.000000 145.000000 49.444855 1.000000 17.000000 18.616000 0.970148 0.566667 10.469217 2.538946 79.693186 0.850000 0.451271 10.198039 101.309932 2.959182 -170.537678 
24.000000 145.000000 139.659616 1.000000 51.000000 36.612000 0.966237 0.455357 16.933709 4.363083 -74.458966 0.784615 0.405534 16.278821 -100.619655 5.692100 161.565051 
59.000000 142.000000 93.401757 1.000000 17.000000 15.457000 0.841861 0.566667 7.040651 3.799798 -61.845034 0.772727 0.617588 7.810250 -129.805571 4.472136 153.434949 
16.000000 147.000000 30.471382 2.000000 7.000000 9.461000 0.928710 0.700000 5.970205 2.213792 6.132387 0.777778 0.553845 5.385165 158.198591 2.000000 -90.000000 
43.000000 148.000000 123.313016 1.000000 80.000000 50.416000 0.780801 0.484848 15.909099 9.939679 -72.132097 0.740741 0.350476 16.155494 -111.801409 11.000000 0.000000 
54.000000 148.000000 88.713421 1.000000 44.000000 32.593000 0.789043 0.423077 14.165939 8.702680 -1.334582 0.586667 0.432997 13.341664 167.005383 8.000000 -90.000000 
14.000000 149.000000 34.203172 10.000000 2.000000 2.812000 0.925820 0.500000 3.055050 1.154701 -45.000000 1.000000 0.709058 2.828427 -135.000000 1.414214 -45.000000 
59.000000 150.000000 117.977740 1.000000 14.000000 12.827000 0.651387 0.700000 5.243325 3.978350 41.785626 0.823529 0.689929 6.403124 141.340192 4.000000 -90.000000 
10.000000 153.000000 47.113259 1.000000 22.000000 29.806000 0.988324 0.196429 15.875210 2.418881 -63.185656 0.666667 0.254674 16.124515 -119.744881 3.130495 -26.565051 
36.000000 153.000000 113.662995 1.000000 78.000000 54.162000 0.563287 0.397959 15.043481 12.429844 -29.483573 0.629032 0.298498 15.811388 -124.695154 12.727922 -45.000000 
18.000000 152.000000 40.488257 9.000000 9.000000 14.531000 0.980711 0.250000 8.997573 1.758712 -45.872255 0.900000 0.362119 8.485281 -135.000000 2.121320 -45.000000 
59.000000 158.000000 82.627158 2.000000 26.000000 31.088000 0.891566 0.520000 11.770118 5.330574 -2.886543 0.577778 0.278856 10.440307 -163.300756 5.000000 -90.000000 
24.000000 159.000000 92.861728 1.000000 52.000000 34.925000 0.923509 0.619048 14.304719 5.486963 -81.661449 0.825397 0.450947 14.317821 -102.094757 6.000000 0.000000 
14.000000 159.000000 61.537805 1.000000 13.000000 12.736000 0.933043 0.619048 7.186809 2.585553 76.609573 0.866667 0.648013 7.280110 105.945396 3.000000 0.000000 
51.000000 158.000000 72.966134 1.000000 54.000000 47.405000 0.611245 0.415385 11.610232 9.188816 -67.047551 0.574468 0.265595 13.928388 -111.037511 9.805807 11.309932 
7.000000 164.000000 47.203336 1.000000 4.000000 6.550000 0.946293 0.500000 4.820546 1.558527 -17.608796 0.800000 0.535155 4.472136 -153.434949 1.897367 108.434949 
20.000000 164.000000 94.741194 1.000000 43.000000 29.963000 0.939976 0.511905 13.862687 4.730530 -88.840457 0.754386 0.493062 14.142136 98.130102 5.852871 173.659808 
56.000000 164.000000 72.272801 1.000000 13.000000 14.142000 0.739008 0.650000 5.661225 3.813947 -2.793622 0.812500 0.546871 5.830952 149.036243 4.000000 -90.000000 
5.000000 167.000000 61.230462 1.000000 6.000000 6.368000 0.833333 0.750000 4.000000 2.211083 90.000000 1.000000 0.833753 4.123106 104.036243 2.000000 0.000000 
11.000000 165.000000 91.229476 1.000000 16.000000 13.199000 0.822256 0.666667 6.447911 3.669620 80.258783 1.000000 0.752999 6.403124 128.659808 4.000000 0.000000 
38.000000 163.000000 89.098623 1.000000 94.000000 73.647000 0.728621 0.425339 17.131956 11.733970 65.242438 0.606452 0.200329 17.492856 120.963757 11.577166 15.255119 
60.000000 172.000000 80.160154 1.000000 24.000000 21.891000 0.966321 0.545455 11.495140 2.958151 11.111488 0.888889 0.481293 11.401754 164.744881 3.638034 75.963757 
19.000000 167.000000 93.701241 2.000000 20.000000 19.377000 0.938738 0.555556 10.037004 3.459078 -81.349938 0.800000 0.495630 9.486833 -108.434949 4.000000 0.000000 
50.000000 166.000000 55.208959 1.000000 24.000000 34.181000 0.604868 0.428571 8.733389 6.954625 -61.631484 0.585366 0.216510 9.219544 -130.601295 7.000000 -90.000000 
46.000000 166.000000 61.515564 2.000000 9.000000 10.958000 0.720863 0.562500 4.975151 3.448166 39.690172 0.750000 0.568904 5.656854 135.000000 3.882901 56.309932 
7.000000 170.000000 51.548497 1.000000 9.000000 11.719000 0.856448 0.450000 5.521902 2.850593 53.737387 0.818182 0.512130 5.830952 120.963757 3.535534 -135.000000 
55.000000 169.000000 65.282095 1.000000 11.000000 11.140000 0.911425 0.611111 6.202253 2.552014 12.221977 0.916667 0.677718 6.324555 161.565051 3.000000 -90.000000 
10.000000 172.000000 56.845249 1.000000 15.000000 27.276000 0.946380 0.185185 13.266972 4.285987 49.463471 0.441176 0.203728 10.816654 123.690068 4.949747 -135.000000 
27.000000 168.000000 91.965576 1.000000 48.000000 31.576000 0.492039 0.436364 10.363980 9.022603 11.790158 0.705882 0.500440 11.704700 160.016893 9.192388 45.000000 
18.000000 171.000000 76.631508 1.000000 18.000000 14.423000 0.925387 0.642857 8.034516 3.045277 67.192359 0.900000 0.733173 8.062258 119.744881 3.577709 26.565051 
24.000000 176.000000 258.200619 2.000000 42.000000 28.466000 0.952128 0.538462 13.774091 4.210724 -14.945522 0.857143 0.528295 13.928388 -158.962489 4.807620 105.945396 
43.000000 172.000000 143.435054 1.000000 19.000000 16.764000 0.890634 0.475000 7.962242 3.620594 62.475326 0.904762 0.602578 8.544004 110.556045 4.372865 -141.340192 
51.000000 172.000000 70.139505 2.000000 4.000000 3.556000 0.000000 1.000000 2.309401 2.309401 0.000000 1.000000 1.000000 2.828427 135.000000 2.000000 -90.000000 
33.000000 174.000000 84.293074 5.000000 37.000000 32.229000 0.743715 0.528571 9.792774 6.546442 -30.559758 0.755102 0.371644 10.440307 -163.300756 7.000000 -90.000000 
39.000000 175.000000 117.114697 2.000000 16.000000 16.863000 0.879593 0.571429 7.958224 3.785939 90.000000 0.727273 0.502424 7.615773 -113.198591 4.000000 0.000000 
54.000000 175.000000 78.941011 1.000000 15.000000 14.787000 0.857681 0.535714 7.025108 3.612181 -78.223868 0.882353 0.586420 7.280110 -105.945396 4.000000 0.000000 
5.000000 177.000000 62.816453 4.000000 17.000000 16.863000 0.918975 0.531250 8.214021 3.238927 11.738184 0.772727 0.533826 8.544004 159.443955 3.794733 71.565051 
19.000000 180.000000 88.125695 5.000000 21.000000 16.747000 0.922909 0.656250 8.736307 3.363647 -11.637084 0.875000 0.667146 8.944272 -153.434949 3.781177 99.462322 
13.000000 181.000000 78.113460 1.000000 42.000000 33.031000 0.970174 0.656250 15.894027 3.852889 3.737094 0.823529 0.403367 16.124515 172.874984 4.000000 -90.000000 
46.000000 177.000000 168.096796 1.000000 29.000000 20.692000 0.914259 0.805556 10.059642 4.075462 81.243037 0.906250 0.641548 9.848858 113.962489 4.000000 0.000000 
59.000000 181.000000 54.919270 1.000000 26.000000 23.512000 0.949536 0.472727 12.360127 3.876856 -9.966319 0.722222 0.459909 11.704700 -160.016893 4.417261 -83.659808 
38.000000 180.000000 93.616456 1.000000 21.000000 20.419000 0.831013 0.525000 8.712392 4.846289 -88.214307 0.700000 0.475397 8.246211 104.036243 5.000000 0.000000 
48.000000 182.000000 81.057581 1.000000 21.000000 23.620000 0.938948 0.333333 10.364757 3.566081 38.423727 0.750000 0.368473 10.816654 146.309932 4.242641 45.000000 
53.000000 182.000000 118.820753 1.000000 24.000000 20.783000 0.944059 0.600000 10.274924 3.388436 -13.539722 0.857143 0.526905 10.440307 -163.300756 4.000000 -90.000000 
31.000000 183.000000 152.604102 1.000000 21.000000 23.504000 0.834889 0.388889 9.080945 4.998314 87.065536 0.636364 0.371688 9.486833 108.434949 5.589566 9.462322 
6.000000 186.000000 34.652369 1.000000 14.000000 14.878000 0.931959 0.500000 7.971127 2.890033 -19.859380 0.777778 0.541811 8.062258 -150.255119 3.577709 116.565051 
27.000000 186.000000 158.322181 1.000000 31.000000 21.337000 0.801868 0.574074 9.015148 5.386558 -35.014685 0.837838 0.650128 10.295630 -150.945396 6.000000 -90.000000 
43.000000 185.000000 77.070161 1.000000 27.000000 26.622000 0.859987 0.482143 9.683922 4.941855 -56.473115 0.771429 0.383004 10.000000 -126.869898 5.547002 146.309932 
18.000000 185.000000 80.203274 2.000000 17.000000 11.975000 0.691956 0.850000 5.608117 4.048723 -30.963757 1.000000 0.934869 6.403124 -141.340192 4.000000 -90.000000 
22.000000 184.000000 37.085791 1.000000 6.000000 8.717000 0.620174 0.500000 4.163332 3.265986 26.565051 0.750000 0.536160 4.472136 153.434949 3.000000 -90.000000 
38.000000 185.000000 36.212696 1.000000 4.000000 7.402000 0.965676 0.333333 5.615939 1.458730 -36.090556 0.800000 0.452160 5.000000 -143.130102 1.941451 123.690068 
17.000000 187.000000 34.080625 3.000000 2.000000 1.960000 0.866025 1.000000 2.309401 1.154701 90.000000 1.000000 0.965669 2.236068 116.565051 1.000000 0.000000 
33.000000 186.000000 69.668524 1.000000 16.000000 20.039000 0.857736 0.444444 7.962944 4.093676 36.268037 0.727273 0.374180 7.810250 129.805571 4.919350 63.434949 
51.000000 187.000000 34.991999 4.000000 4.000000 4.590000 0.731925 0.666667 3.055050 2.081666 0.000000 1.000000 0.840876 3.162278 161.565051 2.000000 -90.000000 
56.000000 188.000000 78.669971 7.000000 16.000000 11.330000 0.684169 0.800000 5.426145 3.957414 -20.385196 1.000000 0.960057 5.830952 -149.036243 4.000000 -90.000000 
18.000000 189.000000 99.577905 4.000000 10.000000 8.998000 0.741935 0.625000 4.623527 3.099945 39.115856 0.909091 0.852711 5.000000 126.869898 3.535534 45.000000 
53.000000 191.000000 61.551854 1.000000 7.000000 6.831000 0.688972 0.777778 3.763583 2.727798 -59.527302 1.000000 0.884488 4.242641 -135.000000 3.000000 -90.000000 
12.000000 192.000000 41.244651 1.000000 16.000000 21.064000 0.984144 0.484848 13.020017 2.309401 80.537678 0.727273 0.343161 11.401754 105.255119 2.687006 -171.869898 
23.000000 191.000000 97.622881 1.000000 16.000000 14.605000 0.924698 0.571429 7.987212 3.040743 -78.892059 0.800000 0.638410 7.615773 -113.198591 3.452379 170.537678 
39.000000 193.000000 121.345518 1.000000 50.000000 39.457000 0.935696 0.427350 16.216893 5.721454 69.572735 0.641026 0.346250 15.000000 126.869898 6.321653 16.699244 
48.000000 191.000000 71.598216 1.000000 3.000000 3.093000 0.730297 0.750000 2.581989 1.763834 45.000000 1.000000 0.969873 2.828427 135.000000 2.000000 -90.000000 
17.000000 194.000000 53.650014 2.000000 10.000000 10.495000 0.830126 0.666667 5.189733 2.893671 21.801409 0.909091 0.675769 5.830952 149.036243 3.000000 -90.000000 
58.000000 197.000000 78.083155 1.000000 37.000000 38.225000 0.852964 0.342593 15.698176 8.193971 12.716257 0.462500 0.271714 13.416408 153.434949 8.236878 78.690068 
52.000000 197.000000 110.802786 1.000000 22.000000 21.734000 0.921160 0.488889 10.202490 3.970636 6.224862 0.687500 0.446772 9.486833 161.565051 4.465250 -97.125016 
30.000000 195.000000 104.368817 1.000000 30.000000 25.489000 0.852663 0.555556 10.007376 5.228467 -13.191809 0.789474 0.459907 9.848858 -156.037511 5.753965 -80.537678 
13.000000 199.000000 67.503162 1.000000 27.000000 30.128000 0.989499 0.360000 17.354722 2.508458 -72.761112 0.710526 0.306534 15.811388 -108.434949 3.162278 -18.434949 
25.000000 199.000000 76.469078 1.000000 18.000000 17.690000 0.922949 0.562500 8.570955 3.299154 73.719322 0.750000 0.521240 8.544004 110.556045 3.726207 11.309932 
43.000000 197.000000 85.404732 2.000000 13.000000 14.142000 0.757482 0.650000 5.727431 3.739191 11.864196 0.812500 0.546871 5.830952 149.036243 4.000000 -90.000000 
47.000000 196.000000 152.736526 1.000000 16.000000 14.696000 0.805231 0.640000 6.696171 3.970574 -47.034033 0.842105 0.631913 7.071068 -135.000000 4.949747 -45.000000 
38.000000 200.000000 110.615513 1.000000 25.000000 18.641000 0.887590 0.510204 8.916000 4.107019 -35.604775 0.862069 0.662111 9.219544 -130.601295 4.800000 126.869898 
44.000000 201.000000 121.627337 3.000000 15.000000 12.091000 0.785172 0.625000 5.813348 3.600076 2.349340 0.882353 0.812369 6.324555 161.565051 4.000000 -90.000000 
26.000000 201.000000 46.125456 1.000000 2.000000 1.960000 0.866025 1.000000 2.309401 1.154701 0.000000 1.000000 0.965669 2.236068 153.434949 1.000000 -90.000000 
50.000000 201.000000 72.869348 1.000000 11.000000 20.990000 0.747237 0.305556 8.070856 5.363546 -52.371781 0.458333 0.237373 7.810250 -140.194429 5.491252 168.690068 
34.000000 202.000000 60.157698 3.000000 15.000000 20.345000 0.897116 0.416667 8.462030 3.738486 -45.919246 0.714286 0.341713 7.810250 -140.194429 4.242641 -45.000000 
10.000000 205.000000 72.751352 1.000000 15.000000 16.656000 0.954536 0.555556 8.806422 2.625143 -79.688234 0.833333 0.480924 9.219544 -102.528808 3.000000 0.000000 
18.000000 204.000000 148.933959 1.000000 22.000000 15.821000 0.875082 0.628571 7.865271 3.806590 54.678987 1.000000 0.768842 8.602325 125.537678 4.242641 45.000000 
60.000000 206.000000 54.810902 2.000000 7.000000 7.683000 0.597259 0.777778 3.733974 2.994829 33.400705 0.875000 0.750732 4.242641 135.000000 3.000000 -90.000000 
31.000000 204.000000 70.226938 4.000000 9.000000 10.958000 0.876202 0.600000 5.683321 2.739039 11.239717 0.818182 0.568904 5.385165 158.198591 3.000000 -90.000000 
38.000000 207.000000 165.248575 2.000000 26.000000 17.996000 0.849592 0.650000 8.373688 4.416627 17.491620 0.928571 0.731261 8.944272 153.434949 5.000000 -90.000000 
47.000000 207.000000 144.353561 1.000000 35.000000 24.075000 0.687212 0.546875 8.575732 6.229900 -58.292162 0.833333 0.593759 8.944272 -116.565051 6.715472 -38.659808 
55.000000 207.000000 164.766195 1.000000 40.000000 30.426000 0.638936 0.555556 9.669117 7.438067 -56.677156 0.740741 0.446097 10.630146 -131.185925 8.000000 0.000000 
20.000000 209.000000 74.069272 1.000000 30.000000 31.766000 0.936096 0.500000 12.956480 4.557372 82.863478 0.666667 0.309379 12.649111 108.434949 5.000000 0.000000 
33.000000 207.000000 63.163513 2.000000 13.000000 13.960000 0.932381 0.464286 7.700474 2.783535 -22.276774 0.812500 0.558573 7.615773 -156.801409 3.342516 -68.198591 
40.000000 210.000000 116.012183 3.000000 15.000000 17.715000 0.940402 0.468750 8.736624 2.971020 68.225648 0.789474 0.433326 8.944272 116.565051 3.794733 -161.565051 
9.000000 211.000000 70.046584 1.000000 12.000000 16.102000 0.960746 0.375000 9.397542 2.607165 76.018884 0.631579 0.407210 8.544004 110.556045 3.021932 15.945396 
45.000000 213.000000 111.450871 1.000000 25.000000 23.413000 0.805085 0.625000 8.986173 5.330231 3.173191 0.757576 0.445523 8.544004 -159.443955 5.000000 -90.000000 
11.000000 213.000000 105.767242 1.000000 9.000000 10.404000 0.856824 0.450000 5.551488 2.862399 32.612430 0.818182 0.616391 5.656854 135.000000 3.478505 -108.434949 
14.000000 213.000000 72.798922 2.000000 12.000000 17.715000 0.935493 0.375000 8.816950 3.115420 17.545839 0.631579 0.346661 8.544004 159.443955 3.530090 78.690068 
21.000000 216.000000 45.780287 3.000000 11.000000 12.273000 0.925741 0.458333 7.038014 2.661474 22.373799 0.785714 0.581753 6.708204 153.434949 3.395499 -104.036243 
35.000000 214.000000 53.032519 1.000000 12.000000 15.366000 0.918289 0.342857 8.004289 3.168986 33.563167 0.750000 0.440242 7.615773 156.801409 4.024922 63.434949 
52.000000 213.000000 135.218885 1.000000 34.000000 47.124000 0.740994 0.343434 14.873237 9.987546 80.779429 0.425000 0.169101 13.038405 122.471192 9.000000 0.000000 
59.000000 213.000000 64.290614 9.000000 11.000000 10.222000 0.838093 0.550000 5.456475 2.976657 -38.421229 0.916667 0.774027 5.830952 -149.036243 3.535534 -45.000000 
41.000000 216.000000 121.985899 1.000000 21.000000 20.337000 0.959209 0.375000 10.655447 3.012258 -49.858746 0.875000 0.478724 10.000000 -126.869898 3.535534 -45.000000 
9.000000 220.000000 70.203978 1.000000 31.000000 24.157000 0.964857 0.516667 13.005214 3.417431 15.631496 0.837838 0.522746 12.369317 165.963757 4.110961 71.565051 
51.000000 219.000000 148.145685 1.000000 25.000000 19.857000 0.906570 0.555556 9.503198 4.010872 80.457563 0.806452 0.593947 9.219544 102.528808 4.608177 14.036243 
35.000000 220.000000 28.396868 12.000000 1.000000 0.000000 0.000000 1.000000 1.154701 1.154701 0.000000 1.000000 1.000000 1.414214 135.000000 1.000000 -90.000000 
18.000000 222.000000 70.375397 1.000000 18.000000 28.392000 0.803998 0.375000 8.881209 5.281057 22.107588 0.545455 0.227476 8.246211 165.963757 5.813777 -116.565051 
54.000000 222.000000 130.340543 1.000000 20.000000 18.269000 0.934824 0.416667 9.251652 3.285362 33.925760 0.833333 0.548255 9.219544 139.398705 3.882901 56.309932 
59.000000 220.000000 147.427706 1.000000 25.000000 18.360000 0.790850 0.625000 7.724960 4.727754 -13.106774 0.862069 0.679530 8.544004 -159.443955 5.000000 -90.000000 
21.000000 223.000000 64.265443 1.000000 9.000000 10.106000 0.860707 0.562500 5.509516 2.804899 54.217474 0.818182 0.644434 5.656854 135.000000 3.328201 -146.309932 
47.000000 223.000000 139.400654 2.000000 25.000000 19.766000 0.898650 0.462963 9.359287 4.105607 -18.202719 0.781250 0.598675 9.486833 -161.565051 5.120951 113.198591 
56.000000 225.000000 102.507055 1.000000 14.000000 12.918000 0.910093 0.666667 6.931665 2.872514 76.323262 0.933333 0.682133 7.280110 105.945396 3.000000 0.000000 
13.000000 225.000000 68.067615 1.000000 22.000000 20.328000 0.864898 0.458333 9.149951 4.592802 58.566561 0.733333 0.501905 8.602325 125.537678 5.656854 45.000000 
61.000000 226.000000 75.325409 11.000000 4.000000 3.556000 0.000000 1.000000 2.309401 2.309401 0.000000 1.000000 1.000000 2.828427 135.000000 2.000000 -90.000000 
7.000000 227.000000 47.376474 1.000000 7.000000 8.626000 0.761824 0.583333 4.399925 2.850202 72.231161 0.875000 0.635232 4.472136 116.565051 3.000000 0.000000 
22.000000 228.000000 51.482126 1.000000 17.000000 17.715000 0.964568 0.354167 9.812387 2.588836 -50.342456 0.894737 0.491102 10.000000 -126.869898 3.535534 135.000000 
52.000000 230.000000 74.067585 1.000000 31.000000 34.206000 0.945867 0.256198 15.595014 5.061451 -40.336590 0.543860 0.279284 14.212670 -129.289407 6.363961 -45.000000 
55.000000 229.000000 37.159589 9.000000 7.000000 10.032000 0.964597 0.350000 6.447571 1.700416 -39.155315 1.000000 0.506873 6.403124 -141.340192 2.121320 -45.000000 
20.000000 232.000000 41.384249 1.000000 16.000000 19.865000 0.964897 0.333333 10.720409 2.815493 -60.995597 0.666667 0.379861 10.000000 -126.869898 3.577709 153.434949 
9.000000 232.000000 33.201146 1.000000 5.000000 7.013000 0.931488 0.625000 4.881890 1.775899 79.099295 0.833333 0.609333 4.472136 116.565051 2.000000 0.000000 
26.000000 233.000000 45.107776 2.000000 4.000000 4.590000 0.731925 0.666667 3.055050 2.081666 90.000000 1.000000 0.840876 3.162278 108.434949 2.000000 0.000000 
32.000000 235.000000 90.976762 1.000000 27.000000 23.694000 0.969213 0.450000 12.601197 3.102715 -73.688106 0.843750 0.471141 12.649111 -108.434949 3.794733 -18.434949 
18.000000 235.000000 37.196513 2.000000 3.000000 3.920000 0.942809 1.000000 3.464102 1.154701 90.000000 1.000000 0.756007 3.162278 108.434949 1.000000 0.000000 
13.000000 236.000000 38.714629 1.000000 21.000000 17.301000 0.942723 0.777778 9.387974 3.131612 85.308106 0.954545 0.631477 9.219544 102.528808 3.000000 0.000000 
22.000000 236.000000 43.956537 1.000000 4.000000 5.053000 0.866025 0.666667 3.651484 1.825742 -71.565051 0.800000 0.748540 3.605551 -123.690068 2.000000 0.000000 
26.000000 236.000000 41.791529 1.000000 8.000000 8.146000 0.864375 0.666667 4.866132 2.446923 68.645305 0.888889 0.789037 5.000000 126.869898 2.846050 18.434949 
