223
31.000000 116.000000 11.255227 1.000000 10562.000000 591.556000 0.962404 0.687630 286.164156 77.728246 0.611948 0.687630 0.375287 248.386795 165.068583 64.000000 -90.000000 
22.000000 6.000000 42.121289 1.000000 19.000000 17.971000 0.955758 0.527778 9.907155 2.914239 -81.669368 0.760000 0.535649 9.219544 -102.528808 3.394113 -8.130102 
31.000000 6.000000 55.658698 1.000000 33.000000 20.485000 0.887050 0.733333 9.812058 4.529966 80.445176 0.891892 0.742885 9.848858 113.962489 4.931970 -170.537678 
44.000000 6.000000 48.662865 1.000000 1.000000 0.000000 0.000000 1.000000 1.154701 1.154701 0.000000 1.000000 1.000000 1.414214 135.000000 1.000000 -90.000000 
54.000000 6.000000 32.675131 11.000000 3.000000 3.920000 0.942809 1.000000 3.464102 1.154701 90.000000 1.000000 0.756007 3.162278 108.434949 1.000000 0.000000 
8.000000 8.000000 50.781378 1.000000 17.000000 15.432000 0.933473 0.708333 8.101975 2.905745 -76.345445 0.944444 0.619251 8.544004 -110.556045 3.000000 0.000000 
20.000000 10.000000 36.651239 1.000000 27.000000 39.515000 0.976896 0.264706 19.706141 4.211484 81.274001 0.409091 0.186467 17.262677 100.007980 4.949747 8.130102 
55.000000 15.000000 37.331237 1.000000 31.000000 38.291000 0.944157 0.295238 16.777488 5.528136 4.731786 0.413333 0.226928 15.132746 172.405357 6.483482 85.914383 
10.000000 13.000000 36.132594 2.000000 11.000000 16.863000 0.932154 0.314286 8.677967 3.141965 28.604560 0.578947 0.345417 8.062258 150.255119 3.577709 63.434949 
29.000000 15.000000 40.148283 1.000000 25.000000 29.392000 0.991309 0.333333 16.961272 2.231301 74.980833 0.735294 0.296815 15.811388 108.434949 2.884572 15.945396 
48.000000 13.000000 32.289440 2.000000 2.000000 1.960000 0.866025 1.000000 2.309401 1.154701 90.000000 1.000000 0.965669 2.236068 116.565051 1.000000 0.000000 
42.000000 18.000000 38.882999 1.000000 2.000000 1.960000 0.866025 1.000000 2.309401 1.154701 90.000000 1.000000 0.965669 2.236068 116.565051 1.000000 0.000000 
44.000000 19.000000 29.652416 12.000000 1.000000 0.000000 0.000000 1.000000 1.154701 1.154701 0.000000 1.000000 1.000000 1.414214 135.000000 1.000000 -90.000000 
11.000000 23.000000 48.561315 1.000000 12.000000 17.062000 0.984396 0.244898 10.229780 1.800133 -46.098886 1.000000 0.369431 9.899495 -135.000000 2.121320 -45.000000 
18.000000 25.000000 34.834868 1.000000 8.000000 11.421000 0.968241 0.444444 7.525087 1.881419 75.027158 0.727273 0.474048 6.708204 116.565051 2.182821 14.036243 
35.000000 27.000000 50.098252 1.000000 53.000000 45.122000 0.986925 0.301136 22.754770 3.667560 67.864697 0.716216 0.285921 23.086793 107.650124 4.717354 24.443955 
8.000000 27.000000 36.743553 1.000000 9.000000 12.248000 0.970689 0.642857 7.724292 1.856454 80.782526 0.818182 0.477527 7.280110 105.945396 2.000000 0.000000 
17.000000 29.000000 37.129245 2.000000 11.000000 17.062000 0.977399 0.224490 9.886191 2.089955 -45.486886 0.785714 0.338646 9.219544 -139.398705 2.816811 -50.194429 
54.000000 29.000000 42.204916 1.000000 15.000000 20.088000 0.985209 0.681818 11.242186 1.926404 -83.432989 0.882353 0.349316 11.180340 -100.304846 2.000000 0.000000 
47.000000 33.000000 42.648767 1.000000 12.000000 16.383000 0.979514 0.375000 10.446530 2.103705 74.048868 0.705882 0.395573 8.944272 116.565051 2.609851 -164.054604 
12.000000 36.000000 49.985151 1.000000 28.000000 25.348000 0.964284 0.777778 12.823278 3.396517 -89.847050 0.848485 0.433506 12.369317 -104.036243 3.000000 0.000000 
56.000000 37.000000 42.056105 1.000000 16.000000 16.102000 0.950776 0.500000 8.962598 2.777318 72.512070 0.842105 0.542947 8.944272 116.565051 3.478505 18.434949 
22.000000 37.000000 42.200441 1.000000 6.000000 6.368000 0.877058 0.750000 4.163332 2.000000 71.565051 1.000000 0.833753 4.472136 116.565051 2.000000 0.000000 
34.000000 36.000000 44.788113 1.000000 37.000000 41.359000 0.989930 0.486842 20.854643 2.952074 86.519147 0.649123 0.234790 19.235384 98.972627 3.562352 -175.914383 
44.000000 37.000000 34.628529 1.000000 5.000000 6.550000 0.889464 0.625000 4.253087 1.943686 -84.847577 1.000000 0.668944 4.123106 104.036243 2.000000 0.000000 
11.000000 41.000000 43.054159 1.000000 17.000000 19.261000 0.963054 0.566667 10.382201 2.796022 87.713039 0.772727 0.425659 10.198039 101.309932 3.000000 0.000000 
45.000000 42.000000 33.657048 11.000000 5.000000 8.998000 0.974418 0.333333 6.444305 1.448307 -62.876944 0.833333 0.426355 5.830952 -120.963757 1.788854 -26.565051 
59.000000 49.000000 110.849814 2.000000 36.000000 24.058000 0.918275 0.545455 11.494145 4.551021 23.764279 0.878049 0.611487 12.083046 155.556045 5.578319 -104.036243 
21.000000 45.000000 41.372734 1.000000 18.000000 19.195000 0.955857 0.400000 10.169408 2.988114 -66.748232 0.750000 0.453366 10.295630 -119.054604 3.577709 -26.565051 
12.000000 51.000000 72.044869 1.000000 37.000000 27.680000 0.969352 0.660714 14.749786 3.623661 -83.581751 0.860465 0.489442 14.142136 -98.130102 3.975535 -6.340192 
29.000000 50.000000 44.204111 1.000000 26.000000 21.891000 0.958308 0.590909 11.571046 3.306268 -87.825178 0.787879 0.521401 11.180340 100.304846 3.754672 -6.340192 
43.000000 51.000000 71.702393 1.000000 29.000000 22.925000 0.927277 0.725000 10.815429 4.049039 81.769756 0.852941 0.536339 10.770330 111.801409 4.000000 0.000000 
54.000000 51.000000 53.633509 5.000000 6.000000 6.186000 0.833333 0.666667 4.000000 2.211083 36.869898 1.000000 0.866607 4.242641 135.000000 2.683282 63.434949 
37.000000 50.000000 43.405675 1.000000 12.000000 12.273000 0.572071 0.600000 5.300727 4.347677 -66.765600 0.750000 0.634639 5.830952 -120.963757 4.000000 0.000000 
47.000000 51.000000 31.157350 10.000000 5.000000 5.814000 0.901281 0.555556 4.163332 1.803700 45.000000 1.000000 0.783414 4.242641 135.000000 2.121320 45.000000 
8.000000 55.000000 37.390920 1.000000 13.000000 15.920000 0.972599 0.406250 9.421084 2.190300 -69.832500 0.764706 0.449609 8.944272 -116.565051 2.785430 158.198591 
36.000000 53.000000 53.816929 2.000000 4.000000 5.053000 0.866025 0.666667 3.651484 1.825742 71.565051 0.800000 0.748540 3.605551 123.690068 2.000000 0.000000 
40.000000 56.000000 49.334979 2.000000 2.000000 1.960000 0.866025 1.000000 2.309401 1.154701 90.000000 1.000000 0.965669 2.236068 116.565051 1.000000 0.000000 
55.000000 55.000000 99.014694 1.000000 27.000000 16.863000 0.585889 0.642857 6.716767 5.443209 -72.929752 0.900000 0.847841 7.280110 105.945396 6.000000 0.000000 
23.000000 57.000000 35.473080 1.000000 17.000000 18.616000 0.972204 0.566667 10.240893 2.397761 75.901638 0.850000 0.451271 10.440307 106.699244 3.000000 0.000000 
13.000000 58.000000 33.350213 2.000000 2.000000 2.812000 0.925820 0.500000 3.055050 1.154701 45.000000 1.000000 0.709058 2.828427 135.000000 1.414214 45.000000 
58.000000 57.000000 58.030855 1.000000 2.000000 2.812000 0.925820 0.500000 3.055050 1.154701 45.000000 1.000000 0.709058 2.828427 135.000000 1.414214 45.000000 
7.000000 59.000000 38.754259 1.000000 12.000000 16.011000 0.944151 0.500000 8.796381 2.898527 85.177797 0.666667 0.411089 8.246211 104.036243 3.000000 0.000000 
36.000000 59.000000 38.851987 1.000000 13.000000 14.605000 0.952613 0.619048 8.232844 2.504309 77.624749 0.812500 0.518708 7.615773 113.198591 2.941742 -168.690068 
52.000000 59.000000 92.753569 2.000000 21.000000 17.045000 0.637993 0.500000 7.154634 5.509370 -23.064417 0.777778 0.647594 7.810250 -140.194429 5.656854 -45.000000 
40.000000 60.000000 32.908703 2.000000 5.000000 5.624000 0.000000 0.555556 2.780887 2.780887 0.000000 1.000000 0.817744 3.162278 108.434949 2.828427 -45.000000 
14.000000 63.000000 39.274611 1.000000 5.000000 9.180000 0.968023 0.333333 6.215727 1.559295 67.500000 0.714286 0.413853 5.830952 120.963757 1.897367 18.434949 
49.000000 64.000000 62.652433 2.000000 14.000000 17.434000 0.875109 0.400000 7.514257 3.636347 22.002824 0.736842 0.415559 7.615773 156.801409 4.242641 45.000000 
59.000000 64.000000 57.589657 3.000000 1.000000 0.000000 0.000000 1.000000 1.154701 1.154701 0.000000 1.000000 1.000000 1.414214 135.000000 1.000000 -90.000000 
24.000000 64.000000 35.363342 8.000000 5.000000 6.368000 0.923687 0.625000 4.492622 1.721341 -20.993606 0.833333 0.694794 4.472136 -153.434949 2.000000 -90.000000 
8.000000 64.000000 30.541175 2.000000 1.000000 0.000000 0.000000 1.000000 1.154701 1.154701 0.000000 1.000000 1.000000 1.414214 135.000000 1.000000 -90.000000 
55.000000 62.000000 117.827445 1.000000 11.000000 11.140000 0.873401 0.611111 5.868037 2.857743 -2.309962 0.916667 0.677718 6.082763 170.537678 3.000000 -90.000000 
6.000000 65.000000 32.506539 2.000000 1.000000 0.000000 0.000000 1.000000 1.154701 1.154701 0.000000 1.000000 1.000000 1.414214 135.000000 1.000000 -90.000000 
52.000000 67.000000 79.919967 1.000000 25.000000 16.772000 0.801919 0.625000 7.632947 4.560175 82.678034 0.892857 0.792229 8.246211 104.036243 5.000000 0.000000 
32.000000 67.000000 35.605619 1.000000 24.000000 31.162000 0.989046 0.533333 16.497908 2.435190 -87.222027 0.705882 0.256296 15.132746 -97.594643 3.000000 0.000000 
59.000000 68.000000 93.670750 10.000000 8.000000 8.328000 0.908403 0.800000 5.109174 2.136119 -79.099295 1.000000 0.764194 5.385165 -111.801409 2.000000 0.000000 
10.000000 69.000000 69.332857 1.000000 32.000000 25.166000 0.969513 0.615385 13.296090 3.258073 77.566900 0.914286 0.501827 13.601471 107.102729 3.922323 -168.690068 
50.000000 71.000000 68.311536 1.000000 18.000000 22.214000 0.905499 0.428571 9.568788 4.060503 -35.079285 0.642857 0.351832 9.219544 -139.398705 4.919350 116.565051 
55.000000 72.000000 58.698547 1.000000 8.000000 13.770000 0.807853 0.500000 5.493832 3.237974 33.018756 0.666667 0.351504 5.656854 135.000000 3.535534 45.000000 
15.000000 75.000000 59.851170 1.000000 48.000000 50.746000 0.989385 0.298137 25.983173 3.775797 77.567226 0.505263 0.207718 23.194827 97.431408 4.886827 -171.027373 
48.000000 76.000000 54.361303 1.000000 23.000000 23.231000 0.952065 0.575000 11.279642 3.450384 88.541783 0.718750 0.415558 10.198039 101.309932 4.000000 0.000000 
56.000000 78.000000 138.537375 1.000000 27.000000 19.402000 0.823411 0.562500 8.474217 4.808657 -26.549555 0.843750 0.667617 8.944272 -153.434949 5.366563 -63.434949 
17.000000 81.000000 51.885163 1.000000 10.000000 9.180000 0.776415 0.625000 4.745688 2.990837 -49.065051 1.000000 0.827706 5.000000 -143.130102 3.535534 135.000000 
25.000000 82.000000 73.766181 1.000000 60.000000 33.651000 0.954184 0.800000 16.753469 5.013001 87.839586 0.909091 0.556981 15.297059 101.309932 5.000000 0.000000 
52.000000 80.000000 47.993782 8.000000 9.000000 10.313000 0.860707 0.600000 5.509516 2.804899 -9.217474 0.750000 0.624757 5.385165 -158.198591 3.000000 -90.000000 
41.000000 86.000000 38.059805 6.000000 16.000000 23.438000 0.988513 0.242424 14.032764 2.120895 -62.660669 0.727273 0.284599 12.529964 -118.610460 2.683282 -26.565051 
55.000000 84.000000 82.989749 1.000000 6.000000 8.973000 0.866025 0.500000 5.163978 2.581989 63.434949 0.750000 0.513740 5.000000 126.869898 3.000000 0.000000 
11.000000 86.000000 84.221283 1.000000 47.000000 32.940000 0.967073 0.522222 16.119650 4.102426 77.504965 0.839286 0.453666 15.811388 108.434949 5.093248 14.036243 
59.000000 88.000000 103.187985 5.000000 51.000000 28.441000 0.934503 0.728571 13.778729 4.904603 -10.925969 0.944444 0.642517 14.560220 -164.054604 5.000000 -90.000000 
32.000000 91.000000 37.945547 1.000000 23.000000 26.324000 0.984023 0.353846 14.036072 2.499026 -71.521447 0.741935 0.332895 13.928388 -111.037511 3.160111 -20.556045 
48.000000 89.000000 48.865112 1.000000 12.000000 12.364000 0.855182 0.500000 6.136770 3.180854 82.757633 0.800000 0.627212 6.324555 108.434949 4.000000 0.000000 
22.000000 93.000000 48.287753 1.000000 19.000000 29.244000 0.984305 0.243590 15.726713 2.775393 -66.030628 0.593750 0.227646 14.317821 -114.775141 3.545274 156.801409 
44.000000 91.000000 43.173315 1.000000 10.000000 10.958000 0.910045 0.555556 6.112811 2.533813 69.281634 0.833333 0.632116 6.324555 108.434949 3.000000 0.000000 
7.000000 94.000000 45.087736 1.000000 12.000000 12.736000 0.954612 0.571429 7.580114 2.257749 71.163812 0.857143 0.598166 7.615773 113.198591 2.846050 18.434949 
18.000000 96.000000 46.703049 1.000000 13.000000 16.011000 0.958038 0.406250 9.030610 2.588543 -74.381408 0.722222 0.445347 8.544004 -110.556045 3.287980 -9.462322 
47.000000 97.000000 41.260626 1.000000 21.000000 26.018000 0.984603 0.403846 13.754143 2.404263 76.058436 0.777778 0.310360 13.601471 107.102729 3.152963 14.036243 
23.000000 96.000000 37.916477 2.000000 2.000000 1.960000 0.866025 1.000000 2.309401 1.154701 90.000000 1.000000 0.965669 2.236068 116.565051 1.000000 0.000000 
35.000000 98.000000 42.815622 1.000000 12.000000 14.696000 0.973450 0.500000 8.833066 2.021895 -72.796737 0.857143 0.473935 8.544004 -110.556045 2.529822 -18.434949 
22.000000 98.000000 40.398693 1.000000 3.000000 3.920000 0.942809 1.000000 3.464102 1.154701 90.000000 1.000000 0.756007 3.162278 108.434949 1.000000 0.000000 
19.000000 103.000000 62.733965 1.000000 89.000000 66.525000 0.985651 0.347656 35.018933 5.911147 -81.207880 0.574194 0.230436 32.249031 -97.125016 6.793592 -9.090277 
52.000000 102.000000 58.921864 1.000000 50.000000 38.456000 0.987336 0.438596 20.957773 3.324817 75.214664 0.862069 0.363114 19.924859 107.525568 4.123106 14.036243 
59.000000 105.000000 32.300961 1.000000 5.000000 8.328000 0.969048 0.500000 6.024504 1.487286 -72.856562 0.833333 0.477622 5.385165 -111.801409 1.897367 161.565051 
40.000000 108.000000 31.253587 1.000000 9.000000 13.282000 0.965036 0.642857 7.587826 1.988908 -87.039690 0.818182 0.419291 7.071068 98.130102 2.000000 0.000000 
24.000000 110.000000 33.457010 1.000000 11.000000 12.918000 0.946396 0.523810 7.226755 2.334298 78.166763 0.785714 0.535961 7.280110 105.945396 2.846050 18.434949 
58.000000 118.000000 46.525840 1.000000 54.000000 60.885000 0.915597 0.207692 26.415834 10.621724 -13.887155 0.327273 0.165532 21.540659 -158.198591 11.336846 115.201124 
37.000000 118.000000 60.132389 1.000000 99.000000 78.566000 0.994239 0.423077 39.978938 4.284995 86.887435 0.626582 0.186346 39.204592 95.856014 5.548426 1.974934 
11.000000 118.000000 53.815591 1.000000 16.000000 16.838000 0.962113 0.592593 9.262250 2.525348 -75.910705 0.888889 0.503682 9.486833 -108.434949 3.000000 0.000000 
9.000000 122.000000 45.797301 1.000000 7.000000 8.328000 0.930558 0.700000 5.262061 1.926673 75.321123 0.875000 0.668670 5.385165 111.801409 2.000000 0.000000 
19.000000 126.000000 64.483205 1.000000 78.000000 62.655000 0.985993 0.298851 32.049779 5.345558 77.511133 0.573529 0.226411 29.614186 101.689369 6.575959 -170.537678 
39.000000 126.000000 46.938323 1.000000 31.000000 33.494000 0.981035 0.484375 17.163436 3.326791 -87.175840 0.688889 0.290245 16.124515 97.125016 4.000000 0.000000 
44.000000 132.000000 65.347283 3.000000 9.000000 8.146000 0.761303 0.750000 4.404498 2.855863 -54.217474 0.900000 0.887666 5.000000 -126.869898 3.000000 0.000000 
50.000000 133.000000 151.034680 1.000000 40.000000 34.586000 0.928883 0.363636 14.063302 5.208665 56.274807 0.701754 0.353144 13.601471 126.027373 6.507914 -139.398705 
59.000000 132.000000 142.324535 1.000000 7.000000 10.106000 0.957113 0.466667 6.680908 1.935569 76.717474 0.700000 0.501226 5.830952 120.963757 2.182821 14.036243 
16.000000 137.000000 56.846284 1.000000 55.000000 43.625000 0.985601 0.327381 24.067248 4.069503 -70.991840 0.696203 0.316010 22.135944 -108.434949 5.417593 -16.389540 
56.000000 133.000000 162.098651 2.000000 12.000000 10.495000 0.846995 0.600000 5.576742 2.964598 31.845081 1.000000 0.810923 5.830952 149.036243 3.535534 45.000000 
43.000000 137.000000 147.427031 1.000000 25.000000 26.324000 0.737551 0.520833 8.199830 5.537278 55.930492 0.735294 0.361842 8.602325 125.537678 5.692100 -161.565051 
57.000000 135.000000 343.949903 1.000000 11.000000 9.089000 0.724342 0.687500 4.678064 3.225246 41.028264 1.000000 0.924076 5.000000 126.869898 3.535534 45.000000 
52.000000 137.000000 193.191179 1.000000 20.000000 15.275000 0.869514 0.571429 7.670351 3.788455 72.683380 0.833333 0.741005 7.615773 113.198591 4.110961 18.434949 
31.000000 137.000000 36.215421 2.000000 4.000000 4.590000 0.731925 0.666667 3.055050 2.081666 90.000000 1.000000 0.840876 3.162278 108.434949 2.000000 0.000000 
61.000000 136.000000 45.915710 6.000000 5.000000 4.962000 0.765092 0.833333 3.306559 2.129163 18.434949 1.000000 0.956808 3.605551 146.309932 2.000000 -90.000000 
28.000000 139.000000 59.700172 1.000000 20.000000 13.290000 0.745202 0.833333 6.317970 4.213066 -88.137666 0.952381 0.930852 6.708204 -116.565051 4.000000 0.000000 
36.000000 139.000000 60.662711 1.000000 11.000000 14.878000 0.962626 0.458333 8.613010 2.332683 87.572416 0.687500 0.425709 8.062258 97.125016 3.000000 0.000000 
57.000000 140.000000 136.847557 1.000000 13.000000 12.736000 0.933043 0.619048 7.186809 2.585553 76.609573 0.928571 0.648013 7.280110 105.945396 3.000000 0.000000 
22.000000 143.000000 35.186137 1.000000 14.000000 20.899000 0.981869 0.222222 12.711997 2.409666 56.603237 0.583333 0.304402 10.816654 123.690068 3.138686 35.537678 
8.000000 143.000000 38.371182 1.000000 8.000000 8.998000 0.580609 0.500000 4.205954 3.424415 -61.511934 0.800000 0.682168 4.472136 -153.434949 3.794733 -18.434949 
59.000000 144.000000 76.444534 2.000000 17.000000 15.639000 0.787054 0.566667 6.605919 4.075089 80.930959 0.809524 0.605676 6.708204 116.565051 4.510671 11.309932 
38.000000 143.000000 194.509627 2.000000 29.000000 18.732000 0.786719 0.604167 8.032852 4.958771 26.625098 0.935484 0.761671 8.944272 153.434949 5.656854 45.000000 
42.000000 141.000000 156.309903 2.000000 12.000000 15.639000 0.841727 0.480000 6.809677 3.676572 38.451859 0.631579 0.427536 7.071068 135.000000 4.472136 -116.565051 
47.000000 141.000000 91.974871 1.000000 18.000000 23.049000 0.883295 0.562500 9.238050 4.330957 0.637459 0.692308 0.329755 8.246211 165.963757 4.000000 -90.000000 
52.000000 142.000000 161.834176 1.000000 18.000000 18.087000 0.607293 0.600000 6.263787 4.976441 -68.744776 0.782609 0.501926 6.708204 -116.565051 5.000000 0.000000 
12.000000 146.000000 60.330101 1.000000 24.000000 17.417000 0.837166 0.857143 7.829470 4.282323 87.552036 0.923077 0.713566 7.615773 113.198591 4.000000 0.000000 
50.000000 145.000000 142.683838 1.000000 9.000000 8.237000 0.759113 0.750000 4.430771 2.884248 83.952621 1.000000 0.873525 4.472136 116.565051 3.000000 0.000000 
7.000000 147.000000 68.271837 1.000000 8.000000 8.146000 0.864375 0.666667 4.866132 2.446923 68.645305 0.888889 0.789037 5.000000 126.869898 2.846050 -161.565051 
32.000000 148.000000 174.425412 1.000000 40.000000 26.060000 0.895121 0.444444 11.343733 5.057311 56.290269 0.816327 0.589463 10.816654 123.690068 6.260990 -153.434949 
45.000000 146.000000 161.759496 2.000000 11.000000 11.140000 0.898926 0.611111 6.106873 2.675424 84.690172 0.916667 0.677718 6.082763 99.462322 3.000000 0.000000 
55.000000 147.000000 76.620313 2.000000 11.000000 11.438000 0.629051 0.550000 4.771016 3.708816 88.316770 0.846154 0.650297 5.385165 -111.801409 4.000000 0.000000 
40.000000 149.000000 101.841203 1.000000 16.000000 16.309000 0.917382 0.457143 8.171665 3.252391 61.853870 0.842105 0.531452 8.062258 119.744881 3.899602 -158.198591 
49.000000 150.000000 98.230196 1.000000 12.000000 15.937000 0.838604 0.400000 6.827336 3.719129 24.699353 0.666667 0.414284 7.211103 146.309932 4.242641 45.000000 
59.000000 149.000000 56.048761 2.000000 3.000000 3.920000 0.942809 1.000000 3.464102 1.154701 0.000000 1.000000 0.756007 3.162278 161.565051 1.000000 -90.000000 
53.000000 150.000000 129.653846 2.000000 13.000000 17.996000 0.773554 0.541667 6.728122 4.263814 0.801131 0.650000 0.365630 6.708204 -153.434949 4.000000 -90.000000 
61.000000 151.000000 60.339116 2.000000 2.000000 2.812000 0.925820 0.500000 3.055050 1.154701 45.000000 1.000000 0.709058 2.828427 135.000000 1.414214 45.000000 
8.000000 151.000000 43.226776 1.000000 12.000000 12.736000 0.954612 0.571429 7.580114 2.257749 -71.163812 0.857143 0.598166 7.615773 -113.198591 2.846050 -18.434949 
45.000000 152.000000 83.775357 1.000000 15.000000 14.977000 0.897304 0.500000 7.421659 3.276021 -39.453138 0.789474 0.574185 7.810250 -140.194429 4.242641 135.000000 
57.000000 152.000000 133.614361 1.000000 20.000000 14.423000 0.684590 0.666667 6.704140 4.886837 -62.629711 0.869565 0.814636 7.211103 -123.690068 5.000000 0.000000 
40.000000 153.000000 115.137079 2.000000 25.000000 31.948000 0.829598 0.416667 10.023467 5.596711 -77.400567 0.641026 0.255149 10.198039 -101.309932 5.820855 165.963757 
16.000000 155.000000 33.142807 10.000000 4.000000 8.436000 0.983739 0.250000 6.429101 1.154701 -45.000000 1.000000 0.375002 5.656854 -135.000000 1.414214 -45.000000 
28.000000 155.000000 108.776575 1.000000 34.000000 22.677000 0.654126 0.531250 8.264258 6.250967 -33.940562 0.850000 0.640949 8.944272 -153.434949 6.715472 -38.659808 
8.000000 156.000000 49.130757 1.000000 13.000000 15.432000 0.964284 0.541667 8.733508 2.313243 79.354946 0.866667 0.473545 8.544004 110.556045 2.910428 14.036243 
51.000000 154.000000 113.574189 1.000000 21.000000 19.493000 0.783013 0.525000 8.128178 5.055773 -89.178780 0.724138 0.515091 8.246211 104.036243 5.000000 0.000000 
56.000000 157.000000 73.314993 1.000000 5.000000 9.362000 0.945834 0.500000 5.803201 1.884018 -83.867613 0.714286 0.401893 5.099020 101.309932 2.000000 0.000000 
23.000000 161.000000 155.226059 1.000000 40.000000 27.275000 0.868894 0.404040 11.429677 5.657663 33.795081 0.740741 0.543311 11.704700 160.016893 7.101986 -122.005383 
36.000000 157.000000 131.627776 1.000000 30.000000 23.694000 0.728289 0.535714 9.133525 6.258935 -32.345527 0.731707 0.523490 8.944272 -153.434949 6.800000 126.869898 
50.000000 159.000000 121.230405 1.000000 39.000000 33.982000 0.896341 0.506494 12.030592 5.333940 -76.344271 0.750000 0.355610 12.529964 -118.610460 6.222540 171.869898 
41.000000 160.000000 133.241413 1.000000 34.000000 25.563000 0.804051 0.531250 9.554241 5.680577 45.833256 0.790698 0.518544 10.000000 126.869898 7.155418 63.434949 
59.000000 161.000000 67.381827 1.000000 7.000000 8.055000 0.909717 0.583333 5.175277 2.148922 67.500000 0.777778 0.701675 5.000000 126.869898 2.529822 18.434949 
28.000000 161.000000 80.591543 2.000000 11.000000 10.958000 0.838747 0.550000 5.660573 3.082306 15.539520 0.785714 0.695328 5.830952 149.036243 3.638034 -104.036243 
32.000000 161.000000 75.440291 1.000000 6.000000 7.683000 0.885615 0.500000 4.760952 2.211083 71.565051 0.857143 0.643484 4.472136 116.565051 2.529822 -161.565051 
50.000000 164.000000 54.811218 3.000000 1.000000 0.000000 0.000000 1.000000 1.154701 1.154701 0.000000 1.000000 1.000000 1.414214 135.000000 1.000000 -90.000000 
19.000000 166.000000 82.239636 1.000000 30.000000 24.736000 0.824937 0.555556 9.864300 5.575544 -1.446566 0.731707 0.485088 9.486833 161.565051 6.000000 -90.000000 
36.000000 167.000000 208.590570 1.000000 26.000000 19.402000 0.900523 0.577778 9.230831 4.013640 13.177203 0.838710 0.642890 9.486833 161.565051 4.608177 -104.036243 
58.000000 163.000000 48.189123 2.000000 7.000000 10.586000 0.954656 0.350000 6.755869 2.011295 -56.067746 0.700000 0.466787 6.403124 -128.659808 2.683282 153.434949 
27.000000 166.000000 103.429289 2.000000 17.000000 15.614000 0.846835 0.607143 7.650261 4.068833 67.927549 0.850000 0.607291 8.062258 119.744881 4.000000 0.000000 
55.000000 166.000000 50.171439 1.000000 24.000000 28.094000 0.789153 0.444444 9.375359 5.758316 -79.191080 0.648649 0.309116 9.219544 102.528808 6.000000 0.000000 
13.000000 169.000000 51.304475 1.000000 13.000000 14.233000 0.937636 0.464286 7.668348 2.665653 -57.109088 0.866667 0.541158 8.062258 -119.744881 3.535534 -45.000000 
45.000000 167.000000 139.522172 1.000000 30.000000 25.836000 0.957926 0.500000 12.985873 3.727136 79.398776 0.714286 0.448959 12.165525 99.462322 4.603172 9.462322 
59.000000 171.000000 76.110605 1.000000 19.000000 18.823000 0.942816 0.527778 9.457231 3.152235 12.639663 0.826087 0.494900 9.486833 161.565051 3.616778 -99.462322 
32.000000 169.000000 120.880360 1.000000 14.000000 13.770000 0.926594 0.466667 7.604893 2.859930 -58.703788 0.875000 0.615133 7.211103 -123.690068 3.577709 -26.565051 
38.000000 170.000000 129.427911 1.000000 14.000000 14.142000 0.894432 0.466667 7.136528 3.191490 58.590556 0.823529 0.588938 7.211103 123.690068 3.772969 -149.036243 
52.000000 172.000000 49.647759 1.000000 3.000000 3.093000 0.730297 0.750000 2.581989 1.763834 45.000000 1.000000 0.969873 2.828427 135.000000 2.000000 -90.000000 
13.000000 171.000000 43.881380 2.000000 12.000000 13.869000 0.895056 0.500000 7.139588 3.183928 -84.192165 0.705882 0.521137 6.324555 108.434949 3.638034 165.963757 
23.000000 171.000000 98.082385 1.000000 22.000000 22.396000 0.846263 0.407407 9.191007 4.896650 22.278614 0.647059 0.423909 9.486833 161.565051 5.692100 -108.434949 
9.000000 178.000000 49.068576 3.000000 17.000000 24.637000 0.966152 0.257576 12.421017 3.204273 -30.160343 0.629630 0.276846 12.083046 -155.556045 4.024922 -63.434949 
32.000000 174.000000 179.098158 1.000000 25.000000 21.271000 0.838870 0.625000 8.513550 4.634193 72.548752 0.833333 0.527135 8.602325 125.537678 5.000000 0.000000 
55.000000 175.000000 52.004637 2.000000 10.000000 13.770000 0.966947 0.476190 8.182529 2.086356 71.081774 0.769231 0.439381 7.615773 113.198591 2.529822 18.434949 
45.000000 177.000000 60.369754 1.000000 27.000000 27.077000 0.946546 0.562500 12.149674 3.919103 -86.166235 0.710526 0.371557 12.165525 99.462322 4.000000 0.000000 
58.000000 180.000000 87.997303 2.000000 26.000000 23.388000 0.968983 0.590909 12.831912 3.171127 4.225697 0.742857 0.464218 11.401754 164.744881 3.975535 -96.340192 
16.000000 178.000000 139.196813 1.000000 66.000000 42.906000 0.887384 0.471429 15.012082 6.921050 22.425368 0.741573 0.391147 14.866069 160.346176 8.791076 74.054604 
26.000000 177.000000 188.348184 2.000000 16.000000 14.233000 0.833721 0.571429 6.783227 3.745598 81.242835 0.888889 0.666040 7.280110 105.945396 4.000000 0.000000 
37.000000 177.000000 140.506807 7.000000 15.000000 11.719000 0.776961 0.600000 5.786585 3.642937 -38.079652 0.937500 0.853550 5.830952 -149.036243 4.160251 -56.309932 
49.000000 180.000000 56.782333 1.000000 16.000000 13.770000 0.787428 0.666667 6.315577 3.892961 3.921711 0.842105 0.703009 6.324555 161.565051 4.000000 -90.000000 
30.000000 181.000000 149.672365 1.000000 23.000000 17.971000 0.936334 0.638889 9.677507 3.397881 -81.142941 0.884615 0.648417 9.219544 -102.528808 3.781177 -9.462322 
40.000000 181.000000 93.719071 1.000000 17.000000 13.125000 0.700853 0.566667 5.772676 4.117686 -61.845034 0.894737 0.807357 6.324555 -108.434949 4.472136 -26.565051 
23.000000 182.000000 166.387936 1.000000 32.000000 30.360000 0.760343 0.592593 9.146935 5.941138 -21.459312 0.761905 0.358285 9.486833 -161.565051 6.000000 -90.000000 
52.000000 184.000000 66.016335 2.000000 8.000000 12.182000 0.909106 0.400000 6.538243 2.723608 58.463839 0.727273 0.428133 6.403124 128.659808 3.395499 14.036243 
37.000000 183.000000 98.429079 2.000000 21.000000 17.897000 0.904424 0.525000 8.599878 3.669006 -73.174027 0.840000 0.596205 8.544004 -110.556045 4.314555 168.690068 
48.000000 183.000000 52.226434 1.000000 2.000000 2.812000 0.925820 0.500000 3.055050 1.154701 -45.000000 1.000000 0.709058 2.828427 -135.000000 1.414214 -45.000000 
8.000000 185.000000 65.867282 1.000000 22.000000 16.474000 0.900960 0.687500 8.546720 3.708432 89.233257 0.880000 0.718505 8.246211 104.036243 4.000000 0.000000 
32.000000 185.000000 112.885972 1.000000 8.000000 8.626000 0.704561 0.666667 4.191542 2.974499 13.649786 0.888889 0.725980 4.472136 153.434949 3.000000 -90.000000 
43.000000 185.000000 85.791529 1.000000 18.000000 15.548000 0.710578 0.600000 6.311451 4.440850 -67.500000 0.857143 0.647564 6.708204 -116.565051 5.000000 0.000000 
57.000000 186.000000 63.755112 2.000000 4.000000 3.556000 0.000000 1.000000 2.309401 2.309401 0.000000 1.000000 1.000000 2.828427 135.000000 2.000000 -90.000000 
20.000000 188.000000 84.615322 1.000000 39.000000 37.092000 0.838021 0.361111 14.652952 7.995215 -24.905293 0.527027 0.302759 12.649111 -161.565051 8.161984 122.005383 
30.000000 187.000000 182.470244 1.000000 10.000000 9.552000 0.891930 0.666667 5.559436 2.513829 -64.329904 0.909091 0.779903 5.830952 -120.963757 3.000000 0.000000 
41.000000 189.000000 100.851340 1.000000 49.000000 42.980000 0.988508 0.350000 24.114139 3.645307 -76.362561 0.680556 0.289466 20.880613 -106.699244 4.608177 165.963757 
60.000000 188.000000 50.898440 1.000000 16.000000 15.548000 0.948981 0.500000 8.585575 2.707317 -18.866523 0.888889 0.575612 8.544004 -159.443955 3.342516 111.801409 
13.000000 189.000000 65.957016 1.000000 27.000000 29.897000 0.917917 0.490909 11.972797 4.750483 -6.020473 0.627907 0.310835 11.180340 169.695154 5.000000 -90.000000 
26.000000 188.000000 138.991228 1.000000 17.000000 12.918000 0.624227 0.680000 5.875639 4.590302 28.547379 0.894737 0.828304 6.403124 141.340192 4.949747 45.000000 
52.000000 188.000000 85.935235 6.000000 11.000000 11.421000 0.901867 0.550000 6.282211 2.713998 -19.993443 0.846154 0.651816 6.403124 -141.340192 3.152963 -75.963757 
33.000000 192.000000 48.946328 1.000000 1.000000 0.000000 0.000000 1.000000 1.154701 1.154701 0.000000 1.000000 1.000000 1.414214 135.000000 1.000000 -90.000000 
27.000000 192.000000 78.424160 1.000000 16.000000 14.423000 0.922072 0.761905 7.915602 3.063479 -82.590583 0.842105 0.651709 7.615773 -113.198591 3.000000 0.000000 
54.000000 192.000000 67.774220 8.000000 9.000000 12.091000 0.830548 0.450000 5.778795 3.218480 -60.481878 0.692308 0.487422 5.656854 -135.000000 3.638034 165.963757 
17.000000 195.000000 84.735857 1.000000 17.000000 13.588000 0.777103 0.566667 6.253546 3.935814 -43.521845 0.850000 0.763287 6.403124 -141.340192 4.714952 123.690068 
24.000000 196.000000 59.439272 1.000000 21.000000 17.624000 0.533380 0.500000 6.958489 5.886016 -50.773345 0.724138 0.611985 7.280110 -105.945396 6.000000 0.000000 
43.000000 196.000000 49.752110 4.000000 6.000000 8.328000 0.840168 0.500000 4.760952 2.581989 0.000000 0.750000 0.573146 4.472136 153.434949 3.000000 -90.000000 
56.000000 199.000000 75.329098 1.000000 15.000000 21.470000 0.823212 0.357143 7.654444 4.345692 -43.973633 0.681818 0.311187 8.062258 -150.255119 4.242641 -45.000000 
34.000000 197.000000 135.995279 1.000000 70.000000 38.911000 0.955101 0.588235 18.726339 5.548218 81.897561 0.813953 0.497419 17.464249 103.240520 6.820738 -167.005383 
60.000000 199.000000 64.389370 1.000000 9.000000 13.307000 0.839615 0.450000 5.942239 3.227721 -27.019741 0.642857 0.418018 6.403124 -141.340192 3.638034 104.036243 
48.000000 198.000000 51.200798 1.000000 14.000000 20.808000 0.910335 0.388889 9.317524 3.856271 80.875037 0.608696 0.306720 9.219544 102.528808 4.000000 0.000000 
9.000000 197.000000 45.232394 2.000000 10.000000 11.438000 0.935997 0.400000 6.692982 2.355982 40.307241 0.909091 0.591179 6.403124 128.659808 2.828427 45.000000 
22.000000 206.000000 65.985478 1.000000 62.000000 53.583000 0.956523 0.251012 23.828215 6.949679 -32.156229 0.534483 0.242136 22.203603 -144.162347 7.823529 -61.927513 
35.000000 202.000000 127.593724 1.000000 54.000000 39.217000 0.973566 0.421875 19.074296 4.356667 73.737310 0.739726 0.378199 17.464249 113.629378 5.357062 15.945396 
25.000000 201.000000 63.159192 1.000000 21.000000 19.766000 0.683428 0.500000 6.903286 5.039524 -51.021288 0.750000 0.502887 7.810250 -140.194429 5.366563 153.434949 
48.000000 202.000000 94.882554 1.000000 31.000000 21.064000 0.839375 0.775000 9.184970 4.992520 86.282220 0.815789 0.664875 8.944272 -116.565051 5.000000 0.000000 
53.000000 201.000000 72.362067 2.000000 13.000000 11.330000 0.639340 0.650000 5.311458 4.084107 -75.244251 0.866667 0.780047 5.830952 -120.963757 4.000000 0.000000 
8.000000 206.000000 34.439890 1.000000 8.000000 12.736000 0.979832 0.380952 8.214169 1.641371 -68.907778 0.800000 0.398777 7.615773 -113.198591 2.213594 161.565051 
41.000000 205.000000 142.983306 1.000000 25.000000 23.901000 0.951826 0.454545 11.319940 3.471142 72.338379 0.757576 0.429589 11.180340 100.304846 4.096440 20.556045 
58.000000 206.000000 43.249339 2.000000 4.000000 7.402000 0.899903 0.500000 4.643862 2.025144 83.379740 0.800000 0.452160 4.123106 104.036243 2.000000 0.000000 
54.000000 208.000000 79.140025 2.000000 10.000000 9.643000 0.841858 0.666667 5.205254 2.809270 -89.522579 0.909091 0.768840 5.385165 -111.801409 3.000000 0.000000 
13.000000 208.000000 33.543677 1.000000 4.000000 4.590000 0.731925 0.666667 3.055050 2.081666 90.000000 1.000000 0.840876 3.162278 108.434949 2.000000 0.000000 
34.000000 208.000000 91.929058 1.000000 16.000000 12.083000 0.663927 0.640000 5.404473 4.041452 -45.000000 1.000000 0.867438 5.830952 -149.036243 4.242641 -45.000000 
49.000000 209.000000 167.097701 1.000000 22.000000 18.641000 0.842338 0.523810 8.257352 4.450295 75.622905 0.733333 0.582658 7.810250 129.805571 5.295136 -168.690068 
57.000000 209.000000 49.670934 2.000000 6.000000 6.922000 0.894483 0.750000 4.513541 2.018017 77.066822 0.857143 0.744483 4.472136 116.565051 2.000000 0.000000 
9.000000 210.000000 34.410541 1.000000 10.000000 10.958000 0.910045 0.555556 6.112811 2.533813 69.281634 0.909091 0.632116 6.324555 108.434949 3.000000 0.000000 
59.000000 211.000000 62.220402 4.000000 5.000000 10.214000 0.980420 0.250000 7.370232 1.451328 50.654966 0.833333 0.352252 6.403124 128.659808 2.000000 36.869898 
31.000000 209.000000 71.978339 1.000000 16.000000 17.806000 0.938741 0.500000 8.595986 2.962379 -21.255224 0.761905 0.458207 8.544004 -159.443955 3.713907 111.801409 
39.000000 212.000000 162.137888 1.000000 49.000000 27.656000 0.816830 0.583333 11.239657 6.483908 -86.494239 0.844828 0.649191 12.165525 99.462322 7.000000 0.000000 
12.000000 213.000000 40.394883 10.000000 4.000000 4.408000 0.870424 0.666667 3.435909 1.691507 -58.282526 1.000000 0.881907 3.605551 -123.690068 2.000000 0.000000 
59.000000 213.000000 69.571146 2.000000 6.000000 8.328000 0.953154 0.600000 5.526219 1.671596 72.391204 0.857143 0.573146 5.385165 111.801409 2.000000 0.000000 
18.000000 216.000000 58.813070 1.000000 24.000000 24.827000 0.981079 0.333333 13.944924 2.699833 -69.929007 0.800000 0.385549 13.000000 -112.619865 3.448175 163.300756 
34.000000 216.000000 76.819841 11.000000 10.000000 14.622000 0.973480 0.285714 8.557680 1.957750 -57.041598 0.769231 0.398243 8.602325 -125.537678 2.683282 -26.565051 
48.000000 217.000000 122.163365 1.000000 62.000000 40.020000 0.868241 0.433566 14.535326 7.211587 -64.548673 0.688889 0.418222 13.416408 -116.565051 8.903982 147.994617 
8.000000 217.000000 34.868372 1.000000 5.000000 7.402000 0.885505 0.625000 4.363136 2.027243 -74.518122 0.833333 0.565201 4.472136 -116.565051 2.000000 0.000000 
11.000000 216.000000 32.963231 1.000000 5.000000 7.013000 0.931488 0.625000 4.881890 1.775899 79.099295 0.833333 0.609333 4.472136 116.565051 2.000000 0.000000 
57.000000 216.000000 99.325988 1.000000 8.000000 9.089000 0.735569 0.666667 4.413348 2.989820 78.846897 0.800000 0.672055 4.472136 116.565051 3.000000 0.000000 
56.000000 221.000000 64.440432 3.000000 12.000000 19.675000 0.903138 0.333333 8.172974 3.509076 -47.808790 0.705882 0.289661 7.810250 -140.194429 3.535534 -45.000000 
54.000000 224.000000 76.378410 1.000000 34.000000 21.825000 0.817942 0.539683 10.237097 5.889408 -71.419144 0.772727 0.685441 9.848858 -113.962489 6.260990 -26.565051 
41.000000 228.000000 35.163664 1.000000 15.000000 22.536000 0.989773 0.416667 13.287857 1.895486 -80.648449 0.714286 0.285886 12.369317 -104.036243 2.356660 -7.125016 
60.000000 226.000000 83.389465 1.000000 14.000000 16.590000 0.856321 0.583333 7.364827 3.803525 18.117436 0.777778 0.451870 7.211103 146.309932 4.000000 -90.000000 
7.000000 228.000000 42.790698 1.000000 17.000000 13.935000 0.896981 0.809524 7.247502 3.203896 79.642913 0.944444 0.732582 7.615773 113.198591 3.000000 0.000000 
12.000000 231.000000 45.571549 2.000000 18.000000 17.326000 0.948801 0.500000 9.084643 2.869617 -13.010021 0.818182 0.539944 9.219544 -167.471192 3.395499 104.036243 
22.000000 232.000000 35.916166 11.000000 5.000000 8.510000 0.962333 0.500000 5.887652 1.600692 -78.250717 0.833333 0.462817 5.385165 -111.801409 1.940285 -14.036243 
33.000000 233.000000 30.928851 1.000000 2.000000 1.960000 0.866025 1.000000 2.309401 1.154701 90.000000 1.000000 0.965669 2.236068 116.565051 1.000000 0.000000 
49.000000 234.000000 42.301052 1.000000 27.000000 28.416000 0.985234 0.600000 15.077580 2.581441 82.075051 0.843750 0.340695 15.297059 101.309932 3.000000 0.000000 
6.000000 236.000000 35.265505 2.000000 6.000000 6.368000 0.877058 0.750000 4.163332 2.000000 71.565051 1.000000 0.833753 4.472136 116.565051 2.000000 0.000000 
