311
32.000000 121.000000 10.079065 1.000000 9636.000000 591.556000 0.962776 0.627344 291.727961 78.854111 0.000832 0.627344 0.342385 248.386795 165.068583 64.000000 -90.000000 
17.000000 6.000000 37.947993 1.000000 11.000000 12.364000 0.631257 0.550000 5.060571 3.924844 -74.390799 0.785714 0.574944 5.830952 -120.963757 4.000000 0.000000 
36.000000 6.000000 55.223627 1.000000 38.000000 33.916000 0.977043 0.395833 18.428730 3.926094 76.731924 0.678571 0.347728 16.492423 104.036243 4.946909 -167.005383 
60.000000 5.000000 40.145005 1.000000 4.000000 5.053000 0.866025 0.666667 3.651484 1.825742 71.565051 1.000000 0.748540 3.605551 123.690068 2.000000 0.000000 
54.000000 6.000000 51.775960 1.000000 28.000000 20.113000 0.938387 0.700000 10.428769 3.604036 -87.653160 0.903226 0.650654 10.198039 -101.309932 4.000000 0.000000 
12.000000 7.000000 38.006272 1.000000 7.000000 10.032000 0.936390 0.350000 6.008153 2.108630 55.900705 1.000000 0.506873 5.830952 120.963757 2.683282 26.565051 
22.000000 8.000000 31.995834 2.000000 6.000000 9.643000 0.932998 0.600000 6.081723 2.188704 86.829904 0.666667 0.461304 5.385165 111.801409 2.000000 0.000000 
46.000000 7.000000 61.787108 1.000000 21.000000 16.474000 0.911068 0.656250 8.462823 3.488842 77.624641 0.913043 0.685845 8.246211 104.036243 3.880570 14.036243 
8.000000 10.000000 26.464285 2.000000 1.000000 0.000000 0.000000 1.000000 1.154701 1.154701 0.000000 1.000000 1.000000 1.414214 135.000000 1.000000 -90.000000 
59.000000 8.000000 28.102764 1.000000 4.000000 4.590000 0.731925 0.666667 3.055050 2.081666 90.000000 1.000000 0.840876 3.162278 108.434949 2.000000 0.000000 
6.000000 11.000000 37.115992 2.000000 8.000000 7.683000 0.856680 0.666667 4.653433 2.400464 -35.354977 1.000000 0.857979 5.000000 -143.130102 2.828427 -45.000000 
13.000000 8.000000 34.426068 2.000000 8.000000 11.992000 0.845395 0.400000 5.607596 2.995252 31.432430 0.727273 0.438951 5.385165 158.198591 3.328201 -123.690068 
34.000000 9.000000 22.689002 9.000000 1.000000 0.000000 0.000000 1.000000 1.154701 1.154701 0.000000 1.000000 1.000000 1.414214 135.000000 1.000000 -90.000000 
51.000000 9.000000 23.776352 8.000000 3.000000 4.590000 0.928995 0.500000 3.854129 1.426385 -28.154966 0.750000 0.630657 3.605551 -146.309932 1.788854 116.565051 
28.000000 9.000000 23.832381 1.000000 4.000000 5.905000 0.791649 0.666667 3.586706 2.191393 -14.872441 0.800000 0.614186 3.605551 -146.309932 2.000000 -90.000000 
59.000000 12.000000 23.717202 4.000000 5.000000 6.550000 0.889464 0.625000 4.253087 1.943686 5.152423 1.000000 0.668944 4.123106 165.963757 2.000000 -90.000000 
18.000000 11.000000 47.176398 2.000000 21.000000 15.432000 0.877345 0.750000 7.785743 3.736063 0.267313 0.913043 0.764958 7.615773 -156.801409 4.000000 -90.000000 
38.000000 12.000000 31.871123 1.000000 15.000000 21.064000 0.880802 0.375000 9.326703 4.416049 81.546288 0.517241 0.321714 8.544004 110.556045 5.000000 0.000000 
12.000000 13.000000 35.589653 1.000000 6.000000 10.495000 0.894427 0.400000 5.773503 2.581989 63.434949 0.666667 0.405461 5.385165 111.801409 2.846050 18.434949 
52.000000 13.000000 42.727631 1.000000 27.000000 22.536000 0.967232 0.818182 12.739724 3.234519 89.817796 0.870968 0.514594 11.180340 100.304846 3.000000 0.000000 
44.000000 13.000000 57.035898 1.000000 16.000000 16.028000 0.899013 0.457143 7.720748 3.381083 -67.026959 0.842105 0.547147 7.280110 -105.945396 4.024922 -26.565051 
14.000000 15.000000 42.303615 1.000000 11.000000 13.960000 0.858913 0.458333 6.744031 3.453768 -79.854116 0.611111 0.472639 6.324555 108.434949 4.000000 0.000000 
7.000000 18.000000 89.297556 1.000000 34.000000 24.521000 0.945907 0.772727 12.279311 3.983885 0.740729 0.871795 0.558345 11.401754 -164.744881 4.000000 -90.000000 
20.000000 18.000000 72.281392 1.000000 37.000000 22.305000 0.913719 0.513889 11.262073 4.576318 -48.308369 0.925000 0.718046 10.816654 -123.690068 5.622255 141.340192 
53.000000 18.000000 41.907360 1.000000 28.000000 28.764000 0.974527 0.307692 15.340161 3.440336 -71.336928 0.636364 0.345648 13.928388 -111.037511 4.385290 -15.255119 
59.000000 16.000000 29.630545 2.000000 8.000000 11.719000 0.918501 0.400000 6.553702 2.591460 -31.010263 0.727273 0.455227 5.830952 -149.036243 3.050851 123.690068 
43.000000 21.000000 61.202379 1.000000 57.000000 60.488000 0.994702 0.185065 33.159221 3.408673 -70.649884 0.600000 0.176916 30.083218 -111.447736 4.442660 160.016893 
26.000000 20.000000 44.239430 10.000000 11.000000 10.032000 0.715726 0.550000 4.771617 3.332409 -61.484702 1.000000 0.796515 5.385165 -111.801409 3.535534 -45.000000 
15.000000 22.000000 39.610934 1.000000 17.000000 14.812000 0.916592 0.485714 7.817027 3.125440 -53.787593 0.850000 0.662760 8.062258 -119.744881 3.800000 -36.869898 
59.000000 21.000000 27.471020 1.000000 4.000000 4.590000 0.731925 0.666667 3.055050 2.081666 90.000000 1.000000 0.840876 3.162278 108.434949 2.000000 0.000000 
10.000000 22.000000 40.978731 9.000000 5.000000 4.962000 0.765092 0.833333 3.306559 2.129163 -71.565051 1.000000 0.956808 3.605551 -123.690068 2.000000 0.000000 
32.000000 23.000000 70.360392 1.000000 31.000000 22.024000 0.916948 0.442857 10.676365 4.259933 -64.305032 0.885714 0.615116 10.440307 -106.699244 4.919350 -26.565051 
5.000000 24.000000 45.976266 4.000000 10.000000 10.032000 0.710188 0.625000 4.644774 3.269976 -35.116416 0.909091 0.724105 5.000000 -143.130102 3.535534 -45.000000 
25.000000 23.000000 29.148669 2.000000 5.000000 9.362000 0.828971 0.416667 4.744100 2.653334 -57.221977 0.714286 0.401893 4.472136 -116.565051 2.828427 -45.000000 
42.000000 25.000000 29.607666 1.000000 14.000000 20.576000 0.986218 0.424242 11.794229 1.951339 -76.779315 0.736842 0.312750 11.401754 -105.255119 2.549510 168.690068 
47.000000 24.000000 23.864060 2.000000 3.000000 3.920000 0.942809 1.000000 3.464102 1.154701 90.000000 1.000000 0.756007 3.162278 108.434949 1.000000 0.000000 
60.000000 26.000000 45.858719 1.000000 14.000000 12.066000 0.704761 0.700000 5.363013 3.804759 53.130102 0.875000 0.760706 6.403124 141.340192 4.000000 -90.000000 
9.000000 26.000000 62.700479 7.000000 17.000000 13.770000 0.836692 0.607143 6.604405 3.617057 -6.816557 0.894737 0.746947 7.071068 171.869898 4.000000 -90.000000 
20.000000 25.000000 36.149541 1.000000 13.000000 13.588000 0.922402 0.619048 7.374803 2.848379 -78.816309 0.866667 0.583690 7.280110 -105.945396 3.000000 0.000000 
40.000000 28.000000 44.701133 1.000000 19.000000 21.271000 0.976008 0.316667 11.618629 2.529801 -65.585532 0.791667 0.400623 11.180340 -116.565051 3.130495 -26.565051 
14.000000 27.000000 31.031092 1.000000 8.000000 12.918000 0.975143 0.380952 7.956659 1.763020 71.636433 0.727273 0.389790 7.615773 113.198591 2.213594 18.434949 
50.000000 28.000000 29.073950 1.000000 6.000000 10.495000 0.887962 0.375000 5.484659 2.522492 -51.497308 0.750000 0.405461 5.000000 -143.130102 2.828427 -45.000000 
55.000000 29.000000 34.059361 2.000000 6.000000 6.186000 0.833333 0.666667 4.000000 2.211083 53.130102 1.000000 0.866607 4.242641 135.000000 2.683282 26.565051 
21.000000 29.000000 25.199645 5.000000 1.000000 0.000000 0.000000 1.000000 1.154701 1.154701 0.000000 1.000000 1.000000 1.414214 135.000000 1.000000 -90.000000 
11.000000 32.000000 36.227089 1.000000 17.000000 19.493000 0.951417 0.377778 10.595839 3.262513 -21.374102 0.653846 0.416978 9.486833 -161.565051 3.807887 113.198591 
59.000000 31.000000 78.910329 2.000000 21.000000 18.087000 0.857361 0.600000 7.877448 4.054646 22.467775 0.840000 0.585581 7.615773 156.801409 4.472136 63.434949 
19.000000 33.000000 28.354134 4.000000 8.000000 10.313000 0.892701 0.533333 5.669178 2.554816 19.329904 0.727273 0.555340 5.830952 149.036243 3.000000 -90.000000 
36.000000 32.000000 30.329480 1.000000 16.000000 19.774000 0.960403 0.400000 10.598230 2.952828 -77.243065 0.761905 0.382884 10.198039 -101.309932 3.616778 170.537678 
45.000000 31.000000 32.278653 1.000000 6.000000 8.626000 0.760117 0.500000 4.472136 2.905933 -11.309932 0.750000 0.544485 4.472136 -153.434949 3.000000 -90.000000 
29.000000 37.000000 32.400686 1.000000 18.000000 17.533000 0.923831 0.428571 8.425042 3.225119 51.213745 0.857143 0.529186 9.219544 130.601295 4.242641 45.000000 
8.000000 39.000000 31.288269 8.000000 19.000000 17.996000 0.951326 0.395833 9.632223 2.968527 -32.042082 0.863636 0.534383 10.000000 -143.130102 3.772969 -59.036243 
16.000000 36.000000 44.010841 1.000000 12.000000 10.958000 0.847013 0.666667 5.699728 3.029813 81.689622 1.000000 0.758539 6.324555 108.434949 3.000000 0.000000 
50.000000 38.000000 34.191403 1.000000 7.000000 6.368000 0.353094 0.777778 3.236694 3.028212 0.000000 1.000000 0.972712 3.605551 123.690068 3.000000 -90.000000 
55.000000 36.000000 103.831972 1.000000 34.000000 20.808000 0.682500 0.607143 8.172128 5.972887 20.967079 0.850000 0.744891 8.544004 -159.443955 6.499337 -111.801409 
21.000000 38.000000 30.906858 1.000000 4.000000 4.408000 0.870424 0.666667 3.435909 1.691507 -58.282526 1.000000 0.881907 3.605551 -123.690068 2.000000 0.000000 
18.000000 40.000000 32.665011 7.000000 7.000000 10.470000 0.965786 0.583333 6.778199 1.757848 -3.941570 0.875000 0.474777 6.082763 170.537678 2.000000 -90.000000 
47.000000 41.000000 31.856667 2.000000 10.000000 12.844000 0.949667 0.333333 7.259166 2.274023 53.515909 0.833333 0.491759 7.211103 123.690068 2.828427 45.000000 
49.000000 50.000000 188.886819 1.000000 102.000000 50.870000 0.973230 0.421488 25.285633 5.811476 17.934505 0.803150 0.439376 22.803509 164.744881 6.825644 -107.525568 
14.000000 43.000000 35.231112 1.000000 15.000000 17.326000 0.962141 0.416667 9.296030 2.533648 73.338604 0.833333 0.449953 9.486833 108.434949 3.137858 -168.690068 
25.000000 42.000000 30.747603 2.000000 15.000000 12.273000 0.837410 0.625000 6.135403 3.353463 20.752681 0.937500 0.793299 6.708204 153.434949 4.000000 -90.000000 
29.000000 43.000000 28.896744 1.000000 17.000000 19.956000 0.890648 0.404762 9.198211 4.182358 -49.078419 0.680000 0.400429 8.602325 -125.537678 4.841387 -51.340192 
57.000000 48.000000 38.928691 1.000000 15.000000 17.053000 0.954799 0.468750 9.362202 2.782934 12.643984 0.714286 0.462201 8.544004 159.443955 3.394113 -98.130102 
6.000000 46.000000 38.533444 1.000000 11.000000 9.924000 0.892737 0.733333 5.801092 2.613843 -69.699353 0.916667 0.809738 5.830952 -120.963757 3.000000 0.000000 
19.000000 48.000000 22.431130 4.000000 1.000000 0.000000 0.000000 1.000000 1.154701 1.154701 0.000000 1.000000 1.000000 1.414214 135.000000 1.000000 -90.000000 
25.000000 49.000000 35.219854 9.000000 7.000000 10.222000 0.945402 0.350000 6.523407 2.126026 -52.972698 0.777778 0.492563 5.830952 -120.963757 2.773501 -33.690068 
39.000000 55.000000 33.618878 3.000000 20.000000 26.117000 0.990359 0.307692 15.023179 2.081050 16.167308 0.714286 0.293584 13.928388 158.962489 2.667892 75.963757 
9.000000 51.000000 29.865906 1.000000 10.000000 12.248000 0.960557 0.714286 7.123393 1.980892 80.008447 0.909091 0.530586 7.280110 105.945396 2.000000 0.000000 
19.000000 55.000000 37.796552 2.000000 18.000000 19.749000 0.975816 0.450000 11.044187 2.414208 -15.594681 0.782609 0.431686 10.770330 -158.198591 3.137858 -78.690068 
56.000000 51.000000 31.896029 1.000000 3.000000 4.590000 0.928995 0.500000 3.854129 1.426385 -61.845034 0.750000 0.630657 3.605551 -123.690068 1.788854 153.434949 
30.000000 52.000000 28.664407 1.000000 15.000000 18.087000 0.948890 0.375000 9.017868 2.846099 -63.791081 0.750000 0.418272 8.602325 -125.537678 3.577709 153.434949 
37.000000 53.000000 23.818770 2.000000 2.000000 1.960000 0.866025 1.000000 2.309401 1.154701 90.000000 1.000000 0.965669 2.236068 116.565051 1.000000 0.000000 
55.000000 55.000000 39.303368 1.000000 14.000000 13.034000 0.910270 0.466667 7.091628 2.936048 -49.565088 0.875000 0.672384 7.211103 -123.690068 3.535534 -45.000000 
59.000000 54.000000 33.607549 1.000000 4.000000 5.905000 0.926289 0.444444 4.355771 1.641317 -39.690172 1.000000 0.614186 4.242641 -135.000000 2.121320 135.000000 
14.000000 57.000000 31.659271 7.000000 5.000000 4.962000 0.765092 0.833333 3.306559 2.129163 -18.434949 1.000000 0.956808 3.605551 -146.309932 2.000000 -90.000000 
13.000000 58.000000 23.463922 2.000000 2.000000 2.812000 0.925820 0.500000 3.055050 1.154701 -45.000000 1.000000 0.709058 2.828427 -135.000000 1.414214 -45.000000 
28.000000 60.000000 41.811065 1.000000 44.000000 37.075000 0.972958 0.517647 18.000663 4.157816 88.177166 0.676923 0.341863 17.262677 -100.007980 4.803128 176.423666 
8.000000 61.000000 30.751623 1.000000 13.000000 15.920000 0.941824 0.464286 8.692060 2.921453 -8.628727 0.619048 0.449609 7.615773 -156.801409 3.452379 99.462322 
15.000000 61.000000 41.188878 7.000000 7.000000 8.882000 0.942088 0.700000 5.788786 1.941356 -9.615336 0.875000 0.608470 5.385165 -158.198591 2.000000 -90.000000 
42.000000 61.000000 57.954001 1.000000 21.000000 18.732000 0.941463 0.583333 9.855630 3.322482 78.489476 0.807692 0.551555 9.486833 108.434949 4.000000 0.000000 
54.000000 61.000000 51.164107 1.000000 25.000000 19.749000 0.935014 0.520833 10.169918 3.606359 23.107974 0.833333 0.599564 10.000000 143.130102 4.201806 -113.198591 
11.000000 63.000000 35.229142 1.000000 7.000000 9.461000 0.952634 0.466667 6.140814 1.867535 65.952971 0.777778 0.553845 5.830952 120.963757 2.236068 26.565051 
47.000000 63.000000 209.153392 1.000000 24.000000 15.250000 0.705266 0.800000 6.814546 4.831123 15.009184 0.923077 0.891625 7.211103 146.309932 5.000000 -90.000000 
17.000000 65.000000 36.327236 1.000000 8.000000 7.865000 0.717406 0.666667 4.136643 2.881814 72.703856 1.000000 0.829839 4.472136 116.565051 3.000000 0.000000 
14.000000 66.000000 43.456153 2.000000 12.000000 10.776000 0.857561 0.666667 5.717095 2.940776 80.279983 0.923077 0.778508 6.082763 99.462322 3.000000 0.000000 
24.000000 70.000000 33.444872 1.000000 1.000000 0.000000 0.000000 1.000000 1.154701 1.154701 0.000000 1.000000 1.000000 1.414214 135.000000 1.000000 -90.000000 
39.000000 69.000000 39.503956 1.000000 1.000000 0.000000 0.000000 1.000000 1.154701 1.154701 0.000000 1.000000 1.000000 1.414214 135.000000 1.000000 -90.000000 
58.000000 66.000000 34.962202 1.000000 18.000000 15.068000 0.885057 0.642857 7.695342 3.582052 -75.339398 0.857143 0.682153 7.615773 -113.198591 3.922323 168.690068 
7.000000 72.000000 40.073022 1.000000 37.000000 41.566000 0.953632 0.256944 19.181904 5.773252 28.670624 0.468354 0.232621 17.464249 156.370622 6.943356 -118.610460 
45.000000 74.000000 169.354469 2.000000 69.000000 35.545000 0.896092 0.589744 15.230979 6.760559 14.571779 0.841463 0.579346 15.811388 145.304846 7.905694 71.565051 
53.000000 68.000000 38.585864 1.000000 6.000000 8.626000 0.687184 0.500000 4.000000 2.905933 14.036243 0.857143 0.544485 4.123106 165.963757 3.000000 -90.000000 
33.000000 71.000000 32.761159 3.000000 5.000000 6.550000 0.889464 0.625000 4.253087 1.943686 5.152423 1.000000 0.668944 4.123106 165.963757 2.000000 -90.000000 
54.000000 70.000000 31.492622 8.000000 3.000000 4.590000 0.928995 0.500000 3.854129 1.426385 -28.154966 1.000000 0.630657 3.605551 -146.309932 1.788854 -63.434949 
52.000000 73.000000 51.319597 1.000000 1.000000 0.000000 0.000000 1.000000 1.154701 1.154701 0.000000 1.000000 1.000000 1.414214 135.000000 1.000000 -90.000000 
58.000000 72.000000 61.373033 1.000000 14.000000 12.736000 0.902047 0.666667 6.773093 2.923521 87.867918 0.933333 0.697860 7.071068 98.130102 3.000000 0.000000 
29.000000 73.000000 25.880353 1.000000 3.000000 3.920000 0.942809 1.000000 3.464102 1.154701 90.000000 1.000000 0.756007 3.162278 108.434949 1.000000 0.000000 
32.000000 75.000000 38.927383 2.000000 11.000000 12.736000 0.949096 0.523810 7.375218 2.323100 16.887920 0.785714 0.548319 7.280110 164.054604 2.846050 71.565051 
55.000000 75.000000 37.171287 1.000000 4.000000 5.053000 0.866025 0.666667 3.651484 1.825742 18.434949 0.800000 0.748540 3.605551 146.309932 2.000000 -90.000000 
20.000000 76.000000 50.447680 1.000000 16.000000 15.341000 0.947395 0.666667 8.487459 2.716560 77.658848 0.941176 0.588578 8.544004 110.556045 3.000000 0.000000 
25.000000 77.000000 58.026950 1.000000 11.000000 10.404000 0.786783 0.733333 5.104959 3.150932 84.805571 0.916667 0.753367 5.385165 111.801409 3.000000 0.000000 
53.000000 79.000000 31.226863 3.000000 5.000000 6.550000 0.889464 0.625000 4.253087 1.943686 5.152423 1.000000 0.668944 4.123106 165.963757 2.000000 -90.000000 
11.000000 78.000000 47.218130 1.000000 23.000000 19.956000 0.935045 0.479167 10.040688 3.559729 69.628981 0.766667 0.541757 10.000000 126.869898 4.427189 18.434949 
29.000000 78.000000 47.820099 1.000000 4.000000 5.880000 0.968246 1.000000 4.618802 1.154701 90.000000 1.000000 0.617595 4.123106 104.036243 1.000000 0.000000 
23.000000 79.000000 30.928293 3.000000 4.000000 5.814000 0.774597 0.444444 3.651484 2.309401 45.000000 0.800000 0.626731 3.605551 123.690068 2.683282 -153.434949 
32.000000 79.000000 31.573986 1.000000 4.000000 4.590000 0.731925 0.666667 3.055050 2.081666 90.000000 1.000000 0.840876 3.162278 108.434949 2.000000 0.000000 
13.000000 81.000000 30.290348 4.000000 2.000000 2.812000 0.925820 0.500000 3.055050 1.154701 -45.000000 1.000000 0.709058 2.828427 -135.000000 1.414214 -45.000000 
27.000000 80.000000 22.840720 8.000000 1.000000 0.000000 0.000000 1.000000 1.154701 1.154701 0.000000 1.000000 1.000000 1.414214 135.000000 1.000000 -90.000000 
44.000000 88.000000 139.714687 1.000000 102.000000 44.452000 0.932551 0.708333 19.779725 7.141218 3.201884 0.850000 0.565865 18.681542 164.475889 8.000000 -90.000000 
54.000000 84.000000 24.748843 1.000000 8.000000 13.034000 0.873979 0.400000 6.061362 2.945600 -31.489209 0.666667 0.384220 5.830952 -149.036243 3.535534 -45.000000 
5.000000 86.000000 42.377423 1.000000 30.000000 28.259000 0.960256 0.625000 13.920877 3.885623 -1.368578 0.769231 0.382345 12.165525 170.537678 4.000000 -90.000000 
11.000000 87.000000 34.658727 2.000000 14.000000 16.772000 0.937371 0.400000 8.384508 2.920608 26.989097 0.777778 0.443648 8.062258 150.255119 3.800000 53.130102 
19.000000 90.000000 29.567415 2.000000 18.000000 30.096000 0.994046 0.136364 18.088047 1.970857 47.488661 0.692308 0.204750 16.278821 132.510447 2.675859 41.987212 
28.000000 87.000000 24.900696 1.000000 6.000000 8.510000 0.942928 0.600000 5.514176 1.836202 -85.268839 0.857143 0.555380 5.099020 101.309932 2.000000 0.000000 
52.000000 92.000000 40.705091 1.000000 17.000000 20.328000 0.946666 0.425000 10.145366 3.268993 -19.576955 0.708333 0.387836 9.433981 -147.994617 4.242641 98.130102 
34.000000 90.000000 28.261265 1.000000 3.000000 5.624000 0.769800 0.500000 3.464102 2.211083 90.000000 0.750000 0.490646 3.162278 108.434949 2.000000 0.000000 
28.000000 92.000000 27.104854 11.000000 3.000000 4.590000 0.928995 0.500000 3.854129 1.426385 -61.845034 1.000000 0.630657 3.605551 -123.690068 1.788854 -26.565051 
36.000000 91.000000 28.014724 11.000000 3.000000 5.624000 0.769800 0.500000 3.464102 2.211083 90.000000 0.750000 0.490646 3.162278 108.434949 2.000000 0.000000 
5.000000 93.000000 34.074277 1.000000 8.000000 10.379000 0.908460 0.533333 6.009037 2.511602 18.579148 0.727273 0.549931 5.830952 149.036243 3.000000 -90.000000 
10.000000 96.000000 44.140436 1.000000 35.000000 29.665000 0.952050 0.583333 13.565563 4.150303 -7.139994 0.760870 0.408654 12.369317 -165.963757 4.902903 101.309932 
21.000000 93.000000 22.627013 9.000000 1.000000 0.000000 0.000000 1.000000 1.154701 1.154701 0.000000 1.000000 1.000000 1.414214 135.000000 1.000000 -90.000000 
30.000000 94.000000 28.724640 1.000000 4.000000 5.905000 0.791649 0.666667 3.586706 2.191393 -75.127559 0.800000 0.614186 3.605551 -123.690068 2.000000 0.000000 
24.000000 96.000000 27.367404 2.000000 9.000000 13.125000 0.939949 0.375000 6.801815 2.321559 61.384250 0.750000 0.427424 7.211103 123.690068 2.683282 26.565051 
40.000000 97.000000 35.576223 1.000000 9.000000 11.992000 0.929061 0.500000 6.504535 2.406199 74.358673 0.900000 0.493820 6.324555 108.434949 3.000000 0.000000 
16.000000 99.000000 40.288328 1.000000 11.000000 12.827000 0.867503 0.458333 6.496661 3.231645 70.372079 0.733333 0.542087 6.708204 116.565051 4.000000 0.000000 
42.000000 102.000000 173.142100 2.000000 37.000000 21.825000 0.867940 0.685185 10.101324 5.017018 16.045170 0.902439 0.745921 10.295630 150.945396 5.687368 -101.309932 
52.000000 99.000000 35.170198 1.000000 20.000000 30.460000 0.783055 0.357143 9.858542 6.131543 22.459210 0.540541 0.222597 9.433981 147.994617 6.363961 45.000000 
54.000000 102.000000 57.046697 1.000000 9.000000 16.400000 0.976621 0.214286 10.314653 2.217333 42.655228 0.642857 0.296164 8.602325 144.462322 2.811128 -128.659808 
34.000000 101.000000 30.069282 2.000000 9.000000 11.810000 0.958735 0.375000 7.069979 2.009998 -57.731673 0.818182 0.505915 7.211103 -123.690068 2.683282 153.434949 
18.000000 103.000000 33.210740 2.000000 6.000000 6.922000 0.894483 0.750000 4.513541 2.018017 12.933178 1.000000 0.744483 4.472136 153.434949 2.000000 -90.000000 
12.000000 109.000000 85.196450 1.000000 45.000000 35.570000 0.980336 0.468750 18.750042 3.700032 9.963278 0.737705 0.377346 16.492423 165.963757 4.257601 -98.746162 
20.000000 105.000000 34.104306 2.000000 6.000000 6.368000 0.877058 0.750000 4.163332 2.000000 71.565051 1.000000 0.833753 4.472136 116.565051 2.000000 0.000000 
26.000000 111.000000 33.139537 7.000000 25.000000 31.402000 0.992003 0.208333 17.565180 2.217007 -25.611247 0.735294 0.263278 17.000000 -151.927513 2.979381 114.443955 
57.000000 106.000000 49.905451 1.000000 20.000000 16.102000 0.830775 0.714286 7.267858 4.045356 -86.597338 0.869565 0.678684 7.615773 -113.198591 4.000000 0.000000 
16.000000 106.000000 34.120160 1.000000 8.000000 8.998000 0.586569 0.500000 4.124259 3.340233 35.008447 0.800000 0.682168 4.472136 153.434949 3.535534 45.000000 
51.000000 106.000000 49.056837 1.000000 9.000000 8.998000 0.857808 0.600000 5.085275 2.613682 65.816770 0.900000 0.767439 5.385165 111.801409 3.000000 0.000000 
38.000000 107.000000 41.478834 5.000000 4.000000 4.590000 0.731925 0.666667 3.055050 2.081666 0.000000 1.000000 0.840876 3.162278 161.565051 2.000000 -90.000000 
45.000000 107.000000 87.150947 6.000000 13.000000 13.125000 0.686823 0.520000 5.304245 3.855257 -37.981878 0.812500 0.617391 5.830952 -120.963757 4.160251 -56.309932 
55.000000 109.000000 41.973726 1.000000 4.000000 5.905000 0.791649 0.666667 3.586706 2.191393 14.872441 0.800000 0.614186 3.605551 146.309932 2.000000 -90.000000 
32.000000 109.000000 29.377950 1.000000 7.000000 10.288000 0.967949 0.583333 6.654453 1.671252 75.910705 0.875000 0.487733 6.324555 108.434949 2.000000 0.000000 
42.000000 110.000000 100.313946 6.000000 20.000000 13.861000 0.696341 0.666667 6.212011 4.458429 -23.669536 1.000000 0.869380 6.708204 -153.434949 4.949747 -45.000000 
5.000000 109.000000 28.208857 2.000000 4.000000 5.905000 0.926289 0.444444 4.355771 1.641317 50.309828 1.000000 0.614186 4.242641 135.000000 2.121320 -135.000000 
20.000000 112.000000 27.532090 7.000000 5.000000 6.368000 0.923687 0.625000 4.492622 1.721341 -20.993606 1.000000 0.694794 4.472136 -153.434949 2.000000 -90.000000 
6.000000 109.000000 26.714567 3.000000 5.000000 6.368000 0.923687 0.625000 4.492622 1.721341 20.993606 0.833333 0.694794 4.472136 153.434949 2.000000 -90.000000 
35.000000 112.000000 43.824404 1.000000 9.000000 9.552000 0.909561 0.600000 5.649746 2.347866 19.463772 0.900000 0.701913 5.830952 149.036243 2.846050 -108.434949 
47.000000 112.000000 81.306022 1.000000 19.000000 18.360000 0.875668 0.475000 8.194011 3.956996 66.627922 0.791667 0.516443 8.544004 110.556045 4.949747 45.000000 
58.000000 111.000000 40.660305 1.000000 18.000000 15.457000 0.873051 0.642857 7.481597 3.648240 75.456595 0.818182 0.653916 7.615773 113.198591 4.000000 0.000000 
5.000000 118.000000 78.681536 7.000000 19.000000 19.840000 0.972212 0.475000 10.835442 2.536607 -15.054095 0.863636 0.452067 10.770330 -158.198591 3.152963 -75.963757 
60.000000 115.000000 44.171007 1.000000 10.000000 13.100000 0.954612 0.476190 7.280407 2.168488 16.002692 0.769231 0.476379 7.615773 156.801409 2.667892 -104.036243 
54.000000 114.000000 34.106328 1.000000 6.000000 8.626000 0.898236 0.375000 5.142641 2.260265 44.403255 0.750000 0.544485 5.000000 126.869898 2.773501 56.309932 
21.000000 117.000000 31.694784 1.000000 6.000000 8.436000 0.790569 0.500000 4.216370 2.581989 26.565051 0.857143 0.562503 4.472136 153.434949 2.828427 45.000000 
42.000000 115.000000 83.111863 2.000000 9.000000 8.626000 0.503953 0.562500 3.944053 3.406602 63.434949 0.900000 0.816727 4.472136 116.565051 3.535534 45.000000 
15.000000 117.000000 63.419169 1.000000 14.000000 12.273000 0.864168 0.583333 6.378865 3.209871 -75.891322 0.875000 0.740413 6.324555 -108.434949 3.638034 -14.036243 
44.000000 118.000000 100.965252 1.000000 28.000000 16.400000 0.796543 0.666667 7.807501 4.720278 38.597867 1.000000 0.921400 8.062258 150.255119 4.949747 45.000000 
9.000000 119.000000 45.389651 3.000000 16.000000 14.423000 0.927790 0.571429 8.116153 3.028156 15.601018 0.800000 0.651709 7.615773 156.801409 3.530090 78.690068 
19.000000 118.000000 65.059206 1.000000 11.000000 10.586000 0.767685 0.550000 5.124652 3.284018 -54.991553 1.000000 0.733523 5.656854 -135.000000 3.535534 -45.000000 
26.000000 119.000000 41.931216 1.000000 19.000000 17.971000 0.956769 0.527778 9.895353 2.878068 -78.441625 0.791667 0.535649 9.219544 -102.528808 3.395499 165.963757 
60.000000 119.000000 37.563234 1.000000 7.000000 6.368000 0.353094 0.777778 3.236694 3.028212 0.000000 1.000000 0.972712 3.605551 123.690068 3.000000 -90.000000 
15.000000 123.000000 40.384252 1.000000 15.000000 17.326000 0.973320 0.416667 9.854421 2.261108 21.309635 0.789474 0.449953 9.848858 156.037511 2.846050 71.565051 
35.000000 120.000000 36.671501 1.000000 22.000000 22.098000 0.960971 0.500000 11.217386 3.103274 -83.723220 0.758621 0.433978 11.045361 95.194429 3.676955 -8.130102 
55.000000 120.000000 65.096317 1.000000 29.000000 20.965000 0.915906 0.644444 10.216439 4.100805 -85.676137 0.805556 0.627099 9.486833 -108.434949 4.949747 171.869898 
47.000000 122.000000 70.178216 1.000000 25.000000 19.005000 0.906035 0.555556 9.128648 3.863269 -85.152514 0.833333 0.640525 9.219544 -102.528808 4.902903 -11.309932 
60.000000 122.000000 53.231139 1.000000 5.000000 4.962000 0.765092 0.833333 3.306559 2.129163 71.565051 1.000000 0.956808 3.605551 123.690068 2.000000 0.000000 
6.000000 124.000000 92.277536 1.000000 13.000000 15.366000 0.547916 0.650000 5.235708 4.379843 78.487254 0.722222 0.476929 5.830952 -120.963757 4.000000 0.000000 
21.000000 124.000000 27.898711 2.000000 4.000000 5.053000 0.866025 0.666667 3.651484 1.825742 -18.434949 1.000000 0.748540 3.605551 -146.309932 2.000000 -90.000000 
40.000000 123.000000 29.283537 1.000000 7.000000 10.586000 0.599053 0.437500 4.328509 3.465878 -59.527302 0.777778 0.466787 4.472136 -116.565051 3.535534 -45.000000 
31.000000 126.000000 32.517737 1.000000 12.000000 15.341000 0.973307 0.500000 8.956505 2.055595 -77.916685 0.750000 0.441434 8.544004 -110.556045 2.549510 168.690068 
57.000000 125.000000 109.385091 1.000000 26.000000 19.311000 0.911999 0.577778 9.555311 3.919527 -70.879262 0.896552 0.648112 9.848858 -113.962489 4.743416 -18.434949 
19.000000 125.000000 28.080367 2.000000 3.000000 3.093000 0.730297 0.750000 2.581989 1.763834 45.000000 1.000000 0.969873 2.828427 135.000000 2.000000 -90.000000 
44.000000 126.000000 141.419838 6.000000 19.000000 13.679000 0.693758 0.633333 6.131354 4.415853 8.107647 0.950000 0.843880 6.324555 161.565051 4.850713 75.963757 
51.000000 125.000000 35.745237 1.000000 8.000000 12.273000 0.860886 0.500000 5.787532 2.944680 35.600057 0.727273 0.423093 5.656854 135.000000 3.478505 71.565051 
21.000000 129.000000 35.310164 7.000000 5.000000 6.550000 0.889464 0.625000 4.253087 1.943686 -5.152423 1.000000 0.668944 4.123106 165.963757 2.000000 -90.000000 
54.000000 126.000000 36.708049 2.000000 4.000000 5.905000 0.926289 0.444444 4.355771 1.641317 -39.690172 0.800000 0.614186 4.242641 -135.000000 2.121320 -45.000000 
47.000000 128.000000 78.624430 1.000000 11.000000 10.404000 0.757438 0.550000 5.059985 3.303703 83.232072 0.846154 0.753367 5.385165 111.801409 4.000000 0.000000 
35.000000 129.000000 36.866776 1.000000 10.000000 10.404000 0.827111 0.666667 5.341660 3.002221 5.194429 0.833333 0.684879 5.385165 158.198591 3.000000 -90.000000 
55.000000 129.000000 38.603113 11.000000 4.000000 4.590000 0.731925 0.666667 3.055050 2.081666 90.000000 1.000000 0.840876 3.162278 108.434949 2.000000 0.000000 
8.000000 130.000000 54.415664 2.000000 29.000000 21.428000 0.880304 0.644444 9.354001 4.437626 -4.992815 0.906250 0.603687 9.219544 167.471192 5.000000 -90.000000 
25.000000 130.000000 29.169505 1.000000 10.000000 10.958000 0.912779 0.555556 6.313251 2.578668 -73.997308 0.833333 0.632116 6.324555 -108.434949 2.910428 165.963757 
44.000000 132.000000 143.212627 1.000000 25.000000 18.079000 0.820962 0.625000 7.869971 4.493620 -11.363990 0.925926 0.697646 8.544004 -159.443955 5.000000 -90.000000 
4.000000 133.000000 73.108951 6.000000 4.000000 5.880000 0.968246 1.000000 4.618802 1.154701 0.000000 1.000000 0.617595 4.123106 165.963757 1.000000 -90.000000 
36.000000 131.000000 27.464055 1.000000 5.000000 6.368000 0.923687 0.625000 4.492622 1.721341 69.006394 0.833333 0.694794 4.472136 116.565051 2.000000 0.000000 
58.000000 131.000000 64.632905 1.000000 23.000000 15.548000 0.753531 0.657143 6.939290 4.561973 90.000000 0.920000 0.827443 7.280110 105.945396 5.000000 0.000000 
22.000000 132.000000 29.394064 7.000000 4.000000 5.053000 0.866025 0.666667 3.651484 1.825742 -18.434949 0.800000 0.748540 3.605551 -146.309932 2.000000 -90.000000 
52.000000 133.000000 40.020295 1.000000 14.000000 14.994000 0.929408 0.500000 7.927304 2.925612 75.715400 0.777778 0.534902 7.615773 113.198591 3.333974 -168.690068 
17.000000 136.000000 26.710990 1.000000 10.000000 13.406000 0.968989 0.357143 8.334572 2.059510 -23.692972 0.833333 0.458923 7.615773 -156.801409 2.599735 111.801409 
6.000000 134.000000 33.018614 1.000000 5.000000 6.368000 0.796217 0.833333 3.759433 2.274496 90.000000 0.833333 0.694794 3.605551 123.690068 2.000000 0.000000 
26.000000 135.000000 24.823275 1.000000 7.000000 12.918000 0.982915 0.333333 8.488938 1.562476 71.887528 0.700000 0.341066 7.615773 113.198591 1.897367 18.434949 
32.000000 135.000000 26.916554 1.000000 2.000000 1.960000 0.866025 1.000000 2.309401 1.154701 90.000000 1.000000 0.965669 2.236068 116.565051 1.000000 0.000000 
41.000000 137.000000 38.236398 1.000000 12.000000 19.956000 0.922619 0.375000 9.509706 3.668022 71.341761 0.600000 0.282656 8.544004 110.556045 3.726207 -168.690068 
5.000000 139.000000 61.299531 2.000000 18.000000 18.550000 0.854787 0.562500 7.847640 4.072762 -10.818971 0.818182 0.480728 8.062258 172.874984 4.000000 -90.000000 
10.000000 138.000000 31.619400 8.000000 10.000000 13.034000 0.972913 0.333333 8.300867 1.918924 -36.071439 0.833333 0.480274 7.810250 -140.194429 2.496151 -56.309932 
60.000000 136.000000 29.172596 1.000000 4.000000 5.880000 0.968246 1.000000 4.618802 1.154701 90.000000 1.000000 0.617595 4.123106 104.036243 1.000000 0.000000 
21.000000 138.000000 26.509829 1.000000 3.000000 4.590000 0.928995 0.500000 3.854129 1.426385 -28.154966 1.000000 0.630657 3.605551 -146.309932 1.788854 -63.434949 
51.000000 138.000000 38.418653 1.000000 13.000000 14.812000 0.912968 0.464286 7.473485 3.049409 72.217616 0.722222 0.506816 7.280110 105.945396 3.577709 26.565051 
52.000000 141.000000 46.604607 1.000000 18.000000 24.637000 0.984343 0.272727 13.403468 2.362545 66.091469 0.620690 0.293131 12.083046 114.443955 3.046038 23.962489 
16.000000 139.000000 31.083942 1.000000 3.000000 3.920000 0.942809 1.000000 3.464102 1.154701 90.000000 1.000000 0.756007 3.162278 108.434949 1.000000 0.000000 
46.000000 139.000000 127.874934 7.000000 24.000000 17.434000 0.787378 0.600000 7.328186 4.517611 -13.496312 0.923077 0.712388 8.246211 -165.963757 5.000000 -90.000000 
21.000000 140.000000 34.303369 10.000000 5.000000 7.402000 0.882464 0.416667 4.587955 2.158086 -64.329904 0.833333 0.565201 4.472136 -116.565051 2.529822 -18.434949 
25.000000 142.000000 39.343062 8.000000 13.000000 13.588000 0.932679 0.433333 7.559647 2.726822 -53.527297 0.866667 0.583690 7.211103 -123.690068 3.400000 -36.869898 
8.000000 144.000000 55.293075 7.000000 19.000000 16.127000 0.912261 0.452381 8.420420 3.449080 -35.986664 0.904762 0.643078 8.062258 -150.255119 4.242641 -45.000000 
45.000000 144.000000 72.086629 2.000000 4.000000 5.905000 0.926289 0.444444 4.355771 1.641317 -39.690172 0.800000 0.614186 4.242641 -135.000000 2.121320 -45.000000 
59.000000 145.000000 24.840986 2.000000 4.000000 6.368000 0.958153 0.500000 4.964579 1.421135 67.500000 0.800000 0.555835 4.472136 116.565051 1.788854 26.565051 
40.000000 145.000000 22.407469 2.000000 1.000000 0.000000 0.000000 1.000000 1.154701 1.154701 0.000000 1.000000 1.000000 1.414214 135.000000 1.000000 -90.000000 
49.000000 145.000000 69.341337 5.000000 11.000000 11.330000 0.412119 0.687500 4.499158 4.099318 11.309932 0.785714 0.660039 5.000000 143.130102 4.000000 -90.000000 
5.000000 147.000000 88.481743 2.000000 25.000000 20.576000 0.959434 0.757576 10.943699 3.085404 -4.475246 0.925926 0.558481 11.045361 174.805571 3.000000 -90.000000 
13.000000 147.000000 32.233772 1.000000 5.000000 5.814000 0.901281 0.555556 4.163332 1.803700 -45.000000 1.000000 0.783414 4.242641 -135.000000 2.121320 -45.000000 
39.000000 149.000000 34.919469 1.000000 5.000000 6.277000 0.847117 0.555556 4.006661 2.129163 -45.000000 0.833333 0.708285 4.242641 -135.000000 2.683282 116.565051 
45.000000 148.000000 62.272204 1.000000 25.000000 19.013000 0.908443 0.520833 9.698397 4.054007 60.702242 0.806452 0.640062 9.433981 122.005383 5.153734 38.659808 
11.000000 150.000000 39.772225 6.000000 13.000000 15.275000 0.823964 0.541667 6.634295 3.759267 9.619322 0.764706 0.481653 6.708204 153.434949 4.000000 -90.000000 
33.000000 151.000000 38.717433 1.000000 25.000000 25.472000 0.976041 0.480769 14.212645 3.092472 -81.035614 0.735294 0.383712 13.341664 -102.994617 3.533809 -6.340192 
59.000000 152.000000 36.544165 1.000000 12.000000 13.034000 0.933437 0.400000 7.424794 2.663580 43.939452 0.800000 0.576329 7.211103 146.309932 3.400000 -126.869898 
49.000000 151.000000 83.003918 1.000000 30.000000 18.550000 0.778084 0.625000 8.165203 5.129058 5.278823 0.857143 0.801213 8.544004 159.443955 5.820855 -104.036243 
16.000000 153.000000 29.004312 8.000000 3.000000 4.590000 0.928995 0.500000 3.854129 1.426385 -61.845034 1.000000 0.630657 3.605551 -123.690068 1.788854 -26.565051 
23.000000 155.000000 41.873046 2.000000 12.000000 14.622000 0.956020 0.428571 8.110806 2.378923 -27.200390 0.857143 0.477892 8.062258 -150.255119 3.130495 -63.434949 
43.000000 154.000000 44.215467 6.000000 8.000000 13.125000 0.937156 0.333333 7.694715 2.684778 -31.101486 0.615385 0.379933 6.708204 -153.434949 3.130495 116.565051 
6.000000 154.000000 49.487064 4.000000 9.000000 12.091000 0.916510 0.450000 6.621788 2.648796 27.302602 0.692308 0.487422 6.403124 141.340192 3.130495 -116.565051 
15.000000 154.000000 27.906209 9.000000 5.000000 7.683000 0.942029 0.416667 5.263775 1.766164 -64.329904 0.714286 0.536237 5.000000 -126.869898 2.213594 -18.434949 
53.000000 156.000000 80.184661 1.000000 32.000000 27.176000 0.569606 0.571429 8.525157 7.006978 33.637500 0.727273 0.437492 8.602325 125.537678 7.000000 0.000000 
13.000000 157.000000 48.730967 4.000000 12.000000 16.011000 0.973399 0.375000 9.676774 2.217115 -17.939832 0.705882 0.411089 8.944272 -153.434949 2.846050 -71.565051 
30.000000 156.000000 29.658626 1.000000 14.000000 14.762000 0.965188 0.875000 8.571858 2.242021 -86.712944 1.000000 0.548855 8.246211 -104.036243 2.000000 0.000000 
37.000000 156.000000 32.582432 1.000000 6.000000 6.922000 0.894483 0.750000 4.513541 2.018017 -77.066822 1.000000 0.744483 4.472136 -116.565051 2.000000 0.000000 
59.000000 155.000000 32.810003 11.000000 5.000000 7.402000 0.882464 0.416667 4.587955 2.158086 -64.329904 0.833333 0.565201 4.472136 -116.565051 2.529822 161.565051 
20.000000 156.000000 57.954501 1.000000 18.000000 15.548000 0.922340 0.514286 8.110737 3.133829 -61.795955 0.900000 0.647564 8.602325 -125.537678 3.794733 -18.434949 
47.000000 156.000000 50.176910 1.000000 9.000000 11.512000 0.947750 0.500000 6.925227 2.209239 -72.353326 0.818182 0.526701 6.708204 -116.565051 2.785430 -21.801409 
8.000000 160.000000 100.481378 6.000000 18.000000 17.533000 0.874546 0.428571 7.985543 3.872537 -36.855975 0.782609 0.529186 8.062258 -150.255119 4.472136 116.565051 
27.000000 159.000000 39.676001 3.000000 11.000000 13.315000 0.943716 0.366667 7.843653 2.594332 -54.873418 0.733333 0.510414 7.211103 -123.690068 3.535534 -45.000000 
47.000000 160.000000 40.811567 1.000000 21.000000 25.861000 0.934863 0.420000 11.312083 4.015903 73.108569 0.656250 0.313730 10.198039 101.309932 4.532899 -164.054604 
36.000000 161.000000 42.760992 1.000000 1.000000 0.000000 0.000000 1.000000 1.154701 1.154701 0.000000 1.000000 1.000000 1.414214 135.000000 1.000000 -90.000000 
57.000000 161.000000 52.469758 1.000000 11.000000 14.250000 0.808527 0.366667 6.515153 3.833899 -50.494326 0.733333 0.457008 6.708204 -116.565051 3.535534 -45.000000 
11.000000 163.000000 61.082028 6.000000 11.000000 11.628000 0.678531 0.550000 5.043500 3.704813 -86.758463 0.846154 0.633673 5.385165 -111.801409 4.000000 0.000000 
24.000000 163.000000 47.347496 1.000000 20.000000 20.973000 0.966812 0.500000 11.066720 2.827433 -77.339767 0.714286 0.432195 10.770330 -111.801409 3.472973 172.874984 
18.000000 166.000000 28.357459 4.000000 9.000000 11.628000 0.808717 0.450000 5.701453 3.353583 -65.993606 0.692308 0.518460 5.830952 -120.963757 3.638034 -14.036243 
8.000000 167.000000 43.001298 4.000000 23.000000 16.119000 0.694390 0.657143 6.612360 4.758246 -5.961263 0.958333 0.779109 7.280110 -164.054604 5.000000 -90.000000 
54.000000 164.000000 79.131768 3.000000 17.000000 18.360000 0.902301 0.531250 8.108170 3.495478 -7.248105 0.809524 0.462080 8.246211 -165.963757 4.000000 -90.000000 
27.000000 168.000000 26.081699 5.000000 5.000000 8.998000 0.974418 0.333333 6.444305 1.448307 27.123056 0.714286 0.426355 5.830952 149.036243 1.788854 63.434949 
37.000000 169.000000 40.342699 1.000000 1.000000 0.000000 0.000000 1.000000 1.154701 1.154701 0.000000 1.000000 1.000000 1.414214 135.000000 1.000000 -90.000000 
44.000000 167.000000 29.642028 1.000000 3.000000 3.093000 0.730297 0.750000 2.581989 1.763834 -45.000000 1.000000 0.969873 2.828427 -135.000000 2.000000 -90.000000 
49.000000 168.000000 57.681430 1.000000 28.000000 19.749000 0.923226 0.622222 10.135263 3.894560 73.425361 0.875000 0.671512 9.848858 113.962489 4.510671 -168.690068 
57.000000 168.000000 105.949525 1.000000 20.000000 14.233000 0.820747 0.714286 6.897704 3.940602 89.284845 0.952381 0.832551 7.280110 105.945396 4.000000 0.000000 
12.000000 171.000000 63.808978 1.000000 21.000000 13.588000 0.408899 0.700000 5.573957 5.086680 -83.952621 0.954545 0.942884 6.324555 -108.434949 5.000000 0.000000 
17.000000 170.000000 42.243027 1.000000 6.000000 10.495000 0.931263 0.375000 6.387907 2.327415 50.796088 0.666667 0.405461 5.656854 135.000000 2.773501 33.690068 
20.000000 170.000000 30.914155 8.000000 7.000000 10.313000 0.962213 0.350000 6.573993 1.790080 -31.926579 0.875000 0.485922 6.403124 -141.340192 2.236068 -63.434949 
60.000000 170.000000 54.230781 9.000000 8.000000 7.865000 0.717406 0.666667 4.136643 2.881814 17.296144 1.000000 0.829839 4.472136 153.434949 3.000000 -90.000000 
7.000000 171.000000 31.526969 5.000000 3.000000 3.920000 0.942809 1.000000 3.464102 1.154701 0.000000 1.000000 0.756007 3.162278 161.565051 1.000000 -90.000000 
19.000000 173.000000 50.840087 1.000000 14.000000 13.654000 0.942063 0.666667 7.750540 2.599819 -84.259004 0.875000 0.623659 7.280110 -105.945396 3.000000 0.000000 
47.000000 173.000000 51.857122 1.000000 8.000000 10.288000 0.948334 0.666667 6.370371 2.021150 -85.268839 0.888889 0.557409 6.082763 99.462322 2.000000 0.000000 
14.000000 176.000000 35.798850 1.000000 26.000000 20.965000 0.937694 0.650000 10.505263 3.650188 -3.277356 0.896552 0.562227 10.198039 -168.690068 4.000000 -90.000000 
33.000000 177.000000 58.772239 1.000000 68.000000 42.914000 0.979563 0.397661 21.815624 4.387925 -68.341706 0.800000 0.402860 20.615528 -112.833654 5.307692 -22.619865 
23.000000 177.000000 33.473069 1.000000 16.000000 19.104000 0.955804 0.592593 9.989537 2.936974 5.054050 0.727273 0.406295 9.219544 167.471192 3.000000 -90.000000 
47.000000 176.000000 46.225168 1.000000 19.000000 26.961000 0.943471 0.380000 13.165123 4.363656 72.223507 0.558824 0.263485 11.180340 116.565051 5.000000 0.000000 
53.000000 175.000000 44.771993 1.000000 11.000000 12.645000 0.610329 0.550000 5.194994 4.115203 -89.246282 0.785714 0.554659 5.830952 -120.963757 4.000000 0.000000 
7.000000 180.000000 31.976147 1.000000 4.000000 5.053000 0.866025 0.666667 3.651484 1.825742 -18.434949 1.000000 0.748540 3.605551 -146.309932 2.000000 -90.000000 
5.000000 181.000000 46.428168 1.000000 6.000000 6.186000 0.833333 0.666667 4.000000 2.211083 -53.130102 0.857143 0.866607 4.242641 -135.000000 2.683282 153.434949 
19.000000 180.000000 31.815953 1.000000 7.000000 8.328000 0.930558 0.700000 5.262061 1.926673 -75.321123 0.875000 0.668670 5.385165 -111.801409 2.000000 0.000000 
55.000000 180.000000 36.383065 1.000000 12.000000 13.588000 0.949810 0.400000 7.628500 2.386393 -48.953581 0.857143 0.538791 7.810250 -129.805571 2.828427 -45.000000 
46.000000 182.000000 73.461415 1.000000 29.000000 21.544000 0.935069 0.580000 10.830437 3.839024 -77.478069 0.852941 0.598027 10.440307 -106.699244 4.807620 -15.945396 
7.000000 184.000000 41.873067 1.000000 19.000000 13.009000 0.744879 0.791667 6.127304 4.088133 18.434949 1.000000 0.915349 6.708204 153.434949 4.000000 -90.000000 
24.000000 184.000000 25.454906 8.000000 1.000000 0.000000 0.000000 1.000000 1.154701 1.154701 0.000000 1.000000 1.000000 1.414214 135.000000 1.000000 -90.000000 
42.000000 183.000000 32.918923 3.000000 5.000000 7.402000 0.765173 0.555556 3.931770 2.531373 -40.934949 0.833333 0.565201 4.242641 -135.000000 2.828427 -45.000000 
52.000000 184.000000 36.550149 9.000000 5.000000 4.962000 0.765092 0.833333 3.306559 2.129163 18.434949 1.000000 0.956808 3.605551 146.309932 2.000000 -90.000000 
33.000000 187.000000 56.133210 1.000000 51.000000 36.653000 0.982173 0.566667 19.373274 3.641727 -86.948263 0.784615 0.404699 18.248288 -99.462322 4.378164 174.289407 
9.000000 187.000000 28.982365 7.000000 6.000000 7.220000 0.869227 0.500000 4.472136 2.211083 59.036243 0.857143 0.702276 4.472136 116.565051 2.683282 -153.434949 
53.000000 190.000000 29.215275 1.000000 15.000000 16.656000 0.969796 0.555556 9.481791 2.312785 -76.006273 0.833333 0.480924 9.486833 -108.434949 2.910428 165.963757 
24.000000 192.000000 37.840861 1.000000 4.000000 5.905000 0.791649 0.666667 3.586706 2.191393 75.127559 0.800000 0.614186 3.605551 123.690068 2.000000 0.000000 
38.000000 192.000000 33.222938 1.000000 8.000000 10.288000 0.948334 0.666667 6.370371 2.021150 -85.268839 0.888889 0.557409 6.082763 99.462322 2.000000 0.000000 
18.000000 194.000000 59.592753 1.000000 34.000000 23.876000 0.934299 0.618182 11.785461 4.201418 80.118532 0.829268 0.585323 11.401754 105.255119 4.525483 -171.869898 
43.000000 193.000000 34.572813 1.000000 14.000000 15.060000 0.954413 0.583333 8.289046 2.474196 -81.349736 0.933333 0.531030 8.246211 -104.036243 3.000000 0.000000 
29.000000 196.000000 63.647403 1.000000 35.000000 26.671000 0.974404 0.538462 14.591195 3.280186 -74.363839 0.853659 0.494856 13.928388 -111.037511 3.880570 -14.036243 
8.000000 196.000000 43.534777 1.000000 7.000000 12.844000 0.912872 0.350000 6.307944 2.575192 -61.062499 0.636364 0.344231 6.403124 -128.659808 3.130495 153.434949 
38.000000 195.000000 28.037265 1.000000 8.000000 11.421000 0.968246 0.444444 7.302967 1.825742 71.565051 0.800000 0.474048 6.708204 116.565051 2.213594 18.434949 
58.000000 196.000000 38.087404 1.000000 12.000000 12.802000 0.955163 0.857143 7.495708 2.219340 -85.636361 0.923077 0.593224 7.280110 -105.945396 2.000000 0.000000 
43.000000 197.000000 35.891127 12.000000 3.000000 3.920000 0.942809 1.000000 3.464102 1.154701 90.000000 1.000000 0.756007 3.162278 108.434949 1.000000 0.000000 
49.000000 199.000000 58.573805 1.000000 31.000000 22.379000 0.953986 0.563636 11.970387 3.589326 -76.835245 0.861111 0.598122 11.401754 -105.255119 4.118439 -11.309932 
17.000000 199.000000 40.670142 1.000000 40.000000 31.162000 0.971492 0.571429 16.102008 3.817329 -83.483913 0.800000 0.427160 14.560220 -105.945396 5.000000 0.000000 
57.000000 200.000000 39.492420 1.000000 16.000000 13.199000 0.843965 0.666667 6.735303 3.612804 84.649325 0.842105 0.752999 6.708204 116.565051 4.000000 0.000000 
40.000000 201.000000 55.332457 1.000000 21.000000 20.816000 0.963808 0.420000 11.365611 3.030042 71.024524 0.700000 0.459772 10.440307 106.699244 3.708735 15.945396 
34.000000 203.000000 37.480681 2.000000 1.000000 0.000000 0.000000 1.000000 1.154701 1.154701 0.000000 1.000000 1.000000 1.414214 135.000000 1.000000 -90.000000 
52.000000 203.000000 48.740950 1.000000 7.000000 7.592000 0.891825 0.583333 4.776412 2.160759 60.128219 1.000000 0.763515 5.000000 126.869898 2.683282 26.565051 
19.000000 207.000000 37.414345 1.000000 17.000000 21.246000 0.981920 0.386364 12.115173 2.293359 -72.502154 0.739130 0.359187 11.704700 -109.983107 3.021932 -15.945396 
45.000000 205.000000 60.321615 1.000000 32.000000 22.073000 0.945072 0.727273 11.676269 3.816515 84.795628 0.914286 0.632493 11.180340 100.304846 4.000000 0.000000 
57.000000 205.000000 36.951102 1.000000 1.000000 0.000000 0.000000 1.000000 1.154701 1.154701 0.000000 1.000000 1.000000 1.414214 135.000000 1.000000 -90.000000 
12.000000 212.000000 35.807192 2.000000 15.000000 24.373000 0.978785 0.185185 12.456231 2.552141 45.493408 0.625000 0.248986 12.041595 131.633539 3.535534 45.000000 
33.000000 209.000000 47.386883 1.000000 35.000000 28.904000 0.975598 0.583333 14.772794 3.243613 -78.495792 0.875000 0.428293 15.297059 -101.309932 4.000000 0.000000 
55.000000 213.000000 52.739979 1.000000 56.000000 48.488000 0.347688 0.466667 11.457564 10.742728 -46.133157 0.651163 0.263998 13.000000 -112.619865 10.000000 0.000000 
24.000000 214.000000 32.594404 2.000000 10.000000 16.218000 0.984771 0.250000 9.786314 1.701390 59.872441 0.769231 0.335288 9.433981 122.005383 2.236068 26.565051 
44.000000 212.000000 32.425985 1.000000 27.000000 29.318000 0.924294 0.490909 12.051522 4.599851 87.076129 0.627907 0.322023 11.704700 109.983107 4.949747 8.130102 
13.000000 214.000000 24.475145 12.000000 1.000000 0.000000 0.000000 1.000000 1.154701 1.154701 0.000000 1.000000 1.000000 1.414214 135.000000 1.000000 -90.000000 
36.000000 215.000000 30.457192 2.000000 10.000000 17.252000 0.982694 0.208333 10.565797 1.957193 56.951025 0.714286 0.302150 9.433981 122.005383 2.728764 -150.255119 
51.000000 215.000000 31.896920 12.000000 2.000000 2.812000 0.925820 0.500000 3.055050 1.154701 -45.000000 1.000000 0.709058 2.828427 -135.000000 1.414214 -45.000000 
16.000000 215.000000 22.355629 11.000000 1.000000 0.000000 0.000000 1.000000 1.154701 1.154701 0.000000 1.000000 1.000000 1.414214 135.000000 1.000000 -90.000000 
50.000000 217.000000 36.736445 2.000000 10.000000 8.146000 0.657536 0.833333 4.258325 3.208323 90.000000 1.000000 0.986296 4.472136 116.565051 3.000000 0.000000 
7.000000 219.000000 36.603640 1.000000 18.000000 18.732000 0.411663 0.500000 5.848685 5.330119 85.589810 0.750000 0.472762 6.708204 153.434949 5.692100 -161.565051 
45.000000 218.000000 29.448684 1.000000 3.000000 3.920000 0.942809 1.000000 3.464102 1.154701 90.000000 1.000000 0.756007 3.162278 108.434949 1.000000 0.000000 
29.000000 221.000000 47.217017 1.000000 14.000000 22.024000 0.956926 0.250000 10.981071 3.188163 50.476361 0.608696 0.277794 9.433981 122.005383 3.535534 45.000000 
38.000000 221.000000 44.900865 1.000000 28.000000 27.126000 0.981679 0.500000 14.566650 2.775585 -79.324413 0.823529 0.384072 14.317821 -102.094757 3.333974 -11.309932 
49.000000 222.000000 25.557977 2.000000 1.000000 0.000000 0.000000 1.000000 1.154701 1.154701 0.000000 1.000000 1.000000 1.414214 135.000000 1.000000 -90.000000 
54.000000 223.000000 45.790811 1.000000 14.000000 13.563000 0.936882 0.666667 7.617235 2.663339 -84.642219 0.875000 0.630472 7.280110 -105.945396 3.000000 0.000000 
17.000000 223.000000 77.047187 1.000000 60.000000 36.860000 0.961522 0.625000 17.814670 4.894188 -84.233037 0.845070 0.471201 17.088007 -110.556045 5.918364 -9.462322 
7.000000 224.000000 52.480931 2.000000 32.000000 18.641000 0.615840 0.653061 7.412075 5.839761 28.250300 0.941176 0.847502 8.062258 150.255119 6.363961 45.000000 
59.000000 224.000000 46.991822 1.000000 16.000000 13.869000 0.723709 0.533333 6.126902 4.228207 69.304234 0.888889 0.694850 6.708204 116.565051 4.850713 -165.963757 
31.000000 225.000000 69.447027 1.000000 17.000000 15.275000 0.888028 0.607143 7.648907 3.516888 -82.915178 0.772727 0.629854 7.280110 -105.945396 4.000000 0.000000 
38.000000 226.000000 68.372297 1.000000 19.000000 19.104000 0.970671 0.475000 10.800722 2.596609 -73.674032 0.826087 0.482476 10.440307 -106.699244 3.152963 165.963757 
49.000000 227.000000 54.314132 1.000000 18.000000 17.392000 0.961454 0.666667 9.644517 2.651919 88.946759 0.857143 0.536479 9.219544 102.528808 3.000000 0.000000 
26.000000 230.000000 65.997204 2.000000 31.000000 26.804000 0.951862 0.430556 12.567773 3.852343 13.267620 0.756098 0.434416 12.165525 170.537678 4.608177 75.963757 
4.000000 227.000000 44.672933 3.000000 4.000000 4.590000 0.731925 0.666667 3.055050 2.081666 0.000000 1.000000 0.840876 3.162278 161.565051 2.000000 -90.000000 
33.000000 231.000000 27.555233 1.000000 13.000000 18.360000 0.972400 0.361111 9.636101 2.248295 20.401166 0.684211 0.353356 9.486833 161.565051 2.785430 68.198591 
6.000000 229.000000 43.500913 5.000000 7.000000 7.592000 0.904042 0.583333 4.933730 2.108892 33.400705 1.000000 0.763515 5.000000 143.130102 2.683282 63.434949 
54.000000 228.000000 43.559201 1.000000 9.000000 9.552000 0.878639 0.600000 5.462501 2.608267 78.916827 0.818182 0.701913 5.385165 111.801409 2.910428 -165.963757 
10.000000 234.000000 47.080256 1.000000 27.000000 18.823000 0.569929 0.642857 7.098095 5.832461 -5.489199 0.870968 0.703278 8.062258 -150.255119 6.000000 -90.000000 
15.000000 233.000000 53.086290 1.000000 31.000000 20.973000 0.797467 0.553571 8.753869 5.281761 45.763502 0.861111 0.669903 9.899495 135.000000 6.200000 -143.130102 
47.000000 233.000000 50.168137 1.000000 52.000000 41.086000 0.948410 0.436975 19.020948 6.030527 88.392720 0.641975 0.334062 17.262677 -100.007980 6.938595 172.405357 
22.000000 234.000000 34.760446 1.000000 20.000000 22.032000 0.826574 0.416667 8.347171 4.698022 -67.278719 0.740741 0.396597 8.544004 -110.556045 5.659453 149.036243 
7.000000 236.000000 33.535870 1.000000 9.000000 11.992000 0.877890 0.500000 6.099054 2.920605 84.035339 0.818182 0.493820 6.082763 99.462322 3.000000 0.000000 
