299
32.000000 120.000000 10.406213 1.000000 10173.000000 591.556000 0.962699 0.662305 281.548975 76.179598 0.173946 0.662305 0.361465 248.386795 165.068583 64.000000 -90.000000 
13.000000 5.000000 31.864581 6.000000 6.000000 6.459000 0.778499 0.666667 3.829708 2.403701 -45.000000 1.000000 0.818022 4.242641 -135.000000 2.828427 135.000000 
39.000000 6.000000 62.150504 5.000000 12.000000 10.404000 0.724732 0.600000 4.993805 3.440885 16.440620 1.000000 0.821855 5.385165 158.198591 4.000000 -90.000000 
52.000000 6.000000 37.386235 4.000000 8.000000 7.683000 0.707879 0.666667 4.056654 2.865349 -7.018122 1.000000 0.857979 4.472136 -153.434949 3.000000 -90.000000 
19.000000 7.000000 30.139139 4.000000 8.000000 12.091000 0.973910 0.333333 7.811786 1.772755 29.390799 0.800000 0.433264 7.211103 146.309932 2.236068 63.434949 
31.000000 8.000000 35.216121 1.000000 14.000000 12.918000 0.914814 0.666667 7.082270 2.860347 5.720522 0.933333 0.682133 7.071068 171.869898 3.000000 -90.000000 
59.000000 6.000000 40.755980 1.000000 9.000000 8.882000 0.907936 0.900000 5.399179 2.262845 85.268839 1.000000 0.782319 5.385165 111.801409 2.000000 0.000000 
12.000000 6.000000 39.535483 6.000000 8.000000 10.032000 0.819178 0.533333 5.033223 2.886751 -14.036243 0.800000 0.579284 5.385165 -158.198591 3.000000 -90.000000 
23.000000 7.000000 23.688756 12.000000 1.000000 0.000000 0.000000 1.000000 1.154701 1.154701 0.000000 1.000000 1.000000 1.414214 135.000000 1.000000 -90.000000 
48.000000 8.000000 31.245110 1.000000 13.000000 15.548000 0.952261 0.464286 8.740623 2.668380 72.677184 0.684211 0.467685 7.615773 113.198591 3.395499 -165.963757 
15.000000 9.000000 29.562826 7.000000 9.000000 13.307000 0.904524 0.360000 7.003947 2.986643 -55.377036 0.642857 0.418018 6.403124 -141.340192 3.535534 -45.000000 
38.000000 8.000000 29.179772 5.000000 3.000000 3.093000 0.730297 0.750000 2.581989 1.763834 -45.000000 1.000000 0.969873 2.828427 -135.000000 2.000000 -90.000000 
9.000000 10.000000 42.602362 4.000000 20.000000 14.250000 0.774119 0.555556 6.576727 4.163332 45.000000 1.000000 0.830924 6.708204 116.565051 4.242641 45.000000 
35.000000 10.000000 47.412815 1.000000 5.000000 5.624000 0.000000 0.555556 2.780887 2.780887 0.000000 1.000000 0.817744 3.162278 108.434949 2.828427 -45.000000 
42.000000 9.000000 41.069995 2.000000 10.000000 10.495000 0.841707 0.666667 5.299094 2.861166 -77.129646 0.909091 0.675769 5.385165 -111.801409 3.000000 0.000000 
54.000000 11.000000 42.483967 1.000000 1.000000 0.000000 0.000000 1.000000 1.154701 1.154701 0.000000 1.000000 1.000000 1.414214 135.000000 1.000000 -90.000000 
33.000000 11.000000 59.491328 1.000000 7.000000 6.368000 0.353094 0.777778 3.236694 3.028212 90.000000 1.000000 0.972712 3.605551 123.690068 3.000000 -90.000000 
44.000000 11.000000 26.808225 10.000000 2.000000 1.960000 0.866025 1.000000 2.309401 1.154701 0.000000 1.000000 0.965669 2.236068 153.434949 1.000000 -90.000000 
29.000000 12.000000 36.045280 1.000000 11.000000 11.810000 0.733652 0.440000 5.245489 3.564440 45.000000 0.785714 0.618340 5.830952 120.963757 4.024922 -153.434949 
38.000000 13.000000 38.833431 1.000000 11.000000 13.406000 0.962217 0.392857 8.002182 2.178865 -67.048178 0.846154 0.504816 7.615773 -113.198591 2.683282 -26.565051 
6.000000 14.000000 63.877036 3.000000 12.000000 15.639000 0.850823 0.480000 6.571690 3.453114 52.413240 0.800000 0.427536 6.403124 128.659808 3.882901 -146.309932 
13.000000 13.000000 32.867555 1.000000 16.000000 19.956000 0.967376 0.444444 10.332104 2.617592 76.452966 0.695652 0.376874 9.486833 108.434949 3.137858 11.309932 
21.000000 13.000000 41.405234 1.000000 21.000000 20.138000 0.925671 0.437500 9.576432 3.623039 -65.065363 0.777778 0.486943 8.944272 -116.565051 4.458963 149.036243 
58.000000 17.000000 88.906124 1.000000 47.000000 31.005000 0.959464 0.451923 15.443626 4.352497 21.596362 0.783333 0.506539 14.764823 151.699244 5.178265 66.037511 
27.000000 16.000000 32.448012 2.000000 5.000000 8.998000 0.974418 0.333333 6.444305 1.448307 -62.876944 0.714286 0.426355 5.830952 -120.963757 1.788854 -26.565051 
33.000000 18.000000 49.857509 1.000000 21.000000 19.286000 0.946759 0.583333 9.900177 3.187292 78.963087 0.807692 0.524643 9.848858 113.962489 3.676955 8.130102 
49.000000 16.000000 27.784596 1.000000 5.000000 8.328000 0.969048 0.500000 6.024504 1.487286 72.856562 0.833333 0.477622 5.385165 111.801409 1.897367 -161.565051 
7.000000 18.000000 57.869888 2.000000 26.000000 20.882000 0.916881 0.650000 10.376230 4.141782 -1.979294 0.812500 0.566118 10.198039 168.690068 4.000000 -90.000000 
20.000000 17.000000 32.345327 1.000000 11.000000 11.330000 0.939671 0.611111 6.813534 2.330774 71.565051 0.846154 0.660039 6.708204 116.565051 2.846050 18.434949 
25.000000 19.000000 25.736112 2.000000 1.000000 0.000000 0.000000 1.000000 1.154701 1.154701 0.000000 1.000000 1.000000 1.414214 135.000000 1.000000 -90.000000 
12.000000 22.000000 44.136843 1.000000 5.000000 5.624000 0.000000 0.555556 2.780887 2.780887 0.000000 1.000000 0.817744 3.162278 108.434949 2.828427 -45.000000 
25.000000 21.000000 29.612482 8.000000 4.000000 4.590000 0.731925 0.666667 3.055050 2.081666 90.000000 1.000000 0.840876 3.162278 108.434949 2.000000 0.000000 
46.000000 22.000000 45.529804 1.000000 43.000000 30.864000 0.972181 0.716667 15.868997 3.717014 -89.358348 0.895833 0.467280 15.297059 -101.309932 4.000000 0.000000 
16.000000 24.000000 45.232055 1.000000 20.000000 15.341000 0.852936 0.714286 7.302967 3.812261 -84.472460 0.952381 0.735723 7.615773 -113.198591 4.000000 0.000000 
21.000000 26.000000 27.183946 4.000000 6.000000 10.313000 0.970039 0.300000 6.947121 1.687785 39.070110 0.750000 0.416505 6.403124 141.340192 2.121320 45.000000 
28.000000 25.000000 47.982563 7.000000 20.000000 19.956000 0.965728 0.500000 10.660679 2.767055 -15.819333 0.869565 0.471093 10.440307 -163.300756 3.478505 108.434949 
10.000000 24.000000 62.187707 1.000000 15.000000 10.685000 0.635252 0.750000 5.106858 3.944053 80.537678 0.937500 0.985986 5.385165 111.801409 4.000000 0.000000 
39.000000 26.000000 30.813177 1.000000 11.000000 12.091000 0.902196 0.611111 6.578489 2.837482 -6.287733 0.785714 0.595737 6.324555 -161.565051 3.000000 -90.000000 
7.000000 26.000000 46.186321 4.000000 5.000000 7.402000 0.882464 0.416667 4.587955 2.158086 64.329904 0.833333 0.565201 4.472136 116.565051 2.529822 -161.565051 
56.000000 27.000000 135.665014 1.000000 22.000000 17.235000 0.865966 0.785714 8.120514 4.061098 3.455614 0.846154 0.665839 7.615773 156.801409 4.000000 -90.000000 
43.000000 27.000000 43.663168 1.000000 11.000000 12.157000 0.925087 0.611111 6.714886 2.550017 77.859270 0.916667 0.590608 6.708204 116.565051 3.000000 0.000000 
6.000000 33.000000 35.258234 4.000000 21.000000 26.018000 0.984116 0.323077 15.131309 2.686227 19.837969 0.656250 0.310360 13.928388 158.962489 3.394193 -110.556045 
31.000000 30.000000 31.903840 3.000000 1.000000 0.000000 0.000000 1.000000 1.154701 1.154701 0.000000 1.000000 1.000000 1.414214 135.000000 1.000000 -90.000000 
47.000000 29.000000 36.228302 1.000000 12.000000 13.406000 0.842910 0.500000 6.477868 3.485446 -79.059644 0.800000 0.550708 6.324555 108.434949 4.000000 0.000000 
61.000000 30.000000 24.192180 1.000000 1.000000 0.000000 0.000000 1.000000 1.154701 1.154701 0.000000 1.000000 1.000000 1.414214 135.000000 1.000000 -90.000000 
36.000000 33.000000 50.914005 2.000000 22.000000 25.390000 0.981903 0.244444 14.846349 2.811669 42.608557 0.687500 0.339610 13.453624 138.012788 4.034467 52.125016 
52.000000 30.000000 54.707932 1.000000 9.000000 10.032000 0.814019 0.600000 4.944132 2.871744 83.659808 0.900000 0.651694 5.099020 101.309932 3.000000 0.000000 
58.000000 31.000000 38.832141 10.000000 1.000000 0.000000 0.000000 1.000000 1.154701 1.154701 0.000000 1.000000 1.000000 1.414214 135.000000 1.000000 -90.000000 
13.000000 31.000000 37.332658 1.000000 6.000000 6.186000 0.833333 0.666667 4.000000 2.211083 53.130102 1.000000 0.866607 4.242641 135.000000 2.683282 26.565051 
26.000000 32.000000 25.099343 2.000000 1.000000 0.000000 0.000000 1.000000 1.154701 1.154701 0.000000 1.000000 1.000000 1.414214 135.000000 1.000000 -90.000000 
44.000000 32.000000 24.635176 6.000000 1.000000 0.000000 0.000000 1.000000 1.154701 1.154701 0.000000 1.000000 1.000000 1.414214 135.000000 1.000000 -90.000000 
50.000000 35.000000 35.040583 4.000000 21.000000 17.235000 0.808072 0.525000 7.679380 4.523799 -6.756265 0.807692 0.635574 8.246211 -165.963757 5.000000 -90.000000 
54.000000 34.000000 133.136186 5.000000 17.000000 13.935000 0.922146 0.809524 7.734259 2.991941 10.124749 0.944444 0.732582 7.615773 156.801409 3.000000 -90.000000 
17.000000 31.000000 40.393685 1.000000 13.000000 13.009000 0.864416 0.541667 6.598611 3.317629 70.097214 0.764706 0.626291 6.708204 116.565051 4.000000 0.000000 
18.000000 41.000000 56.324514 3.000000 43.000000 32.990000 0.974670 0.318519 16.614633 3.715809 25.606318 0.843137 0.413908 17.000000 151.927513 4.386311 -114.443955 
27.000000 35.000000 34.421053 4.000000 14.000000 17.442000 0.981218 0.291667 10.666757 2.057643 34.452123 0.777778 0.415237 10.000000 143.130102 2.773501 56.309932 
60.000000 35.000000 37.357112 1.000000 12.000000 13.199000 0.946139 0.500000 7.806732 2.527502 19.275233 0.750000 0.564749 7.211103 146.309932 3.152963 -104.036243 
43.000000 36.000000 35.883150 2.000000 3.000000 3.093000 0.730297 0.750000 2.581989 1.763834 45.000000 1.000000 0.969873 2.828427 135.000000 2.000000 -90.000000 
46.000000 35.000000 26.335341 10.000000 1.000000 0.000000 0.000000 1.000000 1.154701 1.154701 0.000000 1.000000 1.000000 1.414214 135.000000 1.000000 -90.000000 
11.000000 37.000000 36.853601 1.000000 3.000000 3.920000 0.942809 1.000000 3.464102 1.154701 90.000000 1.000000 0.756007 3.162278 108.434949 1.000000 0.000000 
40.000000 37.000000 37.696177 1.000000 3.000000 3.920000 0.942809 1.000000 3.464102 1.154701 90.000000 1.000000 0.756007 3.162278 108.434949 1.000000 0.000000 
9.000000 38.000000 34.867822 1.000000 4.000000 5.880000 0.968246 1.000000 4.618802 1.154701 90.000000 1.000000 0.617595 4.123106 104.036243 1.000000 0.000000 
7.000000 55.000000 61.468429 1.000000 99.000000 67.592000 0.991755 0.386719 34.173085 4.379163 7.934566 0.733333 0.248653 32.557641 169.380345 5.398030 -98.746162 
46.000000 40.000000 36.361164 1.000000 5.000000 7.774000 0.799510 0.416667 4.346387 2.610668 -16.002692 0.714286 0.527333 4.472136 -153.434949 2.846050 108.434949 
56.000000 52.000000 54.972375 1.000000 74.000000 82.032000 0.978905 0.256944 35.934229 7.341987 0.057365 0.389474 0.128183 32.249031 -172.874984 8.909871 93.945186 
36.000000 41.000000 23.925075 7.000000 3.000000 3.093000 0.730297 0.750000 2.581989 1.763834 -45.000000 1.000000 0.969873 2.828427 -135.000000 2.000000 -90.000000 
38.000000 42.000000 22.723350 3.000000 1.000000 0.000000 0.000000 1.000000 1.154701 1.154701 0.000000 1.000000 1.000000 1.414214 135.000000 1.000000 -90.000000 
35.000000 43.000000 24.497271 1.000000 4.000000 4.590000 0.731925 0.666667 3.055050 2.081666 90.000000 1.000000 0.840876 3.162278 108.434949 2.000000 0.000000 
51.000000 49.000000 108.362521 1.000000 61.000000 36.976000 0.956019 0.635417 17.298933 5.073870 8.794746 0.835616 0.476288 16.492423 165.963757 5.656854 -98.130102 
22.000000 47.000000 45.716803 1.000000 18.000000 21.271000 0.980247 0.300000 11.986008 2.370561 62.245817 0.818182 0.379537 11.661904 120.963757 3.130495 26.565051 
38.000000 45.000000 32.353250 1.000000 8.000000 11.628000 0.971747 0.333333 7.374750 1.740612 -59.405397 0.800000 0.460853 7.211103 -123.690068 2.236068 -26.565051 
35.000000 49.000000 48.932463 1.000000 49.000000 52.648000 0.992574 0.171329 27.683032 3.367510 -66.088029 0.597561 0.197833 24.698178 -121.759480 4.890338 -27.758541 
47.000000 46.000000 27.311601 2.000000 4.000000 7.402000 0.752083 0.444444 3.886558 2.561510 55.278023 0.666667 0.452160 3.605551 123.690068 2.683282 -153.434949 
44.000000 47.000000 27.930860 2.000000 1.000000 0.000000 0.000000 1.000000 1.154701 1.154701 0.000000 1.000000 1.000000 1.414214 135.000000 1.000000 -90.000000 
15.000000 53.000000 45.474857 2.000000 33.000000 26.663000 0.961178 0.634615 13.476051 3.718430 -6.395016 0.785714 0.466829 13.601471 -162.897271 4.000000 -90.000000 
34.000000 53.000000 59.845745 1.000000 46.000000 49.348000 0.994827 0.239583 26.296408 2.671203 -72.899499 0.686567 0.209808 25.000000 -106.260205 3.352392 163.300756 
45.000000 50.000000 28.351503 2.000000 2.000000 1.960000 0.866025 1.000000 2.309401 1.154701 90.000000 1.000000 0.965669 2.236068 116.565051 1.000000 0.000000 
24.000000 55.000000 36.953017 1.000000 22.000000 23.024000 0.980875 0.458333 12.717307 2.475250 -74.245691 0.846154 0.403805 12.649111 -108.434949 3.152963 -14.036243 
32.000000 59.000000 44.289526 1.000000 7.000000 8.626000 0.828079 0.437500 4.680252 2.623805 45.000000 0.875000 0.635232 4.472136 116.565051 2.828427 45.000000 
35.000000 59.000000 49.687814 1.000000 14.000000 15.366000 0.923099 0.583333 8.282677 3.185209 -89.519913 0.823529 0.513615 8.062258 97.125016 3.000000 0.000000 
42.000000 60.000000 32.410995 3.000000 10.000000 12.182000 0.956668 0.416667 7.303686 2.126698 29.952879 0.833333 0.535166 7.211103 146.309932 2.683282 63.434949 
50.000000 61.000000 134.226917 1.000000 52.000000 30.128000 0.920503 0.722222 13.860792 5.415911 3.528539 0.787879 0.590362 12.649111 161.565051 6.000000 -90.000000 
14.000000 63.000000 26.979024 7.000000 4.000000 6.550000 0.946293 0.500000 4.820546 1.558527 -17.608796 0.800000 0.535155 4.472136 -153.434949 1.897367 -71.565051 
26.000000 61.000000 46.214251 1.000000 18.000000 20.973000 0.974867 0.450000 12.119512 2.700052 77.170726 0.666667 0.388976 10.440307 106.699244 3.394113 -171.869898 
45.000000 61.000000 24.189807 1.000000 1.000000 0.000000 0.000000 1.000000 1.154701 1.154701 0.000000 1.000000 1.000000 1.414214 135.000000 1.000000 -90.000000 
19.000000 63.000000 31.268285 1.000000 7.000000 11.140000 0.959937 0.388889 7.135389 1.999448 -70.607818 0.636364 0.431275 6.324555 -108.434949 2.529822 -18.434949 
31.000000 65.000000 29.880720 1.000000 12.000000 13.654000 0.957766 0.857143 7.814232 2.246973 3.188923 0.923077 0.534565 7.280110 164.054604 2.000000 -90.000000 
19.000000 66.000000 40.665783 1.000000 16.000000 17.028000 0.956480 0.500000 9.862066 2.877729 72.563336 0.727273 0.494237 8.944272 116.565051 3.478505 18.434949 
25.000000 66.000000 29.089222 1.000000 3.000000 4.590000 0.928995 0.500000 3.854129 1.426385 -61.845034 1.000000 0.630657 3.605551 -123.690068 1.788854 -26.565051 
41.000000 67.000000 44.480482 1.000000 32.000000 29.111000 0.963408 0.533333 14.798004 3.966436 -88.157568 0.640000 0.386572 12.369317 104.036243 5.000000 0.000000 
11.000000 69.000000 54.310269 1.000000 17.000000 17.326000 0.960890 0.472222 9.769539 2.705488 75.493675 0.809524 0.509947 9.486833 108.434949 3.287980 -170.537678 
33.000000 68.000000 55.545329 1.000000 8.000000 8.998000 0.888746 0.533333 5.352293 2.453492 67.500000 0.888889 0.682168 5.385165 111.801409 2.846050 -161.565051 
58.000000 70.000000 37.145922 1.000000 13.000000 12.554000 0.885136 0.541667 6.719407 3.126754 -63.036235 0.866667 0.663129 6.708204 -116.565051 3.794733 161.565051 
15.000000 73.000000 50.104581 2.000000 19.000000 16.218000 0.884888 0.593750 7.813120 3.639380 -3.997432 0.826087 0.637046 8.062258 172.874984 4.000000 -90.000000 
35.000000 70.000000 41.178705 5.000000 6.000000 7.683000 0.885615 0.500000 4.760952 2.211083 18.434949 0.857143 0.643484 4.472136 153.434949 2.529822 -108.434949 
48.000000 71.000000 125.355887 1.000000 37.000000 19.675000 0.531936 0.660714 7.600171 6.435706 -14.547199 0.948718 0.893120 8.544004 -159.443955 7.000000 -90.000000 
22.000000 73.000000 38.697895 1.000000 14.000000 17.508000 0.971597 0.388889 9.674146 2.289288 74.109542 0.736842 0.412586 9.848858 113.962489 2.745626 11.309932 
31.000000 73.000000 33.614507 1.000000 10.000000 14.233000 0.958807 0.476190 7.901219 2.244418 77.110376 0.714286 0.416275 7.615773 113.198591 2.630384 -170.537678 
4.000000 76.000000 70.273757 3.000000 18.000000 22.536000 0.986446 0.750000 13.450162 2.207019 -0.578667 0.857143 0.343063 12.041595 175.236358 2.000000 -90.000000 
8.000000 76.000000 75.235400 3.000000 28.000000 22.933000 0.967837 0.509091 12.464511 3.135801 -14.900345 0.848485 0.517527 12.083046 -155.556045 3.638034 -75.963757 
40.000000 75.000000 50.511908 1.000000 35.000000 28.143000 0.977991 0.625000 15.628372 3.260815 86.570598 0.813953 0.449383 14.142136 98.130102 3.721042 7.125016 
57.000000 76.000000 45.098389 1.000000 18.000000 15.341000 0.931637 0.750000 8.385649 3.047266 84.354125 0.947368 0.662150 8.246211 104.036243 3.000000 0.000000 
48.000000 77.000000 97.241724 5.000000 13.000000 11.049000 0.845356 0.650000 5.847080 3.123529 37.820332 1.000000 0.811245 6.403124 141.340192 3.535534 45.000000 
17.000000 78.000000 48.273273 5.000000 13.000000 13.588000 0.932702 0.464286 7.592963 2.738392 -25.872790 0.866667 0.583690 7.615773 -156.801409 3.342516 -68.198591 
34.000000 77.000000 31.122174 2.000000 5.000000 4.962000 0.765092 0.833333 3.306559 2.129163 -71.565051 1.000000 0.956808 3.605551 -123.690068 2.000000 0.000000 
51.000000 79.000000 80.403551 1.000000 18.000000 19.096000 0.925714 0.562500 8.815960 3.334420 66.944238 0.818182 0.457411 8.944272 116.565051 4.000000 0.000000 
24.000000 78.000000 27.640027 1.000000 3.000000 3.920000 0.942809 1.000000 3.464102 1.154701 90.000000 1.000000 0.756007 3.162278 108.434949 1.000000 0.000000 
13.000000 82.000000 33.820445 2.000000 13.000000 15.937000 0.786435 0.433333 6.736303 4.160836 62.971056 0.722222 0.448808 6.708204 116.565051 4.608177 14.036243 
7.000000 82.000000 35.394412 5.000000 7.000000 7.774000 0.613667 0.583333 3.862352 3.049577 -72.231161 0.875000 0.738267 4.242641 -135.000000 3.000000 0.000000 
39.000000 82.000000 31.333965 1.000000 22.000000 29.731000 0.990274 0.366667 16.635728 2.314573 81.719566 0.628571 0.255838 15.524175 104.931417 2.951610 10.304846 
50.000000 82.000000 76.349366 1.000000 14.000000 16.673000 0.777089 0.466667 6.262129 3.941324 -51.778596 0.823529 0.448092 7.071068 -135.000000 4.242641 135.000000 
5.000000 87.000000 75.990802 3.000000 30.000000 20.485000 0.917278 0.750000 10.288801 4.097494 -3.093692 0.937500 0.675350 10.198039 168.690068 4.000000 -90.000000 
25.000000 84.000000 33.315817 1.000000 8.000000 8.328000 0.908403 0.800000 5.109174 2.136119 79.099295 1.000000 0.764194 5.385165 111.801409 2.000000 0.000000 
48.000000 86.000000 131.233894 5.000000 30.000000 19.766000 0.891100 0.625000 9.411104 4.270833 -33.071695 0.937500 0.718410 10.000000 -143.130102 4.949747 -45.000000 
11.000000 84.000000 30.575704 3.000000 5.000000 7.402000 0.765173 0.555556 3.931770 2.531373 -40.934949 0.833333 0.565201 4.242641 -135.000000 2.828427 -45.000000 
21.000000 85.000000 32.802572 1.000000 9.000000 8.998000 0.857808 0.600000 5.085275 2.613682 65.816770 0.900000 0.767439 5.385165 111.801409 3.000000 0.000000 
35.000000 87.000000 45.256076 1.000000 22.000000 22.876000 0.981069 0.271605 12.815710 2.481890 -45.000000 0.916667 0.408412 12.727922 -135.000000 2.828427 -45.000000 
19.000000 93.000000 43.889700 5.000000 36.000000 33.098000 0.976419 0.250000 17.042625 3.679209 -45.389561 0.705882 0.344466 16.278821 -137.489553 4.506908 -42.273689 
24.000000 88.000000 31.391106 7.000000 5.000000 7.013000 0.931488 0.625000 4.881890 1.775899 -10.900705 0.833333 0.609333 4.472136 -153.434949 2.000000 -90.000000 
42.000000 89.000000 29.705615 2.000000 5.000000 8.998000 0.974418 0.333333 6.444305 1.448307 62.876944 0.714286 0.426355 5.830952 120.963757 1.788854 26.565051 
47.000000 90.000000 84.678365 5.000000 6.000000 5.516000 0.745356 1.000000 3.464102 2.309401 90.000000 1.000000 1.000000 3.605551 123.690068 2.000000 0.000000 
59.000000 93.000000 34.098890 1.000000 17.000000 25.779000 0.914243 0.283333 11.683103 4.733610 -20.946073 0.515152 0.255414 10.770330 -158.198591 5.219701 105.945396 
50.000000 93.000000 146.308934 3.000000 27.000000 16.631000 0.819219 0.964286 7.896606 4.528555 3.797322 1.000000 0.867853 8.062258 150.255119 4.000000 -90.000000 
7.000000 92.000000 36.959592 6.000000 12.000000 10.495000 0.760619 0.600000 5.177961 3.361522 -20.612267 0.923077 0.810923 5.385165 -158.198591 3.794733 -71.565051 
31.000000 94.000000 40.049480 1.000000 16.000000 19.468000 0.970079 0.533333 10.006935 2.429593 -79.953255 0.800000 0.393318 10.440307 -106.699244 3.000000 0.000000 
40.000000 92.000000 30.502559 10.000000 3.000000 3.093000 0.730297 0.750000 2.581989 1.763834 -45.000000 1.000000 0.969873 2.828427 -135.000000 2.000000 -90.000000 
45.000000 94.000000 39.440177 4.000000 11.000000 12.091000 0.923462 0.440000 7.025071 2.695451 -40.298434 0.785714 0.595737 6.403124 -141.340192 3.535534 135.000000 
8.000000 98.000000 38.794049 1.000000 12.000000 18.360000 0.943328 0.300000 8.761716 2.907673 -68.455674 0.666667 0.326174 8.544004 -110.556045 3.794733 -18.434949 
38.000000 98.000000 24.474033 4.000000 2.000000 2.812000 0.925820 0.500000 3.055050 1.154701 45.000000 1.000000 0.709058 2.828427 135.000000 1.414214 45.000000 
55.000000 98.000000 52.101996 1.000000 4.000000 5.053000 0.866025 0.666667 3.651484 1.825742 -18.434949 1.000000 0.748540 3.605551 -146.309932 2.000000 -90.000000 
46.000000 98.000000 53.478243 4.000000 6.000000 7.774000 0.908344 0.500000 4.920353 2.057808 61.137822 0.857143 0.632800 5.000000 126.869898 2.529822 -161.565051 
29.000000 101.000000 44.057193 1.000000 23.000000 24.273000 0.979372 0.298701 14.137697 2.856714 -58.909161 0.718750 0.384569 12.529964 -118.610460 3.709993 147.994617 
35.000000 100.000000 39.620134 1.000000 8.000000 8.328000 0.908403 0.800000 5.109174 2.136119 79.099295 1.000000 0.764194 5.385165 111.801409 2.000000 0.000000 
50.000000 101.000000 150.337749 6.000000 42.000000 21.527000 0.787461 0.777778 9.494761 5.852231 1.283341 0.933333 0.867302 9.848858 156.037511 6.000000 -90.000000 
19.000000 103.000000 42.147165 1.000000 43.000000 43.576000 0.990403 0.226316 23.082153 3.190180 -62.480000 0.623188 0.247581 21.023796 -115.346176 4.472136 153.434949 
40.000000 100.000000 47.238742 2.000000 13.000000 12.182000 0.900236 0.541667 6.629117 2.886337 -69.980205 0.866667 0.695716 6.708204 -116.565051 3.395499 165.963757 
59.000000 100.000000 42.670818 1.000000 11.000000 13.398000 0.881815 0.440000 6.612114 3.118248 38.252133 0.785714 0.505304 6.403124 128.659808 3.535534 45.000000 
23.000000 101.000000 29.353698 6.000000 3.000000 4.590000 0.928995 0.500000 3.854129 1.426385 28.154966 0.750000 0.630657 3.605551 146.309932 1.788854 -116.565051 
9.000000 104.000000 82.669700 4.000000 19.000000 15.829000 0.874758 0.542857 7.761147 3.760742 21.603828 0.863636 0.663440 7.615773 156.801409 4.743416 -108.434949 
5.000000 103.000000 65.424438 5.000000 13.000000 11.603000 0.828574 0.866667 5.771739 3.231478 7.190697 0.928571 0.751428 5.830952 149.036243 3.000000 -90.000000 
53.000000 105.000000 58.768605 1.000000 12.000000 13.679000 0.877305 0.480000 6.658980 3.195863 60.369911 0.750000 0.532977 6.403124 128.659808 3.882901 -146.309932 
39.000000 106.000000 86.511124 1.000000 25.000000 21.643000 0.959329 0.500000 11.514920 3.250552 -72.661546 0.781250 0.511430 10.770330 -111.801409 3.880570 165.963757 
44.000000 106.000000 42.859985 3.000000 3.000000 3.920000 0.942809 1.000000 3.464102 1.154701 0.000000 1.000000 0.756007 3.162278 161.565051 1.000000 -90.000000 
59.000000 107.000000 36.667524 2.000000 8.000000 10.313000 0.958759 0.400000 6.675819 1.897395 54.991553 0.888889 0.555340 6.403124 128.659808 2.496151 -146.309932 
11.000000 110.000000 40.419629 5.000000 11.000000 14.051000 0.962640 0.392857 8.454314 2.289285 24.848236 0.733333 0.467649 8.062258 150.255119 3.086975 59.036243 
6.000000 108.000000 82.203275 4.000000 18.000000 15.085000 0.813633 0.600000 6.660571 3.872314 -37.794945 0.857143 0.680881 7.810250 -140.194429 4.242641 -45.000000 
32.000000 108.000000 37.284645 1.000000 6.000000 8.998000 0.954236 0.375000 6.092968 1.822136 43.869749 0.857143 0.511626 5.656854 135.000000 2.121320 45.000000 
50.000000 108.000000 160.284800 3.000000 17.000000 11.628000 0.691956 0.680000 5.608117 4.048723 -45.000000 1.000000 0.979314 5.830952 -149.036243 4.242641 -45.000000 
45.000000 110.000000 70.128733 6.000000 12.000000 14.878000 0.967478 0.500000 8.494734 2.148786 -12.038665 0.750000 0.464410 8.246211 -165.963757 2.667892 104.036243 
18.000000 113.000000 29.732225 7.000000 7.000000 10.288000 0.967949 0.583333 6.654453 1.671252 -14.089295 0.777778 0.487733 6.324555 -161.565051 2.000000 -90.000000 
27.000000 110.000000 35.255287 1.000000 11.000000 11.330000 0.939671 0.611111 6.813534 2.330774 71.565051 0.846154 0.660039 6.708204 116.565051 2.846050 18.434949 
39.000000 112.000000 50.827116 1.000000 31.000000 34.346000 0.987492 0.303922 17.276130 2.723874 -72.296696 0.720930 0.277202 18.027756 -109.440035 3.478505 -18.434949 
48.000000 111.000000 56.943985 2.000000 4.000000 4.408000 0.870424 0.666667 3.435909 1.691507 -58.282526 1.000000 0.881907 3.605551 -123.690068 2.000000 0.000000 
6.000000 113.000000 57.525933 1.000000 20.000000 28.764000 0.756331 0.416667 8.477571 5.545940 -29.446419 0.666667 0.246892 8.602325 -144.462322 5.692100 108.434949 
55.000000 111.000000 62.246843 1.000000 19.000000 19.468000 0.956897 0.633333 10.080621 2.927675 -81.239955 0.863636 0.467066 10.198039 -101.309932 3.000000 0.000000 
12.000000 119.000000 63.226394 2.000000 1.000000 0.000000 0.000000 1.000000 1.154701 1.154701 0.000000 1.000000 1.000000 1.414214 135.000000 1.000000 -90.000000 
50.000000 114.000000 84.860043 5.000000 21.000000 19.675000 0.687888 0.500000 6.978661 5.065231 65.457192 0.807692 0.506906 7.280110 105.945396 5.547002 33.690068 
29.000000 118.000000 29.762649 6.000000 11.000000 12.918000 0.952794 0.523810 7.447855 2.261298 18.765950 0.916667 0.535961 7.615773 156.801409 2.846050 71.565051 
24.000000 119.000000 26.109199 1.000000 9.000000 14.853000 0.986406 0.562500 9.782012 1.607436 -3.411731 0.750000 0.349276 8.246211 -165.963757 2.000000 -90.000000 
55.000000 117.000000 84.652386 1.000000 31.000000 29.525000 0.906019 0.430556 13.322567 5.638614 82.773851 0.584906 0.365060 12.165525 -99.462322 5.963302 -173.659808 
7.000000 120.000000 80.606063 5.000000 39.000000 21.800000 0.845623 0.866667 9.948586 5.310355 -1.397181 0.928571 0.787818 9.848858 156.037511 5.000000 -90.000000 
18.000000 124.000000 41.159826 1.000000 17.000000 21.064000 0.981597 0.386364 11.920317 2.276338 -18.092043 0.739130 0.364609 11.704700 -160.016893 3.137858 -78.690068 
48.000000 123.000000 39.362763 1.000000 46.000000 50.200000 0.946301 0.359375 19.236809 6.219013 -15.952525 0.534884 0.203159 17.464249 -156.370622 7.164268 -84.289407 
56.000000 122.000000 82.320126 1.000000 21.000000 23.049000 0.964021 0.420000 11.358845 3.019473 -75.561943 0.724138 0.384714 10.770330 -111.801409 3.880570 -14.036243 
32.000000 123.000000 37.855602 1.000000 38.000000 31.600000 0.981400 0.791667 16.805016 3.226095 89.101254 0.926829 0.395634 16.124515 -97.125016 3.000000 0.000000 
23.000000 124.000000 32.079379 1.000000 3.000000 3.920000 0.942809 1.000000 3.464102 1.154701 90.000000 1.000000 0.756007 3.162278 108.434949 1.000000 0.000000 
5.000000 128.000000 118.315149 5.000000 25.000000 19.377000 0.914245 0.694444 9.381275 3.800941 4.990129 0.862069 0.619537 9.219544 167.471192 4.000000 -90.000000 
10.000000 127.000000 41.905458 2.000000 20.000000 19.195000 0.941707 0.555556 9.912833 3.335027 -5.397070 0.740741 0.503740 9.486833 -161.565051 4.000000 -90.000000 
15.000000 128.000000 37.867783 1.000000 7.000000 10.404000 0.880454 0.466667 5.753497 2.727910 -7.371781 0.700000 0.479415 5.385165 -158.198591 3.000000 -90.000000 
53.000000 126.000000 121.637444 5.000000 31.000000 19.286000 0.815579 0.688889 8.587337 4.969027 -13.943580 0.939394 0.774473 9.486833 -161.565051 5.000000 -90.000000 
18.000000 131.000000 48.536290 1.000000 8.000000 8.328000 0.908403 0.800000 5.109174 2.136119 -79.099295 1.000000 0.764194 5.385165 -111.801409 2.000000 0.000000 
29.000000 131.000000 45.941638 1.000000 50.000000 41.243000 0.981594 0.625000 20.182116 3.854356 -89.230011 0.769231 0.318945 20.099751 95.710593 4.000000 0.000000 
56.000000 132.000000 56.272453 1.000000 24.000000 23.901000 0.843196 0.428571 9.642932 5.184108 -42.650167 0.727273 0.412406 8.944272 -153.434949 6.002450 -59.036243 
8.000000 132.000000 54.087450 7.000000 8.000000 8.626000 0.704561 0.666667 4.191542 2.974499 -76.350214 0.888889 0.725980 4.472136 -116.565051 3.000000 0.000000 
16.000000 133.000000 38.565445 1.000000 14.000000 13.960000 0.939100 0.466667 7.954616 2.733565 -29.503747 0.777778 0.601540 7.810250 -140.194429 3.429972 120.963757 
43.000000 133.000000 53.857375 1.000000 15.000000 17.434000 0.899405 0.428571 7.678359 3.356340 -70.283166 0.714286 0.445242 7.280110 -105.945396 4.024922 153.434949 
38.000000 133.000000 24.307454 3.000000 3.000000 4.590000 0.928995 0.500000 3.854129 1.426385 61.845034 0.750000 0.630657 3.605551 123.690068 1.788854 -153.434949 
6.000000 139.000000 60.282494 3.000000 44.000000 31.625000 0.968419 0.628571 15.881895 3.959798 -8.352977 0.800000 0.457444 14.866069 -160.346176 4.589285 -82.874984 
14.000000 141.000000 56.083237 1.000000 45.000000 43.394000 0.988587 0.192308 24.127306 3.634744 -32.564912 0.576923 0.261127 21.095023 -148.570434 4.992302 -56.309932 
35.000000 135.000000 23.513944 2.000000 2.000000 2.812000 0.925820 0.500000 3.055050 1.154701 -45.000000 1.000000 0.709058 2.828427 -135.000000 1.414214 -45.000000 
49.000000 135.000000 50.414261 1.000000 31.000000 32.593000 0.744938 0.442857 10.375868 6.922096 22.962933 0.632653 0.305066 10.770330 158.198591 7.000000 -90.000000 
54.000000 138.000000 83.059786 1.000000 32.000000 28.946000 0.712161 0.444444 8.863392 6.222244 35.395271 0.744186 0.390558 10.295630 119.054604 7.071068 -135.000000 
60.000000 136.000000 46.815705 1.000000 6.000000 7.220000 0.509175 0.666667 3.464102 2.981424 90.000000 0.857143 0.702276 3.605551 123.690068 3.000000 -90.000000 
39.000000 141.000000 27.410195 1.000000 10.000000 12.918000 0.955127 0.714286 7.303868 2.163372 83.347382 0.909091 0.487238 7.280110 105.945396 2.000000 0.000000 
23.000000 142.000000 23.597353 1.000000 2.000000 1.960000 0.866025 1.000000 2.309401 1.154701 90.000000 1.000000 0.965669 2.236068 116.565051 1.000000 0.000000 
28.000000 144.000000 31.284465 1.000000 6.000000 6.459000 0.778499 0.666667 3.829708 2.403701 45.000000 1.000000 0.818022 4.242641 135.000000 2.828427 -135.000000 
57.000000 144.000000 83.625143 1.000000 24.000000 22.586000 0.833850 0.444444 9.083018 5.013749 -79.619687 0.705882 0.455641 9.486833 -108.434949 5.692100 -18.434949 
30.000000 145.000000 70.825492 1.000000 15.000000 11.603000 0.844847 0.833333 6.093009 3.259808 84.586273 1.000000 0.867033 6.324555 108.434949 3.000000 0.000000 
24.000000 147.000000 35.649773 2.000000 7.000000 11.140000 0.959937 0.388889 7.135389 1.999448 70.607818 0.636364 0.431275 6.324555 108.434949 2.529822 18.434949 
37.000000 147.000000 61.037531 1.000000 19.000000 18.459000 0.966024 0.422222 10.693075 2.763664 -65.698186 0.730769 0.511720 9.848858 -113.962489 3.528211 -21.801409 
52.000000 147.000000 61.546450 1.000000 51.000000 35.041000 0.908315 0.515152 13.418477 5.612762 -34.189614 0.784615 0.439591 13.601471 -143.972627 6.516946 120.963757 
33.000000 149.000000 33.201312 7.000000 9.000000 9.552000 0.909561 0.600000 5.649746 2.347866 -19.463772 0.900000 0.701913 5.830952 -149.036243 2.846050 108.434949 
5.000000 149.000000 54.782205 5.000000 19.000000 15.250000 0.848877 0.678571 7.204138 3.808035 -5.188863 0.904762 0.705870 7.280110 -164.054604 4.000000 -90.000000 
29.000000 150.000000 28.418817 1.000000 1.000000 0.000000 0.000000 1.000000 1.154701 1.154701 0.000000 1.000000 1.000000 1.414214 135.000000 1.000000 -90.000000 
49.000000 153.000000 74.826196 1.000000 51.000000 40.863000 0.976032 0.354167 19.943359 4.340232 -66.565167 0.662338 0.330966 17.464249 -113.629378 5.813777 -26.565051 
58.000000 153.000000 41.896047 2.000000 14.000000 18.459000 0.682428 0.388889 6.852929 5.009170 41.570120 0.608696 0.377057 7.211103 123.690068 5.200000 -126.869898 
23.000000 153.000000 72.445518 10.000000 15.000000 20.246000 0.931746 0.312500 9.302941 3.377995 -33.051792 0.600000 0.344612 8.602325 -144.462322 4.437602 -56.309932 
18.000000 157.000000 33.475985 6.000000 12.000000 15.060000 0.960541 0.500000 8.168653 2.272004 -12.149235 0.857143 0.455169 8.544004 -159.443955 2.745626 -78.690068 
31.000000 154.000000 32.826804 1.000000 11.000000 17.326000 0.967517 0.407407 9.809159 2.479826 80.755926 0.611111 0.329966 9.219544 102.528808 2.687006 8.130102 
6.000000 155.000000 37.629854 1.000000 17.000000 16.954000 0.838198 0.485714 7.168256 3.909318 9.022972 0.772727 0.529002 7.615773 156.801409 4.743416 -108.434949 
11.000000 155.000000 27.338570 9.000000 1.000000 0.000000 0.000000 1.000000 1.154701 1.154701 0.000000 1.000000 1.000000 1.414214 135.000000 1.000000 -90.000000 
59.000000 156.000000 42.327220 1.000000 8.000000 8.882000 0.920807 0.800000 5.445698 2.123921 81.322988 0.888889 0.695395 5.385165 111.801409 2.000000 0.000000 
36.000000 156.000000 45.617741 2.000000 14.000000 26.250000 0.593316 0.388889 6.742160 5.427232 44.561546 0.538462 0.203653 6.708204 116.565051 5.813777 -116.565051 
10.000000 158.000000 36.729873 1.000000 11.000000 11.512000 0.912727 0.611111 6.281141 2.566289 -80.855421 0.846154 0.643746 6.324555 -108.434949 3.000000 0.000000 
28.000000 157.000000 46.812652 1.000000 9.000000 12.844000 0.961289 0.300000 7.538016 2.077047 -51.965845 0.818182 0.442583 7.211103 -123.690068 2.773501 146.309932 
52.000000 159.000000 34.007223 1.000000 11.000000 14.605000 0.956310 0.523810 8.830893 2.581757 76.907507 0.687500 0.438907 7.615773 113.198591 2.941742 -168.690068 
6.000000 164.000000 28.492260 1.000000 22.000000 27.242000 0.983156 0.564103 15.270594 2.791001 -3.233662 0.687500 0.299471 13.152946 -171.253838 3.000000 -90.000000 
15.000000 160.000000 38.306256 6.000000 12.000000 19.766000 0.959666 0.300000 10.081341 2.834295 -71.626265 0.571429 0.287364 8.602325 -125.537678 3.434014 164.054604 
31.000000 163.000000 51.772533 1.000000 36.000000 35.504000 0.983834 0.250000 17.729608 3.175023 -64.170148 0.705882 0.302909 18.357560 -119.357754 4.024922 -26.565051 
40.000000 159.000000 42.640527 1.000000 26.000000 21.842000 0.845951 0.406250 9.180670 4.895688 -42.173786 0.812500 0.523448 9.433981 -147.994617 5.622255 -51.340192 
47.000000 162.000000 46.243793 1.000000 13.000000 11.628000 0.867377 0.541667 6.160646 3.065859 63.320966 0.866667 0.748887 6.324555 108.434949 3.577709 -153.434949 
58.000000 160.000000 30.078307 1.000000 9.000000 14.804000 0.946177 0.300000 7.882486 2.551155 -41.942248 0.692308 0.351186 7.211103 -146.309932 2.828427 -45.000000 
16.000000 163.000000 30.068900 7.000000 3.000000 3.093000 0.730297 0.750000 2.581989 1.763834 -45.000000 1.000000 0.969873 2.828427 -135.000000 2.000000 -90.000000 
54.000000 165.000000 54.262638 1.000000 31.000000 27.085000 0.965323 0.322917 13.752668 3.590236 -60.191334 0.756098 0.426376 13.416408 -116.565051 4.714952 146.309932 
59.000000 164.000000 61.654182 1.000000 25.000000 19.493000 0.951430 0.462963 10.485891 3.228245 -32.930475 0.925926 0.613203 10.816654 -146.309932 4.024922 -63.434949 
42.000000 165.000000 43.716672 1.000000 15.000000 15.846000 0.956856 0.357143 8.891032 2.583409 55.357087 0.882353 0.522831 8.602325 125.537678 3.258473 -149.036243 
17.000000 165.000000 31.032720 1.000000 7.000000 9.643000 0.767362 0.583333 4.667918 2.993132 82.628219 0.777778 0.538188 4.472136 116.565051 3.000000 0.000000 
24.000000 166.000000 31.272448 1.000000 14.000000 17.880000 0.979326 0.388889 10.721137 2.168751 -73.284407 0.736842 0.398113 9.848858 -113.962489 2.846050 -18.434949 
32.000000 168.000000 24.163692 12.000000 1.000000 0.000000 0.000000 1.000000 1.154701 1.154701 0.000000 1.000000 1.000000 1.414214 135.000000 1.000000 -90.000000 
16.000000 171.000000 42.326230 1.000000 5.000000 4.962000 0.765092 0.833333 3.306559 2.129163 71.565051 1.000000 0.956808 3.605551 123.690068 2.000000 0.000000 
10.000000 172.000000 52.749443 1.000000 1.000000 0.000000 0.000000 1.000000 1.154701 1.154701 0.000000 1.000000 1.000000 1.414214 135.000000 1.000000 -90.000000 
28.000000 172.000000 78.300178 1.000000 81.000000 51.531000 0.986691 0.562500 27.777066 4.516686 -84.432512 0.757009 0.340530 24.186773 -97.125016 5.284982 176.633539 
44.000000 172.000000 46.254136 1.000000 12.000000 13.290000 0.955711 0.571429 7.767237 2.285953 73.507439 0.857143 0.558511 7.615773 113.198591 2.846050 -161.565051 
48.000000 176.000000 48.997232 8.000000 1.000000 0.000000 0.000000 1.000000 1.154701 1.154701 0.000000 1.000000 1.000000 1.414214 135.000000 1.000000 -90.000000 
53.000000 174.000000 43.159717 1.000000 16.000000 19.121000 0.859440 0.457143 8.274114 4.230036 75.022156 0.615385 0.405675 8.062258 119.744881 4.743416 18.434949 
44.000000 177.000000 42.663210 1.000000 17.000000 20.138000 0.908077 0.354167 9.011737 3.774149 -59.978195 0.653846 0.394192 9.433981 -122.005383 4.743416 -18.434949 
59.000000 173.000000 61.147826 1.000000 23.000000 28.557000 0.805598 0.479167 10.316677 6.112242 16.622368 0.605263 0.287646 9.433981 147.994617 6.000000 -90.000000 
15.000000 177.000000 40.693104 1.000000 17.000000 18.269000 0.872105 0.485714 8.213191 4.018873 -12.923063 0.680000 0.466017 7.615773 -156.801409 4.510671 101.309932 
25.000000 176.000000 41.242053 2.000000 7.000000 10.958000 0.941006 0.583333 6.499096 2.199224 -83.952621 0.700000 0.442481 6.082763 99.462322 2.000000 0.000000 
29.000000 181.000000 39.633162 8.000000 5.000000 8.998000 0.925803 0.500000 5.804515 2.194146 -6.402133 0.625000 0.426355 5.099020 168.690068 2.000000 -90.000000 
12.000000 181.000000 49.573381 1.000000 15.000000 17.971000 0.969543 0.416667 10.029793 2.456495 -75.811686 0.750000 0.422881 9.848858 -113.962489 3.111270 -8.130102 
34.000000 179.000000 40.183800 1.000000 15.000000 14.696000 0.938448 0.625000 7.880448 2.722069 81.065226 0.882353 0.592419 8.246211 104.036243 3.000000 0.000000 
54.000000 180.000000 51.010035 1.000000 31.000000 24.984000 0.964809 0.516667 13.819720 3.633925 -78.465525 0.756098 0.492457 12.369317 -104.036243 4.230144 167.471192 
19.000000 180.000000 51.199849 1.000000 34.000000 19.005000 0.728809 0.708333 8.153281 5.582693 88.584499 0.944444 0.871114 8.544004 110.556045 6.000000 0.000000 
25.000000 183.000000 53.242025 1.000000 1.000000 0.000000 0.000000 1.000000 1.154701 1.154701 0.000000 1.000000 1.000000 1.414214 135.000000 1.000000 -90.000000 
43.000000 182.000000 35.074915 1.000000 15.000000 17.053000 0.962397 0.375000 9.824558 2.668803 65.597250 0.714286 0.462201 8.944272 116.565051 3.577709 -153.434949 
52.000000 185.000000 61.458339 1.000000 2.000000 1.960000 0.866025 1.000000 2.309401 1.154701 0.000000 1.000000 0.965669 2.236068 153.434949 1.000000 -90.000000 
32.000000 185.000000 45.034222 1.000000 11.000000 12.182000 0.914463 0.611111 6.397167 2.588745 -71.742161 0.846154 0.588683 6.708204 -116.565051 3.000000 0.000000 
60.000000 184.000000 48.463767 1.000000 12.000000 15.465000 0.847045 0.500000 7.293429 3.876612 8.637210 0.705882 0.435569 6.403124 141.340192 4.000000 -90.000000 
17.000000 187.000000 50.438636 1.000000 40.000000 34.139000 0.983005 0.588235 17.704326 3.250157 -80.909944 0.833333 0.361663 17.464249 -103.240520 3.845077 172.874984 
30.000000 188.000000 29.632908 5.000000 8.000000 10.958000 0.937481 0.666667 6.364727 2.215155 -4.036602 0.800000 0.505693 6.324555 -161.565051 2.000000 -90.000000 
39.000000 190.000000 29.842861 7.000000 5.000000 4.962000 0.765092 0.833333 3.306559 2.129163 -18.434949 1.000000 0.956808 3.605551 -146.309932 2.000000 -90.000000 
50.000000 192.000000 37.974900 1.000000 19.000000 29.244000 0.989631 0.162393 15.963332 2.292813 -56.875865 0.678571 0.227646 15.811388 -124.695154 3.221253 -32.471192 
38.000000 191.000000 26.401129 9.000000 3.000000 4.590000 0.928995 0.500000 3.854129 1.426385 -28.154966 0.750000 0.630657 3.605551 -146.309932 1.788854 116.565051 
58.000000 192.000000 29.347707 1.000000 13.000000 14.440000 0.703525 0.433333 6.185177 4.395623 -8.130102 0.764706 0.528490 6.324555 -161.565051 4.706787 101.309932 
15.000000 191.000000 22.734086 1.000000 1.000000 0.000000 0.000000 1.000000 1.154701 1.154701 0.000000 1.000000 1.000000 1.414214 135.000000 1.000000 -90.000000 
14.000000 193.000000 30.156334 2.000000 5.000000 6.277000 0.847117 0.555556 4.006661 2.129163 -45.000000 0.833333 0.708285 4.242641 -135.000000 2.683282 116.565051 
21.000000 194.000000 56.476918 1.000000 38.000000 24.984000 0.956447 0.633333 13.285041 3.877964 74.382239 0.883721 0.603657 13.000000 112.619865 4.608177 -165.963757 
41.000000 193.000000 30.780770 8.000000 10.000000 10.222000 0.767826 0.500000 5.014554 3.212618 -27.554649 0.909091 0.703661 5.099020 168.690068 3.577709 -63.434949 
60.000000 194.000000 27.776263 8.000000 3.000000 3.093000 0.730297 0.750000 2.581989 1.763834 45.000000 1.000000 0.969873 2.828427 135.000000 2.000000 -90.000000 
43.000000 196.000000 39.703163 1.000000 14.000000 11.810000 0.341462 0.560000 5.089672 4.783759 9.462322 0.875000 0.786979 5.385165 111.801409 4.919350 63.434949 
34.000000 196.000000 24.422948 12.000000 1.000000 0.000000 0.000000 1.000000 1.154701 1.154701 0.000000 1.000000 1.000000 1.414214 135.000000 1.000000 -90.000000 
53.000000 196.000000 24.567072 1.000000 4.000000 5.880000 0.968246 1.000000 4.618802 1.154701 90.000000 1.000000 0.617595 4.123106 104.036243 1.000000 0.000000 
14.000000 197.000000 30.435331 1.000000 5.000000 4.962000 0.765092 0.833333 3.306559 2.129163 -71.565051 1.000000 0.956808 3.605551 -123.690068 2.000000 0.000000 
38.000000 198.000000 25.392756 2.000000 3.000000 3.093000 0.730297 0.750000 2.581989 1.763834 -45.000000 1.000000 0.969873 2.828427 -135.000000 2.000000 -90.000000 
47.000000 198.000000 44.050547 1.000000 11.000000 9.461000 0.786338 0.733333 4.989887 3.082732 87.536445 0.916667 0.870328 5.385165 111.801409 3.000000 0.000000 
58.000000 200.000000 36.169720 1.000000 11.000000 16.210000 0.853231 0.366667 6.825650 3.559805 43.211833 0.687500 0.369121 6.708204 116.565051 4.160251 33.690068 
23.000000 201.000000 38.486783 1.000000 56.000000 49.968000 0.981159 0.466667 24.758525 4.783417 -88.496327 0.595745 0.249489 24.186773 97.125016 5.000000 0.000000 
49.000000 201.000000 64.447700 1.000000 8.000000 7.220000 0.547723 0.666667 3.651484 3.055050 0.000000 1.000000 0.936369 4.123106 165.963757 3.000000 -90.000000 
41.000000 204.000000 79.010907 1.000000 38.000000 34.255000 0.983662 0.475000 18.208081 3.277903 79.915621 0.703704 0.341452 16.278821 100.619655 3.945576 -170.537678 
53.000000 202.000000 70.185967 1.000000 33.000000 18.153000 0.761968 0.825000 8.212337 5.318432 85.618746 1.000000 0.914503 8.544004 110.556045 5.000000 0.000000 
59.000000 204.000000 37.271979 1.000000 6.000000 6.368000 0.833333 0.750000 4.000000 2.211083 90.000000 1.000000 0.833753 4.123106 104.036243 2.000000 0.000000 
27.000000 208.000000 87.343983 1.000000 38.000000 32.204000 0.970850 0.452381 15.841490 3.797033 77.626864 0.745098 0.382228 14.317821 102.094757 5.209459 7.125016 
51.000000 210.000000 75.645444 1.000000 22.000000 20.320000 0.946843 0.550000 9.904599 3.186277 72.288742 0.846154 0.502247 10.440307 106.699244 3.794733 18.434949 
14.000000 210.000000 71.286045 1.000000 48.000000 42.608000 0.956072 0.428571 18.159352 5.323078 80.433967 0.607595 0.288188 16.492423 104.036243 7.000000 0.000000 
59.000000 209.000000 35.931259 1.000000 5.000000 6.368000 0.923687 0.625000 4.492622 1.721341 69.006394 0.833333 0.694794 4.472136 116.565051 2.000000 0.000000 
35.000000 210.000000 47.525114 1.000000 9.000000 8.882000 0.907936 0.900000 5.399179 2.262845 85.268839 1.000000 0.782319 5.385165 111.801409 2.000000 0.000000 
40.000000 210.000000 61.188197 1.000000 15.000000 14.233000 0.864536 0.625000 6.753972 3.394354 76.343363 0.833333 0.624413 6.708204 116.565051 3.794733 18.434949 
37.000000 212.000000 41.641343 1.000000 3.000000 4.590000 0.928995 0.500000 3.854129 1.426385 28.154966 1.000000 0.630657 3.605551 146.309932 1.788854 63.434949 
57.000000 213.000000 47.890659 1.000000 20.000000 17.020000 0.928623 0.740741 8.661381 3.213588 -82.694034 0.952381 0.618287 9.219544 -102.528808 3.000000 0.000000 
27.000000 215.000000 46.941034 1.000000 27.000000 23.669000 0.968224 0.562500 12.319496 3.080911 -76.096854 0.870968 0.472020 12.649111 -108.434949 3.638034 -14.036243 
40.000000 217.000000 50.568919 2.000000 53.000000 43.667000 0.981140 0.252381 22.471532 4.343665 43.931600 0.654321 0.303973 19.849433 139.085617 6.323124 -137.726311 
50.000000 214.000000 57.008504 1.000000 25.000000 16.102000 0.763449 0.714286 7.228106 4.668399 -74.518122 0.961538 0.848355 7.615773 -113.198591 5.000000 0.000000 
15.000000 217.000000 58.939042 1.000000 19.000000 19.402000 0.910014 0.387755 8.605787 3.567769 46.449812 0.791667 0.469805 8.602325 125.537678 4.242641 45.000000 
56.000000 217.000000 46.866664 1.000000 10.000000 10.958000 0.928763 0.555556 6.305808 2.337403 -74.563958 0.833333 0.632116 6.324555 -108.434949 2.846050 -18.434949 
21.000000 218.000000 32.751102 1.000000 18.000000 19.104000 0.950049 0.367347 10.493507 3.275029 -52.501468 0.720000 0.457082 9.219544 -139.398705 3.800000 -36.869898 
50.000000 219.000000 37.347043 2.000000 4.000000 5.905000 0.791649 0.666667 3.586706 2.191393 -75.127559 0.800000 0.614186 3.605551 -123.690068 2.000000 0.000000 
8.000000 221.000000 44.303069 1.000000 24.000000 17.996000 0.933480 0.500000 9.551844 3.425567 59.401889 0.923077 0.675010 9.433981 122.005383 4.024922 26.565051 
27.000000 221.000000 32.107206 2.000000 7.000000 9.461000 0.928710 0.700000 5.970205 2.213792 83.867613 0.777778 0.553845 5.385165 111.801409 2.000000 0.000000 
45.000000 221.000000 78.728440 1.000000 40.000000 26.233000 0.945701 0.555556 13.366426 4.344575 76.140937 0.851064 0.582541 12.649111 108.434949 5.260768 -170.537678 
19.000000 223.000000 30.763476 1.000000 16.000000 17.392000 0.968261 0.592593 9.703582 2.425316 84.241612 0.761905 0.476870 9.219544 102.528808 2.959182 -170.537678 
54.000000 222.000000 43.141732 1.000000 13.000000 20.320000 0.964491 0.325000 11.091936 2.929570 84.419395 0.541667 0.296782 10.440307 106.699244 3.472973 7.125016 
12.000000 226.000000 41.638684 4.000000 3.000000 3.093000 0.730297 0.750000 2.581989 1.763834 -45.000000 1.000000 0.969873 2.828427 -135.000000 2.000000 -90.000000 
30.000000 225.000000 28.545917 1.000000 7.000000 10.933000 0.973565 0.583333 7.351929 1.679251 -84.488272 0.777778 0.444054 6.324555 -108.434949 2.000000 0.000000 
25.000000 224.000000 37.366844 6.000000 8.000000 7.964000 0.888523 0.666667 5.033223 2.309401 -26.565051 0.888889 0.815110 5.000000 -143.130102 2.683282 -63.434949 
52.000000 227.000000 50.911874 1.000000 42.000000 34.735000 0.972192 0.560000 16.451285 3.852630 85.372210 0.750000 0.367889 15.524175 104.931417 4.484456 4.763642 
34.000000 228.000000 44.096278 1.000000 9.000000 10.313000 0.860707 0.600000 5.509516 2.804899 -9.217474 0.818182 0.624757 5.385165 -158.198591 3.000000 -90.000000 
7.000000 230.000000 45.423459 1.000000 17.000000 17.343000 0.857120 0.485714 7.804628 4.020293 -65.392911 0.809524 0.509101 7.615773 -113.198591 4.608177 -14.036243 
18.000000 230.000000 39.149841 1.000000 26.000000 27.796000 0.979583 0.500000 14.766294 2.968599 -89.974074 0.650000 0.341358 13.341664 102.994617 4.000000 0.000000 
39.000000 230.000000 98.405817 1.000000 30.000000 19.931000 0.909991 0.666667 9.864812 4.090224 75.017813 0.909091 0.708171 10.295630 119.054604 4.603172 -170.537678 
58.000000 232.000000 54.877411 5.000000 12.000000 11.512000 0.918324 0.666667 6.582036 2.605362 18.731176 0.923077 0.702268 6.708204 153.434949 3.000000 -90.000000 
29.000000 231.000000 50.140896 1.000000 27.000000 23.785000 0.960537 0.613636 12.083643 3.361096 -84.420090 0.794118 0.467962 11.180340 -100.304846 3.969112 -7.125016 
43.000000 230.000000 35.365900 2.000000 6.000000 9.180000 0.873278 0.500000 5.155515 2.511882 26.062508 0.750000 0.496624 5.000000 143.130102 3.000000 -90.000000 
10.000000 234.000000 61.656520 2.000000 22.000000 16.309000 0.846204 0.628571 7.576790 4.037356 17.803654 0.880000 0.730747 7.615773 156.801409 4.743416 -108.434949 
22.000000 234.000000 33.728289 2.000000 9.000000 12.844000 0.900692 0.360000 6.541243 2.841890 39.089256 0.692308 0.442583 6.403124 128.659808 3.535534 45.000000 
48.000000 235.000000 54.207286 1.000000 37.000000 35.272000 0.989130 0.411111 18.885334 2.776929 77.474511 0.822222 0.315095 18.439089 102.528808 3.395499 14.036243 
27.000000 236.000000 28.972843 1.000000 13.000000 15.250000 0.970799 0.541667 9.329033 2.237988 78.374653 0.812500 0.482964 8.544004 110.556045 2.630384 9.462322 
19.000000 237.000000 30.081108 1.000000 5.000000 7.220000 0.845251 0.625000 4.243260 2.267468 87.144703 0.833333 0.585230 4.123106 104.036243 2.000000 0.000000 
57.000000 236.000000 53.586422 5.000000 6.000000 6.459000 0.778499 0.666667 3.829708 2.403701 45.000000 1.000000 0.818022 4.242641 135.000000 2.828427 -135.000000 
