346
31.000000 124.000000 9.695047 1.000000 9290.000000 591.556000 0.960084 0.604818 284.938839 79.700965 -0.293759 0.604818 0.330091 248.386795 165.068583 64.000000 -90.000000 
25.000000 5.000000 45.004689 1.000000 10.000000 13.282000 0.950777 0.476190 7.704943 2.387576 76.717474 0.769231 0.465879 7.280110 105.945396 3.000000 0.000000 
33.000000 6.000000 25.649964 8.000000 7.000000 7.592000 0.904042 0.583333 4.933730 2.108892 -56.599295 1.000000 0.763515 5.000000 -126.869898 2.683282 -26.565051 
40.000000 7.000000 33.622187 2.000000 7.000000 8.998000 0.928683 0.466667 5.674257 2.104437 -20.592963 0.875000 0.596897 5.385165 -158.198591 2.529822 108.434949 
57.000000 5.000000 52.606645 1.000000 16.000000 20.601000 0.947199 0.444444 10.640212 3.411754 76.614992 0.615385 0.356676 9.486833 108.434949 4.000000 0.000000 
19.000000 6.000000 32.884523 1.000000 8.000000 9.461000 0.910892 0.533333 5.710814 2.356539 76.243999 0.800000 0.632966 5.385165 111.801409 2.667892 -165.963757 
5.000000 10.000000 40.556621 6.000000 1.000000 0.000000 0.000000 1.000000 1.154701 1.154701 0.000000 1.000000 1.000000 1.414214 135.000000 1.000000 -90.000000 
21.000000 9.000000 24.253450 4.000000 4.000000 6.550000 0.946293 0.500000 4.820546 1.558527 17.608796 0.800000 0.535155 4.472136 153.434949 1.897367 -108.434949 
35.000000 8.000000 28.893003 6.000000 5.000000 5.814000 0.743786 0.555556 3.529850 2.359413 55.900705 0.833333 0.783414 3.605551 123.690068 2.683282 -153.434949 
17.000000 9.000000 68.393681 2.000000 22.000000 20.808000 0.967726 0.343750 11.258313 2.837127 -46.748353 0.846154 0.481988 11.313708 -135.000000 3.535534 -45.000000 
36.000000 10.000000 54.457801 1.000000 13.000000 16.590000 0.960121 0.406250 9.684848 2.707752 72.493711 0.650000 0.419594 8.544004 110.556045 3.333974 11.309932 
13.000000 10.000000 42.748409 1.000000 33.000000 28.011000 0.940254 0.458333 13.484951 4.591283 -11.325641 0.647059 0.427302 12.649111 -161.565051 6.000000 -90.000000 
56.000000 10.000000 53.965264 1.000000 19.000000 20.618000 0.876766 0.395833 8.248555 3.966867 -59.998907 0.791667 0.422947 8.944272 -116.565051 4.472136 -26.565051 
41.000000 12.000000 43.377915 2.000000 12.000000 11.810000 0.817933 0.500000 5.647076 3.248842 -0.298405 0.857143 0.674553 6.082763 170.537678 4.000000 -90.000000 
8.000000 14.000000 37.202971 3.000000 9.000000 8.998000 0.803349 0.562500 4.852812 2.889888 -40.513687 0.900000 0.767439 5.000000 -143.130102 3.328201 -56.309932 
53.000000 13.000000 59.330411 2.000000 22.000000 20.899000 0.835941 0.458333 8.504192 4.667269 16.709903 0.733333 0.478346 8.544004 159.443955 5.375872 71.565051 
60.000000 12.000000 51.084973 1.000000 10.000000 11.901000 0.771239 0.500000 5.202075 3.311356 41.861351 0.833333 0.555347 5.385165 158.198591 3.535534 45.000000 
27.000000 13.000000 78.325094 1.000000 26.000000 26.688000 0.947614 0.472727 11.665973 3.726304 77.610880 0.684211 0.367188 11.180340 100.304846 4.118439 -168.690068 
44.000000 15.000000 81.611568 8.000000 13.000000 12.844000 0.911809 0.433333 6.926358 2.844061 -51.028381 0.928571 0.639287 6.708204 -116.565051 3.400000 -36.869898 
39.000000 16.000000 38.694240 1.000000 6.000000 10.495000 0.851257 0.400000 5.537749 2.905933 8.130102 0.600000 0.405461 5.385165 158.198591 2.910428 -104.036243 
55.000000 15.000000 80.977912 1.000000 14.000000 14.994000 0.940227 0.500000 7.962163 2.711506 66.260350 0.823529 0.534902 8.062258 119.744881 3.478505 -161.565051 
6.000000 16.000000 46.651508 9.000000 5.000000 5.814000 0.743786 0.555556 3.529850 2.359413 55.900705 1.000000 0.783414 3.605551 123.690068 2.683282 26.565051 
19.000000 15.000000 47.710381 1.000000 15.000000 19.402000 0.848813 0.428571 7.950995 4.203637 -84.327491 0.652174 0.370898 7.280110 105.945396 5.000000 0.000000 
26.000000 18.000000 35.272705 2.000000 2.000000 2.812000 0.925820 0.500000 3.055050 1.154701 -45.000000 1.000000 0.709058 2.828427 -135.000000 1.414214 -45.000000 
32.000000 20.000000 40.523568 1.000000 31.000000 33.635000 0.951126 0.287037 15.012876 4.636000 57.089554 0.596154 0.288024 13.000000 112.619865 5.800000 -143.130102 
59.000000 19.000000 30.234807 1.000000 1.000000 0.000000 0.000000 1.000000 1.154701 1.154701 0.000000 1.000000 1.000000 1.414214 135.000000 1.000000 -90.000000 
8.000000 20.000000 61.100714 3.000000 25.000000 16.474000 0.882218 0.781250 8.381119 3.946176 11.697935 0.961538 0.816483 8.544004 159.443955 4.000000 -90.000000 
42.000000 18.000000 39.071779 1.000000 6.000000 6.922000 0.894483 0.750000 4.513541 2.018017 77.066822 0.857143 0.744483 4.472136 116.565051 2.000000 0.000000 
24.000000 18.000000 33.028409 11.000000 6.000000 10.313000 0.970039 0.300000 6.947121 1.687785 -50.929890 0.750000 0.416505 6.403124 -128.659808 2.121320 -45.000000 
49.000000 18.000000 74.794835 1.000000 18.000000 14.622000 0.518661 0.500000 6.173669 5.278363 38.316535 0.818182 0.716838 6.708204 153.434949 4.949747 45.000000 
13.000000 22.000000 32.018587 1.000000 12.000000 15.548000 0.963126 0.500000 8.684972 2.336695 76.391944 0.750000 0.431709 8.246211 104.036243 2.745626 11.309932 
40.000000 20.000000 40.317222 2.000000 5.000000 4.962000 0.765092 0.833333 3.306559 2.129163 -18.434949 1.000000 0.956808 3.605551 -146.309932 2.000000 -90.000000 
51.000000 22.000000 40.161482 1.000000 12.000000 10.867000 0.803034 0.600000 5.425435 3.233194 -83.917485 0.800000 0.768426 5.385165 111.801409 3.794733 -18.434949 
23.000000 23.000000 30.658247 5.000000 4.000000 5.053000 0.866025 0.666667 3.651484 1.825742 18.434949 1.000000 0.748540 3.605551 146.309932 2.000000 -90.000000 
56.000000 23.000000 53.993586 1.000000 8.000000 7.476000 0.866025 1.000000 4.618802 2.309401 90.000000 1.000000 0.891759 4.472136 116.565051 2.000000 0.000000 
6.000000 24.000000 24.717864 1.000000 6.000000 6.368000 0.877058 0.750000 4.163332 2.000000 -71.565051 1.000000 0.833753 4.472136 -116.565051 2.000000 0.000000 
26.000000 24.000000 37.744349 2.000000 9.000000 11.810000 0.951820 0.375000 7.204769 2.209394 60.977181 0.750000 0.505915 6.708204 116.565051 2.683282 26.565051 
41.000000 25.000000 40.685665 1.000000 37.000000 36.405000 0.976370 0.362745 19.557058 4.226391 -81.374371 0.587302 0.297299 17.464249 -103.240520 5.099020 168.690068 
52.000000 25.000000 37.041025 1.000000 2.000000 1.960000 0.866025 1.000000 2.309401 1.154701 0.000000 1.000000 0.965669 2.236068 153.434949 1.000000 -90.000000 
12.000000 27.000000 43.729018 1.000000 27.000000 25.117000 0.963768 0.337500 12.746585 3.400033 -54.770861 0.710526 0.424886 11.661904 -120.963757 4.301163 -35.537678 
59.000000 26.000000 23.089802 1.000000 6.000000 7.501000 0.932940 0.500000 5.134278 1.848505 -60.767396 0.857143 0.665681 5.000000 -126.869898 2.236068 -26.565051 
20.000000 26.000000 33.352775 3.000000 5.000000 6.368000 0.923687 0.625000 4.492622 1.721341 69.006394 0.833333 0.694794 4.472136 116.565051 2.000000 0.000000 
54.000000 29.000000 32.371722 1.000000 18.000000 17.806000 0.858369 0.514286 8.092044 4.151490 -66.608283 0.750000 0.515483 8.062258 -119.744881 4.801960 -30.963757 
6.000000 31.000000 36.531775 2.000000 14.000000 14.721000 0.957108 0.400000 8.620131 2.497510 29.718453 0.875000 0.551377 8.062258 150.255119 3.086975 -120.963757 
23.000000 27.000000 35.806320 5.000000 5.000000 5.814000 0.901281 0.555556 4.163332 1.803700 45.000000 1.000000 0.783414 4.242641 135.000000 2.121320 45.000000 
32.000000 27.000000 26.857242 7.000000 8.000000 9.552000 0.925959 0.533333 5.779562 2.182505 -67.146340 0.800000 0.623923 5.830952 -120.963757 2.683282 153.434949 
41.000000 30.000000 39.283136 1.000000 44.000000 50.961000 0.982633 0.349206 22.407524 4.157950 80.769399 0.556962 0.188898 21.377558 100.784298 5.239776 -176.423666 
23.000000 34.000000 32.351674 4.000000 17.000000 20.146000 0.960217 0.472222 10.591269 2.957660 15.892158 0.680000 0.393921 9.848858 156.037511 3.478505 71.565051 
14.000000 35.000000 51.082762 6.000000 22.000000 27.466000 0.983960 0.229167 14.237119 2.539775 -56.481435 0.709677 0.295103 13.892444 -120.256437 3.429972 -30.963757 
18.000000 31.000000 31.409250 1.000000 8.000000 8.998000 0.758360 0.500000 4.601221 2.999239 -54.589504 0.888889 0.682168 5.000000 -143.130102 3.478505 161.565051 
10.000000 37.000000 40.502103 3.000000 13.000000 20.345000 0.988702 0.206349 12.111337 1.815435 -56.013104 0.722222 0.296151 11.401754 -127.874984 2.496151 146.309932 
39.000000 35.000000 23.468786 11.000000 3.000000 3.093000 0.730297 0.750000 2.581989 1.763834 -45.000000 1.000000 0.969873 2.828427 -135.000000 2.000000 -90.000000 
57.000000 33.000000 36.498559 1.000000 9.000000 12.827000 0.748792 0.750000 5.179806 3.433204 -6.835654 0.750000 0.443526 5.000000 143.130102 3.000000 -90.000000 
60.000000 34.000000 44.441690 1.000000 8.000000 7.683000 0.856680 0.666667 4.653433 2.400464 -35.354977 1.000000 0.857979 5.000000 -143.130102 2.828427 -45.000000 
4.000000 36.000000 27.638938 5.000000 6.000000 9.643000 0.949846 0.600000 6.168970 1.929143 -10.625253 0.750000 0.461304 5.385165 -158.198591 2.000000 -90.000000 
49.000000 35.000000 50.831173 1.000000 30.000000 20.990000 0.820818 0.625000 8.675603 4.955415 -20.032663 0.909091 0.647380 9.219544 -139.398705 5.692100 108.434949 
36.000000 37.000000 29.166962 1.000000 9.000000 13.100000 0.965440 0.642857 7.735423 2.016052 88.578931 0.750000 0.428741 7.071068 98.130102 2.000000 0.000000 
46.000000 39.000000 65.328298 1.000000 31.000000 26.233000 0.958527 0.402597 13.668135 3.895439 -62.973643 0.738095 0.451469 13.038405 -122.471192 5.087990 147.994617 
53.000000 39.000000 39.033267 4.000000 8.000000 11.438000 0.968949 0.320000 7.161108 1.770650 42.766420 1.000000 0.472943 7.071068 135.000000 2.121320 45.000000 
28.000000 39.000000 45.521898 1.000000 22.000000 22.172000 0.932620 0.392857 11.495108 4.148113 56.756182 0.666667 0.431445 10.630146 131.185925 4.992302 -146.309932 
60.000000 39.000000 25.479231 2.000000 1.000000 0.000000 0.000000 1.000000 1.154701 1.154701 0.000000 1.000000 1.000000 1.414214 135.000000 1.000000 -90.000000 
9.000000 42.000000 38.085857 2.000000 21.000000 19.766000 0.936850 0.388889 9.951599 3.480383 -25.464671 0.777778 0.502887 10.000000 -143.130102 4.110961 -71.565051 
20.000000 41.000000 40.221815 1.000000 13.000000 13.960000 0.840702 0.541667 6.584192 3.565323 -7.705196 0.812500 0.558573 6.708204 -153.434949 3.880570 -75.963757 
37.000000 40.000000 21.027636 8.000000 1.000000 0.000000 0.000000 1.000000 1.154701 1.154701 0.000000 1.000000 1.000000 1.414214 135.000000 1.000000 -90.000000 
39.000000 44.000000 59.730554 1.000000 21.000000 21.089000 0.961145 0.333333 11.302771 3.120079 30.590745 0.700000 0.449470 10.816654 146.309932 4.024922 -116.565051 
58.000000 40.000000 24.295109 2.000000 2.000000 1.960000 0.866025 1.000000 2.309401 1.154701 90.000000 1.000000 0.965669 2.236068 116.565051 1.000000 0.000000 
31.000000 42.000000 51.602672 1.000000 1.000000 0.000000 0.000000 1.000000 1.154701 1.154701 0.000000 1.000000 1.000000 1.414214 135.000000 1.000000 -90.000000 
18.000000 44.000000 36.341221 1.000000 10.000000 10.222000 0.661080 0.500000 4.665884 3.500884 68.863155 0.833333 0.703661 5.099020 101.309932 4.000000 0.000000 
6.000000 46.000000 41.781737 1.000000 8.000000 10.015000 0.946606 0.533333 6.466838 2.084867 -74.321457 0.727273 0.580782 5.830952 -120.963757 2.425356 165.963757 
15.000000 45.000000 30.093302 1.000000 4.000000 4.590000 0.731925 0.666667 3.055050 2.081666 90.000000 1.000000 0.840876 3.162278 108.434949 2.000000 0.000000 
46.000000 45.000000 64.757395 1.000000 30.000000 22.379000 0.741609 0.476190 8.771202 5.884010 79.202112 0.769231 0.578828 9.486833 108.434949 6.640783 18.434949 
55.000000 45.000000 44.507093 1.000000 30.000000 31.931000 0.959287 0.357143 14.414619 4.071156 -66.546804 0.612245 0.306475 13.000000 -112.619865 5.500934 159.443955 
23.000000 46.000000 29.672414 1.000000 12.000000 20.982000 0.828879 0.333333 7.800411 4.363769 33.830641 0.545455 0.259124 7.211103 123.690068 4.801960 -120.963757 
14.000000 54.000000 33.272287 2.000000 30.000000 33.056000 0.973450 0.400000 17.708164 4.053371 6.197851 0.588235 0.287721 15.524175 165.068583 4.525483 -98.130102 
28.000000 49.000000 35.766189 1.000000 16.000000 18.658000 0.943883 0.333333 9.078842 2.998549 52.396602 0.761905 0.423090 9.433981 122.005383 3.535534 45.000000 
10.000000 47.000000 34.217738 7.000000 4.000000 4.590000 0.731925 0.666667 3.055050 2.081666 0.000000 1.000000 0.840876 3.162278 161.565051 2.000000 -90.000000 
6.000000 50.000000 41.113782 11.000000 7.000000 9.461000 0.954630 0.466667 6.296111 1.874953 -69.699353 0.777778 0.553845 5.830952 -120.963757 2.213594 -18.434949 
50.000000 49.000000 57.623548 1.000000 24.000000 25.100000 0.817684 0.444444 9.293852 5.350169 79.160705 0.705882 0.378131 9.486833 108.434949 6.000000 0.000000 
36.000000 51.000000 63.525985 2.000000 11.000000 16.582000 0.852207 0.392857 7.104262 3.716982 -4.357366 0.647059 0.355329 7.071068 171.869898 3.922323 101.309932 
43.000000 51.000000 56.796652 1.000000 18.000000 18.641000 0.899749 0.450000 8.446868 3.686284 -67.118974 0.720000 0.476720 8.602325 -125.537678 4.314555 -11.309932 
60.000000 50.000000 30.034285 1.000000 4.000000 5.624000 0.000000 0.444444 3.055050 3.055050 0.000000 0.800000 0.654195 3.162278 108.434949 2.828427 -45.000000 
4.000000 53.000000 24.328155 6.000000 2.000000 1.960000 0.866025 1.000000 2.309401 1.154701 0.000000 1.000000 0.965669 2.236068 153.434949 1.000000 -90.000000 
20.000000 56.000000 25.922487 1.000000 19.000000 24.868000 0.986778 0.395833 15.678857 2.541225 9.475798 0.612903 0.304334 12.649111 161.565051 3.111270 81.869898 
24.000000 52.000000 36.432914 1.000000 4.000000 7.402000 0.752083 0.444444 3.886558 2.561510 -34.721977 0.666667 0.452160 3.605551 -146.309932 2.683282 116.565051 
29.000000 53.000000 22.672842 9.000000 1.000000 0.000000 0.000000 1.000000 1.154701 1.154701 0.000000 1.000000 1.000000 1.414214 135.000000 1.000000 -90.000000 
40.000000 54.000000 54.994217 1.000000 21.000000 21.453000 0.940010 0.583333 10.507858 3.584721 -89.168933 0.677419 0.436265 9.486833 -108.434949 4.000000 0.000000 
50.000000 54.000000 59.260882 1.000000 34.000000 26.117000 0.938724 0.566667 13.101373 4.515632 87.801049 0.772727 0.499094 12.369317 104.036243 5.000000 0.000000 
7.000000 54.000000 23.267115 11.000000 2.000000 1.960000 0.866025 1.000000 2.309401 1.154701 90.000000 1.000000 0.965669 2.236068 116.565051 1.000000 0.000000 
30.000000 55.000000 20.660708 9.000000 1.000000 0.000000 0.000000 1.000000 1.154701 1.154701 0.000000 1.000000 1.000000 1.414214 135.000000 1.000000 -90.000000 
31.000000 57.000000 32.136062 1.000000 12.000000 22.743000 0.977778 0.240000 13.355980 2.800002 73.941912 0.444444 0.225065 11.180340 116.565051 3.478505 18.434949 
36.000000 57.000000 55.882372 2.000000 12.000000 10.958000 0.882039 0.666667 5.992948 2.823732 14.250680 0.923077 0.758539 6.324555 161.565051 3.000000 -90.000000 
42.000000 59.000000 31.982354 4.000000 1.000000 0.000000 0.000000 1.000000 1.154701 1.154701 0.000000 1.000000 1.000000 1.414214 135.000000 1.000000 -90.000000 
8.000000 60.000000 44.460239 1.000000 20.000000 21.800000 0.974540 0.606061 11.576258 2.595557 -82.047090 0.800000 0.404009 11.401754 -105.255119 3.000000 0.000000 
54.000000 59.000000 71.594933 1.000000 48.000000 32.394000 0.959710 0.640000 15.930524 4.476367 -84.981712 0.827586 0.477666 15.524175 -104.931417 4.888930 -5.194429 
30.000000 62.000000 32.727770 1.000000 3.000000 3.920000 0.942809 1.000000 3.464102 1.154701 90.000000 1.000000 0.756007 3.162278 108.434949 1.000000 0.000000 
16.000000 63.000000 38.821600 1.000000 14.000000 17.508000 0.849013 0.400000 7.735543 4.087248 85.206445 0.666667 0.412586 7.615773 113.198591 4.743416 -161.565051 
26.000000 62.000000 47.720502 1.000000 17.000000 15.341000 0.926193 0.708333 8.125712 3.063800 82.696631 1.000000 0.625364 8.246211 104.036243 3.000000 0.000000 
36.000000 63.000000 29.096237 1.000000 4.000000 4.408000 0.870424 0.666667 3.435909 1.691507 31.717474 1.000000 0.881907 3.605551 146.309932 2.000000 -90.000000 
47.000000 62.000000 58.601399 1.000000 28.000000 20.039000 0.836403 0.518519 8.832139 4.841023 -5.083429 0.875000 0.654815 9.219544 -167.471192 5.656854 98.130102 
43.000000 64.000000 45.694984 1.000000 25.000000 18.434000 0.805908 0.625000 7.916499 4.686888 -9.126312 0.833333 0.674877 8.544004 159.443955 4.706787 101.309932 
60.000000 66.000000 46.354096 1.000000 14.000000 13.381000 0.921140 0.666667 7.255992 2.824258 14.781536 0.875000 0.644439 7.615773 156.801409 3.000000 -90.000000 
31.000000 64.000000 29.786779 1.000000 8.000000 11.140000 0.926848 0.444444 6.446615 2.420295 79.322811 0.727273 0.492886 6.324555 108.434949 2.910428 -165.963757 
9.000000 66.000000 64.976371 1.000000 26.000000 19.468000 0.915339 0.650000 9.576121 3.856151 81.860013 0.896552 0.639143 10.049876 95.710593 4.000000 0.000000 
20.000000 66.000000 24.715901 1.000000 2.000000 2.812000 0.925820 0.500000 3.055050 1.154701 -45.000000 1.000000 0.709058 2.828427 -135.000000 1.414214 -45.000000 
54.000000 66.000000 51.069731 1.000000 35.000000 26.117000 0.881935 0.454545 11.613286 5.474158 -80.744175 0.744681 0.513773 11.704700 -109.983107 6.417436 163.300756 
25.000000 67.000000 43.900640 1.000000 11.000000 13.497000 0.850751 0.458333 6.276116 3.298536 71.458752 0.733333 0.499309 6.082763 99.462322 3.478505 18.434949 
34.000000 67.000000 76.972282 2.000000 10.000000 9.734000 0.871779 0.666667 5.408076 2.649411 11.436833 0.909091 0.758011 5.385165 158.198591 3.000000 -90.000000 
5.000000 68.000000 54.414740 1.000000 7.000000 7.402000 0.800314 0.583333 4.163332 2.496256 -30.963757 1.000000 0.791281 4.472136 -153.434949 2.828427 -45.000000 
13.000000 69.000000 42.833295 5.000000 17.000000 19.377000 0.918645 0.531250 8.792028 3.473597 5.826623 0.653846 0.421285 8.246211 165.963757 4.000000 -90.000000 
21.000000 71.000000 34.482116 2.000000 15.000000 13.679000 0.716771 0.500000 6.516413 4.543949 31.633953 0.789474 0.666221 6.708204 153.434949 4.919350 -116.565051 
31.000000 69.000000 67.383106 1.000000 12.000000 9.643000 0.773769 0.800000 5.029344 3.185929 -80.583124 1.000000 0.922608 5.385165 -111.801409 3.000000 0.000000 
26.000000 71.000000 48.127071 1.000000 1.000000 0.000000 0.000000 1.000000 1.154701 1.154701 0.000000 1.000000 1.000000 1.414214 135.000000 1.000000 -90.000000 
46.000000 69.000000 61.858952 1.000000 20.000000 18.823000 0.628836 0.476190 6.761008 5.256942 -35.642194 0.714286 0.520947 7.615773 -113.198591 6.000000 126.869898 
7.000000 71.000000 22.427797 1.000000 1.000000 0.000000 0.000000 1.000000 1.154701 1.154701 0.000000 1.000000 1.000000 1.414214 135.000000 1.000000 -90.000000 
33.000000 73.000000 65.561498 1.000000 18.000000 14.994000 0.815604 0.642857 6.974996 4.035803 5.097685 0.900000 0.687731 7.280110 164.054604 4.000000 -90.000000 
38.000000 71.000000 53.536495 1.000000 21.000000 22.677000 0.960872 0.375000 11.727307 3.248369 41.949224 0.750000 0.395880 10.630146 138.814075 4.242641 -135.000000 
52.000000 71.000000 102.593019 1.000000 48.000000 28.466000 0.928325 0.615385 13.392636 4.978964 75.876994 0.872727 0.603765 13.928388 111.037511 5.687368 -168.690068 
18.000000 73.000000 31.217425 1.000000 11.000000 16.863000 0.912396 0.343750 8.712121 3.565954 -82.603806 0.647059 0.345417 8.246211 -104.036243 3.781177 170.537678 
43.000000 75.000000 62.532099 1.000000 1.000000 0.000000 0.000000 1.000000 1.154701 1.154701 0.000000 1.000000 1.000000 1.414214 135.000000 1.000000 -90.000000 
58.000000 74.000000 45.120571 1.000000 20.000000 26.597000 0.854434 0.317460 9.705593 5.042631 53.732678 0.588235 0.284184 9.899495 135.000000 5.656854 45.000000 
38.000000 77.000000 45.596387 1.000000 1.000000 0.000000 0.000000 1.000000 1.154701 1.154701 0.000000 1.000000 1.000000 1.414214 135.000000 1.000000 -90.000000 
8.000000 77.000000 32.879539 2.000000 4.000000 5.053000 0.866025 0.666667 3.651484 1.825742 -71.565051 0.800000 0.748540 3.605551 -123.690068 2.000000 0.000000 
19.000000 76.000000 41.116639 1.000000 22.000000 26.316000 0.922471 0.488889 11.464708 4.426145 -79.721977 0.578947 0.318594 10.295630 -119.054604 5.000000 0.000000 
27.000000 76.000000 57.663216 1.000000 27.000000 26.705000 0.930735 0.540000 11.479814 4.198097 84.984524 0.658537 0.380876 10.440307 106.699244 5.000000 0.000000 
48.000000 78.000000 73.808554 1.000000 36.000000 32.320000 0.762087 0.514286 10.482165 6.786935 78.977850 0.692308 0.359746 10.770330 111.801409 7.000000 0.000000 
28.000000 81.000000 49.357027 3.000000 5.000000 6.550000 0.889464 0.625000 4.253087 1.943686 5.152423 1.000000 0.668944 4.123106 165.963757 2.000000 -90.000000 
57.000000 80.000000 25.195502 1.000000 17.000000 17.690000 0.890874 0.485714 7.981720 3.625694 -80.941238 0.708333 0.492282 7.280110 105.945396 4.510671 -11.309932 
19.000000 80.000000 36.191698 3.000000 2.000000 1.960000 0.866025 1.000000 2.309401 1.154701 90.000000 1.000000 0.965669 2.236068 116.565051 1.000000 0.000000 
11.000000 82.000000 24.687703 9.000000 2.000000 2.812000 0.925820 0.500000 3.055050 1.154701 -45.000000 1.000000 0.709058 2.828427 -135.000000 1.414214 -45.000000 
21.000000 82.000000 46.633585 2.000000 11.000000 17.045000 0.863739 0.392857 7.505245 3.782183 77.927229 0.611111 0.339216 7.071068 98.130102 4.000000 0.000000 
15.000000 83.000000 48.534589 1.000000 18.000000 15.457000 0.877201 0.642857 7.533001 3.616774 83.862107 0.857143 0.653916 7.280110 105.945396 4.000000 0.000000 
35.000000 82.000000 44.231672 1.000000 19.000000 16.772000 0.659727 0.527778 6.968014 5.236499 -60.811624 0.791667 0.602094 7.211103 -146.309932 5.366563 -26.565051 
41.000000 82.000000 66.272704 1.000000 32.000000 32.105000 0.841713 0.500000 11.172500 6.032311 -43.485891 0.653061 0.323687 10.630146 -138.814075 7.000000 143.130102 
60.000000 82.000000 49.329394 1.000000 10.000000 9.180000 0.776415 0.625000 4.745688 2.990837 49.065051 0.909091 0.827706 5.000000 126.869898 3.535534 45.000000 
54.000000 84.000000 102.241825 1.000000 21.000000 17.806000 0.807494 0.525000 7.549443 4.453236 84.882599 0.777778 0.601397 8.246211 -104.036243 5.000000 0.000000 
9.000000 86.000000 38.951717 2.000000 17.000000 13.307000 0.729362 0.566667 6.004962 4.108162 67.383070 0.944444 0.789589 6.324555 108.434949 4.743416 18.434949 
26.000000 84.000000 41.301946 2.000000 6.000000 7.501000 0.932940 0.500000 5.134278 1.848505 -60.767396 0.857143 0.665681 5.000000 -126.869898 2.236068 -26.565051 
32.000000 88.000000 57.141502 1.000000 1.000000 0.000000 0.000000 1.000000 1.154701 1.154701 0.000000 1.000000 1.000000 1.414214 135.000000 1.000000 -90.000000 
48.000000 85.000000 78.596507 1.000000 30.000000 34.950000 0.541553 0.476190 8.811548 7.407575 71.242977 0.681818 0.259820 9.219544 102.528808 7.000000 0.000000 
57.000000 88.000000 49.989393 1.000000 20.000000 22.396000 0.912931 0.444444 9.905733 4.042662 -7.599294 0.606061 0.385372 9.486833 161.565051 4.603172 99.462322 
13.000000 88.000000 23.791719 3.000000 8.000000 15.085000 0.969920 0.285714 9.019224 2.195510 -19.183743 0.533333 0.302614 7.615773 -156.801409 2.529822 -71.565051 
23.000000 89.000000 29.983368 5.000000 9.000000 9.552000 0.913743 0.600000 5.786612 2.351055 -23.645305 0.900000 0.701913 5.830952 -149.036243 2.846050 -71.565051 
5.000000 90.000000 44.986601 8.000000 4.000000 7.220000 0.966087 0.333333 5.361879 1.384531 -31.717474 0.800000 0.468184 5.000000 -143.130102 1.788854 -63.434949 
7.000000 88.000000 33.982840 2.000000 5.000000 8.510000 0.962333 0.500000 5.887652 1.600692 -11.749283 0.714286 0.462817 5.385165 -158.198591 1.940285 104.036243 
39.000000 88.000000 60.027184 1.000000 26.000000 21.734000 0.927786 0.520000 10.300369 3.843208 77.341744 0.838710 0.528003 10.440307 106.699244 4.314555 -168.690068 
31.000000 91.000000 37.679930 1.000000 2.000000 1.960000 0.866025 1.000000 2.309401 1.154701 0.000000 1.000000 0.965669 2.236068 153.434949 1.000000 -90.000000 
51.000000 90.000000 55.489585 1.000000 26.000000 24.248000 0.916561 0.520000 10.869264 4.346565 -83.914926 0.684211 0.435524 11.180340 -116.565051 4.949747 171.869898 
38.000000 92.000000 88.605523 1.000000 12.000000 11.396000 0.942809 1.000000 6.928203 2.309401 90.000000 1.000000 0.713520 6.324555 108.434949 2.000000 0.000000 
22.000000 93.000000 39.920776 1.000000 8.000000 8.328000 0.908403 0.800000 5.109174 2.136119 79.099295 1.000000 0.764194 5.385165 111.801409 2.000000 0.000000 
11.000000 96.000000 48.693714 1.000000 32.000000 27.747000 0.977879 0.290909 14.912236 3.119196 -40.476479 0.888889 0.421467 14.866069 -137.726311 4.242641 135.000000 
28.000000 94.000000 61.416365 1.000000 25.000000 19.584000 0.917761 0.555556 9.503221 3.774050 -69.055124 0.862069 0.608302 9.486833 -108.434949 4.427189 -18.434949 
46.000000 92.000000 119.665282 2.000000 14.000000 15.639000 0.880126 0.500000 7.294233 3.462867 -3.984805 0.736842 0.498792 7.280110 -164.054604 3.781177 99.462322 
59.000000 94.000000 41.508266 1.000000 20.000000 24.083000 0.894170 0.370370 9.891982 4.428923 25.175979 0.740741 0.339092 9.848858 156.037511 4.919350 63.434949 
19.000000 94.000000 29.301812 1.000000 4.000000 4.590000 0.731925 0.666667 3.055050 2.081666 90.000000 1.000000 0.840876 3.162278 108.434949 2.000000 0.000000 
40.000000 95.000000 102.189880 4.000000 18.000000 15.176000 0.900162 0.514286 7.685455 3.347446 32.061180 0.900000 0.674133 8.062258 150.255119 4.000000 53.130102 
51.000000 95.000000 65.817333 1.000000 31.000000 23.967000 0.918538 0.620000 10.938813 4.324469 82.516640 0.756098 0.530100 10.440307 106.699244 5.000000 0.000000 
25.000000 99.000000 31.235745 1.000000 17.000000 27.929000 0.972804 0.188889 14.018704 3.247152 -43.395893 0.500000 0.221289 12.806248 -141.340192 4.242641 135.000000 
36.000000 98.000000 66.186095 3.000000 27.000000 22.007000 0.841103 0.482143 9.287180 5.023197 -37.601995 0.750000 0.536471 9.219544 -139.398705 5.824352 123.690068 
42.000000 97.000000 141.030624 1.000000 13.000000 18.840000 0.934662 0.309524 9.104251 3.236897 54.857147 0.650000 0.338092 8.602325 125.537678 3.535534 45.000000 
30.000000 100.000000 30.208132 2.000000 8.000000 15.937000 0.948879 0.228571 8.966935 2.830325 32.868084 0.470588 0.276190 8.062258 150.255119 3.130495 63.434949 
45.000000 101.000000 216.583594 4.000000 31.000000 20.229000 0.865137 0.574074 9.373147 4.700960 -4.721621 0.861111 0.713234 9.219544 167.471192 6.000000 -90.000000 
52.000000 100.000000 58.122659 1.000000 19.000000 20.320000 0.918679 0.527778 9.341660 3.690004 -88.689325 0.678571 0.433759 9.219544 102.528808 4.000000 0.000000 
5.000000 110.000000 29.868349 6.000000 26.000000 40.408000 0.991166 0.260000 23.019860 3.052989 -10.093261 0.509804 0.172272 20.615528 -165.963757 3.881206 -79.992020 
61.000000 103.000000 32.254032 1.000000 8.000000 8.328000 0.894059 0.800000 5.033223 2.254625 0.000000 1.000000 0.764194 5.099020 168.690068 2.000000 -90.000000 
57.000000 101.000000 50.173917 1.000000 9.000000 8.146000 0.667390 0.750000 4.179851 3.112770 -78.018756 0.900000 0.887666 4.472136 116.565051 3.000000 0.000000 
18.000000 103.000000 26.311460 1.000000 11.000000 10.751000 0.892336 0.733333 6.022382 2.718329 82.027302 0.916667 0.716203 5.830952 120.963757 3.000000 0.000000 
22.000000 104.000000 23.719783 2.000000 1.000000 0.000000 0.000000 1.000000 1.154701 1.154701 0.000000 1.000000 1.000000 1.414214 135.000000 1.000000 -90.000000 
11.000000 109.000000 33.960769 1.000000 12.000000 14.423000 0.967652 0.428571 8.910172 2.247948 20.560738 0.705882 0.488782 8.062258 150.255119 2.846050 71.565051 
40.000000 106.000000 95.190686 2.000000 42.000000 27.838000 0.704009 0.466667 10.500364 7.457267 -41.831479 0.736842 0.549930 10.630146 -138.814075 7.778175 -45.000000 
20.000000 108.000000 35.578671 1.000000 5.000000 7.402000 0.882464 0.416667 4.587955 2.158086 25.670096 0.833333 0.565201 4.472136 153.434949 2.529822 -108.434949 
34.000000 107.000000 35.062598 1.000000 29.000000 43.213000 0.763110 0.263636 11.223277 7.253248 -56.173901 0.517857 0.169599 12.727922 -135.000000 7.071068 135.000000 
51.000000 108.000000 83.788950 1.000000 24.000000 25.398000 0.966702 0.363636 12.752556 3.263448 -71.908550 0.631579 0.370276 11.704700 -109.983107 4.555540 -12.528808 
59.000000 108.000000 39.939545 2.000000 15.000000 18.823000 0.804432 0.500000 7.138573 4.240636 47.474167 0.714286 0.390710 7.071068 135.000000 4.949747 45.000000 
25.000000 110.000000 41.115852 1.000000 1.000000 0.000000 0.000000 1.000000 1.154701 1.154701 0.000000 1.000000 1.000000 1.414214 135.000000 1.000000 -90.000000 
47.000000 110.000000 120.474537 1.000000 19.000000 17.533000 0.925691 0.452381 8.937500 3.380890 -38.944848 0.826087 0.558585 9.219544 -139.398705 4.200000 -53.130102 
61.000000 110.000000 23.447252 1.000000 3.000000 4.590000 0.928995 0.500000 3.854129 1.426385 28.154966 1.000000 0.630657 3.605551 146.309932 1.788854 63.434949 
18.000000 111.000000 46.915092 1.000000 18.000000 24.728000 0.668994 0.600000 7.227128 5.371689 42.819214 0.692308 0.291220 7.810250 140.194429 5.000000 -90.000000 
29.000000 114.000000 25.768534 5.000000 8.000000 10.288000 0.956611 0.666667 6.470141 1.885191 11.525650 0.888889 0.557409 6.324555 161.565051 2.000000 -90.000000 
55.000000 114.000000 55.042715 1.000000 2.000000 1.960000 0.866025 1.000000 2.309401 1.154701 90.000000 1.000000 0.965669 2.236068 116.565051 1.000000 0.000000 
13.000000 113.000000 44.966229 1.000000 13.000000 12.645000 0.909528 0.541667 6.843664 2.844518 -71.173022 0.812500 0.655506 6.708204 -116.565051 3.162278 -18.434949 
22.000000 114.000000 38.559215 6.000000 4.000000 6.368000 0.958153 0.500000 4.964579 1.421135 22.500000 0.800000 0.555835 4.472136 153.434949 1.788854 63.434949 
45.000000 114.000000 82.647878 1.000000 32.000000 24.174000 0.899245 0.507937 10.566889 4.622434 -28.808129 0.800000 0.538938 11.401754 -142.125016 5.570860 -68.198591 
24.000000 114.000000 49.916217 2.000000 9.000000 10.958000 0.933198 0.500000 6.472857 2.326105 9.806047 0.818182 0.568904 6.082763 170.537678 2.667892 75.963757 
35.000000 117.000000 43.044034 2.000000 13.000000 12.736000 0.933043 0.619048 7.186809 2.585553 13.390427 0.928571 0.648013 7.280110 164.054604 3.000000 -90.000000 
17.000000 116.000000 30.510273 1.000000 6.000000 9.362000 0.832469 0.500000 4.808685 2.664353 61.845034 0.750000 0.482271 5.000000 126.869898 3.000000 0.000000 
52.000000 117.000000 68.645297 1.000000 26.000000 21.552000 0.659487 0.541667 7.789962 5.855840 75.752181 0.787879 0.535815 8.544004 110.556045 6.000000 0.000000 
29.000000 119.000000 36.249202 1.000000 18.000000 19.104000 0.964163 0.500000 10.274119 2.725829 -72.811080 0.818182 0.457082 9.848858 -113.962489 3.162278 -18.434949 
46.000000 118.000000 43.190160 5.000000 3.000000 3.093000 0.730297 0.750000 2.581989 1.763834 45.000000 1.000000 0.969873 2.828427 135.000000 2.000000 -90.000000 
59.000000 117.000000 41.506744 1.000000 10.000000 9.825000 0.794719 0.625000 5.033223 3.055050 45.000000 1.000000 0.747409 5.656854 135.000000 3.535534 45.000000 
13.000000 120.000000 40.413252 4.000000 21.000000 21.362000 0.949406 0.388889 10.536144 3.308904 24.131473 0.724138 0.439511 9.848858 156.037511 4.437602 56.309932 
23.000000 119.000000 34.316730 5.000000 6.000000 8.328000 0.951618 0.600000 5.664082 1.740486 14.655004 0.857143 0.573146 5.385165 158.198591 2.000000 -90.000000 
36.000000 119.000000 28.126802 2.000000 3.000000 4.590000 0.928995 0.500000 3.854129 1.426385 61.845034 0.750000 0.630657 3.605551 123.690068 1.788854 -153.434949 
45.000000 121.000000 43.730417 1.000000 22.000000 21.263000 0.934985 0.611111 10.068933 3.571321 -87.174474 0.785714 0.464183 9.219544 102.528808 4.000000 0.000000 
19.000000 128.000000 43.155792 4.000000 34.000000 26.134000 0.946621 0.566667 12.771668 4.116928 7.845261 0.755556 0.498514 12.369317 165.963757 5.000000 -90.000000 
36.000000 122.000000 40.220567 1.000000 15.000000 19.286000 0.954689 0.416667 10.125615 3.013440 85.799295 0.652174 0.374745 9.219544 102.528808 4.000000 0.000000 
55.000000 122.000000 75.845449 1.000000 43.000000 29.227000 0.895766 0.597222 12.234012 5.438326 89.744038 0.796296 0.515740 12.165525 99.462322 6.000000 0.000000 
8.000000 123.000000 32.581514 1.000000 8.000000 14.051000 0.959703 0.333333 8.415685 2.364934 -67.577636 0.571429 0.340108 7.211103 -123.690068 2.785430 -21.801409 
4.000000 125.000000 26.132667 5.000000 8.000000 12.430000 0.972739 0.571429 7.571878 1.755942 0.000000 0.800000 0.414604 7.071068 171.869898 2.000000 -90.000000 
29.000000 124.000000 43.851005 1.000000 15.000000 20.783000 0.949769 0.416667 10.663019 3.337000 78.619785 0.625000 0.329315 9.219544 102.528808 4.000000 0.000000 
61.000000 123.000000 68.597014 1.000000 4.000000 4.408000 0.870424 0.666667 3.435909 1.691507 31.717474 1.000000 0.881907 3.605551 146.309932 2.000000 -90.000000 
23.000000 125.000000 33.207222 1.000000 5.000000 5.624000 0.000000 0.555556 2.780887 2.780887 0.000000 1.000000 0.817744 3.162278 108.434949 2.828427 -45.000000 
34.000000 127.000000 42.640357 2.000000 10.000000 10.867000 0.793316 0.666667 5.166522 3.145428 -8.872336 0.833333 0.640355 5.385165 158.198591 3.000000 -90.000000 
41.000000 127.000000 32.718892 1.000000 12.000000 16.590000 0.957272 0.500000 8.965945 2.592862 80.126582 0.705882 0.387317 8.544004 110.556045 2.941742 -168.690068 
11.000000 126.000000 34.979496 1.000000 13.000000 12.736000 0.873405 0.541667 6.476783 3.154159 -22.380135 0.866667 0.648013 6.708204 -153.434949 3.638034 -75.963757 
27.000000 132.000000 49.075805 7.000000 33.000000 29.806000 0.983956 0.294643 16.489490 2.941943 -28.865451 0.804878 0.382011 15.652476 -153.434949 3.788015 -60.945396 
50.000000 128.000000 114.648096 1.000000 41.000000 34.371000 0.597937 0.410000 10.005781 8.020062 -47.348924 0.650794 0.366134 10.816654 -146.309932 8.485281 -45.000000 
57.000000 130.000000 50.339308 1.000000 33.000000 22.106000 0.487564 0.589286 8.051423 7.029593 50.440700 0.750000 0.650555 8.602325 125.537678 7.000000 0.000000 
37.000000 130.000000 27.605615 1.000000 6.000000 10.495000 0.931787 0.600000 6.075653 2.205497 -1.589915 0.666667 0.405461 5.385165 -158.198591 2.000000 -90.000000 
15.000000 133.000000 40.494142 4.000000 4.000000 6.368000 0.958153 0.500000 4.964579 1.421135 -22.500000 0.800000 0.555835 4.472136 -153.434949 1.788854 -63.434949 
9.000000 135.000000 23.016676 4.000000 8.000000 12.248000 0.976629 0.571429 7.831560 1.683251 11.309932 0.800000 0.424469 7.280110 164.054604 2.000000 -90.000000 
32.000000 132.000000 51.073955 6.000000 14.000000 15.730000 0.939443 0.583333 7.827323 2.682461 -15.140671 0.823529 0.493993 8.544004 -159.443955 3.000000 -90.000000 
4.000000 133.000000 20.945398 9.000000 1.000000 0.000000 0.000000 1.000000 1.154701 1.154701 0.000000 1.000000 1.000000 1.414214 135.000000 1.000000 -90.000000 
35.000000 134.000000 26.079797 4.000000 3.000000 4.590000 0.928995 0.500000 3.854129 1.426385 28.154966 1.000000 0.630657 3.605551 146.309932 1.788854 63.434949 
40.000000 135.000000 32.123693 2.000000 8.000000 9.552000 0.877927 0.533333 5.424193 2.597074 -7.018122 0.888889 0.623923 5.385165 -158.198591 2.910428 -75.963757 
23.000000 138.000000 39.497871 3.000000 27.000000 26.233000 0.969355 0.321429 13.293421 3.265719 -21.771639 0.750000 0.393215 13.416408 -153.434949 4.201806 -66.801409 
46.000000 136.000000 47.820533 1.000000 22.000000 20.064000 0.960590 0.349206 10.829345 3.010212 -52.697408 0.846154 0.513390 10.295630 -119.054604 3.713070 -39.805571 
7.000000 141.000000 30.668764 3.000000 21.000000 26.870000 0.967961 0.350000 12.822548 3.219757 -13.548056 0.617647 0.292989 12.649111 -161.565051 4.743416 -71.565051 
16.000000 137.000000 42.924945 3.000000 17.000000 15.341000 0.926193 0.708333 8.125712 3.063800 -7.303369 0.894737 0.625364 8.246211 -165.963757 3.000000 -90.000000 
37.000000 137.000000 32.500044 6.000000 9.000000 10.685000 0.897940 0.450000 6.108609 2.688513 -59.965756 0.818182 0.591592 5.830952 -120.963757 3.478505 -18.434949 
53.000000 134.000000 75.007629 4.000000 21.000000 15.548000 0.662754 0.700000 6.270599 4.695658 2.651699 0.840000 0.755491 6.708204 153.434949 5.000000 -90.000000 
60.000000 135.000000 74.203932 1.000000 11.000000 9.461000 0.812170 0.687500 5.104959 2.978342 -52.125016 0.916667 0.870328 5.656854 -135.000000 3.535534 -45.000000 
34.000000 138.000000 38.004338 10.000000 3.000000 3.920000 0.942809 1.000000 3.464102 1.154701 0.000000 1.000000 0.756007 3.162278 161.565051 1.000000 -90.000000 
57.000000 137.000000 63.291495 1.000000 29.000000 20.229000 0.899418 0.644444 9.638645 4.212946 -14.723122 0.906250 0.667219 9.486833 -161.565051 4.743416 -71.565051 
33.000000 140.000000 30.030275 10.000000 2.000000 1.960000 0.866025 1.000000 2.309401 1.154701 90.000000 1.000000 0.965669 2.236068 116.565051 1.000000 0.000000 
44.000000 140.000000 36.521964 1.000000 20.000000 24.157000 0.970751 0.363636 13.627952 3.271939 -81.768280 0.571429 0.337256 11.401754 -105.255119 4.013213 -12.528808 
52.000000 140.000000 44.783612 1.000000 10.000000 9.924000 0.917200 0.666667 6.056681 2.413148 -70.762882 0.909091 0.736125 5.830952 -120.963757 2.846050 161.565051 
37.000000 141.000000 55.087788 1.000000 14.000000 12.455000 0.861739 0.777778 6.244691 3.168257 -86.437492 0.933333 0.723233 6.324555 -108.434949 3.000000 0.000000 
30.000000 143.000000 68.125861 1.000000 21.000000 17.698000 0.948049 0.583333 9.627873 3.062869 72.303673 0.913043 0.607646 9.486833 108.434949 3.713907 -158.198591 
60.000000 142.000000 40.043244 1.000000 7.000000 8.626000 0.294617 0.437500 3.879126 3.706952 45.000000 0.777778 0.635232 4.242641 135.000000 3.535534 45.000000 
54.000000 144.000000 47.980214 1.000000 15.000000 19.774000 0.945711 0.312500 10.091894 3.279958 55.859174 0.600000 0.358954 8.944272 116.565051 4.160251 -146.309932 
25.000000 145.000000 41.713318 1.000000 4.000000 4.590000 0.731925 0.666667 3.055050 2.081666 90.000000 1.000000 0.840876 3.162278 108.434949 2.000000 0.000000 
60.000000 146.000000 46.262939 7.000000 14.000000 13.960000 0.952343 0.500000 8.151300 2.486394 -26.658189 0.823529 0.601540 8.062258 -150.255119 3.130495 116.565051 
45.000000 146.000000 57.876965 1.000000 26.000000 21.064000 0.942572 0.650000 11.144339 3.722228 87.785566 0.787879 0.557637 10.198039 -101.309932 4.000000 0.000000 
18.000000 147.000000 25.946273 1.000000 7.000000 7.592000 0.815930 0.583333 4.429339 2.560825 71.565051 0.875000 0.763515 4.472136 116.565051 2.846050 18.434949 
38.000000 149.000000 47.520804 1.000000 11.000000 12.645000 0.882624 0.611111 6.550177 3.079100 -82.432082 0.687500 0.554659 6.324555 108.434949 3.000000 0.000000 
52.000000 150.000000 28.543373 8.000000 7.000000 14.440000 0.988946 0.200000 9.595362 1.422768 -33.018756 0.700000 0.284572 8.602325 -144.462322 1.941451 -56.309932 
21.000000 149.000000 27.392385 1.000000 7.000000 7.592000 0.904042 0.583333 4.933730 2.108892 -56.599295 1.000000 0.763515 5.000000 -126.869898 2.683282 -26.565051 
11.000000 149.000000 36.358806 1.000000 12.000000 17.062000 0.948823 0.285714 8.900055 2.810719 -47.144577 0.750000 0.369431 8.602325 -125.537678 2.828427 -45.000000 
30.000000 151.000000 32.775244 1.000000 5.000000 7.402000 0.765173 0.555556 3.931770 2.531373 40.934949 0.833333 0.565201 4.242641 135.000000 2.828427 -135.000000 
24.000000 151.000000 27.202438 11.000000 1.000000 0.000000 0.000000 1.000000 1.154701 1.154701 0.000000 1.000000 1.000000 1.414214 135.000000 1.000000 -90.000000 
26.000000 151.000000 24.496854 10.000000 1.000000 0.000000 0.000000 1.000000 1.154701 1.154701 0.000000 1.000000 1.000000 1.414214 135.000000 1.000000 -90.000000 
43.000000 151.000000 39.329797 1.000000 12.000000 11.628000 0.894847 0.500000 6.289817 2.807606 -66.576195 0.857143 0.691280 6.324555 -108.434949 3.130495 -26.565051 
11.000000 153.000000 30.837904 3.000000 17.000000 17.508000 0.950185 0.472222 9.604753 2.993676 -17.109111 0.809524 0.500998 9.486833 -161.565051 3.571375 105.945396 
35.000000 153.000000 55.301793 1.000000 35.000000 25.009000 0.929353 0.437500 12.211939 4.508552 -57.661481 0.777778 0.555013 11.661904 -120.963757 5.366563 153.434949 
28.000000 154.000000 41.230408 2.000000 12.000000 10.958000 0.870719 0.666667 5.853881 2.878825 72.815150 0.923077 0.758539 6.324555 108.434949 3.000000 0.000000 
46.000000 156.000000 44.312586 1.000000 32.000000 35.545000 0.982304 0.426667 18.759816 3.513594 77.872604 0.615385 0.268682 15.811388 108.434949 4.465250 7.125016 
58.000000 155.000000 47.355338 1.000000 14.000000 13.290000 0.942514 0.666667 7.648617 2.555910 -74.703343 0.875000 0.651596 7.615773 -113.198591 3.000000 0.000000 
21.000000 156.000000 39.921066 1.000000 16.000000 17.880000 0.957708 0.592593 9.957179 2.865094 -88.502920 0.695652 0.454987 9.219544 -102.528808 3.000000 0.000000 
8.000000 157.000000 26.234159 1.000000 8.000000 9.461000 0.910892 0.533333 5.710814 2.356539 -76.243999 0.800000 0.632966 5.385165 -111.801409 2.667892 165.963757 
35.000000 157.000000 29.073695 1.000000 5.000000 6.550000 0.889464 0.625000 4.253087 1.943686 -84.847577 1.000000 0.668944 4.123106 104.036243 2.000000 0.000000 
15.000000 160.000000 37.720432 1.000000 20.000000 20.064000 0.970336 0.317460 11.298056 2.731410 -36.074995 0.833333 0.466718 10.295630 -150.945396 3.371182 -54.462322 
28.000000 158.000000 28.623415 10.000000 9.000000 11.628000 0.969138 0.375000 7.542445 1.859355 -56.766174 0.900000 0.518460 7.211103 -123.690068 2.496151 146.309932 
50.000000 161.000000 31.882743 1.000000 31.000000 36.629000 0.964171 0.387500 17.804680 4.723280 -86.443113 0.492063 0.246290 16.031220 93.576334 5.000000 0.000000 
42.000000 163.000000 40.931621 2.000000 1.000000 0.000000 0.000000 1.000000 1.154701 1.154701 0.000000 1.000000 1.000000 1.414214 135.000000 1.000000 -90.000000 
35.000000 165.000000 37.144264 1.000000 19.000000 29.971000 0.973658 0.243590 16.761153 3.821749 78.654862 0.404255 0.217759 13.928388 111.037511 4.767571 -170.537678 
49.000000 165.000000 36.512585 2.000000 4.000000 4.590000 0.731925 0.666667 3.055050 2.081666 0.000000 1.000000 0.840876 3.162278 161.565051 2.000000 -90.000000 
57.000000 166.000000 24.291925 1.000000 4.000000 7.220000 0.966087 0.333333 5.361879 1.384531 58.282526 0.800000 0.468184 5.000000 126.869898 1.788854 26.565051 
13.000000 165.000000 27.846522 1.000000 9.000000 13.100000 0.966232 0.642857 7.497862 1.932015 80.100562 0.818182 0.428741 7.280110 105.945396 2.000000 0.000000 
22.000000 167.000000 33.559007 1.000000 23.000000 22.470000 0.973347 0.383333 12.730552 2.919606 -69.368815 0.741935 0.440620 11.661904 -120.963757 3.745317 -20.556045 
45.000000 166.000000 43.226077 1.000000 19.000000 19.030000 0.916937 0.527778 8.805907 3.513836 -88.168099 0.730769 0.485702 9.219544 -102.528808 4.000000 0.000000 
53.000000 167.000000 47.415489 1.000000 17.000000 14.605000 0.917310 0.809524 7.784723 3.099678 -81.412048 0.894737 0.678311 7.615773 -113.198591 3.000000 0.000000 
31.000000 168.000000 32.155569 1.000000 11.000000 15.060000 0.971891 0.687500 8.525690 2.007201 82.178877 0.846154 0.417238 8.246211 104.036243 2.000000 0.000000 
13.000000 171.000000 28.100885 2.000000 7.000000 7.683000 0.771307 0.583333 4.207199 2.677728 14.872441 1.000000 0.750732 4.472136 153.434949 3.000000 -90.000000 
60.000000 171.000000 38.721764 1.000000 7.000000 10.586000 0.818841 0.437500 5.248677 3.012847 49.065051 0.700000 0.466787 5.000000 126.869898 3.328201 33.690068 
7.000000 173.000000 30.167324 1.000000 12.000000 15.548000 0.963126 0.500000 8.684972 2.336695 -76.391944 0.750000 0.431709 8.246211 -104.036243 2.745626 -11.309932 
22.000000 174.000000 38.475348 1.000000 33.000000 35.942000 0.988601 0.366667 18.746494 2.822514 -77.239244 0.702128 0.271478 18.439089 -102.528808 3.624341 169.380345 
48.000000 173.000000 34.362910 1.000000 29.000000 35.917000 0.993176 0.402778 20.480916 2.388575 84.494351 0.644444 0.238877 18.248288 99.462322 3.063623 4.085617 
12.000000 177.000000 42.661796 3.000000 15.000000 14.026000 0.929153 0.714286 7.820039 2.891038 4.807285 0.882353 0.639562 7.280110 164.054604 3.000000 -90.000000 
37.000000 176.000000 41.145440 1.000000 24.000000 20.990000 0.945373 0.480000 10.606137 3.457499 71.362417 0.800000 0.517904 10.770330 111.801409 4.274374 -170.537678 
57.000000 178.000000 42.966577 4.000000 30.000000 30.798000 0.942826 0.454545 13.524097 4.507391 15.682262 0.612245 0.327279 12.529964 151.389540 5.472705 -95.710593 
44.000000 177.000000 56.107721 1.000000 24.000000 19.286000 0.949850 0.600000 10.376241 3.244698 -78.128552 0.888889 0.599592 10.198039 -101.309932 3.726207 168.690068 
15.000000 180.000000 35.365459 1.000000 16.000000 15.548000 0.938621 0.500000 8.351224 2.880752 66.881796 0.888889 0.575612 8.544004 110.556045 3.577709 26.565051 
49.000000 180.000000 23.180136 1.000000 4.000000 6.550000 0.946293 0.500000 4.820546 1.558527 17.608796 0.800000 0.535155 4.472136 153.434949 1.897367 -108.434949 
8.000000 182.000000 73.098910 1.000000 26.000000 20.601000 0.907424 0.577778 9.425900 3.960922 78.376365 0.866667 0.579598 9.219544 102.528808 4.365641 14.036243 
44.000000 186.000000 35.358973 1.000000 19.000000 23.876000 0.983411 0.316667 12.969669 2.352590 68.725598 0.760000 0.327092 13.000000 112.619865 3.156821 -158.198591 
60.000000 184.000000 29.469346 1.000000 4.000000 5.053000 0.866025 0.666667 3.651484 1.825742 71.565051 0.800000 0.748540 3.605551 123.690068 2.000000 0.000000 
4.000000 185.000000 42.656165 2.000000 2.000000 1.960000 0.866025 1.000000 2.309401 1.154701 0.000000 1.000000 0.965669 2.236068 153.434949 1.000000 -90.000000 
12.000000 188.000000 35.628982 1.000000 1.000000 0.000000 0.000000 1.000000 1.154701 1.154701 0.000000 1.000000 1.000000 1.414214 135.000000 1.000000 -90.000000 
22.000000 186.000000 32.943033 1.000000 5.000000 7.013000 0.931488 0.625000 4.881890 1.775899 -79.099295 0.833333 0.609333 4.472136 -116.565051 2.000000 0.000000 
58.000000 188.000000 34.556037 1.000000 12.000000 12.736000 0.954612 0.571429 7.580114 2.257749 -71.163812 0.923077 0.598166 7.615773 -113.198591 2.846050 161.565051 
17.000000 190.000000 39.753132 1.000000 26.000000 25.654000 0.946879 0.371429 12.484008 4.014722 58.373671 0.702703 0.394032 12.206556 124.992020 5.200000 -143.130102 
26.000000 188.000000 32.728873 1.000000 9.000000 9.552000 0.909561 0.600000 5.649746 2.347866 -70.536228 0.900000 0.701913 5.830952 -120.963757 2.846050 -18.434949 
46.000000 191.000000 44.055559 1.000000 26.000000 28.565000 0.986290 0.309524 16.703915 2.756545 73.552684 0.684211 0.325001 14.866069 109.653824 3.638034 14.036243 
8.000000 194.000000 46.470203 1.000000 19.000000 21.470000 0.978523 0.263889 11.576423 2.386345 43.653788 0.904762 0.394170 12.041595 138.366461 2.828427 45.000000 
23.000000 195.000000 50.394085 1.000000 38.000000 42.401000 0.987925 0.422222 22.262833 3.449229 80.838968 0.584615 0.230228 18.681542 105.524111 4.255180 5.194429 
36.000000 193.000000 63.216498 1.000000 22.000000 16.168000 0.918367 0.916667 8.575062 3.393398 90.000000 1.000000 0.741458 8.246211 104.036243 3.000000 0.000000 
47.000000 198.000000 53.879959 1.000000 69.000000 52.367000 0.986228 0.250000 26.721519 4.419542 60.931602 0.690000 0.281409 25.942244 117.552812 5.830952 -149.036243 
40.000000 195.000000 27.817712 10.000000 3.000000 3.093000 0.730297 0.750000 2.581989 1.763834 45.000000 1.000000 0.969873 2.828427 135.000000 2.000000 -90.000000 
35.000000 198.000000 30.556094 9.000000 6.000000 14.060000 0.992933 0.166667 9.729680 1.154701 -45.000000 1.000000 0.254814 8.485281 -135.000000 1.414214 -45.000000 
13.000000 197.000000 24.244237 1.000000 5.000000 8.328000 0.923360 0.416667 5.496643 2.110351 31.717474 0.714286 0.477622 5.000000 143.130102 2.496151 56.309932 
21.000000 199.000000 41.145009 1.000000 22.000000 23.206000 0.970060 0.611111 12.864678 3.124385 88.125727 0.733333 0.398245 12.041595 94.763642 3.000000 0.000000 
56.000000 200.000000 72.384667 1.000000 9.000000 14.250000 0.458368 0.360000 4.944132 4.394160 -45.000000 0.692308 0.373916 5.099020 101.309932 4.242641 -45.000000 
51.000000 200.000000 39.280375 2.000000 5.000000 4.962000 0.765092 0.833333 3.306559 2.129163 18.434949 1.000000 0.956808 3.605551 146.309932 2.000000 -90.000000 
28.000000 200.000000 25.965278 1.000000 7.000000 13.282000 0.929309 0.388889 6.992567 2.582369 -74.138199 0.700000 0.326116 6.324555 -108.434949 3.000000 0.000000 
8.000000 202.000000 34.212005 1.000000 7.000000 8.626000 0.861379 0.437500 4.783759 2.429972 -45.000000 0.875000 0.635232 5.000000 -143.130102 2.828427 -45.000000 
33.000000 202.000000 31.597085 2.000000 8.000000 11.512000 0.956317 0.666667 7.080428 2.069832 -82.413542 0.800000 0.468179 6.324555 -108.434949 2.000000 0.000000 
53.000000 202.000000 50.791787 1.000000 10.000000 9.089000 0.398780 0.625000 4.027815 3.693694 59.872441 0.909091 0.840069 4.472136 116.565051 4.000000 -90.000000 
15.000000 200.000000 42.580183 1.000000 11.000000 11.140000 0.873401 0.611111 5.868037 2.857743 2.309962 0.916667 0.677718 6.082763 170.537678 3.000000 -90.000000 
24.000000 203.000000 23.676332 4.000000 4.000000 4.590000 0.731925 0.666667 3.055050 2.081666 0.000000 1.000000 0.840876 3.162278 161.565051 2.000000 -90.000000 
45.000000 205.000000 35.380919 1.000000 26.000000 29.318000 0.984433 0.265306 15.806937 2.778249 66.069786 0.742857 0.310097 15.231546 113.198591 3.577709 26.565051 
59.000000 202.000000 69.201836 1.000000 9.000000 9.370000 0.894762 0.600000 5.586501 2.494614 -72.652423 0.900000 0.722482 5.385165 -111.801409 2.846050 161.565051 
6.000000 204.000000 50.455089 1.000000 17.000000 13.125000 0.804803 0.566667 6.308792 3.744532 -59.658768 0.944444 0.807357 6.708204 -116.565051 4.242641 -45.000000 
28.000000 205.000000 28.904731 1.000000 9.000000 10.015000 0.927417 0.600000 6.110940 2.285676 -74.034659 0.818182 0.653380 5.830952 -120.963757 2.667892 165.963757 
21.000000 206.000000 53.794208 1.000000 15.000000 16.210000 0.881543 0.428571 7.461840 3.522759 70.434800 0.789474 0.503347 7.280110 105.945396 4.365641 14.036243 
50.000000 207.000000 21.460704 10.000000 2.000000 2.812000 0.925820 0.500000 3.055050 1.154701 -45.000000 1.000000 0.709058 2.828427 -135.000000 1.414214 -45.000000 
34.000000 207.000000 36.065863 4.000000 9.000000 8.717000 0.694350 0.562500 4.291184 3.088099 -55.427229 1.000000 0.804241 4.472136 -153.434949 3.535534 135.000000 
53.000000 207.000000 29.765225 1.000000 5.000000 4.962000 0.765092 0.833333 3.306559 2.129163 -71.565051 1.000000 0.956808 3.605551 -123.690068 2.000000 0.000000 
11.000000 207.000000 36.517067 7.000000 13.000000 13.125000 0.786365 0.520000 5.900976 3.645399 -56.930088 0.866667 0.617391 6.403124 -128.659808 4.242641 -45.000000 
17.000000 208.000000 36.847711 1.000000 10.000000 10.214000 0.710448 0.500000 4.736589 3.333375 78.347555 0.909091 0.704504 5.099020 101.309932 3.794733 -161.565051 
32.000000 210.000000 56.488069 1.000000 14.000000 11.529000 0.484123 0.560000 4.758094 4.163332 -26.565051 1.000000 0.817415 5.385165 -158.198591 4.242641 -45.000000 
46.000000 210.000000 33.254476 1.000000 23.000000 25.166000 0.981655 0.442308 13.918818 2.653830 77.410801 0.766667 0.360688 13.341664 102.994617 3.395499 14.036243 
20.000000 212.000000 23.149938 1.000000 10.000000 13.770000 0.957559 0.476190 7.419757 2.138661 -19.670259 0.769231 0.439381 7.615773 -156.801409 2.683282 -63.434949 
57.000000 210.000000 40.758379 1.000000 18.000000 14.605000 0.836698 0.642857 6.945896 3.804022 -77.916685 0.947368 0.718212 7.615773 -113.198591 4.000000 0.000000 
13.000000 211.000000 21.276935 6.000000 1.000000 0.000000 0.000000 1.000000 1.154701 1.154701 0.000000 1.000000 1.000000 1.414214 135.000000 1.000000 -90.000000 
51.000000 212.000000 34.119688 1.000000 1.000000 0.000000 0.000000 1.000000 1.154701 1.154701 0.000000 1.000000 1.000000 1.414214 135.000000 1.000000 -90.000000 
15.000000 212.000000 23.313023 1.000000 3.000000 3.093000 0.730297 0.750000 2.581989 1.763834 45.000000 1.000000 0.969873 2.828427 135.000000 2.000000 -90.000000 
28.000000 214.000000 83.375318 1.000000 23.000000 18.848000 0.877982 0.410714 8.674824 4.152586 49.893234 0.821429 0.597728 8.544004 110.556045 4.841387 -141.340192 
38.000000 213.000000 53.852990 1.000000 26.000000 23.504000 0.937957 0.520000 10.835252 3.757133 -85.411300 0.722222 0.460185 10.198039 -101.309932 4.931970 170.537678 
7.000000 213.000000 23.432012 1.000000 2.000000 1.960000 0.866025 1.000000 2.309401 1.154701 90.000000 1.000000 0.965669 2.236068 116.565051 1.000000 0.000000 
9.000000 213.000000 21.169193 1.000000 1.000000 0.000000 0.000000 1.000000 1.154701 1.154701 0.000000 1.000000 1.000000 1.414214 135.000000 1.000000 -90.000000 
13.000000 213.000000 27.019865 1.000000 4.000000 5.880000 0.968246 1.000000 4.618802 1.154701 90.000000 1.000000 0.617595 4.123106 104.036243 1.000000 0.000000 
44.000000 215.000000 66.274918 1.000000 11.000000 10.751000 0.892336 0.733333 6.022382 2.718329 -82.027302 0.846154 0.716203 5.830952 -120.963757 3.000000 0.000000 
55.000000 217.000000 32.611542 1.000000 24.000000 24.182000 0.979039 0.311688 13.599240 2.769799 64.453295 0.774194 0.403967 12.529964 118.610460 3.577709 26.565051 
14.000000 215.000000 21.427558 7.000000 2.000000 1.960000 0.866025 1.000000 2.309401 1.154701 0.000000 1.000000 0.965669 2.236068 153.434949 1.000000 -90.000000 
48.000000 216.000000 31.048789 11.000000 3.000000 3.920000 0.942809 1.000000 3.464102 1.154701 90.000000 1.000000 0.756007 3.162278 108.434949 1.000000 0.000000 
24.000000 218.000000 58.283959 4.000000 13.000000 13.588000 0.910388 0.433333 7.447611 3.081495 51.789172 0.764706 0.583690 7.211103 123.690068 4.024922 -153.434949 
11.000000 219.000000 38.951464 1.000000 33.000000 31.046000 0.981267 0.515625 15.991503 3.080797 84.206918 0.785714 0.354803 16.124515 97.125016 3.945576 -170.537678 
34.000000 219.000000 35.902083 1.000000 14.000000 12.918000 0.923305 0.666667 7.070150 2.715423 71.784571 0.933333 0.682133 7.615773 113.198591 3.000000 0.000000 
46.000000 220.000000 53.872579 1.000000 29.000000 22.280000 0.923387 0.659091 10.290412 3.950196 -82.639280 0.878788 0.563900 11.401754 -105.255119 4.000000 0.000000 
41.000000 223.000000 61.508091 1.000000 16.000000 21.271000 0.867757 0.500000 8.798820 4.372921 2.891970 0.640000 0.337367 8.544004 159.443955 4.000000 -90.000000 
51.000000 222.000000 28.658343 6.000000 4.000000 4.408000 0.870424 0.666667 3.435909 1.691507 58.282526 1.000000 0.881907 3.605551 123.690068 2.000000 0.000000 
36.000000 225.000000 51.372494 1.000000 30.000000 22.586000 0.957942 0.428571 12.038943 3.454700 31.035837 0.882353 0.569551 12.206556 145.007980 4.437602 -123.690068 
20.000000 225.000000 45.494169 1.000000 70.000000 55.691000 0.983795 0.432099 28.846315 5.171986 -89.934955 0.619469 0.254139 27.073973 94.236395 5.733714 -177.510447 
59.000000 224.000000 22.735310 12.000000 1.000000 0.000000 0.000000 1.000000 1.154701 1.154701 0.000000 1.000000 1.000000 1.414214 135.000000 1.000000 -90.000000 
60.000000 228.000000 32.559116 1.000000 13.000000 13.588000 0.933685 0.464286 7.487898 2.681374 21.950656 0.812500 0.583690 7.615773 156.801409 3.478505 -108.434949 
48.000000 227.000000 56.889135 1.000000 27.000000 20.320000 0.912866 0.600000 9.777257 3.991662 78.398632 0.843750 0.616394 9.848858 113.962489 4.767571 9.462322 
19.000000 230.000000 27.497314 4.000000 10.000000 12.844000 0.916485 0.400000 6.904772 2.762388 53.239987 0.833333 0.491759 6.403124 128.659808 3.535534 -135.000000 
53.000000 228.000000 31.638422 1.000000 9.000000 9.461000 0.894762 0.562500 5.586501 2.494614 35.782526 0.818182 0.712086 5.656854 135.000000 3.050851 56.309932 
6.000000 230.000000 38.482455 1.000000 14.000000 15.457000 0.455328 0.466667 5.764255 5.132055 -24.662530 0.700000 0.508602 6.403124 -141.340192 5.000000 -90.000000 
44.000000 233.000000 24.589200 4.000000 2.000000 2.812000 0.925820 0.500000 3.055050 1.154701 45.000000 1.000000 0.709058 2.828427 135.000000 1.414214 45.000000 
59.000000 233.000000 55.562397 1.000000 9.000000 8.998000 0.643628 0.562500 4.485258 3.432739 74.285217 0.818182 0.767439 4.472136 116.565051 3.577709 26.565051 
5.000000 235.000000 49.950452 6.000000 16.000000 13.290000 0.890456 0.666667 6.993744 3.182642 -17.843974 0.888889 0.744681 7.211103 -146.309932 3.638034 -75.963757 
16.000000 234.000000 41.503131 4.000000 13.000000 19.931000 0.854001 0.464286 7.385897 3.842665 14.990820 0.684211 0.306874 7.280110 164.054604 4.000000 -90.000000 
41.000000 235.000000 26.981026 2.000000 7.000000 9.089000 0.875420 0.583333 5.149077 2.488874 67.500000 0.777778 0.588048 5.000000 126.869898 2.846050 -161.565051 
51.000000 234.000000 44.300243 1.000000 33.000000 30.426000 0.975267 0.550000 15.670150 3.463586 -86.651188 0.733333 0.368030 15.033296 93.814075 4.000000 0.000000 
58.000000 236.000000 34.512001 6.000000 4.000000 4.408000 0.870424 0.666667 3.435909 1.691507 31.717474 1.000000 0.881907 3.605551 146.309932 2.000000 -90.000000 
