366
32.000000 123.000000 13.493292 1.000000 9918.000000 591.556000 0.962839 0.645703 285.034503 76.980579 0.077591 0.645703 0.352405 248.386795 165.068583 64.000000 -90.000000 
16.000000 5.000000 52.640285 1.000000 5.000000 7.865000 0.481128 0.555556 3.516307 3.082572 31.717474 0.714286 0.518650 3.605551 123.690068 3.000000 -90.000000 
37.000000 5.000000 33.817511 3.000000 4.000000 5.905000 0.926289 0.444444 4.355771 1.641317 50.309828 1.000000 0.614186 4.242641 135.000000 2.121320 -135.000000 
43.000000 6.000000 35.306947 1.000000 1.000000 0.000000 0.000000 1.000000 1.154701 1.154701 0.000000 1.000000 1.000000 1.414214 135.000000 1.000000 -90.000000 
58.000000 6.000000 49.508793 8.000000 1.000000 0.000000 0.000000 1.000000 1.154701 1.154701 0.000000 1.000000 1.000000 1.414214 135.000000 1.000000 -90.000000 
8.000000 8.000000 53.703855 1.000000 40.000000 30.608000 0.889491 0.370370 13.148330 6.008168 56.011550 0.689655 0.441299 13.892444 120.256437 6.799625 -145.007980 
33.000000 7.000000 48.673727 1.000000 17.000000 14.903000 0.842232 0.607143 7.066677 3.809753 86.859571 0.809524 0.656092 7.280110 -105.945396 4.000000 0.000000 
55.000000 9.000000 31.301041 4.000000 4.000000 6.368000 0.958153 0.500000 4.964579 1.421135 22.500000 0.800000 0.555835 4.472136 153.434949 1.788854 63.434949 
15.000000 10.000000 86.538536 5.000000 17.000000 14.051000 0.875521 0.607143 7.216196 3.486716 13.709014 0.894737 0.722730 7.280110 164.054604 3.880570 -104.036243 
21.000000 12.000000 74.911529 2.000000 20.000000 23.628000 0.974742 0.250000 12.891002 2.879016 -34.806923 0.666667 0.350717 11.661904 -149.036243 4.115966 120.963757 
40.000000 10.000000 39.563561 1.000000 14.000000 16.383000 0.931150 0.388889 9.081640 3.311493 -45.000000 0.666667 0.461502 8.485281 -135.000000 4.242641 135.000000 
46.000000 9.000000 53.713033 1.000000 11.000000 9.643000 0.781582 0.733333 5.033532 3.139929 -80.008447 1.000000 0.845724 5.385165 -111.801409 3.000000 0.000000 
50.000000 9.000000 36.161728 1.000000 6.000000 6.922000 0.894483 0.750000 4.513541 2.018017 77.066822 0.857143 0.744483 4.472136 116.565051 2.000000 0.000000 
60.000000 9.000000 45.920414 6.000000 10.000000 10.867000 0.850267 0.666667 5.714778 3.007986 -16.414271 0.833333 0.640355 5.830952 -149.036243 3.000000 -90.000000 
25.000000 9.000000 35.806929 1.000000 5.000000 7.865000 0.481128 0.555556 3.516307 3.082572 31.717474 0.833333 0.518650 3.605551 123.690068 3.000000 -90.000000 
43.000000 11.000000 41.692608 6.000000 3.000000 3.920000 0.942809 1.000000 3.464102 1.154701 0.000000 1.000000 0.756007 3.162278 161.565051 1.000000 -90.000000 
29.000000 11.000000 77.742401 1.000000 22.000000 24.918000 0.925811 0.407407 11.097468 4.194701 -15.535731 0.594595 0.351132 9.848858 -156.037511 5.260768 -80.537678 
49.000000 13.000000 93.849005 1.000000 17.000000 17.252000 0.962599 0.354167 9.689140 2.625081 -38.751417 0.944444 0.513655 9.433981 -147.994617 3.400000 -53.130102 
57.000000 14.000000 48.195902 1.000000 28.000000 29.872000 0.838531 0.400000 11.555728 6.296191 -75.773289 0.571429 0.322836 10.198039 101.309932 6.640783 161.565051 
10.000000 13.000000 53.481090 1.000000 20.000000 19.096000 0.935946 0.740741 9.275640 3.266369 87.869448 0.869565 0.508235 9.055385 96.340192 3.000000 0.000000 
38.000000 14.000000 50.641787 1.000000 21.000000 19.658000 0.955807 0.525000 10.468279 3.077632 -76.531753 0.777778 0.507662 10.440307 -106.699244 3.726207 -11.309932 
5.000000 19.000000 62.735020 2.000000 28.000000 23.967000 0.963097 0.636364 12.851126 3.458930 3.920399 0.777778 0.478800 11.401754 164.744881 4.000000 -90.000000 
18.000000 16.000000 47.789447 1.000000 15.000000 15.548000 0.787753 0.428571 6.763955 4.166536 -74.468899 0.714286 0.539637 7.280110 -105.945396 4.642383 -21.801409 
26.000000 19.000000 115.117334 2.000000 28.000000 23.248000 0.913071 0.437500 10.501682 4.282585 -50.450449 0.800000 0.505246 10.000000 -143.130102 4.992302 146.309932 
46.000000 17.000000 65.324539 2.000000 20.000000 23.157000 0.943855 0.312500 10.986095 3.629377 -53.300623 0.645161 0.363392 10.000000 -143.130102 4.529039 -38.659808 
12.000000 19.000000 51.472676 1.000000 24.000000 19.774000 0.945417 0.444444 10.391271 3.386138 63.593259 0.857143 0.574327 10.000000 126.869898 4.024922 26.565051 
32.000000 18.000000 73.147791 7.000000 11.000000 12.182000 0.766621 0.550000 5.423567 3.482474 14.655004 0.846154 0.588683 5.830952 149.036243 3.794733 71.565051 
40.000000 19.000000 48.735707 1.000000 6.000000 8.973000 0.866025 0.500000 5.163978 2.581989 63.434949 0.750000 0.513740 5.000000 126.869898 3.000000 0.000000 
55.000000 19.000000 66.431395 6.000000 11.000000 13.307000 0.930486 0.440000 7.308617 2.677339 -51.779726 0.733333 0.510911 7.071068 -135.000000 3.535534 -45.000000 
44.000000 22.000000 66.868102 2.000000 2.000000 1.960000 0.866025 1.000000 2.309401 1.154701 90.000000 1.000000 0.965669 2.236068 116.565051 1.000000 0.000000 
38.000000 24.000000 62.003402 8.000000 22.000000 25.489000 0.978206 0.275000 13.366607 2.775421 -56.393450 0.733333 0.337265 12.806248 -128.659808 3.772969 -30.963757 
60.000000 22.000000 57.524903 1.000000 10.000000 14.721000 0.660068 0.500000 5.433715 4.081839 2.855297 0.714286 0.393841 5.385165 158.198591 4.000000 -90.000000 
55.000000 23.000000 81.548156 1.000000 23.000000 24.083000 0.942878 0.460000 11.159247 3.717564 -75.001358 0.718750 0.389955 10.440307 -106.699244 4.384062 -8.130102 
14.000000 24.000000 28.893268 7.000000 1.000000 0.000000 0.000000 1.000000 1.154701 1.154701 0.000000 1.000000 1.000000 1.414214 135.000000 1.000000 -90.000000 
26.000000 25.000000 70.260743 1.000000 14.000000 15.250000 0.876491 0.500000 7.252492 3.491486 90.000000 0.736842 0.520115 7.280110 105.945396 3.781177 9.462322 
53.000000 27.000000 75.042477 1.000000 1.000000 0.000000 0.000000 1.000000 1.154701 1.154701 0.000000 1.000000 1.000000 1.414214 135.000000 1.000000 -90.000000 
12.000000 26.000000 31.767349 2.000000 4.000000 4.590000 0.731925 0.666667 3.055050 2.081666 90.000000 1.000000 0.840876 3.162278 108.434949 2.000000 0.000000 
33.000000 26.000000 70.955211 1.000000 26.000000 26.597000 0.958845 0.361111 13.284819 3.771948 -58.129280 0.650000 0.369439 12.041595 -131.633539 4.714952 -33.690068 
7.000000 27.000000 41.080504 1.000000 15.000000 17.508000 0.951622 0.468750 9.698106 2.979945 -78.966050 0.681818 0.442057 8.544004 -110.556045 3.846096 -15.945396 
18.000000 28.000000 45.002232 1.000000 13.000000 12.182000 0.817816 0.541667 5.819401 3.348946 -78.432151 0.866667 0.695716 6.324555 -108.434949 4.000000 0.000000 
5.000000 35.000000 57.777489 1.000000 33.000000 35.008000 0.970342 0.314286 16.184302 3.912316 -16.580905 0.647059 0.284934 16.552945 -154.983107 4.882115 -68.962489 
11.000000 29.000000 31.789388 1.000000 3.000000 3.093000 0.730297 0.750000 2.581989 1.763834 -45.000000 1.000000 0.969873 2.828427 -135.000000 2.000000 -90.000000 
27.000000 31.000000 57.284148 1.000000 29.000000 32.130000 0.921450 0.439394 12.677073 4.925012 -6.954184 0.557692 0.292926 11.401754 164.744881 5.857122 -77.471192 
14.000000 32.000000 51.445933 2.000000 10.000000 15.656000 0.982627 0.238095 9.153187 1.698775 40.734617 0.909091 0.355636 9.219544 139.398705 2.121320 45.000000 
46.000000 32.000000 106.293003 1.000000 33.000000 34.561000 0.988190 0.343750 18.538045 2.840611 -72.299104 0.733333 0.291730 16.763055 -107.354025 3.478505 -18.434949 
35.000000 31.000000 46.266909 1.000000 4.000000 5.880000 0.968246 1.000000 4.618802 1.154701 90.000000 1.000000 0.617595 4.123106 104.036243 1.000000 0.000000 
60.000000 33.000000 39.160811 1.000000 8.000000 8.882000 0.920807 0.800000 5.445698 2.123921 -8.677012 0.888889 0.695395 5.385165 -158.198591 2.000000 -90.000000 
40.000000 33.000000 64.541497 1.000000 9.000000 13.588000 0.976346 0.321429 8.617248 1.863177 -61.578962 0.750000 0.404093 8.062258 -119.744881 2.572479 -30.963757 
21.000000 33.000000 92.359175 1.000000 27.000000 19.311000 0.842447 0.482143 8.810544 4.746939 -47.307893 0.870968 0.673040 8.602325 -144.462322 5.622255 -51.340192 
34.000000 36.000000 71.502333 1.000000 10.000000 10.958000 0.864040 0.555556 5.996208 3.018635 87.263644 0.769231 0.632116 6.082763 99.462322 3.000000 0.000000 
44.000000 38.000000 46.919876 2.000000 10.000000 14.622000 0.922943 0.333333 7.880629 3.033538 32.570069 0.625000 0.398243 7.211103 146.309932 3.535534 45.000000 
55.000000 36.000000 82.900243 1.000000 21.000000 14.514000 0.542536 0.700000 6.459357 5.426070 -69.056719 0.840000 0.846573 6.708204 -116.565051 5.000000 0.000000 
51.000000 38.000000 43.310300 1.000000 7.000000 9.089000 0.794238 0.583333 4.533153 2.754375 -20.457192 0.777778 0.588048 4.472136 -153.434949 3.000000 -90.000000 
18.000000 41.000000 39.597804 1.000000 12.000000 15.656000 0.982841 0.285714 9.834099 1.813972 -43.772984 1.000000 0.426763 9.219544 -139.398705 2.121320 -45.000000 
22.000000 37.000000 45.671627 4.000000 2.000000 1.960000 0.866025 1.000000 2.309401 1.154701 90.000000 1.000000 0.965669 2.236068 116.565051 1.000000 0.000000 
37.000000 38.000000 52.937239 1.000000 10.000000 10.214000 0.424823 0.625000 4.126752 3.735851 19.329904 0.909091 0.704504 4.472136 116.565051 4.000000 -90.000000 
30.000000 38.000000 83.944064 1.000000 14.000000 14.051000 0.847642 0.500000 7.159456 3.798587 -84.893014 0.777778 0.595189 7.280110 -105.945396 4.000000 0.000000 
25.000000 38.000000 86.268709 7.000000 10.000000 13.778000 0.826390 0.400000 6.442514 3.627766 56.110906 0.666667 0.438965 5.830952 120.963757 4.160251 -146.309932 
40.000000 41.000000 72.477020 1.000000 14.000000 10.594000 0.710395 0.700000 5.233230 3.683162 75.127559 0.933333 0.932488 5.385165 111.801409 4.000000 0.000000 
35.000000 43.000000 51.952528 1.000000 17.000000 20.808000 0.949826 0.354167 10.043299 3.141339 61.516318 0.653846 0.372445 9.433981 122.005383 3.939193 -156.801409 
45.000000 42.000000 38.415873 1.000000 9.000000 12.364000 0.909432 0.375000 6.636159 2.759658 -69.699353 0.692308 0.470409 6.324555 -108.434949 3.130495 -26.565051 
54.000000 42.000000 59.262311 1.000000 3.000000 3.093000 0.730297 0.750000 2.581989 1.763834 -45.000000 1.000000 0.969873 2.828427 -135.000000 2.000000 -90.000000 
23.000000 47.000000 57.663730 1.000000 16.000000 17.252000 0.922275 0.400000 8.620532 3.332132 17.913724 0.727273 0.483440 8.246211 165.963757 4.314555 -101.309932 
14.000000 45.000000 35.345591 10.000000 3.000000 5.624000 0.970143 0.333333 4.760952 1.154701 -45.000000 1.000000 0.490646 4.242641 -135.000000 1.414214 -45.000000 
48.000000 45.000000 57.154325 1.000000 18.000000 17.136000 0.856663 0.500000 7.684427 3.964216 46.698566 0.750000 0.550110 7.810250 129.805571 4.800000 -143.130102 
60.000000 46.000000 34.667795 5.000000 2.000000 1.960000 0.866025 1.000000 2.309401 1.154701 0.000000 1.000000 0.965669 2.236068 153.434949 1.000000 -90.000000 
11.000000 47.000000 61.980218 1.000000 19.000000 16.838000 0.944052 0.703704 8.999620 2.968036 -81.060652 0.950000 0.598123 9.219544 -102.528808 3.000000 0.000000 
36.000000 48.000000 49.031781 1.000000 18.000000 19.956000 0.977120 0.360000 11.491353 2.444073 -66.222137 0.818182 0.423983 11.180340 -116.565051 3.130495 -26.565051 
17.000000 48.000000 60.745589 1.000000 11.000000 12.455000 0.910591 0.611111 6.586903 2.722426 89.368164 0.846154 0.568255 6.324555 108.434949 3.000000 0.000000 
44.000000 50.000000 48.870806 1.000000 8.000000 8.816000 0.918568 0.500000 5.475623 2.164307 35.782526 0.888889 0.703092 5.656854 135.000000 2.683282 63.434949 
52.000000 49.000000 60.870576 1.000000 23.000000 20.601000 0.910499 0.638889 9.524511 3.938501 -79.587127 0.821429 0.512721 9.848858 -113.962489 4.000000 0.000000 
29.000000 51.000000 80.846448 1.000000 1.000000 0.000000 0.000000 1.000000 1.154701 1.154701 0.000000 1.000000 1.000000 1.414214 135.000000 1.000000 -90.000000 
57.000000 50.000000 41.123478 1.000000 8.000000 12.248000 0.868291 0.533333 6.086856 3.019413 -22.137388 0.727273 0.424469 5.830952 -149.036243 3.000000 -90.000000 
20.000000 52.000000 81.238558 5.000000 13.000000 11.884000 0.924378 0.722222 6.900625 2.632433 15.550468 0.866667 0.723586 6.708204 153.434949 3.000000 -90.000000 
40.000000 54.000000 52.467530 1.000000 4.000000 5.053000 0.866025 0.666667 3.651484 1.825742 71.565051 0.800000 0.748540 3.605551 123.690068 2.000000 0.000000 
22.000000 54.000000 62.372049 1.000000 10.000000 10.958000 0.907783 0.555556 5.966827 2.502726 76.368127 0.909091 0.632116 6.324555 108.434949 3.000000 0.000000 
46.000000 55.000000 30.585558 10.000000 2.000000 2.812000 0.925820 0.500000 3.055050 1.154701 -45.000000 1.000000 0.709058 2.828427 -135.000000 1.414214 -45.000000 
56.000000 55.000000 46.296197 1.000000 17.000000 20.808000 0.726451 0.404762 7.555745 5.192443 27.892149 0.607143 0.372445 7.615773 156.801409 5.820855 -104.036243 
13.000000 56.000000 53.279495 1.000000 33.000000 25.348000 0.970102 0.634615 13.733583 3.333096 80.478075 0.868421 0.510918 13.341664 102.994617 3.781177 -170.537678 
31.000000 54.000000 32.090560 6.000000 4.000000 5.053000 0.866025 0.666667 3.651484 1.825742 71.565051 0.800000 0.748540 3.605551 123.690068 2.000000 0.000000 
32.000000 56.000000 56.577661 1.000000 27.000000 33.337000 0.935532 0.321429 13.856358 4.894633 63.026341 0.562500 0.254975 12.649111 108.434949 5.692100 -161.565051 
19.000000 58.000000 83.840202 6.000000 11.000000 10.015000 0.887783 0.733333 5.836300 2.686231 17.079847 0.916667 0.798575 5.830952 149.036243 3.000000 -90.000000 
43.000000 58.000000 99.640308 1.000000 20.000000 24.546000 0.924811 0.400000 11.078938 4.214713 -89.454184 0.588235 0.327846 10.198039 -101.309932 5.000000 0.000000 
59.000000 58.000000 53.566013 1.000000 11.000000 10.404000 0.699396 0.550000 5.004570 3.576940 73.669544 0.846154 0.753367 5.385165 111.801409 4.000000 0.000000 
23.000000 60.000000 66.514115 1.000000 13.000000 14.696000 0.970291 0.541667 8.912742 2.156344 74.704710 0.812500 0.513429 8.544004 110.556045 2.667892 -165.963757 
52.000000 59.000000 88.339092 1.000000 24.000000 17.988000 0.800193 0.500000 7.663859 4.596343 78.431267 0.857143 0.675521 8.062258 97.125016 5.335784 -165.963757 
26.000000 61.000000 40.366024 1.000000 7.000000 8.717000 0.805430 0.583333 4.455913 2.640980 15.232772 0.875000 0.625521 4.472136 153.434949 3.000000 -90.000000 
36.000000 61.000000 32.502869 1.000000 5.000000 8.510000 0.962333 0.500000 5.887652 1.600692 78.250717 0.833333 0.462817 5.385165 111.801409 1.940285 14.036243 
45.000000 62.000000 150.841298 1.000000 24.000000 21.453000 0.930117 0.533333 10.167990 3.734342 76.717474 0.750000 0.498588 9.848858 113.962489 4.242641 8.130102 
17.000000 62.000000 69.726479 5.000000 10.000000 9.461000 0.804316 0.666667 4.979248 2.958675 -9.307846 0.833333 0.791207 5.385165 -158.198591 3.000000 -90.000000 
21.000000 64.000000 76.890380 1.000000 19.000000 20.047000 0.955732 0.422222 10.199073 3.000946 74.719800 0.730769 0.444032 9.486833 108.434949 3.478505 18.434949 
28.000000 63.000000 41.306507 1.000000 5.000000 6.550000 0.889464 0.625000 4.253087 1.943686 -84.847577 1.000000 0.668944 4.123106 104.036243 2.000000 0.000000 
59.000000 63.000000 87.859256 1.000000 16.000000 15.159000 0.834669 0.533333 6.843628 3.769140 -45.439014 0.761905 0.600343 7.810250 -140.194429 4.472136 -26.565051 
8.000000 64.000000 61.540514 1.000000 27.000000 15.920000 0.760262 0.771429 7.426652 4.824476 -78.447320 0.964286 0.933803 7.615773 -113.198591 5.000000 0.000000 
36.000000 65.000000 68.334196 1.000000 25.000000 29.756000 0.942843 0.378788 12.343141 4.113190 66.588540 0.694444 0.290283 12.083046 114.443955 4.919350 26.565051 
55.000000 63.000000 127.209789 1.000000 15.000000 15.457000 0.813495 0.500000 6.820748 3.966760 12.868225 0.789474 0.544930 6.708204 153.434949 4.919350 63.434949 
50.000000 65.000000 165.286767 1.000000 20.000000 13.952000 0.759457 0.714286 6.429101 4.182503 90.000000 1.000000 0.860148 7.071068 98.130102 4.000000 0.000000 
59.000000 71.000000 142.134698 1.000000 3.000000 5.624000 0.970143 0.333333 4.760952 1.154701 45.000000 1.000000 0.490646 4.242641 135.000000 1.414214 45.000000 
14.000000 66.000000 79.014877 1.000000 15.000000 14.051000 0.883458 0.535714 7.112335 3.332204 -71.379297 0.882353 0.637703 7.071068 98.130102 3.794733 161.565051 
45.000000 66.000000 75.586303 1.000000 7.000000 9.734000 0.908997 0.466667 5.733585 2.389779 -85.155607 0.777778 0.530608 5.385165 -111.801409 2.910428 -14.036243 
55.000000 69.000000 88.456131 1.000000 11.000000 16.491000 0.869789 0.366667 6.747714 3.329479 -41.028264 0.611111 0.358631 7.810250 -140.194429 3.882901 -33.690068 
11.000000 70.000000 42.667887 5.000000 9.000000 10.958000 0.933198 0.500000 6.472857 2.326105 9.806047 0.750000 0.568904 6.082763 170.537678 2.667892 -104.036243 
19.000000 69.000000 94.904552 1.000000 23.000000 16.193000 0.859692 0.718750 7.753394 3.960526 -15.990288 0.920000 0.773157 8.544004 -159.443955 4.000000 -90.000000 
28.000000 68.000000 56.356651 1.000000 3.000000 3.920000 0.942809 1.000000 3.464102 1.154701 90.000000 1.000000 0.756007 3.162278 108.434949 1.000000 0.000000 
43.000000 69.000000 66.364687 3.000000 12.000000 15.912000 0.959187 0.375000 8.314944 2.351249 -16.511934 0.750000 0.415372 8.944272 -153.434949 2.745626 -78.690068 
47.000000 71.000000 93.334178 1.000000 3.000000 3.093000 0.730297 0.750000 2.581989 1.763834 45.000000 1.000000 0.969873 2.828427 135.000000 2.000000 -90.000000 
32.000000 69.000000 61.649888 1.000000 17.000000 16.102000 0.931596 0.708333 8.455937 3.073683 -85.327664 0.850000 0.576881 8.246211 -104.036243 3.000000 0.000000 
41.000000 71.000000 51.095803 1.000000 6.000000 6.186000 0.833333 0.666667 4.000000 2.211083 -53.130102 0.857143 0.866607 4.242641 -135.000000 2.683282 153.434949 
25.000000 72.000000 58.944045 1.000000 19.000000 20.973000 0.962711 0.422222 11.127476 3.010318 69.363322 0.678571 0.410585 9.848858 113.962489 3.794733 18.434949 
54.000000 73.000000 100.073900 1.000000 38.000000 35.033000 0.942979 0.417582 15.467748 5.148480 -66.001148 0.655172 0.327676 14.317821 -114.775141 6.324555 161.565051 
7.000000 72.000000 35.397831 1.000000 7.000000 11.760000 0.989743 1.000000 8.082904 1.154701 90.000000 1.000000 0.396134 7.071068 98.130102 1.000000 0.000000 
16.000000 74.000000 54.852931 1.000000 5.000000 8.328000 0.969048 0.500000 6.024504 1.487286 -72.856562 0.714286 0.477622 5.385165 -111.801409 1.897367 -18.434949 
37.000000 74.000000 51.156699 1.000000 18.000000 20.990000 0.974690 0.300000 11.172423 2.497737 -64.389525 0.782609 0.388428 11.180340 -116.565051 3.130495 -26.565051 
11.000000 76.000000 71.789331 1.000000 12.000000 16.863000 0.941212 0.342857 8.426604 2.846657 -23.645305 0.666667 0.376818 7.615773 -156.801409 3.577709 116.565051 
26.000000 76.000000 44.357059 3.000000 12.000000 15.846000 0.795214 0.500000 6.543334 3.967409 -85.752057 0.705882 0.418265 6.324555 -108.434949 4.000000 0.000000 
8.000000 77.000000 28.709362 1.000000 2.000000 2.812000 0.925820 0.500000 3.055050 1.154701 45.000000 1.000000 0.709058 2.828427 135.000000 1.414214 45.000000 
19.000000 77.000000 92.904188 1.000000 19.000000 17.880000 0.890548 0.475000 8.379712 3.811848 71.218484 0.791667 0.540297 8.544004 110.556045 4.919350 -153.434949 
33.000000 78.000000 46.838683 1.000000 23.000000 28.995000 0.964010 0.418182 14.281543 3.796955 -77.077292 0.575000 0.279858 12.083046 -114.443955 5.000000 0.000000 
44.000000 76.000000 59.924684 1.000000 16.000000 20.990000 0.763507 0.380952 7.772375 5.019398 39.215406 0.571429 0.345269 8.062258 119.744881 5.269652 56.309932 
49.000000 76.000000 42.809109 1.000000 12.000000 13.009000 0.722070 0.600000 5.420502 3.750014 5.858717 0.857143 0.578115 5.385165 158.198591 4.000000 -90.000000 
47.000000 81.000000 66.610189 2.000000 7.000000 6.368000 0.353094 0.777778 3.236694 3.028212 90.000000 1.000000 0.972712 3.605551 123.690068 3.000000 -90.000000 
8.000000 82.000000 79.750809 2.000000 13.000000 14.812000 0.971140 0.371429 9.059192 2.160719 56.369234 0.812500 0.506816 8.602325 125.537678 2.773501 33.690068 
43.000000 82.000000 61.851598 1.000000 9.000000 14.233000 0.955432 0.428571 8.126902 2.399151 -71.227149 0.692308 0.374648 7.615773 -113.198591 2.846050 161.565051 
56.000000 80.000000 99.332104 1.000000 36.000000 33.743000 0.916306 0.428571 12.466295 4.992478 66.171305 0.692308 0.332524 13.000000 112.619865 6.260990 -153.434949 
14.000000 81.000000 73.254962 2.000000 6.000000 7.220000 0.869227 0.500000 4.472136 2.211083 59.036243 0.857143 0.702276 4.472136 116.565051 2.683282 -153.434949 
20.000000 83.000000 117.686922 1.000000 38.000000 27.366000 0.956718 0.431818 13.522909 3.935398 64.952805 0.844444 0.513071 13.601471 126.027373 4.456688 21.801409 
27.000000 84.000000 49.324102 1.000000 17.000000 24.083000 0.883187 0.425000 9.808881 4.600579 -5.787594 0.607143 0.288228 8.544004 -159.443955 5.000000 -90.000000 
36.000000 83.000000 39.431510 5.000000 3.000000 5.624000 0.970143 0.333333 4.760952 1.154701 45.000000 1.000000 0.490646 4.242641 135.000000 1.414214 45.000000 
50.000000 84.000000 79.560865 3.000000 12.000000 8.816000 0.000000 0.750000 4.000000 4.000000 0.000000 1.000000 1.000000 4.472136 116.565051 4.000000 -90.000000 
42.000000 86.000000 44.286737 1.000000 19.000000 21.271000 0.960602 0.351852 11.517495 3.201042 -20.694447 0.655172 0.400623 10.000000 -143.130102 4.070499 -66.801409 
9.000000 88.000000 133.519871 1.000000 36.000000 28.400000 0.973553 0.327273 15.378033 3.513299 51.110197 0.800000 0.454721 14.212670 129.289407 4.400000 -143.130102 
33.000000 88.000000 47.986214 1.000000 9.000000 15.846000 0.907000 0.300000 7.298549 3.073635 -32.179497 0.600000 0.313699 7.211103 -146.309932 3.535534 -45.000000 
47.000000 87.000000 68.706379 1.000000 11.000000 15.176000 0.880376 0.366667 7.001931 3.320851 23.769272 0.647059 0.411970 6.708204 153.434949 3.899602 68.198591 
54.000000 88.000000 148.019716 1.000000 34.000000 29.227000 0.954466 0.435897 13.723286 4.093925 15.715331 0.755556 0.407794 13.928388 158.962489 4.608177 75.963757 
58.000000 87.000000 188.863515 1.000000 40.000000 30.426000 0.966761 0.533333 15.489723 3.960450 11.965160 0.816327 0.446097 15.811388 161.565051 4.527693 83.659808 
22.000000 89.000000 93.281867 1.000000 26.000000 20.973000 0.944543 0.520000 10.821927 3.553800 76.296639 0.764706 0.561854 10.198039 101.309932 4.123106 -165.963757 
32.000000 90.000000 42.756949 3.000000 5.000000 7.013000 0.815239 0.555556 4.163332 2.411086 -45.000000 0.833333 0.609333 4.242641 -135.000000 2.828427 -45.000000 
38.000000 90.000000 67.554499 1.000000 20.000000 14.696000 0.869094 0.714286 7.412379 3.666512 88.010309 0.869565 0.789891 7.280110 105.945396 4.000000 0.000000 
50.000000 92.000000 62.979185 1.000000 18.000000 17.235000 0.889632 0.500000 8.186084 3.738406 -49.283848 0.782609 0.544778 7.810250 -140.194429 4.437602 -33.690068 
10.000000 96.000000 62.677845 2.000000 40.000000 38.250000 0.970669 0.219780 18.765195 4.511555 42.821972 0.655738 0.293390 18.439089 139.398705 5.381382 -132.273689 
19.000000 97.000000 63.202063 2.000000 25.000000 28.400000 0.963709 0.284091 13.677339 3.651226 29.358856 0.625000 0.315779 13.038405 147.528808 4.759301 -119.054604 
30.000000 93.000000 38.727352 1.000000 8.000000 10.404000 0.883912 0.533333 5.687111 2.659593 1.133977 0.727273 0.547903 5.385165 -158.198591 3.000000 -90.000000 
44.000000 92.000000 41.786570 1.000000 16.000000 16.863000 0.684224 0.640000 6.128932 4.469660 51.573621 0.800000 0.502424 6.403124 128.659808 4.949747 45.000000 
36.000000 94.000000 45.813497 2.000000 16.000000 17.607000 0.916022 0.380952 8.904185 3.571715 -46.939262 0.727273 0.467038 8.485281 -135.000000 4.630462 149.036243 
40.000000 94.000000 46.979434 2.000000 2.000000 1.960000 0.866025 1.000000 2.309401 1.154701 90.000000 1.000000 0.965669 2.236068 116.565051 1.000000 0.000000 
59.000000 94.000000 91.325764 1.000000 10.000000 9.924000 0.917200 0.666667 6.056681 2.413148 70.762882 0.909091 0.736125 5.830952 120.963757 2.846050 -161.565051 
24.000000 98.000000 59.920235 1.000000 26.000000 23.992000 0.969990 0.393939 12.458651 3.029271 64.523507 0.838710 0.443781 12.529964 118.610460 3.577709 26.565051 
47.000000 97.000000 36.493090 2.000000 2.000000 1.960000 0.866025 1.000000 2.309401 1.154701 90.000000 1.000000 0.965669 2.236068 116.565051 1.000000 0.000000 
50.000000 96.000000 45.226800 1.000000 7.000000 7.683000 0.871772 0.583333 4.651537 2.278845 48.421387 1.000000 0.750732 5.000000 126.869898 2.828427 -135.000000 
54.000000 99.000000 144.081929 1.000000 46.000000 27.242000 0.912978 0.638889 12.668609 5.168892 -7.431288 0.851852 0.626166 12.649111 -161.565051 5.671712 -84.289407 
41.000000 99.000000 41.684297 2.000000 8.000000 12.273000 0.938445 0.400000 6.777578 2.341177 -37.294804 0.800000 0.423093 6.403124 -141.340192 2.828427 -45.000000 
46.000000 99.000000 28.625679 2.000000 1.000000 0.000000 0.000000 1.000000 1.154701 1.154701 0.000000 1.000000 1.000000 1.414214 135.000000 1.000000 -90.000000 
36.000000 103.000000 55.640129 1.000000 15.000000 15.457000 0.842066 0.535714 6.992017 3.771315 76.980292 0.750000 0.544930 7.615773 113.198591 4.000000 0.000000 
11.000000 103.000000 67.618285 1.000000 23.000000 18.922000 0.906328 0.511111 9.090627 3.841463 69.776884 0.851852 0.593725 9.486833 108.434949 4.472136 26.565051 
26.000000 104.000000 37.549169 4.000000 5.000000 8.328000 0.969048 0.500000 6.024504 1.487286 17.143438 0.833333 0.477622 5.385165 158.198591 1.897367 -108.434949 
52.000000 104.000000 93.324999 1.000000 15.000000 16.491000 0.751439 0.416667 6.540676 4.315554 -35.195779 0.789474 0.489042 6.708204 -116.565051 4.714952 123.690068 
29.000000 105.000000 47.414939 1.000000 8.000000 11.628000 0.971747 0.333333 7.374750 1.740612 59.405397 0.888889 0.460853 7.211103 123.690068 2.236068 26.565051 
6.000000 106.000000 94.883894 1.000000 18.000000 13.307000 0.698506 0.600000 5.903111 4.224292 -64.966708 0.947368 0.836036 6.324555 -108.434949 4.714952 146.309932 
16.000000 106.000000 67.000116 5.000000 15.000000 13.935000 0.943548 0.714286 8.153736 2.700808 8.956255 0.882353 0.646396 7.615773 156.801409 3.000000 -90.000000 
21.000000 106.000000 60.712876 1.000000 1.000000 0.000000 0.000000 1.000000 1.154701 1.154701 0.000000 1.000000 1.000000 1.414214 135.000000 1.000000 -90.000000 
38.000000 106.000000 60.274271 1.000000 10.000000 11.512000 0.879700 0.555556 5.876813 2.794591 -81.650378 0.833333 0.585223 6.324555 -108.434949 3.000000 0.000000 
11.000000 108.000000 116.194898 1.000000 13.000000 18.360000 0.937444 0.325000 9.497182 3.306319 -67.693564 0.650000 0.353356 8.544004 -110.556045 4.314555 168.690068 
33.000000 108.000000 50.145307 1.000000 19.000000 26.804000 0.878395 0.351852 10.728506 5.127533 -11.734461 0.527778 0.266255 9.486833 -161.565051 5.375872 108.434949 
47.000000 108.000000 37.451506 1.000000 7.000000 11.992000 0.194105 0.437500 4.163332 4.084149 -45.000000 0.636364 0.384082 4.472136 116.565051 4.000000 -90.000000 
7.000000 113.000000 178.444456 3.000000 35.000000 20.047000 0.795671 0.648148 8.783574 5.320463 5.207239 0.897436 0.817954 9.219544 167.471192 6.000000 -90.000000 
25.000000 111.000000 74.958013 1.000000 40.000000 34.048000 0.985703 0.470588 18.293078 3.082202 -80.213806 0.833333 0.363435 17.464249 -103.240520 3.616778 -9.462322 
40.000000 110.000000 40.941655 1.000000 13.000000 14.812000 0.966390 0.371429 8.841015 2.272849 58.581623 0.812500 0.506816 8.602325 125.537678 2.915476 30.963757 
14.000000 116.000000 95.770335 1.000000 24.000000 25.208000 0.962395 0.363636 11.888941 3.229685 19.641282 0.727273 0.375256 11.704700 160.016893 4.110961 71.565051 
54.000000 111.000000 101.268145 1.000000 45.000000 29.293000 0.870256 0.584416 11.770528 5.798156 12.166988 0.789474 0.537533 12.529964 151.389540 6.625892 -96.340192 
42.000000 114.000000 43.899823 1.000000 15.000000 16.193000 0.936500 0.428571 8.598318 3.015154 -60.956066 0.789474 0.504233 8.602325 -125.537678 3.882901 146.309932 
46.000000 115.000000 41.866707 1.000000 5.000000 7.683000 0.950267 0.416667 5.516767 1.718124 58.879270 0.833333 0.536237 5.000000 126.869898 2.218801 -146.309932 
35.000000 114.000000 39.638676 1.000000 9.000000 10.586000 0.452911 0.562500 4.163332 3.711843 45.000000 0.818182 0.600155 4.472136 116.565051 4.000000 -90.000000 
22.000000 119.000000 63.260846 1.000000 12.000000 13.125000 0.882981 0.500000 6.520724 3.060890 31.116258 0.857143 0.569899 6.708204 153.434949 3.535534 45.000000 
48.000000 116.000000 51.162953 2.000000 4.000000 6.550000 0.946293 0.500000 4.820546 1.558527 72.391204 0.800000 0.535155 4.472136 116.565051 1.897367 -161.565051 
5.000000 118.000000 80.579313 5.000000 6.000000 7.683000 0.885615 0.500000 4.760952 2.211083 18.434949 0.750000 0.643484 4.472136 153.434949 2.529822 71.565051 
31.000000 119.000000 55.415492 1.000000 7.000000 7.774000 0.771100 0.583333 4.422127 2.815632 70.921387 0.875000 0.738267 4.472136 116.565051 3.000000 0.000000 
55.000000 119.000000 63.009937 2.000000 21.000000 16.565000 0.865582 0.750000 7.866812 3.939437 8.040438 0.913043 0.679526 7.615773 156.801409 4.000000 -90.000000 
8.000000 120.000000 105.680017 6.000000 16.000000 15.912000 0.935741 0.500000 8.357796 2.947696 -5.597556 0.800000 0.553830 8.062258 172.874984 3.452379 99.462322 
41.000000 119.000000 57.888702 1.000000 26.000000 18.062000 0.882554 0.650000 8.847697 4.160289 85.195711 0.866667 0.726715 8.544004 110.556045 5.000000 0.000000 
49.000000 119.000000 50.040947 1.000000 13.000000 17.326000 0.918350 0.406250 8.725675 3.453363 75.924002 0.722222 0.389960 8.062258 97.125016 4.000000 0.000000 
17.000000 120.000000 57.067039 1.000000 15.000000 12.248000 0.853426 0.833333 6.289931 3.278395 79.440638 1.000000 0.795879 6.708204 116.565051 3.000000 0.000000 
26.000000 120.000000 53.092751 1.000000 19.000000 16.400000 0.880423 0.593750 7.787939 3.692959 88.919460 0.826087 0.625235 8.246211 104.036243 4.000000 0.000000 
12.000000 122.000000 51.598345 2.000000 10.000000 8.998000 0.773102 0.666667 4.712847 2.989271 7.688126 1.000000 0.852711 5.099020 168.690068 3.000000 -90.000000 
37.000000 123.000000 43.279995 1.000000 13.000000 16.499000 0.966073 0.325000 9.700232 2.505256 -59.581298 0.764706 0.423491 8.944272 -116.565051 3.130495 -26.565051 
45.000000 122.000000 53.435942 7.000000 5.000000 6.550000 0.889464 0.625000 4.253087 1.943686 5.152423 0.833333 0.668944 4.123106 165.963757 2.000000 -90.000000 
30.000000 125.000000 79.432810 1.000000 26.000000 19.129000 0.902699 0.481481 9.334234 4.016274 -28.610581 0.928571 0.658749 9.486833 -161.565051 4.472136 -63.434949 
50.000000 124.000000 67.308137 1.000000 19.000000 20.692000 0.960011 0.475000 10.838380 3.034348 78.912000 0.760000 0.420324 10.198039 101.309932 3.676955 -171.869898 
19.000000 125.000000 68.678501 1.000000 19.000000 19.493000 0.938605 0.475000 9.351970 3.226382 18.619516 0.730769 0.466035 9.433981 147.994617 3.794733 71.565051 
10.000000 126.000000 90.091974 6.000000 20.000000 17.434000 0.865847 0.500000 7.921984 3.963437 18.995168 0.833333 0.593656 8.544004 159.443955 4.919350 -116.565051 
42.000000 125.000000 49.953204 1.000000 3.000000 3.920000 0.942809 1.000000 3.464102 1.154701 90.000000 1.000000 0.756007 3.162278 108.434949 1.000000 0.000000 
55.000000 125.000000 47.114946 1.000000 9.000000 9.370000 0.707014 0.562500 4.611467 3.261228 24.006394 0.818182 0.722482 5.000000 143.130102 3.794733 71.565051 
25.000000 129.000000 61.031703 1.000000 9.000000 12.364000 0.752757 0.450000 5.295689 3.486146 17.437664 0.750000 0.470409 5.385165 158.198591 3.882901 56.309932 
40.000000 128.000000 49.393115 1.000000 8.000000 11.140000 0.844985 0.533333 5.394013 2.884665 1.379554 0.800000 0.492886 5.385165 158.198591 3.000000 -90.000000 
12.000000 129.000000 59.674057 1.000000 12.000000 14.903000 0.886076 0.428571 7.401628 3.430956 74.099286 0.750000 0.463124 7.280110 105.945396 3.880570 -165.963757 
58.000000 128.000000 66.280882 1.000000 17.000000 15.829000 0.903446 0.607143 7.809823 3.348084 -71.386641 0.809524 0.593604 8.062258 -119.744881 3.880570 165.963757 
33.000000 128.000000 60.410986 8.000000 5.000000 6.368000 0.576018 0.555556 3.401960 2.780887 0.000000 1.000000 0.694794 3.605551 146.309932 3.000000 -90.000000 
49.000000 129.000000 80.041061 1.000000 38.000000 29.872000 0.965326 0.542857 14.684307 3.833314 82.046832 0.745098 0.438135 14.142136 98.130102 4.808326 -171.869898 
33.000000 133.000000 92.138902 1.000000 13.000000 13.960000 0.956864 0.464286 8.210603 2.385486 -22.562143 0.866667 0.558573 8.062258 -150.255119 2.971125 111.801409 
55.000000 132.000000 97.146900 1.000000 13.000000 10.404000 0.710198 0.650000 5.032996 3.543240 19.794065 1.000000 0.890343 5.385165 158.198591 4.000000 -90.000000 
11.000000 131.000000 48.862313 6.000000 7.000000 8.237000 0.882093 0.875000 4.853937 2.286571 -87.957192 0.875000 0.679408 4.472136 116.565051 2.000000 0.000000 
21.000000 134.000000 58.283957 1.000000 15.000000 16.119000 0.954929 0.357143 8.846471 2.625931 37.137094 0.833333 0.508115 8.602325 144.462322 3.279649 -128.659808 
27.000000 133.000000 61.465426 7.000000 8.000000 8.882000 0.920807 0.800000 5.445698 2.123921 -8.677012 0.888889 0.695395 5.385165 -158.198591 2.000000 -90.000000 
44.000000 135.000000 43.774132 1.000000 15.000000 26.134000 0.977722 0.187500 14.780504 3.102512 -29.665342 0.468750 0.219933 12.206556 -145.007980 4.160251 123.690068 
39.000000 132.000000 43.371308 3.000000 3.000000 3.093000 0.730297 0.750000 2.581989 1.763834 45.000000 1.000000 0.969873 2.828427 135.000000 2.000000 -90.000000 
51.000000 136.000000 33.542251 2.000000 2.000000 1.960000 0.866025 1.000000 2.309401 1.154701 90.000000 1.000000 0.965669 2.236068 116.565051 1.000000 0.000000 
58.000000 134.000000 71.466579 1.000000 10.000000 10.776000 0.745439 0.500000 5.131122 3.420271 69.495457 0.833333 0.648756 5.385165 111.801409 3.882901 -146.309932 
17.000000 136.000000 37.160531 1.000000 10.000000 9.643000 0.628153 0.833333 4.359157 3.391816 -70.097214 0.909091 0.768840 5.000000 -126.869898 3.000000 0.000000 
8.000000 140.000000 70.493321 3.000000 13.000000 15.432000 0.962709 0.541667 8.690750 2.351184 8.898905 0.812500 0.473545 8.544004 159.443955 2.687006 -98.130102 
55.000000 137.000000 91.124663 1.000000 19.000000 15.085000 0.366019 0.527778 5.522780 5.139540 1.865698 0.863636 0.718708 6.324555 108.434949 5.547002 146.309932 
12.000000 138.000000 33.969378 2.000000 4.000000 6.550000 0.946293 0.500000 4.820546 1.558527 72.391204 0.800000 0.535155 4.472136 116.565051 1.897367 -161.565051 
24.000000 139.000000 53.621606 1.000000 10.000000 12.736000 0.969399 0.476190 7.891366 1.937269 -69.495457 0.909091 0.498472 7.615773 -113.198591 2.529822 161.565051 
5.000000 142.000000 47.819983 6.000000 4.000000 5.880000 0.968246 1.000000 4.618802 1.154701 0.000000 1.000000 0.617595 4.123106 165.963757 1.000000 -90.000000 
40.000000 141.000000 46.736521 1.000000 6.000000 6.277000 0.456435 0.666667 3.265986 2.905933 -26.565051 0.857143 0.849942 3.605551 146.309932 3.000000 -90.000000 
49.000000 140.000000 72.942897 1.000000 15.000000 12.736000 0.892693 0.625000 6.865676 3.094124 72.432903 0.882353 0.747708 6.708204 116.565051 3.478505 18.434949 
20.000000 140.000000 38.579997 7.000000 7.000000 11.603000 0.967736 0.583333 7.396210 1.863584 -8.524515 0.700000 0.404615 6.324555 -161.565051 2.000000 -90.000000 
44.000000 141.000000 98.515248 1.000000 11.000000 9.461000 0.786338 0.733333 4.989887 3.082732 -87.536445 0.916667 0.870328 5.385165 -111.801409 3.000000 0.000000 
57.000000 141.000000 83.270732 1.000000 9.000000 10.222000 0.816694 0.450000 5.128612 2.959573 -27.081174 0.750000 0.633295 5.385165 -158.198591 3.535534 -45.000000 
11.000000 142.000000 31.150091 1.000000 3.000000 4.590000 0.928995 0.500000 3.854129 1.426385 -61.845034 0.750000 0.630657 3.605551 -123.690068 1.788854 153.434949 
24.000000 143.000000 69.117311 2.000000 12.000000 13.778000 0.967670 0.428571 8.502361 2.144470 65.769908 0.800000 0.526758 8.062258 119.744881 2.683282 26.565051 
29.000000 142.000000 65.340212 1.000000 5.000000 4.962000 0.765092 0.833333 3.306559 2.129163 -71.565051 1.000000 0.956808 3.605551 -123.690068 2.000000 0.000000 
38.000000 143.000000 53.094018 2.000000 8.000000 9.461000 0.864731 0.533333 5.223451 2.623401 63.013687 0.800000 0.632966 5.385165 111.801409 3.000000 0.000000 
42.000000 144.000000 53.077240 1.000000 10.000000 12.182000 0.925426 0.555556 6.883536 2.608370 9.431794 0.769231 0.535166 6.324555 161.565051 3.000000 -90.000000 
55.000000 144.000000 52.989550 3.000000 21.000000 13.497000 0.573374 0.700000 5.881621 4.818776 10.663109 1.000000 0.953226 6.324555 161.565051 5.000000 -90.000000 
8.000000 151.000000 83.078700 1.000000 59.000000 39.267000 0.972414 0.315508 19.444340 4.535600 -24.160963 0.746835 0.412244 18.788294 -154.798876 5.514870 -66.801409 
17.000000 146.000000 52.999300 2.000000 15.000000 14.812000 0.954365 0.428571 8.410692 2.511802 58.310806 0.937500 0.584788 8.602325 125.537678 3.130495 26.565051 
29.000000 145.000000 61.813170 7.000000 13.000000 16.400000 0.936914 0.361111 8.399033 2.935974 -47.279975 0.764706 0.427793 7.810250 -140.194429 3.535534 135.000000 
47.000000 146.000000 39.302379 1.000000 9.000000 12.918000 0.970371 0.428571 7.889412 1.906231 -74.816182 0.750000 0.438514 7.615773 -113.198591 2.353394 -11.309932 
58.000000 146.000000 50.670465 1.000000 12.000000 18.360000 0.808173 0.342857 7.237774 4.262650 87.764971 0.600000 0.326174 7.280110 105.945396 4.603172 -170.537678 
36.000000 148.000000 69.454757 1.000000 17.000000 18.178000 0.966465 0.377778 10.131074 2.601634 -70.664929 0.809524 0.470003 9.486833 -108.434949 3.162278 -18.434949 
26.000000 157.000000 52.742363 6.000000 32.000000 37.208000 0.986445 0.200000 19.785586 3.246693 -27.441802 0.627451 0.246991 18.357560 -150.642246 4.828079 111.801409 
29.000000 151.000000 54.751097 1.000000 26.000000 25.952000 0.911188 0.433333 10.974844 4.521540 -73.606314 0.650000 0.386001 11.180340 -116.565051 5.333494 -7.125016 
53.000000 148.000000 51.374511 1.000000 9.000000 9.180000 0.822473 0.600000 4.848301 2.757733 -13.282526 1.000000 0.744936 5.385165 -158.198591 3.000000 -90.000000 
19.000000 154.000000 63.702871 1.000000 20.000000 19.658000 0.974668 0.500000 11.365105 2.541860 -17.964251 0.833333 0.483488 10.770330 -158.198591 3.162278 -71.565051 
58.000000 151.000000 76.321341 1.000000 21.000000 17.417000 0.873518 0.600000 7.977036 3.883157 -79.902371 0.807692 0.624371 8.062258 -119.744881 4.603172 -9.462322 
35.000000 153.000000 41.548022 1.000000 11.000000 11.628000 0.715383 0.550000 5.042458 3.523328 -18.784296 0.846154 0.633673 5.385165 -158.198591 4.000000 -90.000000 
46.000000 154.000000 39.319485 11.000000 4.000000 5.053000 0.866025 0.666667 3.651484 1.825742 -71.565051 1.000000 0.748540 3.605551 -123.690068 2.000000 0.000000 
55.000000 154.000000 81.598175 1.000000 18.000000 14.051000 0.886412 0.642857 7.324055 3.390283 -22.333858 0.900000 0.765243 7.615773 -156.801409 4.000000 -90.000000 
5.000000 158.000000 59.797519 5.000000 21.000000 19.493000 0.923748 0.583333 9.265797 3.548801 -11.453989 0.840000 0.515091 9.219544 -167.471192 4.000000 -90.000000 
50.000000 156.000000 31.477337 12.000000 2.000000 2.812000 0.925820 0.500000 3.055050 1.154701 -45.000000 1.000000 0.709058 2.828427 -135.000000 1.414214 -45.000000 
15.000000 157.000000 37.356984 4.000000 3.000000 3.093000 0.730297 0.750000 2.581989 1.763834 45.000000 1.000000 0.969873 2.828427 135.000000 2.000000 -90.000000 
37.000000 156.000000 46.343393 1.000000 11.000000 11.628000 0.907808 0.458333 6.399339 2.683790 -63.839046 0.785714 0.633673 6.324555 -108.434949 3.130495 153.434949 
52.000000 157.000000 40.216779 1.000000 9.000000 8.882000 0.907936 0.900000 5.399179 2.262845 -85.268839 1.000000 0.782319 5.385165 -111.801409 2.000000 0.000000 
59.000000 157.000000 67.026965 1.000000 11.000000 11.330000 0.923238 0.611111 6.653127 2.556325 76.897083 0.846154 0.660039 6.324555 108.434949 2.910428 14.036243 
42.000000 158.000000 42.627416 1.000000 7.000000 8.328000 0.910849 0.700000 5.125685 2.115574 -85.692176 1.000000 0.668670 5.099020 101.309932 2.000000 0.000000 
49.000000 160.000000 32.743977 1.000000 7.000000 11.992000 0.965067 0.291667 7.781449 2.038760 59.172847 0.636364 0.384082 6.708204 116.565051 2.683282 -153.434949 
56.000000 161.000000 98.096785 1.000000 18.000000 13.563000 0.888316 0.857143 7.191077 3.302376 -3.545307 1.000000 0.810607 7.280110 -164.054604 3.000000 -90.000000 
14.000000 161.000000 64.696534 6.000000 8.000000 7.220000 0.547723 0.666667 3.651484 3.055050 0.000000 1.000000 0.936369 4.123106 165.963757 3.000000 -90.000000 
47.000000 165.000000 52.603959 1.000000 36.000000 40.690000 0.992755 0.176471 22.244803 2.672836 -55.848453 0.705882 0.235471 20.808652 -125.217593 3.605551 -33.690068 
12.000000 163.000000 37.792498 5.000000 7.000000 6.922000 0.856222 0.875000 4.312826 2.228038 8.349622 1.000000 0.868564 4.472136 153.434949 2.000000 -90.000000 
38.000000 163.000000 37.149048 2.000000 4.000000 5.880000 0.968246 1.000000 4.618802 1.154701 90.000000 1.000000 0.617595 4.123106 104.036243 1.000000 0.000000 
16.000000 164.000000 55.144541 8.000000 8.000000 7.476000 0.866025 1.000000 4.618802 2.309401 0.000000 1.000000 0.891759 4.472136 153.434949 2.000000 -90.000000 
33.000000 164.000000 105.168847 1.000000 20.000000 16.400000 0.854096 0.625000 7.639325 3.973334 -83.262603 0.869565 0.658143 8.062258 97.125016 4.000000 0.000000 
58.000000 164.000000 60.224876 3.000000 2.000000 1.960000 0.866025 1.000000 2.309401 1.154701 90.000000 1.000000 0.965669 2.236068 116.565051 1.000000 0.000000 
5.000000 164.000000 46.095534 5.000000 8.000000 9.734000 0.819178 0.533333 5.033223 2.886751 14.036243 0.888889 0.606409 5.099020 168.690068 3.000000 -90.000000 
8.000000 163.000000 46.813916 8.000000 5.000000 6.368000 0.923687 0.625000 4.492622 1.721341 -20.993606 0.833333 0.694794 4.472136 -153.434949 2.000000 -90.000000 
21.000000 165.000000 100.700874 1.000000 33.000000 24.430000 0.957519 0.550000 12.518638 3.609998 77.068579 0.891892 0.545507 12.649111 108.434949 4.314555 -168.690068 
40.000000 168.000000 65.877165 1.000000 24.000000 27.184000 0.988784 0.263736 16.217954 2.422158 -64.940822 0.727273 0.327946 14.317821 -114.775141 3.130495 -26.565051 
55.000000 167.000000 67.744837 2.000000 16.000000 13.307000 0.691756 0.533333 5.699077 4.115482 5.564595 0.888889 0.743143 6.324555 -161.565051 4.743416 -108.434949 
27.000000 166.000000 52.529279 1.000000 10.000000 13.770000 0.918304 0.416667 7.063166 2.796132 28.396715 0.769231 0.439381 6.708204 153.434949 3.328201 -123.690068 
5.000000 170.000000 45.799347 8.000000 5.000000 6.550000 0.889464 0.625000 4.253087 1.943686 -5.152423 1.000000 0.668944 4.123106 165.963757 2.000000 -90.000000 
13.000000 168.000000 81.137130 1.000000 14.000000 11.421000 0.858501 0.777778 6.067988 3.111740 80.155698 0.933333 0.829584 6.324555 108.434949 3.000000 0.000000 
31.000000 170.000000 92.958092 1.000000 23.000000 19.104000 0.919062 0.575000 9.506614 3.746685 -73.318667 0.793103 0.584050 8.944272 -116.565051 4.314555 -11.309932 
48.000000 170.000000 34.586725 2.000000 2.000000 1.960000 0.866025 1.000000 2.309401 1.154701 90.000000 1.000000 0.965669 2.236068 116.565051 1.000000 0.000000 
9.000000 170.000000 47.458746 2.000000 7.000000 9.180000 0.891997 0.466667 5.314367 2.402314 72.231161 0.777778 0.579394 5.385165 111.801409 2.667892 -165.963757 
22.000000 170.000000 56.767451 1.000000 21.000000 18.343000 0.953059 0.583333 10.266577 3.108561 79.333150 0.840000 0.571709 9.486833 108.434949 3.535534 -171.869898 
57.000000 171.000000 36.110387 1.000000 12.000000 18.360000 0.816228 0.400000 7.093431 4.098090 -86.955736 0.600000 0.326174 6.324555 108.434949 4.850713 -165.963757 
12.000000 173.000000 57.182803 6.000000 10.000000 9.924000 0.917200 0.666667 6.056681 2.413148 -19.237118 0.833333 0.736125 5.830952 -149.036243 2.846050 -71.565051 
38.000000 172.000000 47.478375 1.000000 12.000000 14.051000 0.927441 0.571429 7.692165 2.876638 -83.694894 0.705882 0.510162 7.280110 -105.945396 3.000000 0.000000 
7.000000 175.000000 66.722056 6.000000 18.000000 18.641000 0.966754 0.400000 10.203252 2.609065 -19.202742 0.782609 0.476720 9.848858 -156.037511 3.162278 -71.565051 
16.000000 173.000000 55.734027 1.000000 10.000000 9.461000 0.853799 0.666667 5.341660 2.780887 -74.744881 0.909091 0.791207 5.385165 -111.801409 3.000000 0.000000 
53.000000 173.000000 63.102255 1.000000 7.000000 13.307000 0.820303 0.466667 5.659259 3.236694 90.000000 0.636364 0.325125 5.385165 -111.801409 3.000000 0.000000 
26.000000 174.000000 87.242361 1.000000 31.000000 28.259000 0.974968 0.442857 14.298218 3.179136 79.785750 0.756098 0.395090 14.317821 102.094757 3.726207 11.309932 
46.000000 174.000000 68.045715 1.000000 23.000000 24.157000 0.975923 0.479167 13.098211 2.856947 80.728865 0.718750 0.387844 12.369317 104.036243 3.423377 -173.659808 
58.000000 175.000000 61.645022 2.000000 15.000000 13.497000 0.816023 0.625000 6.421015 3.711471 -87.026568 0.833333 0.680876 6.324555 108.434949 4.000000 0.000000 
51.000000 178.000000 42.826421 1.000000 11.000000 14.233000 0.959741 0.523810 8.045678 2.259929 12.600562 0.785714 0.457903 7.615773 156.801409 2.745626 -101.309932 
19.000000 179.000000 88.810215 1.000000 18.000000 17.508000 0.932092 0.666667 9.145652 3.312754 -1.987327 0.857143 0.530468 9.055385 173.659808 3.000000 -90.000000 
30.000000 178.000000 71.064267 1.000000 2.000000 1.960000 0.866025 1.000000 2.309401 1.154701 90.000000 1.000000 0.965669 2.236068 116.565051 1.000000 0.000000 
56.000000 178.000000 127.074796 6.000000 16.000000 16.119000 0.819798 0.571429 6.611228 3.785939 -18.434949 0.800000 0.541989 7.280110 -164.054604 4.000000 -90.000000 
11.000000 180.000000 36.667725 2.000000 12.000000 16.681000 0.969322 0.300000 9.063558 2.227787 25.773145 0.750000 0.383769 9.433981 147.994617 2.683282 63.434949 
14.000000 178.000000 29.970832 7.000000 2.000000 1.960000 0.866025 1.000000 2.309401 1.154701 0.000000 1.000000 0.965669 2.236068 153.434949 1.000000 -90.000000 
40.000000 180.000000 69.897150 1.000000 12.000000 11.421000 0.919899 0.666667 6.619449 2.595852 -73.678809 0.923077 0.711072 6.708204 -116.565051 3.000000 0.000000 
16.000000 184.000000 55.819686 1.000000 17.000000 20.990000 0.859309 0.354167 8.622442 4.410010 18.400280 0.653846 0.366849 8.944272 153.434949 4.944980 74.054604 
35.000000 181.000000 49.412374 1.000000 2.000000 1.960000 0.866025 1.000000 2.309401 1.154701 90.000000 1.000000 0.965669 2.236068 116.565051 1.000000 0.000000 
47.000000 182.000000 66.262419 1.000000 13.000000 14.787000 0.860742 0.541667 6.839683 3.481680 89.373916 0.764706 0.508231 6.708204 -116.565051 4.000000 0.000000 
53.000000 181.000000 40.196730 1.000000 12.000000 10.015000 0.821945 0.800000 5.418787 3.086363 -85.163322 1.000000 0.871173 5.385165 111.801409 3.000000 0.000000 
21.000000 183.000000 129.422547 1.000000 12.000000 10.222000 0.693889 0.600000 4.898979 3.527668 78.690068 0.923077 0.844393 5.385165 111.801409 4.000000 0.000000 
43.000000 182.000000 59.899299 1.000000 6.000000 6.459000 0.778499 0.666667 3.829708 2.403701 45.000000 1.000000 0.818022 4.242641 135.000000 2.828427 45.000000 
57.000000 184.000000 100.539561 1.000000 22.000000 15.366000 0.799753 0.628571 7.117430 4.272797 -0.467679 0.916667 0.807110 7.280110 164.054604 5.000000 -90.000000 
34.000000 186.000000 45.314289 1.000000 21.000000 25.629000 0.985001 0.403846 14.645002 2.526974 -79.774592 0.724138 0.318810 13.601471 -107.102729 3.184119 174.289407 
47.000000 188.000000 47.670662 1.000000 21.000000 23.297000 0.926294 0.525000 10.989781 4.140967 82.699690 0.700000 0.377531 10.198039 -101.309932 4.000000 0.000000 
53.000000 188.000000 41.192576 1.000000 14.000000 17.698000 0.612833 0.466667 6.750012 5.333942 59.872441 0.636364 0.405097 7.071068 135.000000 5.000000 0.000000 
32.000000 189.000000 30.126995 11.000000 1.000000 0.000000 0.000000 1.000000 1.154701 1.154701 0.000000 1.000000 1.000000 1.414214 135.000000 1.000000 -90.000000 
19.000000 189.000000 48.745256 1.000000 3.000000 3.093000 0.730297 0.750000 2.581989 1.763834 45.000000 1.000000 0.969873 2.828427 135.000000 2.000000 -90.000000 
36.000000 190.000000 62.499738 1.000000 6.000000 6.368000 0.833333 0.750000 4.000000 2.211083 90.000000 1.000000 0.833753 4.123106 104.036243 2.000000 0.000000 
25.000000 192.000000 60.851568 1.000000 16.000000 13.869000 0.924990 0.571429 7.710803 2.930047 68.744776 0.842105 0.694850 7.615773 113.198591 3.478505 18.434949 
43.000000 193.000000 56.273509 1.000000 1.000000 0.000000 0.000000 1.000000 1.154701 1.154701 0.000000 1.000000 1.000000 1.414214 135.000000 1.000000 -90.000000 
58.000000 192.000000 46.847871 1.000000 11.000000 15.730000 0.927147 0.392857 7.810894 2.926720 73.154966 0.733333 0.388137 7.280110 105.945396 3.638034 14.036243 
16.000000 192.000000 68.486765 1.000000 9.000000 11.901000 0.844245 0.450000 5.560625 2.980254 52.267228 0.818182 0.499812 5.656854 135.000000 3.535534 -135.000000 
36.000000 193.000000 34.321420 1.000000 3.000000 5.624000 0.970143 0.333333 4.760952 1.154701 45.000000 1.000000 0.490646 4.242641 135.000000 1.414214 45.000000 
13.000000 193.000000 38.611721 5.000000 8.000000 12.182000 0.943069 0.320000 7.127229 2.370501 -51.556719 0.727273 0.428133 6.403124 -141.340192 2.828427 -45.000000 
33.000000 196.000000 33.574793 2.000000 1.000000 0.000000 0.000000 1.000000 1.154701 1.154701 0.000000 1.000000 1.000000 1.414214 135.000000 1.000000 -90.000000 
40.000000 196.000000 57.345758 2.000000 11.000000 12.364000 0.837959 0.458333 5.990090 3.268994 64.517756 0.846154 0.574944 6.324555 108.434949 3.794733 18.434949 
54.000000 194.000000 54.428681 1.000000 13.000000 15.457000 0.859652 0.433333 7.291674 3.725165 -39.724095 0.722222 0.472273 7.211103 -146.309932 4.160251 123.690068 
6.000000 198.000000 36.836382 1.000000 7.000000 8.328000 0.930558 0.700000 5.262061 1.926673 75.321123 1.000000 0.668670 5.385165 111.801409 2.000000 0.000000 
52.000000 197.000000 83.355350 1.000000 11.000000 12.248000 0.954626 0.785714 7.143751 2.127452 -82.586760 0.916667 0.583644 7.280110 -105.945396 2.000000 0.000000 
58.000000 198.000000 74.134559 1.000000 12.000000 12.736000 0.922134 0.500000 7.075502 2.737302 -74.441180 0.857143 0.598166 6.708204 -116.565051 3.333974 168.690068 
29.000000 199.000000 54.901788 1.000000 4.000000 6.550000 0.946293 0.500000 4.820546 1.558527 72.391204 0.800000 0.535155 4.472136 116.565051 1.897367 -161.565051 
36.000000 198.000000 57.413064 1.000000 21.000000 18.079000 0.865257 0.525000 8.232478 4.127174 88.278277 0.807692 0.586022 8.246211 -104.036243 5.000000 0.000000 
20.000000 200.000000 63.902762 1.000000 36.000000 28.094000 0.960384 0.553846 14.103553 3.930372 -88.611445 0.765957 0.463674 13.152946 -98.746162 5.000000 0.000000 
28.000000 200.000000 44.698242 1.000000 7.000000 6.922000 0.856222 0.875000 4.312826 2.228038 81.650378 1.000000 0.868564 4.472136 116.565051 2.000000 0.000000 
42.000000 200.000000 41.605056 10.000000 6.000000 6.368000 0.833333 0.750000 4.000000 2.211083 90.000000 1.000000 0.833753 4.123106 104.036243 2.000000 0.000000 
51.000000 200.000000 54.667591 1.000000 10.000000 13.125000 0.949740 0.400000 7.506340 2.349793 -40.654346 0.833333 0.474916 7.071068 -135.000000 2.828427 -45.000000 
54.000000 206.000000 40.760346 1.000000 17.000000 29.343000 0.989258 0.157407 17.676165 2.583909 34.184058 0.500000 0.202444 14.422205 146.309932 3.595938 52.125016 
12.000000 201.000000 71.520654 1.000000 10.000000 9.180000 0.806180 0.666667 4.888755 2.892531 69.379278 1.000000 0.827706 5.385165 111.801409 3.000000 0.000000 
31.000000 203.000000 36.970098 2.000000 7.000000 13.125000 0.960717 0.291667 7.944291 2.204776 -23.863155 0.538462 0.332441 6.708204 -153.434949 2.599735 -68.198591 
48.000000 202.000000 123.879076 1.000000 1.000000 0.000000 0.000000 1.000000 1.154701 1.154701 0.000000 1.000000 1.000000 1.414214 135.000000 1.000000 -90.000000 
14.000000 203.000000 35.520763 6.000000 2.000000 1.960000 0.866025 1.000000 2.309401 1.154701 0.000000 1.000000 0.965669 2.236068 153.434949 1.000000 -90.000000 
8.000000 205.000000 32.133244 7.000000 4.000000 5.053000 0.866025 0.666667 3.651484 1.825742 -18.434949 1.000000 0.748540 3.605551 -146.309932 2.000000 -90.000000 
44.000000 204.000000 125.487636 2.000000 9.000000 8.816000 0.822473 0.600000 4.848301 2.757733 76.717474 0.900000 0.790979 5.099020 101.309932 3.000000 0.000000 
38.000000 206.000000 68.050087 2.000000 16.000000 20.138000 0.967132 0.533333 10.183863 2.589516 80.992653 0.727273 0.371004 10.198039 101.309932 3.000000 0.000000 
17.000000 206.000000 31.067250 1.000000 1.000000 0.000000 0.000000 1.000000 1.154701 1.154701 0.000000 1.000000 1.000000 1.414214 135.000000 1.000000 -90.000000 
26.000000 208.000000 57.534380 1.000000 31.000000 26.134000 0.963096 0.369048 13.492378 3.631594 64.775479 0.720930 0.454528 13.000000 112.619865 4.472136 26.565051 
45.000000 208.000000 42.574407 2.000000 10.000000 15.656000 0.915355 0.277778 7.619352 3.067923 -44.717300 0.625000 0.355636 7.211103 -146.309932 4.115966 120.963757 
59.000000 208.000000 36.362589 1.000000 6.000000 8.328000 0.953154 0.600000 5.526219 1.671596 72.391204 0.857143 0.573146 5.385165 111.801409 2.000000 0.000000 
12.000000 209.000000 34.450549 1.000000 4.000000 5.905000 0.926289 0.444444 4.355771 1.641317 -50.309828 0.800000 0.614186 4.242641 -135.000000 2.121320 -45.000000 
35.000000 210.000000 58.044131 1.000000 9.000000 11.719000 0.807417 0.450000 5.593182 3.299872 15.767396 0.750000 0.512130 5.385165 158.198591 3.794733 71.565051 
7.000000 214.000000 43.312284 1.000000 16.000000 20.246000 0.967691 0.296296 11.218432 2.828594 -29.609315 0.666667 0.367586 10.295630 -150.945396 3.577709 116.565051 
39.000000 211.000000 68.248891 1.000000 13.000000 12.736000 0.942029 0.619048 7.299543 2.449229 70.670096 0.928571 0.648013 7.615773 113.198591 3.000000 0.000000 
60.000000 211.000000 88.187877 1.000000 5.000000 5.814000 0.743786 0.555556 3.529850 2.359413 55.900705 1.000000 0.783414 3.605551 123.690068 2.683282 26.565051 
10.000000 214.000000 34.493700 4.000000 1.000000 0.000000 0.000000 1.000000 1.154701 1.154701 0.000000 1.000000 1.000000 1.414214 135.000000 1.000000 -90.000000 
31.000000 212.000000 46.368418 1.000000 4.000000 5.053000 0.866025 0.666667 3.651484 1.825742 71.565051 1.000000 0.748540 3.605551 123.690068 2.000000 0.000000 
55.000000 212.000000 91.252275 1.000000 21.000000 16.656000 0.931068 0.777778 8.735983 3.187286 86.028264 0.954545 0.673293 9.055385 96.340192 3.000000 0.000000 
48.000000 212.000000 47.615106 1.000000 13.000000 12.736000 0.810785 0.650000 5.830923 3.413100 -45.728179 0.866667 0.648013 6.403124 -128.659808 4.000000 0.000000 
28.000000 216.000000 42.314897 1.000000 17.000000 27.747000 0.989764 0.171717 16.595892 2.368503 50.560434 0.607143 0.223904 14.212670 129.289407 3.104379 -138.814075 
59.000000 216.000000 46.814556 1.000000 12.000000 12.827000 0.792597 0.500000 5.963033 3.635933 -0.570032 0.800000 0.591368 6.324555 -161.565051 4.000000 -90.000000 
17.000000 217.000000 38.049929 1.000000 8.000000 8.146000 0.864375 0.666667 4.866132 2.446923 21.354695 0.888889 0.789037 5.000000 143.130102 2.846050 71.565051 
40.000000 216.000000 62.951446 1.000000 25.000000 20.717000 0.907218 0.462963 9.747414 4.100365 63.802594 0.735294 0.551900 9.219544 102.528808 5.059644 18.434949 
51.000000 218.000000 57.217136 2.000000 9.000000 10.685000 0.942814 0.450000 6.525193 2.174970 26.744472 0.900000 0.591592 6.403124 141.340192 2.683282 63.434949 
53.000000 219.000000 67.202030 1.000000 13.000000 13.406000 0.953486 0.433333 7.927760 2.389725 55.689155 0.866667 0.596600 7.810250 129.805571 3.050851 -146.309932 
18.000000 220.000000 49.356234 2.000000 10.000000 12.736000 0.928047 0.555556 6.847093 2.550292 10.689907 0.769231 0.498472 6.324555 161.565051 2.910428 75.963757 
34.000000 222.000000 53.851112 1.000000 39.000000 27.656000 0.937939 0.361111 13.377957 4.639470 35.132402 0.795918 0.516703 13.000000 157.380135 5.738397 -131.185925 
42.000000 221.000000 33.373389 7.000000 3.000000 4.590000 0.928995 0.500000 3.854129 1.426385 -28.154966 1.000000 0.630657 3.605551 -146.309932 1.788854 -63.434949 
58.000000 222.000000 64.295603 1.000000 24.000000 20.510000 0.927113 0.480000 9.778758 3.664894 11.393345 0.800000 0.539138 10.198039 168.690068 4.110961 71.565051 
5.000000 224.000000 43.929538 1.000000 26.000000 35.206000 0.962494 0.500000 15.649314 4.245702 1.518960 0.577778 0.222181 13.341664 167.005383 4.000000 -90.000000 
20.000000 222.000000 44.613627 1.000000 4.000000 5.053000 0.866025 0.666667 3.651484 1.825742 71.565051 0.800000 0.748540 3.605551 123.690068 2.000000 0.000000 
25.000000 225.000000 51.967409 2.000000 12.000000 13.960000 0.930801 0.571429 7.604544 2.779653 11.349029 0.857143 0.515606 7.280110 164.054604 3.000000 -90.000000 
12.000000 222.000000 57.470066 1.000000 30.000000 29.202000 0.892089 0.375000 12.758588 5.765085 -62.425154 0.588235 0.360375 11.401754 -127.874984 6.626115 -35.537678 
49.000000 223.000000 55.025166 3.000000 12.000000 9.370000 0.624895 0.750000 4.611135 3.599952 -52.762055 0.923077 0.963310 5.000000 -143.130102 4.000000 -90.000000 
20.000000 228.000000 51.866592 1.000000 16.000000 19.104000 0.968342 0.355556 10.723829 2.676967 -67.406073 0.666667 0.406295 9.848858 -113.962489 3.413967 -23.198591 
49.000000 228.000000 37.493065 1.000000 5.000000 6.368000 0.576018 0.555556 3.401960 2.780887 0.000000 1.000000 0.694794 3.605551 146.309932 3.000000 -90.000000 
15.000000 229.000000 89.374973 2.000000 10.000000 9.734000 0.871779 0.666667 5.408076 2.649411 11.436833 0.909091 0.758011 5.385165 158.198591 3.000000 -90.000000 
52.000000 228.000000 33.675702 1.000000 4.000000 5.053000 0.866025 0.666667 3.651484 1.825742 71.565051 0.800000 0.748540 3.605551 123.690068 2.000000 0.000000 
60.000000 228.000000 42.036371 1.000000 5.000000 4.962000 0.765092 0.833333 3.306559 2.129163 -71.565051 1.000000 0.956808 3.605551 -123.690068 2.000000 0.000000 
57.000000 230.000000 63.709382 1.000000 7.000000 10.958000 0.969785 0.388889 6.937487 1.692475 68.084570 0.777778 0.442481 6.708204 116.565051 2.213594 -161.565051 
25.000000 229.000000 38.369855 11.000000 3.000000 3.093000 0.730297 0.750000 2.581989 1.763834 45.000000 1.000000 0.969873 2.828427 135.000000 2.000000 -90.000000 
37.000000 230.000000 34.306556 2.000000 3.000000 4.590000 0.928995 0.500000 3.854129 1.426385 61.845034 0.750000 0.630657 3.605551 123.690068 1.788854 -153.434949 
10.000000 231.000000 74.857151 1.000000 22.000000 19.468000 0.930126 0.611111 9.497569 3.487883 -86.594036 0.814815 0.540813 9.219544 -102.528808 4.000000 0.000000 
37.000000 233.000000 51.135547 1.000000 32.000000 34.354000 0.984176 0.376471 19.342655 3.427408 80.647377 0.615385 0.286022 17.464249 103.240520 4.030993 7.594643 
49.000000 232.000000 38.527178 1.000000 4.000000 6.368000 0.958153 0.500000 4.964579 1.421135 22.500000 0.800000 0.555835 4.472136 153.434949 1.788854 63.434949 
59.000000 234.000000 47.399167 2.000000 18.000000 15.895000 0.951720 0.750000 9.179214 2.817722 8.038900 0.900000 0.624172 8.544004 159.443955 3.000000 -90.000000 
6.000000 234.000000 76.970822 6.000000 17.000000 12.918000 0.809420 0.708333 6.306697 3.703480 -8.524515 0.944444 0.828304 6.708204 -153.434949 4.000000 -90.000000 
18.000000 233.000000 59.309574 1.000000 12.000000 15.705000 0.961924 0.500000 9.156830 2.502713 -81.677886 0.750000 0.424547 8.246211 -104.036243 3.000000 0.000000 
25.000000 234.000000 30.470847 1.000000 2.000000 1.960000 0.866025 1.000000 2.309401 1.154701 90.000000 1.000000 0.965669 2.236068 116.565051 1.000000 0.000000 
14.000000 235.000000 69.177760 5.000000 11.000000 9.552000 0.825584 0.733333 5.186141 2.926431 13.282526 0.916667 0.857894 5.385165 158.198591 3.000000 -90.000000 
46.000000 237.000000 34.466688 1.000000 7.000000 10.288000 0.967353 0.583333 6.877645 1.743024 -79.177782 0.875000 0.487733 6.324555 -108.434949 2.000000 0.000000 
5.000000 237.000000 48.595078 7.000000 2.000000 1.960000 0.866025 1.000000 2.309401 1.154701 90.000000 1.000000 0.965669 2.236068 116.565051 1.000000 0.000000 
