299
32.000000 119.000000 9.364127 1.000000 10440.000000 591.556000 0.961520 0.679688 279.252163 76.720630 -0.407663 0.679688 0.370952 248.386795 165.068583 64.000000 -90.000000 
22.000000 5.000000 23.128455 6.000000 4.000000 4.408000 0.870424 0.666667 3.435909 1.691507 -31.717474 1.000000 0.881907 3.605551 -146.309932 2.000000 -90.000000 
42.000000 6.000000 49.085887 7.000000 11.000000 11.438000 0.846396 0.550000 5.560723 2.961388 -28.344685 0.916667 0.650297 5.830952 -149.036243 3.535534 -45.000000 
8.000000 6.000000 40.984084 1.000000 11.000000 17.343000 0.890239 0.314286 8.187726 3.729451 -68.306769 0.578947 0.329418 8.062258 -119.744881 4.242641 -45.000000 
34.000000 7.000000 48.274211 1.000000 11.000000 14.696000 0.978282 0.458333 9.148697 1.896341 73.495996 0.785714 0.434440 8.544004 110.556045 2.425356 14.036243 
20.000000 8.000000 43.024861 1.000000 11.000000 10.842000 0.936793 0.916667 6.513910 2.279105 86.942248 1.000000 0.706911 6.324555 108.434949 2.000000 0.000000 
41.000000 7.000000 28.995795 11.000000 3.000000 4.590000 0.928995 0.500000 3.854129 1.426385 -61.845034 0.750000 0.630657 3.605551 -123.690068 1.788854 153.434949 
14.000000 8.000000 34.087547 1.000000 15.000000 12.182000 0.801955 0.625000 5.958741 3.559660 -83.154975 0.937500 0.802749 6.324555 -108.434949 4.000000 0.000000 
5.000000 11.000000 47.076075 1.000000 28.000000 31.344000 0.970979 0.500000 14.022953 3.353794 1.918785 0.756757 0.295864 14.035669 175.914383 4.000000 -90.000000 
27.000000 9.000000 66.668834 1.000000 26.000000 18.153000 0.909052 0.722222 9.254355 3.856130 88.907538 0.928571 0.720518 9.219544 -102.528808 4.000000 0.000000 
10.000000 10.000000 40.272163 1.000000 11.000000 11.421000 0.925399 0.611111 6.577423 2.492808 -19.457653 0.846154 0.651816 6.708204 -153.434949 3.000000 -90.000000 
20.000000 11.000000 39.882396 1.000000 15.000000 16.474000 0.959911 0.625000 9.571359 2.682905 83.871714 0.750000 0.489890 8.246211 104.036243 3.000000 0.000000 
46.000000 10.000000 55.127692 7.000000 23.000000 18.641000 0.777075 0.657143 7.551305 4.752856 84.838574 0.851852 0.609142 7.615773 113.198591 5.000000 0.000000 
59.000000 10.000000 56.323393 1.000000 9.000000 8.237000 0.759113 0.750000 4.430771 2.884248 83.952621 0.900000 0.873525 4.472136 116.565051 3.000000 0.000000 
33.000000 11.000000 59.014045 1.000000 17.000000 15.639000 0.664173 0.566667 6.013329 4.495438 -75.916965 0.850000 0.605676 6.324555 108.434949 5.000000 0.000000 
54.000000 11.000000 60.988732 1.000000 32.000000 21.635000 0.891222 0.640000 10.075549 4.569941 85.720618 0.864865 0.655053 10.049876 95.710593 5.000000 0.000000 
14.000000 13.000000 49.359808 2.000000 9.000000 8.882000 0.907936 0.900000 5.399179 2.262845 85.268839 1.000000 0.782319 5.385165 111.801409 2.000000 0.000000 
38.000000 13.000000 60.351290 1.000000 28.000000 22.586000 0.890791 0.560000 9.855910 4.478652 81.502170 0.823529 0.531581 10.770330 111.801409 5.000000 0.000000 
48.000000 13.000000 33.982942 2.000000 3.000000 5.624000 0.769800 0.500000 3.464102 2.211083 90.000000 0.750000 0.490646 3.162278 108.434949 2.000000 0.000000 
59.000000 13.000000 28.910951 11.000000 6.000000 7.220000 0.869227 0.500000 4.472136 2.211083 -59.036243 0.857143 0.702276 4.472136 -116.565051 2.683282 153.434949 
9.000000 15.000000 41.674362 2.000000 7.000000 10.958000 0.953067 0.350000 6.878207 2.082432 53.391322 0.700000 0.442481 6.403124 128.659808 2.600000 -143.130102 
43.000000 14.000000 30.084817 1.000000 7.000000 10.032000 0.791027 0.437500 4.878502 2.984577 37.372441 0.700000 0.506873 5.000000 126.869898 3.478505 -108.434949 
46.000000 14.000000 29.093495 7.000000 6.000000 6.459000 0.778499 0.666667 3.829708 2.403701 -45.000000 1.000000 0.818022 4.242641 -135.000000 2.828427 -45.000000 
23.000000 18.000000 22.376378 1.000000 5.000000 6.368000 0.923687 0.625000 4.492622 1.721341 69.006394 1.000000 0.694794 4.472136 116.565051 2.000000 0.000000 
31.000000 17.000000 33.050580 1.000000 12.000000 13.216000 0.951407 0.400000 7.848756 2.416913 35.764474 0.857143 0.563576 7.211103 146.309932 3.000000 53.130102 
45.000000 17.000000 22.191154 9.000000 2.000000 1.960000 0.866025 1.000000 2.309401 1.154701 0.000000 1.000000 0.965669 2.236068 153.434949 1.000000 -90.000000 
7.000000 21.000000 33.559597 2.000000 29.000000 18.269000 0.796878 0.604167 8.159016 4.929187 -19.962214 0.906250 0.794970 8.544004 -159.443955 5.366563 -63.434949 
20.000000 19.000000 24.163892 2.000000 3.000000 3.920000 0.942809 1.000000 3.464102 1.154701 90.000000 1.000000 0.756007 3.162278 108.434949 1.000000 0.000000 
51.000000 22.000000 54.445261 1.000000 60.000000 53.086000 0.982716 0.400000 27.300719 5.053893 85.611883 0.535714 0.238486 25.079872 94.573921 6.000000 0.000000 
22.000000 21.000000 36.042879 10.000000 5.000000 5.814000 0.901281 0.555556 4.163332 1.803700 -45.000000 1.000000 0.783414 4.242641 -135.000000 2.121320 -45.000000 
29.000000 21.000000 37.071374 4.000000 2.000000 2.812000 0.925820 0.500000 3.055050 1.154701 45.000000 1.000000 0.709058 2.828427 135.000000 1.414214 45.000000 
34.000000 23.000000 27.557390 10.000000 8.000000 14.622000 0.983942 0.228571 9.151428 1.633413 -55.195315 0.800000 0.318594 8.602325 -125.537678 2.218801 146.309932 
27.000000 24.000000 46.184814 1.000000 15.000000 19.030000 0.975141 0.277778 10.701366 2.371283 -58.600451 0.714286 0.383449 10.295630 -119.054604 3.130495 153.434949 
13.000000 24.000000 26.451688 1.000000 6.000000 9.552000 0.826640 0.375000 5.163978 2.905933 38.659808 0.666667 0.467942 5.000000 143.130102 3.328201 56.309932 
22.000000 24.000000 25.537889 2.000000 5.000000 4.962000 0.765092 0.833333 3.306559 2.129163 71.565051 1.000000 0.956808 3.605551 123.690068 2.000000 0.000000 
34.000000 25.000000 22.126481 2.000000 2.000000 1.960000 0.866025 1.000000 2.309401 1.154701 90.000000 1.000000 0.965669 2.236068 116.565051 1.000000 0.000000 
26.000000 27.000000 32.853343 1.000000 15.000000 18.178000 0.973598 0.333333 10.299580 2.351070 -62.721736 0.750000 0.414709 9.848858 -113.962489 2.976834 -29.744881 
37.000000 29.000000 27.586309 2.000000 9.000000 11.975000 0.930941 0.450000 7.004464 2.557816 -24.006394 0.750000 0.494931 6.403124 -141.340192 3.130495 -63.434949 
51.000000 29.000000 28.417348 1.000000 9.000000 13.588000 0.929289 0.375000 7.142525 2.638113 -61.275002 0.750000 0.404093 7.211103 -123.690068 3.130495 -26.565051 
9.000000 33.000000 28.009271 4.000000 7.000000 13.125000 0.982770 0.233333 8.780328 1.622876 34.192611 0.700000 0.332441 7.810250 140.194429 2.218801 56.309932 
17.000000 32.000000 29.229888 9.000000 8.000000 8.626000 0.537086 0.500000 4.163332 3.511885 63.434949 0.888889 0.725980 4.472136 116.565051 3.535534 45.000000 
15.000000 32.000000 24.746358 1.000000 3.000000 5.624000 0.970143 0.333333 4.760952 1.154701 -45.000000 1.000000 0.490646 4.242641 -135.000000 1.414214 -45.000000 
55.000000 30.000000 28.246956 2.000000 2.000000 1.960000 0.866025 1.000000 2.309401 1.154701 90.000000 1.000000 0.965669 2.236068 116.565051 1.000000 0.000000 
6.000000 33.000000 28.081857 8.000000 4.000000 4.408000 0.870424 0.666667 3.435909 1.691507 -31.717474 1.000000 0.881907 3.605551 -146.309932 2.000000 -90.000000 
43.000000 32.000000 52.265430 1.000000 23.000000 21.428000 0.956363 0.522727 10.821311 3.161788 -80.746709 0.851852 0.478786 11.401754 -105.255119 3.533809 173.659808 
60.000000 32.000000 38.730121 1.000000 4.000000 4.408000 0.870424 0.666667 3.435909 1.691507 58.282526 1.000000 0.881907 3.605551 123.690068 2.000000 0.000000 
22.000000 34.000000 38.205992 1.000000 27.000000 24.157000 0.946971 0.450000 11.587662 3.723341 -69.591740 0.750000 0.455295 11.180340 -116.565051 4.213481 159.443955 
37.000000 34.000000 28.854424 1.000000 7.000000 10.933000 0.839825 0.437500 5.773503 3.134187 45.000000 0.700000 0.444054 5.656854 135.000000 3.535534 -135.000000 
30.000000 35.000000 30.859531 2.000000 15.000000 11.901000 0.852710 0.600000 6.260193 3.270233 43.283185 1.000000 0.833021 6.403124 128.659808 3.535534 45.000000 
56.000000 37.000000 44.937605 1.000000 17.000000 15.184000 0.926742 0.485714 8.153170 3.063136 64.824532 0.809524 0.636125 8.062258 119.744881 3.577709 -153.434949 
7.000000 38.000000 30.708081 6.000000 12.000000 11.421000 0.919899 0.666667 6.619449 2.595852 -16.321191 0.923077 0.711072 6.708204 -153.434949 3.000000 -90.000000 
44.000000 37.000000 28.490248 1.000000 11.000000 16.168000 0.983283 0.611111 9.824673 1.788941 -81.938091 0.846154 0.370729 9.219544 -102.528808 2.000000 0.000000 
10.000000 38.000000 24.980026 12.000000 4.000000 5.053000 0.866025 0.666667 3.651484 1.825742 -71.565051 1.000000 0.748540 3.605551 -123.690068 2.000000 0.000000 
58.000000 43.000000 75.935942 1.000000 38.000000 28.838000 0.925316 0.493506 12.617031 4.784343 22.664679 0.745098 0.466926 12.529964 151.389540 6.499337 -111.801409 
19.000000 41.000000 24.180761 1.000000 6.000000 6.368000 0.877058 0.750000 4.163332 2.000000 -71.565051 1.000000 0.833753 4.472136 -116.565051 2.000000 0.000000 
24.000000 40.000000 27.569261 2.000000 12.000000 10.958000 0.871388 0.600000 5.947669 2.917898 48.444919 0.923077 0.758539 6.403124 128.659808 3.535534 45.000000 
31.000000 40.000000 43.464429 1.000000 15.000000 17.442000 0.945479 0.375000 8.581736 2.794922 -62.840782 0.833333 0.444896 8.544004 -110.556045 3.130495 -26.565051 
47.000000 42.000000 57.048904 1.000000 17.000000 16.292000 0.961507 0.531250 9.475433 2.603656 -70.586540 0.809524 0.565656 8.944272 -116.565051 3.162278 -18.434949 
37.000000 43.000000 50.900868 1.000000 22.000000 19.675000 0.929461 0.488889 9.724068 3.587409 -79.964865 0.785714 0.531045 9.219544 -102.528808 4.384062 171.869898 
26.000000 50.000000 43.691849 1.000000 30.000000 25.646000 0.963860 0.500000 13.311686 3.546379 11.170716 0.769231 0.454905 12.369317 165.963757 5.000000 -90.000000 
53.000000 44.000000 68.766828 1.000000 17.000000 17.045000 0.756395 0.566667 6.735830 4.406009 -71.051791 0.739130 0.524243 6.708204 -116.565051 4.919350 153.434949 
32.000000 45.000000 22.937733 3.000000 3.000000 3.093000 0.730297 0.750000 2.581989 1.763834 45.000000 1.000000 0.969873 2.828427 135.000000 2.000000 -90.000000 
45.000000 48.000000 23.090704 1.000000 6.000000 8.973000 0.959508 0.600000 6.121381 1.724279 7.465709 0.857143 0.513740 5.385165 158.198591 2.000000 -90.000000 
17.000000 50.000000 24.432766 3.000000 10.000000 10.288000 0.928132 0.833333 6.110101 2.274496 0.000000 1.000000 0.696762 6.082763 170.537678 2.000000 -90.000000 
35.000000 50.000000 59.105779 1.000000 37.000000 32.576000 0.984745 0.385417 17.166651 2.987034 73.802325 0.804348 0.364458 17.088007 110.556045 3.638034 14.036243 
54.000000 51.000000 86.966763 2.000000 37.000000 21.825000 0.710256 0.685185 8.512368 5.992225 8.956783 0.902439 0.745921 9.219544 167.471192 6.000000 -90.000000 
15.000000 54.000000 25.720296 1.000000 7.000000 11.140000 0.951644 0.583333 6.782259 2.083531 -85.490339 0.700000 0.431275 6.324555 -108.434949 2.000000 0.000000 
20.000000 53.000000 26.977637 3.000000 9.000000 10.404000 0.927459 0.450000 6.251332 2.337533 -56.776132 0.818182 0.616391 5.830952 -120.963757 2.773501 -33.690068 
57.000000 51.000000 90.092191 5.000000 13.000000 18.426000 0.949730 0.541667 8.878213 2.779508 1.450253 0.722222 0.351196 8.246211 165.963757 3.000000 -90.000000 
44.000000 56.000000 31.115096 1.000000 30.000000 39.648000 0.980566 0.181818 21.634006 4.244317 58.550775 0.454545 0.205899 17.492856 120.963757 5.110692 -149.743563 
30.000000 56.000000 38.981659 1.000000 23.000000 22.098000 0.962378 0.418182 11.523041 3.130979 -73.971915 0.821429 0.453704 11.704700 -109.983107 3.796283 167.471192 
20.000000 57.000000 38.580690 1.000000 20.000000 22.214000 0.960708 0.370370 11.195138 3.107338 62.515487 0.689655 0.390924 10.295630 119.054604 4.427189 18.434949 
48.000000 59.000000 47.813170 1.000000 18.000000 19.013000 0.820936 0.428571 7.947271 4.538058 25.088703 0.692308 0.460845 7.615773 156.801409 5.199469 -111.801409 
53.000000 61.000000 106.291325 1.000000 38.000000 30.707000 0.902682 0.493506 12.601671 5.422612 15.002670 0.678571 0.416785 11.401754 164.744881 6.063391 -104.036243 
25.000000 60.000000 22.561456 1.000000 3.000000 3.920000 0.942809 1.000000 3.464102 1.154701 0.000000 1.000000 0.756007 3.162278 161.565051 1.000000 -90.000000 
7.000000 60.000000 24.441398 1.000000 8.000000 8.237000 0.824432 0.666667 4.618802 2.614065 66.801409 1.000000 0.776467 5.000000 126.869898 3.000000 0.000000 
13.000000 61.000000 39.720733 2.000000 14.000000 20.047000 0.817727 0.400000 8.079734 4.650749 -70.536228 0.583333 0.327182 8.062258 -119.744881 5.000000 0.000000 
28.000000 61.000000 24.411650 1.000000 4.000000 6.550000 0.946293 0.500000 4.820546 1.558527 72.391204 0.800000 0.535155 4.472136 116.565051 1.897367 18.434949 
45.000000 61.000000 34.532286 1.000000 6.000000 8.328000 0.657643 0.500000 4.090064 3.081168 66.255224 0.857143 0.573146 4.242641 135.000000 3.000000 0.000000 
31.000000 65.000000 55.386311 1.000000 35.000000 27.945000 0.977709 0.336538 15.312889 3.215150 63.084380 0.853659 0.455126 14.317821 114.775141 3.577709 26.565051 
59.000000 70.000000 38.255303 1.000000 37.000000 36.769000 0.978631 0.411111 18.632947 3.831365 1.735028 0.627119 0.291901 18.110770 -173.659808 4.756484 -86.633539 
17.000000 61.000000 34.897052 3.000000 2.000000 1.960000 0.866025 1.000000 2.309401 1.154701 0.000000 1.000000 0.965669 2.236068 153.434949 1.000000 -90.000000 
24.000000 64.000000 32.316578 1.000000 13.000000 14.051000 0.939931 0.619048 7.943586 2.711657 -9.002081 0.764706 0.552676 7.280110 -164.054604 3.000000 -90.000000 
17.000000 64.000000 41.226184 7.000000 8.000000 10.867000 0.898155 0.400000 6.186169 2.719924 -57.452384 0.727273 0.512284 5.830952 -120.963757 3.478505 161.565051 
10.000000 67.000000 27.607739 2.000000 11.000000 13.315000 0.935571 0.366667 7.606832 2.686260 42.903903 0.733333 0.510414 7.211103 146.309932 3.400000 -126.869898 
44.000000 67.000000 45.085402 1.000000 48.000000 40.069000 0.962869 0.380952 19.548269 5.277431 83.309838 0.640000 0.323051 18.439089 102.528808 6.992132 16.699244 
14.000000 70.000000 40.945986 2.000000 27.000000 23.942000 0.972556 0.750000 13.280922 3.090067 1.568592 0.818182 0.462553 12.165525 -170.537678 3.000000 -90.000000 
20.000000 70.000000 30.586155 1.000000 15.000000 16.102000 0.944053 0.625000 8.851071 2.919036 -7.980714 0.750000 0.509013 8.246211 -165.963757 3.000000 -90.000000 
25.000000 72.000000 32.649948 1.000000 11.000000 13.952000 0.947536 0.523810 7.494494 2.395598 -12.072771 0.785714 0.473081 7.280110 -164.054604 3.000000 -90.000000 
39.000000 70.000000 24.316709 1.000000 4.000000 5.905000 0.791649 0.666667 3.586706 2.191393 14.872441 0.800000 0.614186 3.605551 146.309932 2.000000 -90.000000 
51.000000 73.000000 138.988158 2.000000 70.000000 35.843000 0.943105 0.625000 17.487307 5.814439 7.854691 0.823529 0.578791 16.492423 165.963757 7.000000 -90.000000 
6.000000 76.000000 56.822518 1.000000 69.000000 36.215000 0.954491 0.676471 17.670884 5.270134 7.505035 0.884615 0.559788 17.262677 169.992020 5.742439 -96.340192 
35.000000 74.000000 37.379198 1.000000 12.000000 13.125000 0.892811 0.500000 6.651717 2.996144 26.276235 0.857143 0.569899 6.708204 153.434949 3.478505 -108.434949 
18.000000 75.000000 31.180260 1.000000 15.000000 18.658000 0.805410 0.428571 6.902951 4.091501 -82.534291 0.681818 0.396647 7.280110 -105.945396 4.850713 165.963757 
31.000000 77.000000 43.584584 1.000000 18.000000 17.880000 0.950719 0.500000 9.873805 3.061400 79.594203 0.782609 0.511860 9.219544 102.528808 3.535534 -171.869898 
38.000000 76.000000 28.376996 1.000000 1.000000 0.000000 0.000000 1.000000 1.154701 1.154701 0.000000 1.000000 1.000000 1.414214 135.000000 1.000000 -90.000000 
45.000000 77.000000 36.177879 1.000000 21.000000 20.394000 0.914000 0.500000 9.714872 3.941459 -57.232888 0.724138 0.476408 9.219544 -130.601295 4.630462 149.036243 
12.000000 79.000000 66.691089 1.000000 20.000000 17.880000 0.959178 0.555556 10.093496 2.854472 14.836047 0.869565 0.568733 9.486833 161.565051 3.395499 75.963757 
24.000000 83.000000 29.489806 7.000000 33.000000 30.658000 0.977241 0.282051 16.263829 3.450062 -32.834009 0.702128 0.362995 14.764823 -151.699244 4.600000 -53.130102 
45.000000 82.000000 34.605674 1.000000 14.000000 16.656000 0.890730 0.437500 7.758252 3.526383 82.874984 0.700000 0.448862 8.246211 104.036243 4.000000 0.000000 
59.000000 82.000000 36.203774 1.000000 10.000000 11.330000 0.949149 0.555556 7.052440 2.220307 72.076566 0.833333 0.600036 6.708204 116.565051 2.667892 -165.963757 
28.000000 84.000000 24.576166 9.000000 4.000000 5.905000 0.926289 0.444444 4.355771 1.641317 -39.690172 0.800000 0.614186 4.242641 -135.000000 2.121320 -45.000000 
38.000000 83.000000 23.792591 2.000000 3.000000 4.590000 0.928995 0.500000 3.854129 1.426385 61.845034 0.750000 0.630657 3.605551 123.690068 1.788854 -153.434949 
9.000000 84.000000 38.058931 1.000000 6.000000 10.495000 0.937884 0.400000 6.235054 2.163252 76.051364 0.600000 0.405461 5.385165 111.801409 2.425356 -165.963757 
14.000000 84.000000 25.351875 9.000000 5.000000 8.328000 0.969048 0.500000 6.024504 1.487286 -72.856562 0.833333 0.477622 5.385165 -111.801409 1.897367 161.565051 
36.000000 85.000000 32.225216 3.000000 4.000000 4.590000 0.731925 0.666667 3.055050 2.081666 90.000000 1.000000 0.840876 3.162278 108.434949 2.000000 0.000000 
49.000000 88.000000 130.708730 1.000000 69.000000 32.204000 0.852744 0.758242 13.411807 7.005378 4.863541 0.896104 0.694046 13.341664 167.005383 7.000000 -90.000000 
6.000000 92.000000 40.518175 1.000000 32.000000 31.650000 0.983626 0.711111 17.380286 3.132266 0.272625 0.761905 0.332209 15.132746 -172.405357 3.000000 -90.000000 
14.000000 91.000000 30.546803 3.000000 29.000000 29.136000 0.981449 0.278846 15.473835 2.966718 -23.897491 0.783784 0.349789 14.764823 -151.699244 4.024922 -63.434949 
19.000000 86.000000 24.897305 1.000000 12.000000 12.802000 0.955163 0.857143 7.495708 2.219340 85.636361 0.923077 0.593224 7.280110 105.945396 2.000000 0.000000 
41.000000 87.000000 36.964372 1.000000 18.000000 24.083000 0.959794 0.285714 11.461957 3.217442 -62.078465 0.642857 0.305182 10.816654 -123.690068 3.921992 147.994617 
58.000000 93.000000 37.876979 1.000000 31.000000 35.206000 0.978718 0.413333 17.162340 3.521900 -6.617937 0.574074 0.264908 15.297059 -168.690068 4.484456 -85.236358 
29.000000 88.000000 23.650888 1.000000 7.000000 11.810000 0.814227 0.437500 5.186996 3.011289 33.125253 0.700000 0.393489 5.000000 126.869898 3.130495 63.434949 
22.000000 91.000000 26.512169 9.000000 3.000000 4.590000 0.928995 0.500000 3.854129 1.426385 -28.154966 0.750000 0.630657 3.605551 -146.309932 1.788854 116.565051 
42.000000 93.000000 54.507757 3.000000 15.000000 22.032000 0.918462 0.333333 11.571471 4.576625 83.524321 0.500000 0.297448 9.486833 108.434949 4.589285 -172.874984 
20.000000 94.000000 26.705933 4.000000 6.000000 7.501000 0.932940 0.500000 5.134278 1.848505 29.232604 0.857143 0.665681 5.000000 143.130102 2.236068 63.434949 
23.000000 93.000000 28.536019 9.000000 3.000000 4.590000 0.928995 0.500000 3.854129 1.426385 -28.154966 1.000000 0.630657 3.605551 -146.309932 1.788854 -63.434949 
26.000000 95.000000 28.113171 2.000000 11.000000 14.903000 0.941906 0.305556 8.245508 2.769477 44.246282 0.687500 0.424530 7.211103 123.690068 3.535534 -135.000000 
11.000000 96.000000 21.006971 2.000000 2.000000 2.812000 0.925820 0.500000 3.055050 1.154701 45.000000 1.000000 0.709058 2.828427 135.000000 1.414214 45.000000 
35.000000 97.000000 37.440252 2.000000 9.000000 11.438000 0.969266 0.360000 7.393691 1.818967 45.000000 1.000000 0.532061 7.071068 135.000000 2.121320 45.000000 
43.000000 97.000000 42.096306 1.000000 20.000000 17.235000 0.837775 0.571429 7.931638 4.330795 -88.857807 0.769231 0.605308 7.615773 113.198591 5.000000 0.000000 
19.000000 99.000000 36.069900 6.000000 10.000000 10.404000 0.925369 0.500000 6.130731 2.323962 -36.322988 1.000000 0.684879 6.403124 -141.340192 2.828427 -45.000000 
13.000000 104.000000 29.560601 5.000000 12.000000 21.172000 0.987172 0.240000 12.058377 1.925265 23.675779 0.600000 0.255090 11.180340 153.434949 2.599735 68.198591 
23.000000 99.000000 30.725354 4.000000 6.000000 7.501000 0.932940 0.500000 5.134278 1.848505 29.232604 0.857143 0.665681 5.000000 143.130102 2.236068 63.434949 
49.000000 99.000000 112.398224 1.000000 64.000000 31.286000 0.876571 0.615385 13.392682 6.445536 -7.032301 0.853333 0.678542 13.601471 -162.897271 7.905694 -71.565051 
5.000000 100.000000 37.638588 4.000000 4.000000 5.624000 0.000000 0.444444 3.055050 3.055050 0.000000 0.800000 0.654195 3.162278 108.434949 2.828427 -45.000000 
25.000000 102.000000 29.499558 1.000000 8.000000 12.364000 0.914132 0.444444 6.563922 2.661127 -0.397862 0.727273 0.418141 6.082763 170.537678 3.000000 -90.000000 
16.000000 101.000000 22.003391 2.000000 1.000000 0.000000 0.000000 1.000000 1.154701 1.154701 0.000000 1.000000 1.000000 1.414214 135.000000 1.000000 -90.000000 
33.000000 102.000000 26.064976 2.000000 4.000000 4.408000 0.870424 0.666667 3.435909 1.691507 58.282526 1.000000 0.881907 3.605551 123.690068 2.000000 0.000000 
40.000000 102.000000 31.261127 1.000000 13.000000 14.696000 0.965043 0.541667 8.492728 2.225858 -72.841397 0.866667 0.513429 8.544004 -110.556045 2.846050 161.565051 
58.000000 105.000000 28.359169 1.000000 13.000000 21.271000 0.945244 0.361111 10.547210 3.442247 4.659385 0.481481 0.274110 9.219544 -167.471192 4.000000 -90.000000 
20.000000 105.000000 36.702691 6.000000 11.000000 15.366000 0.978214 0.343750 9.230885 1.916326 22.237183 0.733333 0.403555 8.944272 153.434949 2.529822 71.565051 
29.000000 104.000000 39.023324 1.000000 18.000000 16.218000 0.908502 0.562500 8.137260 3.400409 74.318349 0.857143 0.603518 8.544004 110.556045 4.000000 0.000000 
54.000000 104.000000 28.759917 3.000000 8.000000 14.250000 0.946645 0.266667 7.653897 2.466683 53.872336 0.571429 0.332369 7.211103 123.690068 2.915476 30.963757 
8.000000 106.000000 32.955020 7.000000 9.000000 10.685000 0.950167 0.450000 6.782242 2.114314 -31.108037 0.750000 0.591592 6.403124 -141.340192 2.683282 116.565051 
16.000000 106.000000 31.815692 7.000000 8.000000 9.370000 0.942087 0.533333 6.119976 2.052453 -23.109438 0.888889 0.642206 5.830952 -149.036243 2.529822 108.434949 
46.000000 106.000000 37.732894 1.000000 13.000000 11.810000 0.434877 0.650000 4.585373 4.129081 90.000000 0.928571 0.730766 5.099020 101.309932 4.000000 0.000000 
38.000000 106.000000 38.214617 1.000000 20.000000 23.694000 0.984526 0.363636 13.599528 2.383170 -70.993550 0.740741 0.348994 12.083046 -114.443955 2.846050 -18.434949 
5.000000 108.000000 34.166985 5.000000 4.000000 6.368000 0.958153 0.500000 4.964579 1.421135 22.500000 0.800000 0.555835 4.472136 153.434949 1.788854 63.434949 
23.000000 110.000000 30.842367 9.000000 3.000000 4.590000 0.928995 0.500000 3.854129 1.426385 -28.154966 0.750000 0.630657 3.605551 -146.309932 1.788854 116.565051 
28.000000 110.000000 32.178441 1.000000 13.000000 14.142000 0.948143 0.619048 7.825445 2.487262 75.042007 0.812500 0.546871 7.615773 113.198591 3.000000 0.000000 
33.000000 112.000000 27.549578 7.000000 9.000000 12.248000 0.969266 0.642857 7.393691 1.818967 -11.309932 0.818182 0.477527 7.280110 -164.054604 2.000000 -90.000000 
10.000000 112.000000 37.828549 5.000000 25.000000 20.783000 0.915037 0.625000 9.489758 3.827893 -8.589979 0.862069 0.548859 10.049876 174.289407 4.000000 -90.000000 
44.000000 110.000000 30.301930 2.000000 16.000000 14.787000 0.906171 0.571429 7.725292 3.267114 6.335736 0.800000 0.625515 7.615773 156.801409 4.000000 -90.000000 
50.000000 113.000000 122.363050 1.000000 67.000000 29.822000 0.891966 0.858974 13.930931 6.298200 -7.844252 0.985294 0.774846 13.928388 -158.962489 6.000000 -90.000000 
17.000000 113.000000 48.682966 5.000000 17.000000 16.284000 0.910151 0.531250 8.168830 3.384147 7.547031 0.809524 0.566122 8.062258 172.874984 4.000000 -90.000000 
26.000000 116.000000 40.597799 1.000000 21.000000 23.802000 0.959329 0.300000 11.215804 3.166124 -27.502519 0.700000 0.363511 10.770330 -158.198591 4.024922 116.565051 
57.000000 115.000000 34.612414 1.000000 10.000000 12.736000 0.970693 0.476190 8.108597 1.948671 72.867676 0.769231 0.498472 7.615773 113.198591 2.425356 -165.963757 
5.000000 115.000000 28.351414 9.000000 3.000000 4.590000 0.928995 0.500000 3.854129 1.426385 -28.154966 0.750000 0.630657 3.605551 -146.309932 1.788854 116.565051 
14.000000 116.000000 32.814620 8.000000 10.000000 10.404000 0.827111 0.666667 5.341660 3.002221 84.805571 0.833333 0.684879 5.385165 111.801409 3.000000 0.000000 
35.000000 118.000000 29.371246 1.000000 22.000000 24.736000 0.975194 0.366667 13.725123 3.038059 73.345568 0.628571 0.355731 12.649111 108.434949 3.922323 11.309932 
59.000000 121.000000 35.160955 1.000000 16.000000 21.246000 0.982436 0.363636 11.481570 2.142478 16.688916 0.761905 0.338059 11.704700 160.016893 2.846050 71.565051 
22.000000 121.000000 29.744638 7.000000 13.000000 14.696000 0.970291 0.541667 8.912742 2.156344 -15.295290 0.812500 0.513429 8.544004 -159.443955 2.667892 104.036243 
4.000000 118.000000 27.688875 7.000000 4.000000 5.880000 0.968246 1.000000 4.618802 1.154701 0.000000 1.000000 0.617595 4.123106 165.963757 1.000000 -90.000000 
16.000000 121.000000 41.190299 3.000000 28.000000 18.823000 0.868370 0.622222 8.842611 4.385203 18.865309 0.965517 0.729326 9.848858 156.037511 5.000000 -90.000000 
47.000000 119.000000 82.891693 1.000000 10.000000 10.495000 0.862679 0.500000 5.583284 2.823758 -57.221977 0.909091 0.675769 5.830952 -120.963757 3.328201 146.309932 
10.000000 120.000000 57.383105 5.000000 10.000000 10.776000 0.862554 0.500000 5.773503 2.921187 26.565051 0.769231 0.648756 5.656854 135.000000 3.478505 -108.434949 
11.000000 122.000000 24.328296 3.000000 3.000000 4.590000 0.928995 0.500000 3.854129 1.426385 28.154966 0.750000 0.630657 3.605551 146.309932 1.788854 -116.565051 
30.000000 127.000000 36.786596 1.000000 29.000000 28.052000 0.985946 0.517857 16.116759 2.692524 -11.383322 0.783784 0.374522 14.560220 -164.054604 3.333974 101.309932 
41.000000 122.000000 20.421358 7.000000 1.000000 0.000000 0.000000 1.000000 1.154701 1.154701 0.000000 1.000000 1.000000 1.414214 135.000000 1.000000 -90.000000 
5.000000 129.000000 58.174926 5.000000 24.000000 30.145000 0.871954 0.436364 10.875941 5.324734 -10.877701 0.685714 0.272196 11.180340 -169.695154 5.000000 -90.000000 
51.000000 125.000000 124.047725 2.000000 65.000000 32.196000 0.861425 0.714286 13.226622 6.717606 -6.651651 0.902778 0.654108 13.601471 -162.897271 7.000000 -90.000000 
9.000000 125.000000 82.895953 5.000000 22.000000 16.193000 0.865977 0.687500 7.937787 3.969556 1.243035 0.916667 0.739541 8.246211 -165.963757 4.000000 -90.000000 
38.000000 128.000000 35.540992 5.000000 17.000000 16.292000 0.962541 0.531250 9.505936 2.577390 -17.980259 0.809524 0.565656 8.944272 -153.434949 3.152963 104.036243 
42.000000 127.000000 23.309648 7.000000 2.000000 1.960000 0.866025 1.000000 2.309401 1.154701 0.000000 1.000000 0.965669 2.236068 153.434949 1.000000 -90.000000 
60.000000 128.000000 24.361058 1.000000 4.000000 5.880000 0.968246 1.000000 4.618802 1.154701 90.000000 1.000000 0.617595 4.123106 104.036243 1.000000 0.000000 
14.000000 132.000000 36.354726 1.000000 9.000000 10.288000 0.942932 0.750000 6.161450 2.051676 -10.278023 1.000000 0.627085 6.324555 -161.565051 2.000000 -90.000000 
44.000000 129.000000 20.723254 8.000000 1.000000 0.000000 0.000000 1.000000 1.154701 1.154701 0.000000 1.000000 1.000000 1.414214 135.000000 1.000000 -90.000000 
47.000000 132.000000 102.389267 1.000000 26.000000 31.460000 0.942068 0.333333 14.887454 4.993566 -76.410688 0.509804 0.272892 13.341664 -102.994617 5.746958 163.300756 
20.000000 133.000000 24.880726 7.000000 4.000000 5.053000 0.866025 0.666667 3.651484 1.825742 -18.434949 1.000000 0.748540 3.605551 -146.309932 2.000000 -90.000000 
35.000000 132.000000 34.276571 1.000000 10.000000 14.208000 0.979014 0.625000 8.994805 1.833070 82.465756 0.833333 0.417476 8.246211 104.036243 2.000000 0.000000 
7.000000 133.000000 65.639838 6.000000 11.000000 10.404000 0.638654 0.550000 4.684014 3.604322 17.079847 0.846154 0.753367 5.385165 158.198591 4.000000 -90.000000 
58.000000 136.000000 54.309810 1.000000 28.000000 34.462000 0.800831 0.350000 12.863822 7.704026 -76.195138 0.474576 0.248834 12.206556 -124.992020 7.747080 156.801409 
12.000000 137.000000 43.317506 1.000000 29.000000 28.565000 0.987891 0.345238 16.768904 2.601724 70.875429 0.763158 0.362501 15.231546 113.198591 3.448175 16.699244 
30.000000 135.000000 23.405291 5.000000 3.000000 4.590000 0.928995 0.500000 3.854129 1.426385 28.154966 0.750000 0.630657 3.605551 146.309932 1.788854 -116.565051 
5.000000 137.000000 50.988698 3.000000 15.000000 11.810000 0.689139 0.625000 5.383218 3.900835 9.030236 1.000000 0.843191 6.082763 170.537678 4.000000 -90.000000 
38.000000 136.000000 30.971822 1.000000 3.000000 3.093000 0.730297 0.750000 2.581989 1.763834 -45.000000 1.000000 0.969873 2.828427 -135.000000 2.000000 -90.000000 
48.000000 137.000000 57.991275 6.000000 13.000000 11.438000 0.605884 0.520000 5.051785 4.018962 52.018122 0.928571 0.768533 5.385165 111.801409 4.242641 45.000000 
29.000000 140.000000 24.641993 10.000000 3.000000 4.590000 0.928995 0.500000 3.854129 1.426385 -28.154966 0.750000 0.630657 3.605551 -146.309932 1.788854 116.565051 
36.000000 142.000000 36.497090 1.000000 32.000000 31.352000 0.960908 0.355556 14.987822 4.149623 73.945152 0.695652 0.337974 15.811388 108.434949 4.850713 14.036243 
22.000000 141.000000 37.048289 1.000000 12.000000 9.643000 0.773769 0.800000 5.029344 3.185929 80.583124 1.000000 0.922608 5.385165 111.801409 3.000000 0.000000 
51.000000 141.000000 163.847996 5.000000 33.000000 20.692000 0.842190 0.660000 9.236999 4.980419 6.481669 0.891892 0.730037 10.198039 168.690068 5.000000 -90.000000 
54.000000 145.000000 98.190133 1.000000 35.000000 32.039000 0.905232 0.388889 12.657143 5.378237 36.983452 0.648148 0.355363 13.453624 138.012788 5.953667 -119.744881 
8.000000 142.000000 26.539308 3.000000 1.000000 0.000000 0.000000 1.000000 1.154701 1.154701 0.000000 1.000000 1.000000 1.414214 135.000000 1.000000 -90.000000 
18.000000 143.000000 53.637414 1.000000 15.000000 12.182000 0.823733 0.625000 6.091275 3.453619 73.963000 0.882353 0.802749 6.324555 108.434949 4.000000 0.000000 
4.000000 142.000000 28.498851 2.000000 4.000000 4.590000 0.731925 0.666667 3.055050 2.081666 0.000000 1.000000 0.840876 3.162278 161.565051 2.000000 -90.000000 
61.000000 144.000000 24.067381 3.000000 1.000000 0.000000 0.000000 1.000000 1.154701 1.154701 0.000000 1.000000 1.000000 1.414214 135.000000 1.000000 -90.000000 
14.000000 146.000000 35.510442 1.000000 14.000000 13.497000 0.872315 0.466667 6.587454 3.220895 55.427229 0.823529 0.635484 7.211103 123.690068 3.577709 26.565051 
24.000000 147.000000 22.851756 1.000000 10.000000 18.658000 0.984400 0.178571 10.992983 1.934162 -49.718291 0.666667 0.264431 10.630146 -131.185925 2.560738 -39.805571 
59.000000 145.000000 25.303091 3.000000 1.000000 0.000000 0.000000 1.000000 1.154701 1.154701 0.000000 1.000000 1.000000 1.414214 135.000000 1.000000 -90.000000 
48.000000 147.000000 30.373705 5.000000 7.000000 11.810000 0.843082 0.466667 5.958296 3.204282 84.781262 0.538462 0.393489 5.385165 -111.801409 3.000000 0.000000 
21.000000 152.000000 27.957564 1.000000 26.000000 30.658000 0.986727 0.196970 17.679215 2.870925 -49.652771 0.650000 0.285996 16.278821 -132.510447 3.790800 -41.987212 
45.000000 149.000000 42.396496 1.000000 23.000000 24.910000 0.971275 0.479167 12.568081 2.990720 -75.900820 0.741935 0.367301 12.369317 -104.036243 3.616778 -9.462322 
61.000000 150.000000 24.394565 2.000000 1.000000 0.000000 0.000000 1.000000 1.154701 1.154701 0.000000 1.000000 1.000000 1.414214 135.000000 1.000000 -90.000000 
56.000000 151.000000 107.828698 1.000000 3.000000 3.093000 0.730297 0.750000 2.581989 1.763834 -45.000000 1.000000 0.969873 2.828427 -135.000000 2.000000 -90.000000 
6.000000 154.000000 22.139964 2.000000 5.000000 7.220000 0.948099 0.416667 5.066665 1.611077 35.279983 0.833333 0.585230 5.000000 143.130102 2.121320 45.000000 
40.000000 154.000000 32.818071 1.000000 23.000000 27.548000 0.988697 0.252747 16.165454 2.423650 -65.757615 0.676471 0.306871 14.764823 -118.300756 3.310424 155.556045 
16.000000 157.000000 45.065628 1.000000 39.000000 33.800000 0.984160 0.382353 18.003745 3.191759 -72.474422 0.795918 0.359123 18.027756 -109.440035 4.110961 -18.434949 
53.000000 155.000000 108.927244 1.000000 46.000000 24.910000 0.867175 0.597403 11.354973 5.654822 -16.277406 0.884615 0.734603 11.704700 -160.016893 6.247162 -80.537678 
58.000000 156.000000 43.552725 2.000000 2.000000 1.960000 0.866025 1.000000 2.309401 1.154701 90.000000 1.000000 0.965669 2.236068 116.565051 1.000000 0.000000 
10.000000 160.000000 35.604735 2.000000 11.000000 14.060000 0.783318 0.440000 5.795556 3.602641 -40.571021 0.733333 0.467160 5.830952 -149.036243 4.242641 -45.000000 
41.000000 159.000000 27.378505 1.000000 8.000000 9.370000 0.942087 0.533333 6.119976 2.052453 -66.890562 0.888889 0.642206 5.830952 -120.963757 2.529822 161.565051 
49.000000 159.000000 30.421194 1.000000 20.000000 15.523000 0.911487 0.833333 8.150320 3.352454 -87.171562 1.000000 0.721444 8.246211 -104.036243 3.000000 0.000000 
61.000000 159.000000 23.210792 2.000000 2.000000 1.960000 0.866025 1.000000 2.309401 1.154701 90.000000 1.000000 0.965669 2.236068 116.565051 1.000000 0.000000 
36.000000 163.000000 59.030481 1.000000 44.000000 44.295000 0.992173 0.261905 24.621575 3.074572 -72.864250 0.647059 0.245717 22.135944 -108.434949 4.173690 -14.743563 
24.000000 162.000000 28.199119 5.000000 8.000000 8.328000 0.908403 0.800000 5.109174 2.136119 10.900705 1.000000 0.764194 5.385165 158.198591 2.000000 -90.000000 
56.000000 163.000000 74.188338 1.000000 38.000000 26.341000 0.581059 0.527778 8.247301 6.712162 -3.157884 0.791667 0.549366 9.486833 -161.565051 7.602631 63.434949 
21.000000 166.000000 48.970481 1.000000 56.000000 50.779000 0.990021 0.270531 27.605499 3.890204 -73.013421 0.577320 0.242041 23.769729 -104.620874 5.325165 166.759480 
9.000000 167.000000 25.314638 7.000000 12.000000 16.309000 0.891662 0.400000 7.670199 3.472311 -59.804915 0.705882 0.398589 7.211103 -123.690068 4.024922 -26.565051 
49.000000 166.000000 46.126772 1.000000 25.000000 24.364000 0.905434 0.555556 10.208295 4.333287 -84.156475 0.694444 0.415248 9.219544 102.528808 5.000000 0.000000 
42.000000 169.000000 45.411556 5.000000 13.000000 11.421000 0.874350 0.722222 6.203219 3.010396 -81.774012 0.928571 0.770328 6.324555 -108.434949 3.000000 0.000000 
48.000000 170.000000 63.007854 1.000000 2.000000 1.960000 0.866025 1.000000 2.309401 1.154701 90.000000 1.000000 0.965669 2.236068 116.565051 1.000000 0.000000 
17.000000 171.000000 30.522777 1.000000 22.000000 25.009000 0.974291 0.366667 13.533491 3.049000 -75.535658 0.687500 0.348865 12.649111 -108.434949 4.093146 172.874984 
32.000000 170.000000 27.969849 1.000000 3.000000 3.093000 0.730297 0.750000 2.581989 1.763834 45.000000 1.000000 0.969873 2.828427 135.000000 2.000000 -90.000000 
58.000000 170.000000 59.170651 1.000000 18.000000 15.085000 0.737863 0.600000 6.465141 4.363652 -26.291512 0.818182 0.680881 7.211103 -146.309932 4.919350 116.565051 
4.000000 174.000000 27.941322 6.000000 4.000000 5.880000 0.968246 1.000000 4.618802 1.154701 0.000000 1.000000 0.617595 4.123106 165.963757 1.000000 -90.000000 
55.000000 174.000000 55.491672 1.000000 2.000000 1.960000 0.866025 1.000000 2.309401 1.154701 0.000000 1.000000 0.965669 2.236068 153.434949 1.000000 -90.000000 
10.000000 175.000000 28.137798 3.000000 28.000000 25.381000 0.963615 0.583333 13.094904 3.500198 9.328944 0.756757 0.432504 12.369317 165.963757 4.000000 -90.000000 
18.000000 177.000000 41.812533 5.000000 10.000000 11.992000 0.923830 0.555556 6.488277 2.483732 12.654883 0.833333 0.548688 6.324555 161.565051 3.000000 -90.000000 
43.000000 175.000000 39.213795 1.000000 44.000000 34.528000 0.971094 0.687500 16.472137 3.931836 86.713518 0.830189 0.389655 16.124515 -97.125016 4.000000 0.000000 
36.000000 176.000000 30.480090 2.000000 5.000000 4.962000 0.765092 0.833333 3.306559 2.129163 -71.565051 1.000000 0.956808 3.605551 -123.690068 2.000000 0.000000 
4.000000 179.000000 26.077897 7.000000 4.000000 6.550000 0.946293 0.500000 4.820546 1.558527 -17.608796 0.800000 0.535155 4.472136 -153.434949 1.897367 -71.565051 
60.000000 176.000000 65.263571 1.000000 9.000000 7.476000 0.000000 1.000000 3.464102 3.464102 0.000000 1.000000 1.000000 4.242641 135.000000 3.000000 -90.000000 
22.000000 180.000000 61.072484 1.000000 16.000000 15.176000 0.901364 0.571429 7.460876 3.231021 -76.876824 0.842105 0.599229 7.280110 -105.945396 3.638034 -14.036243 
47.000000 180.000000 20.666239 6.000000 1.000000 0.000000 0.000000 1.000000 1.154701 1.154701 0.000000 1.000000 1.000000 1.414214 135.000000 1.000000 -90.000000 
57.000000 180.000000 42.326636 1.000000 14.000000 17.326000 0.974683 0.388889 9.876499 2.208287 -70.252311 0.736842 0.419957 9.486833 -108.434949 2.785430 -21.801409 
17.000000 184.000000 43.502182 1.000000 28.000000 21.891000 0.956375 0.636364 11.458513 3.347520 6.361565 0.875000 0.561508 11.180340 169.695154 3.945576 80.537678 
34.000000 182.000000 50.996791 1.000000 50.000000 37.323000 0.976092 0.462963 19.491469 4.236660 -80.854606 0.714286 0.383733 18.110770 -96.340192 5.160538 -5.194429 
8.000000 183.000000 24.267383 2.000000 7.000000 10.032000 0.878633 0.466667 5.363013 2.560825 -75.963757 0.700000 0.506873 5.385165 -111.801409 3.000000 0.000000 
47.000000 182.000000 35.390609 1.000000 8.000000 11.140000 0.939261 0.444444 6.444022 2.211617 83.693186 0.727273 0.492886 6.082763 99.462322 2.667892 14.036243 
53.000000 183.000000 27.731133 1.000000 6.000000 6.459000 0.778499 0.666667 3.829708 2.403701 45.000000 1.000000 0.818022 4.242641 135.000000 2.828427 -135.000000 
24.000000 183.000000 22.702054 11.000000 3.000000 4.590000 0.928995 0.500000 3.854129 1.426385 28.154966 0.750000 0.630657 3.605551 146.309932 1.788854 -116.565051 
50.000000 184.000000 24.329037 1.000000 3.000000 3.920000 0.942809 1.000000 3.464102 1.154701 90.000000 1.000000 0.756007 3.162278 108.434949 1.000000 0.000000 
57.000000 185.000000 72.452284 1.000000 25.000000 18.525000 0.924956 0.694444 9.581489 3.641666 -76.383403 0.925926 0.669220 9.486833 -108.434949 4.000000 0.000000 
47.000000 186.000000 31.875304 1.000000 9.000000 13.770000 0.970068 0.321429 8.346825 2.026891 -24.699353 0.750000 0.395443 8.062258 -150.255119 2.599735 111.801409 
9.000000 190.000000 69.465689 1.000000 47.000000 29.566000 0.881090 0.559524 12.151015 5.746811 -85.036699 0.810345 0.552091 12.649111 -108.434949 6.471832 -11.309932 
34.000000 188.000000 31.990220 1.000000 13.000000 14.903000 0.945315 0.371429 8.170683 2.664933 -57.184352 0.764706 0.501717 8.062258 -119.744881 3.429972 -30.963757 
43.000000 184.000000 44.950061 1.000000 13.000000 14.605000 0.689819 0.650000 5.585047 4.043471 30.082230 0.812500 0.518708 5.830952 149.036243 4.000000 -90.000000 
25.000000 188.000000 28.832943 7.000000 4.000000 4.408000 0.870424 0.666667 3.435909 1.691507 -58.282526 1.000000 0.881907 3.605551 -123.690068 2.000000 0.000000 
52.000000 189.000000 27.581674 1.000000 9.000000 8.882000 0.907936 0.900000 5.399179 2.262845 85.268839 1.000000 0.782319 5.385165 111.801409 2.000000 0.000000 
61.000000 189.000000 32.431419 7.000000 5.000000 6.368000 0.923687 0.625000 4.492622 1.721341 -20.993606 0.833333 0.694794 4.472136 -153.434949 2.000000 -90.000000 
22.000000 189.000000 30.483536 1.000000 1.000000 0.000000 0.000000 1.000000 1.154701 1.154701 0.000000 1.000000 1.000000 1.414214 135.000000 1.000000 -90.000000 
15.000000 191.000000 26.492368 1.000000 3.000000 3.093000 0.730297 0.750000 2.581989 1.763834 45.000000 1.000000 0.969873 2.828427 135.000000 2.000000 -90.000000 
35.000000 191.000000 30.201502 8.000000 4.000000 4.590000 0.731925 0.666667 3.055050 2.081666 90.000000 1.000000 0.840876 3.162278 108.434949 2.000000 0.000000 
43.000000 192.000000 68.126462 1.000000 45.000000 32.295000 0.970216 0.500000 16.288518 3.945774 -76.573178 0.833333 0.450317 15.811388 -108.434949 4.850713 -14.036243 
26.000000 193.000000 43.044126 7.000000 17.000000 13.497000 0.812059 0.708333 6.439777 3.758094 -7.749638 0.894737 0.771659 6.324555 161.565051 4.000000 -90.000000 
36.000000 193.000000 24.606187 7.000000 2.000000 1.960000 0.866025 1.000000 2.309401 1.154701 0.000000 1.000000 0.965669 2.236068 153.434949 1.000000 -90.000000 
18.000000 195.000000 60.097455 1.000000 49.000000 34.371000 0.965663 0.510417 17.574701 4.565845 -85.929887 0.742424 0.437574 16.278821 -100.619655 5.564047 175.236358 
9.000000 196.000000 28.068717 1.000000 10.000000 12.273000 0.788112 0.500000 5.552204 3.417558 -69.024187 0.714286 0.528866 5.656854 -135.000000 3.882901 146.309932 
38.000000 197.000000 45.293867 1.000000 23.000000 19.402000 0.944764 0.425926 10.063644 3.298383 -61.685526 0.884615 0.568711 10.000000 -126.869898 3.944467 149.036243 
5.000000 196.000000 23.951910 1.000000 2.000000 1.960000 0.866025 1.000000 2.309401 1.154701 90.000000 1.000000 0.965669 2.236068 116.565051 1.000000 0.000000 
56.000000 198.000000 73.214593 1.000000 26.000000 25.935000 0.982558 0.361111 14.659600 2.726064 -71.709505 0.787879 0.386453 13.416408 -116.565051 3.478505 161.565051 
29.000000 198.000000 37.509902 1.000000 29.000000 21.180000 0.902272 0.453125 10.129709 4.367593 -42.988802 0.828571 0.616061 10.000000 -143.130102 5.547002 -56.309932 
9.000000 200.000000 36.392145 6.000000 7.000000 11.810000 0.364895 0.437500 4.429339 4.123930 -45.000000 0.583333 0.393489 5.000000 -143.130102 4.000000 -90.000000 
14.000000 199.000000 31.395616 1.000000 21.000000 20.601000 0.883887 0.466667 9.093091 4.252844 -75.997830 0.700000 0.468137 9.486833 -108.434949 5.000000 0.000000 
44.000000 200.000000 33.858540 1.000000 7.000000 12.455000 0.855829 0.437500 6.008980 3.108194 -34.887570 0.636364 0.361617 5.656854 -135.000000 3.478505 -71.565051 
51.000000 202.000000 40.732390 1.000000 25.000000 22.379000 0.968600 0.454545 12.580143 3.127724 -73.938668 0.781250 0.482357 11.704700 -109.983107 3.638034 -14.036243 
38.000000 203.000000 40.388758 1.000000 21.000000 26.018000 0.974672 0.437500 13.085388 2.926430 84.808714 0.677419 0.310360 12.041595 94.763642 3.348938 -172.874984 
12.000000 204.000000 38.985446 6.000000 26.000000 17.062000 0.754751 0.530612 7.351082 4.822393 -49.579069 1.000000 0.800435 7.615773 -156.801409 4.949747 -45.000000 
30.000000 205.000000 37.041505 2.000000 11.000000 13.770000 0.932983 0.458333 7.743220 2.786946 66.781387 0.733333 0.483319 7.211103 123.690068 3.342516 -158.198591 
18.000000 207.000000 38.647694 1.000000 9.000000 12.273000 0.960192 0.375000 7.627348 2.130638 -34.647888 0.818182 0.475980 7.211103 -146.309932 2.773501 123.690068 
43.000000 207.000000 58.825737 1.000000 1.000000 0.000000 0.000000 1.000000 1.154701 1.154701 0.000000 1.000000 1.000000 1.414214 135.000000 1.000000 -90.000000 
16.000000 208.000000 43.443462 1.000000 17.000000 13.307000 0.812288 0.566667 6.414964 3.741569 -57.289657 0.944444 0.789589 6.708204 -116.565051 4.242641 -45.000000 
21.000000 209.000000 29.787698 1.000000 10.000000 12.273000 0.733851 0.500000 5.483643 3.725093 18.887842 0.666667 0.528866 5.830952 149.036243 3.880570 -104.036243 
55.000000 208.000000 46.522416 1.000000 30.000000 26.026000 0.979283 0.461538 14.607658 2.957984 73.515298 0.810811 0.443129 13.601471 107.102729 3.478505 18.434949 
35.000000 209.000000 48.617392 1.000000 35.000000 28.954000 0.955902 0.416667 13.837415 4.063873 68.074696 0.686275 0.426960 13.000000 112.619865 5.375872 -161.565051 
8.000000 211.000000 26.057297 2.000000 4.000000 5.053000 0.866025 0.666667 3.651484 1.825742 18.434949 1.000000 0.748540 3.605551 146.309932 2.000000 -90.000000 
48.000000 211.000000 38.566647 1.000000 5.000000 6.550000 0.889464 0.625000 4.253087 1.943686 84.847577 1.000000 0.668944 4.123106 104.036243 2.000000 0.000000 
12.000000 212.000000 32.757032 1.000000 16.000000 15.937000 0.839502 0.571429 6.976527 3.790743 83.792212 0.800000 0.552379 7.071068 98.130102 4.000000 0.000000 
19.000000 212.000000 34.711959 1.000000 13.000000 13.679000 0.525407 0.520000 5.070548 4.314281 -66.959538 0.812500 0.577392 5.830952 -120.963757 4.743416 108.434949 
38.000000 212.000000 27.955655 2.000000 7.000000 10.495000 0.901428 0.350000 6.028639 2.609975 54.017143 0.636364 0.473038 5.830952 120.963757 3.130495 -153.434949 
55.000000 214.000000 29.279812 1.000000 1.000000 0.000000 0.000000 1.000000 1.154701 1.154701 0.000000 1.000000 1.000000 1.414214 135.000000 1.000000 -90.000000 
8.000000 215.000000 42.429787 1.000000 18.000000 14.804000 0.543941 0.600000 5.583962 4.685635 -71.197004 0.900000 0.702371 6.708204 -116.565051 4.949747 -45.000000 
26.000000 214.000000 47.187389 1.000000 28.000000 22.677000 0.816374 0.700000 8.911886 5.146829 -84.217229 0.800000 0.527841 8.944272 -116.565051 5.000000 0.000000 
5.000000 217.000000 34.336271 7.000000 6.000000 6.459000 0.778499 0.666667 3.829708 2.403701 45.000000 1.000000 0.818022 4.242641 135.000000 2.828427 -135.000000 
42.000000 217.000000 26.093307 2.000000 5.000000 7.683000 0.950267 0.416667 5.516767 1.718124 58.879270 0.833333 0.536237 5.000000 126.869898 2.218801 -146.309932 
32.000000 218.000000 31.234756 2.000000 1.000000 0.000000 0.000000 1.000000 1.154701 1.154701 0.000000 1.000000 1.000000 1.414214 135.000000 1.000000 -90.000000 
46.000000 219.000000 29.798338 1.000000 18.000000 21.064000 0.981895 0.409091 11.909016 2.255863 71.322945 0.782609 0.386057 11.704700 109.983107 2.846050 18.434949 
6.000000 218.000000 81.684786 1.000000 11.000000 10.032000 0.715726 0.550000 4.771617 3.332409 61.484702 0.916667 0.796515 5.385165 111.801409 3.535534 45.000000 
18.000000 220.000000 30.141113 8.000000 4.000000 3.556000 0.000000 1.000000 2.309401 2.309401 0.000000 1.000000 1.000000 2.828427 135.000000 2.000000 -90.000000 
38.000000 219.000000 39.764449 1.000000 18.000000 15.085000 0.868136 0.642857 7.259304 3.602987 89.287513 0.857143 0.680881 7.280110 105.945396 4.000000 0.000000 
13.000000 223.000000 53.880012 1.000000 29.000000 31.675000 0.958909 0.302083 14.466783 4.104408 -64.486482 0.580000 0.300632 13.416408 -116.565051 5.209459 -29.744881 
24.000000 221.000000 45.773027 1.000000 45.000000 34.073000 0.971725 0.600000 17.391645 4.106463 85.970142 0.725806 0.408315 15.524175 104.931417 5.000000 0.000000 
54.000000 222.000000 33.583560 1.000000 26.000000 25.381000 0.949964 0.541667 12.748544 3.982118 87.240386 0.722222 0.401611 12.165525 -99.462322 4.000000 0.000000 
6.000000 225.000000 72.512293 2.000000 40.000000 25.464000 0.877446 0.666667 10.978767 5.266245 4.763642 0.952381 0.614282 12.165525 170.537678 5.000000 -90.000000 
34.000000 222.000000 26.573662 2.000000 7.000000 8.146000 0.874319 0.583333 4.881485 2.369237 -52.267228 0.875000 0.690407 5.000000 -126.869898 2.828427 -45.000000 
24.000000 226.000000 43.767289 1.000000 34.000000 30.864000 0.965864 0.653846 15.582529 4.036626 89.215706 0.666667 0.369478 13.601471 107.102729 4.000000 0.000000 
11.000000 229.000000 39.394321 5.000000 8.000000 9.370000 0.942087 0.533333 6.119976 2.052453 23.109438 0.888889 0.642206 5.830952 149.036243 2.529822 -108.434949 
38.000000 228.000000 62.019381 1.000000 58.000000 38.431000 0.977872 0.568627 20.017876 4.187781 80.796132 0.794521 0.421719 18.027756 109.440035 5.148820 4.763642 
49.000000 230.000000 35.338408 1.000000 1.000000 0.000000 0.000000 1.000000 1.154701 1.154701 0.000000 1.000000 1.000000 1.414214 135.000000 1.000000 -90.000000 
28.000000 231.000000 89.372615 1.000000 25.000000 17.508000 0.783722 0.625000 7.511370 4.665404 87.881803 0.925926 0.736761 8.246211 -104.036243 5.000000 0.000000 
15.000000 231.000000 33.690324 1.000000 13.000000 19.584000 0.922545 0.325000 9.495442 3.664195 73.645129 0.520000 0.316317 8.944272 116.565051 4.110961 18.434949 
21.000000 232.000000 84.463358 1.000000 19.000000 16.582000 0.672547 0.527778 6.372787 4.716208 -73.806814 0.863636 0.613750 7.211103 -123.690068 5.366563 -26.565051 
9.000000 233.000000 33.342336 1.000000 7.000000 6.922000 0.856222 0.875000 4.312826 2.228038 8.349622 1.000000 0.868564 4.472136 153.434949 2.000000 -90.000000 
39.000000 234.000000 31.243216 1.000000 36.000000 37.464000 0.984323 0.333333 19.419279 3.425071 74.665537 0.692308 0.274373 18.439089 102.528808 4.197377 -167.005383 
55.000000 234.000000 44.523365 1.000000 29.000000 27.060000 0.973015 0.557692 14.547577 3.356743 -84.526415 0.725000 0.399529 13.152946 -98.746162 4.000000 0.000000 
24.000000 235.000000 33.097241 1.000000 8.000000 11.719000 0.947244 0.400000 6.894459 2.209773 26.430713 0.800000 0.455227 6.403124 141.340192 2.683282 63.434949 
17.000000 234.000000 45.787069 1.000000 12.000000 12.364000 0.834388 0.500000 5.925463 3.265986 26.565051 0.857143 0.627212 6.708204 153.434949 3.882901 -123.690068 
25.000000 237.000000 35.927372 2.000000 4.000000 4.590000 0.731925 0.666667 3.055050 2.081666 90.000000 1.000000 0.840876 3.162278 108.434949 2.000000 0.000000 
