321
33.000000 120.000000 13.081608 1.000000 9158.000000 591.556000 0.960635 0.596224 285.003480 79.177396 -0.295605 0.596224 0.325400 248.386795 165.068583 64.000000 -90.000000 
4.000000 6.000000 65.038225 7.000000 4.000000 5.880000 0.968246 1.000000 4.618802 1.154701 0.000000 1.000000 0.617595 4.123106 165.963757 1.000000 -90.000000 
28.000000 4.000000 58.983777 1.000000 19.000000 22.536000 0.984747 0.791667 12.923115 2.248530 89.905919 0.863636 0.362122 12.041595 94.763642 2.000000 0.000000 
40.000000 7.000000 72.686202 2.000000 21.000000 15.829000 0.904274 0.656250 8.170685 3.488497 13.776406 0.875000 0.733276 8.544004 159.443955 4.000000 -90.000000 
49.000000 8.000000 75.268740 3.000000 20.000000 18.178000 0.942800 0.555556 9.265351 3.088679 17.569826 0.869565 0.552945 9.486833 161.565051 3.794733 -108.434949 
10.000000 5.000000 57.970540 5.000000 8.000000 7.683000 0.644803 0.666667 3.925855 3.000722 -55.278023 1.000000 0.857979 4.472136 -116.565051 3.000000 0.000000 
16.000000 6.000000 42.284474 7.000000 3.000000 3.920000 0.942809 1.000000 3.464102 1.154701 0.000000 1.000000 0.756007 3.162278 161.565051 1.000000 -90.000000 
20.000000 6.000000 66.016212 1.000000 13.000000 12.918000 0.938431 0.619048 7.323793 2.530120 72.231161 0.928571 0.633409 7.615773 113.198591 3.000000 0.000000 
35.000000 8.000000 86.012911 4.000000 16.000000 17.326000 0.960759 0.444444 9.879016 2.740294 -17.627900 0.761905 0.479950 9.486833 -161.565051 3.296654 -74.054604 
7.000000 7.000000 38.379758 4.000000 9.000000 10.313000 0.860707 0.600000 5.509516 2.804899 80.782526 0.818182 0.624757 5.385165 111.801409 3.000000 0.000000 
23.000000 7.000000 33.749479 8.000000 2.000000 1.960000 0.866025 1.000000 2.309401 1.154701 0.000000 1.000000 0.965669 2.236068 153.434949 1.000000 -90.000000 
11.000000 8.000000 50.030810 7.000000 4.000000 3.556000 0.000000 1.000000 2.309401 2.309401 0.000000 1.000000 1.000000 2.828427 135.000000 2.000000 -90.000000 
5.000000 12.000000 68.343300 5.000000 20.000000 16.656000 0.937969 0.740741 8.820127 3.058109 -8.285476 0.952381 0.641232 9.219544 -167.471192 3.000000 -90.000000 
15.000000 11.000000 50.681913 4.000000 20.000000 18.434000 0.953335 0.555556 9.957362 3.006263 9.885080 0.769231 0.539901 9.486833 161.565051 3.333974 78.690068 
54.000000 8.000000 48.668643 2.000000 13.000000 11.421000 0.816257 0.722222 5.677944 3.280088 -2.528624 0.928571 0.770328 6.324555 -161.565051 3.000000 -90.000000 
43.000000 10.000000 49.375734 1.000000 11.000000 13.100000 0.947780 0.785714 7.101395 2.264821 86.478980 0.916667 0.524017 7.280110 105.945396 2.000000 0.000000 
27.000000 12.000000 53.699107 1.000000 29.000000 25.108000 0.945794 0.527273 12.826870 4.165729 77.333606 0.725000 0.456650 11.401754 105.255119 4.589285 -172.874984 
52.000000 11.000000 47.308936 1.000000 3.000000 3.920000 0.942809 1.000000 3.464102 1.154701 90.000000 1.000000 0.756007 3.162278 108.434949 1.000000 0.000000 
56.000000 12.000000 36.951639 1.000000 4.000000 7.402000 0.899903 0.500000 4.643862 2.025144 -83.379740 0.800000 0.452160 4.123106 104.036243 2.000000 0.000000 
47.000000 16.000000 51.224772 1.000000 27.000000 27.540000 0.940172 0.350649 12.773883 4.352056 -28.077585 0.642857 0.360427 12.083046 -155.556045 5.366563 -63.434949 
52.000000 14.000000 52.394361 5.000000 7.000000 8.328000 0.930558 0.700000 5.262061 1.926673 14.678877 0.875000 0.668670 5.385165 158.198591 2.000000 -90.000000 
34.000000 15.000000 62.381972 1.000000 15.000000 15.738000 0.839945 0.500000 7.191659 3.902711 60.481878 0.750000 0.528830 7.071068 135.000000 4.608177 14.036243 
19.000000 16.000000 39.667188 1.000000 13.000000 18.178000 0.933999 0.406250 9.363005 3.345168 82.465756 0.590909 0.359414 8.544004 110.556045 4.000000 0.000000 
40.000000 15.000000 44.603207 1.000000 18.000000 20.419000 0.956980 0.321429 10.433592 3.027351 -40.324828 0.750000 0.407483 10.630146 -138.814075 3.952420 -54.462322 
29.000000 17.000000 46.812883 1.000000 19.000000 21.453000 0.913342 0.475000 9.973001 4.060939 90.000000 0.655172 0.394716 8.544004 -110.556045 5.000000 0.000000 
11.000000 19.000000 67.906939 1.000000 24.000000 22.768000 0.948148 0.400000 11.787171 3.746309 67.495495 0.685714 0.449262 11.180340 116.565051 4.608177 -165.963757 
18.000000 20.000000 41.323207 2.000000 8.000000 13.770000 0.588731 0.400000 5.079908 4.106239 13.282526 0.615385 0.351504 5.385165 158.198591 3.880570 -104.036243 
53.000000 21.000000 35.972658 2.000000 13.000000 23.992000 0.877887 0.309524 9.120752 4.367628 43.306833 0.541667 0.221890 8.602325 144.462322 4.600000 -126.869898 
4.000000 21.000000 47.688274 7.000000 6.000000 6.368000 0.833333 0.750000 4.000000 2.211083 0.000000 1.000000 0.833753 4.123106 165.963757 2.000000 -90.000000 
25.000000 20.000000 39.017315 1.000000 11.000000 13.770000 0.915372 0.458333 6.831671 2.750489 -17.543624 0.733333 0.483319 6.708204 -153.434949 3.152963 104.036243 
33.000000 19.000000 50.415744 2.000000 11.000000 11.438000 0.629051 0.550000 4.771016 3.708816 -88.316770 0.846154 0.650297 5.385165 111.801409 4.000000 0.000000 
16.000000 23.000000 68.801642 6.000000 13.000000 10.106000 0.817193 0.866667 5.451390 3.141989 -14.872441 1.000000 0.930849 5.830952 -149.036243 3.000000 -90.000000 
27.000000 23.000000 31.880615 1.000000 3.000000 4.590000 0.928995 0.500000 3.854129 1.426385 -61.845034 1.000000 0.630657 3.605551 -123.690068 1.788854 -26.565051 
59.000000 28.000000 45.688676 1.000000 34.000000 35.702000 0.992279 0.629630 20.106751 2.493817 0.013945 0.790698 0.283172 18.110770 173.659808 3.000000 -90.000000 
7.000000 27.000000 75.101455 1.000000 25.000000 21.941000 0.958348 0.416667 11.733062 3.350989 -24.807567 0.806452 0.499350 10.770330 -158.198591 3.939193 113.198591 
24.000000 25.000000 39.238387 1.000000 10.000000 13.952000 0.877748 0.416667 6.469764 3.099809 21.997457 0.769231 0.430074 6.324555 161.565051 3.577709 63.434949 
35.000000 26.000000 42.913027 3.000000 11.000000 16.400000 0.981527 0.275000 9.703715 1.856535 -58.431927 0.846154 0.361978 9.433981 -122.005383 2.496151 -33.690068 
44.000000 25.000000 57.087667 1.000000 21.000000 20.601000 0.967604 0.420000 11.033827 2.785737 70.419455 0.807692 0.468137 11.180340 116.565051 3.478505 -161.565051 
13.000000 25.000000 43.121183 1.000000 9.000000 8.882000 0.907936 0.900000 5.399179 2.262845 85.268839 1.000000 0.782319 5.385165 111.801409 2.000000 0.000000 
53.000000 26.000000 53.392647 8.000000 9.000000 8.998000 0.523679 0.562500 4.052781 3.452628 -18.937492 0.818182 0.767439 4.472136 -153.434949 4.000000 -90.000000 
50.000000 25.000000 39.507226 2.000000 11.000000 16.590000 0.688700 0.440000 6.020168 4.364899 -26.565051 0.647059 0.355041 5.830952 -149.036243 4.714952 -56.309932 
22.000000 30.000000 55.117696 1.000000 49.000000 46.387000 0.953634 0.388889 20.234782 6.090046 -81.238451 0.590361 0.251012 18.973666 -108.434949 6.984539 -17.102729 
46.000000 30.000000 39.832691 2.000000 8.000000 13.216000 0.978761 0.266667 8.730045 1.789688 -44.509502 0.800000 0.375717 7.810250 -140.194429 2.121320 -45.000000 
39.000000 30.000000 35.657362 11.000000 4.000000 4.408000 0.870424 0.666667 3.435909 1.691507 -58.282526 1.000000 0.881907 3.605551 -123.690068 2.000000 0.000000 
53.000000 29.000000 44.524086 6.000000 6.000000 6.459000 0.778499 0.666667 3.829708 2.403701 -45.000000 1.000000 0.818022 4.242641 -135.000000 2.828427 135.000000 
5.000000 32.000000 50.399270 6.000000 5.000000 7.402000 0.765173 0.555556 3.931770 2.531373 49.065051 0.833333 0.565201 4.242641 135.000000 2.828427 -135.000000 
51.000000 32.000000 35.897168 2.000000 9.000000 8.055000 0.834966 0.750000 4.760952 2.619961 63.434949 1.000000 0.902154 5.000000 126.869898 3.000000 0.000000 
13.000000 35.000000 45.740687 3.000000 16.000000 22.967000 0.988298 0.222222 13.321966 2.032088 -46.808785 0.800000 0.294960 12.041595 -131.633539 2.820096 -40.601295 
38.000000 32.000000 34.299812 2.000000 1.000000 0.000000 0.000000 1.000000 1.154701 1.154701 0.000000 1.000000 1.000000 1.414214 135.000000 1.000000 -90.000000 
32.000000 36.000000 44.932618 2.000000 17.000000 19.402000 0.947249 0.354167 9.950627 3.189158 54.680407 0.708333 0.420351 9.433981 122.005383 4.115966 30.963757 
7.000000 35.000000 96.692049 5.000000 18.000000 16.309000 0.805282 0.600000 6.923778 4.105049 -21.791994 0.818182 0.597884 7.211103 -146.309932 4.642383 -68.198591 
39.000000 35.000000 38.023113 1.000000 3.000000 3.093000 0.730297 0.750000 2.581989 1.763834 -45.000000 1.000000 0.969873 2.828427 -135.000000 2.000000 -90.000000 
44.000000 36.000000 61.910986 1.000000 21.000000 17.789000 0.950383 0.583333 9.769965 3.039263 74.017755 0.875000 0.602374 9.486833 108.434949 3.478505 18.434949 
51.000000 35.000000 64.238621 1.000000 11.000000 11.512000 0.930925 0.611111 6.659886 2.432260 -76.717474 0.916667 0.643746 6.708204 -116.565051 2.910428 -14.036243 
21.000000 37.000000 91.512835 1.000000 22.000000 18.434000 0.949057 0.611111 9.982408 3.145508 -73.383231 0.880000 0.593891 9.848858 -113.962489 3.794733 161.565051 
56.000000 37.000000 43.505052 2.000000 8.000000 10.032000 0.819178 0.533333 5.033223 2.886751 -75.963757 0.800000 0.579284 5.385165 -111.801409 3.000000 0.000000 
38.000000 40.000000 39.102967 1.000000 12.000000 13.869000 0.942109 0.400000 8.020200 2.689229 39.388771 0.750000 0.521137 7.810250 140.194429 3.535534 45.000000 
28.000000 39.000000 76.602969 1.000000 10.000000 8.998000 0.773102 0.666667 4.712847 2.989271 -82.311874 0.909091 0.852711 5.099020 101.309932 3.000000 0.000000 
54.000000 43.000000 55.247189 5.000000 22.000000 19.650000 0.944960 0.550000 10.042967 3.285912 8.934829 0.814815 0.532210 10.198039 168.690068 4.000000 -90.000000 
60.000000 41.000000 40.222703 1.000000 15.000000 16.656000 0.962218 0.555556 9.275282 2.525477 6.658336 0.750000 0.480924 9.055385 173.659808 2.941742 78.690068 
6.000000 40.000000 42.678735 1.000000 20.000000 21.064000 0.869753 0.416667 9.163845 4.522235 34.367275 0.740741 0.428952 9.219544 139.398705 5.578319 75.963757 
33.000000 40.000000 51.243710 1.000000 9.000000 12.248000 0.967151 0.642857 7.651033 1.944913 -85.642634 0.900000 0.477527 7.071068 98.130102 2.000000 0.000000 
48.000000 42.000000 41.583858 4.000000 5.000000 11.248000 0.989743 0.200000 8.082904 1.154701 45.000000 1.000000 0.303447 7.071068 135.000000 1.414214 45.000000 
13.000000 41.000000 66.040801 8.000000 13.000000 16.400000 0.910520 0.464286 7.819077 3.232922 -64.162765 0.684211 0.427793 8.062258 -119.744881 4.000000 0.000000 
25.000000 42.000000 53.876357 5.000000 13.000000 12.182000 0.877850 0.722222 6.353430 3.042889 -7.948745 0.928571 0.695716 6.324555 -161.565051 3.000000 -90.000000 
9.000000 42.000000 42.329819 1.000000 8.000000 13.679000 0.668437 0.400000 5.597619 4.163332 45.000000 0.571429 0.355318 5.656854 135.000000 4.000000 0.000000 
34.000000 44.000000 58.544811 1.000000 6.000000 7.220000 0.869227 0.500000 4.472136 2.211083 30.963757 0.857143 0.702276 4.472136 153.434949 2.683282 -116.565051 
30.000000 45.000000 53.687272 1.000000 21.000000 18.062000 0.934823 0.777778 9.301729 3.303171 89.835043 0.954545 0.586962 9.219544 -102.528808 3.000000 0.000000 
41.000000 46.000000 47.491452 1.000000 26.000000 24.802000 0.969250 0.541667 13.732196 3.379188 86.377200 0.722222 0.418426 12.165525 99.462322 3.845077 7.125016 
24.000000 47.000000 78.435619 2.000000 13.000000 12.844000 0.808620 0.541667 5.907263 3.475428 2.618738 0.812500 0.639287 6.082763 170.537678 4.000000 -90.000000 
49.000000 47.000000 56.212563 1.000000 12.000000 13.290000 0.956839 0.571429 8.085049 2.349655 -78.526414 0.800000 0.558511 7.280110 -105.945396 2.667892 -14.036243 
16.000000 49.000000 51.652855 1.000000 33.000000 31.468000 0.980948 0.366667 16.814550 3.266554 -75.438437 0.673469 0.346203 15.524175 -104.931417 3.880570 -14.036243 
22.000000 48.000000 30.940139 2.000000 2.000000 1.960000 0.866025 1.000000 2.309401 1.154701 90.000000 1.000000 0.965669 2.236068 116.565051 1.000000 0.000000 
60.000000 50.000000 34.858487 3.000000 4.000000 5.880000 0.968246 1.000000 4.618802 1.154701 0.000000 1.000000 0.617595 4.123106 165.963757 1.000000 -90.000000 
7.000000 49.000000 61.233710 1.000000 12.000000 11.992000 0.834635 0.500000 5.861315 3.228430 85.728041 0.857143 0.658426 6.082763 99.462322 3.880570 14.036243 
53.000000 51.000000 69.459346 1.000000 19.000000 19.286000 0.873629 0.475000 8.875479 4.318742 21.065814 0.760000 0.474677 8.944272 153.434949 4.919350 63.434949 
16.000000 55.000000 61.699411 1.000000 52.000000 43.874000 0.964920 0.247619 20.360308 5.345489 -50.327310 0.641975 0.295617 18.601075 -126.253838 6.363961 -45.000000 
44.000000 52.000000 61.934936 1.000000 43.000000 31.534000 0.963088 0.511905 15.596640 4.198423 -78.196132 0.754386 0.449397 14.560220 -105.945396 5.232590 -8.130102 
26.000000 53.000000 48.422249 1.000000 21.000000 18.732000 0.879023 0.437500 8.909940 4.248068 -60.208717 0.724138 0.551555 8.544004 -110.556045 5.153734 -38.659808 
34.000000 54.000000 52.344592 1.000000 17.000000 16.656000 0.944989 0.531250 9.034839 2.955309 76.445016 0.809524 0.545047 8.544004 110.556045 3.452379 9.462322 
57.000000 54.000000 66.920102 1.000000 17.000000 16.011000 0.924402 0.708333 8.588516 3.275827 89.144342 0.850000 0.582376 8.246211 104.036243 3.000000 0.000000 
5.000000 55.000000 48.702775 12.000000 2.000000 1.960000 0.866025 1.000000 2.309401 1.154701 90.000000 1.000000 0.965669 2.236068 116.565051 1.000000 0.000000 
40.000000 58.000000 38.844075 4.000000 6.000000 8.146000 0.932211 0.500000 5.428896 1.964795 19.329904 0.750000 0.591778 5.000000 143.130102 2.213594 71.565051 
34.000000 59.000000 57.822222 1.000000 25.000000 25.472000 0.967273 0.324675 13.146788 3.335840 -66.512091 0.675676 0.383712 12.529964 -118.610460 4.370786 -29.054604 
12.000000 59.000000 60.199249 1.000000 17.000000 17.508000 0.967239 0.472222 9.941335 2.523768 -74.382797 0.809524 0.500998 9.486833 -108.434949 3.152963 165.963757 
7.000000 59.000000 38.118735 1.000000 5.000000 5.814000 0.743786 0.555556 3.529850 2.359413 -55.900705 0.833333 0.783414 3.605551 -146.309932 2.683282 153.434949 
46.000000 60.000000 42.241493 10.000000 5.000000 7.220000 0.948099 0.416667 5.066665 1.611077 -54.720017 1.000000 0.585230 5.000000 -126.869898 2.121320 -45.000000 
53.000000 62.000000 75.346052 1.000000 54.000000 33.312000 0.929546 0.593407 15.254519 5.624443 -7.066852 0.750000 0.510650 14.317821 -155.224859 6.169231 95.710593 
60.000000 61.000000 29.405963 11.000000 1.000000 0.000000 0.000000 1.000000 1.154701 1.154701 0.000000 1.000000 1.000000 1.414214 135.000000 1.000000 -90.000000 
41.000000 64.000000 44.903694 1.000000 16.000000 22.007000 0.953988 0.296296 11.309999 3.391253 60.872267 0.615385 0.317909 10.295630 119.054604 4.417410 -144.462322 
49.000000 63.000000 45.842007 1.000000 14.000000 11.992000 0.862290 0.583333 6.210543 3.145114 -32.811766 1.000000 0.768164 6.708204 -153.434949 3.535534 -45.000000 
9.000000 66.000000 64.157198 1.000000 8.000000 8.816000 0.750000 0.666667 4.618802 3.055050 0.000000 0.800000 0.703092 4.472136 153.434949 3.000000 -90.000000 
29.000000 64.000000 91.349450 1.000000 57.000000 35.520000 0.975428 0.670588 18.645902 4.108009 -85.171521 0.863636 0.479209 17.262677 -100.007980 4.577171 -5.710593 
15.000000 66.000000 100.341502 1.000000 36.000000 27.424000 0.912632 0.545455 11.544849 4.719324 77.948883 0.800000 0.484224 12.083046 114.443955 5.578319 14.036243 
35.000000 69.000000 62.578366 1.000000 25.000000 22.677000 0.944794 0.416667 11.535632 3.779824 71.036516 0.694444 0.471286 10.440307 106.699244 4.595725 23.198591 
24.000000 70.000000 42.980218 1.000000 21.000000 26.018000 0.969263 0.538462 12.601107 3.100191 88.787304 0.807692 0.310360 13.038405 94.398705 3.000000 0.000000 
7.000000 71.000000 141.939126 1.000000 23.000000 22.445000 0.765808 0.657143 7.781878 5.004286 71.028271 0.821429 0.441482 8.062258 119.744881 5.000000 0.000000 
14.000000 72.000000 72.589957 1.000000 25.000000 19.931000 0.869684 0.625000 9.157780 4.520369 -75.859019 0.833333 0.590143 8.944272 -116.565051 5.000000 0.000000 
46.000000 71.000000 70.040801 1.000000 36.000000 28.284000 0.947144 0.500000 13.283699 4.261530 74.945762 0.800000 0.458084 13.416408 116.565051 5.692100 18.434949 
54.000000 71.000000 81.090540 1.000000 35.000000 28.739000 0.565927 0.555556 8.841900 7.289755 70.315341 0.744681 0.432738 9.486833 108.434949 7.000000 0.000000 
23.000000 75.000000 40.430633 1.000000 13.000000 21.891000 0.987518 0.295455 13.955578 2.198084 -78.404455 0.541667 0.260700 11.704700 -109.983107 2.711631 -12.528808 
31.000000 74.000000 46.652242 1.000000 10.000000 10.842000 0.940913 0.833333 6.448130 2.183642 83.978712 0.909091 0.642647 6.324555 108.434949 2.000000 0.000000 
35.000000 77.000000 33.431976 1.000000 7.000000 10.958000 0.941006 0.583333 6.499096 2.199224 -6.047379 0.700000 0.442481 6.082763 170.537678 2.000000 -90.000000 
58.000000 76.000000 93.962442 1.000000 10.000000 12.736000 0.913062 0.416667 6.836223 2.787959 -23.831500 0.714286 0.498472 6.403124 -141.340192 3.478505 108.434949 
14.000000 79.000000 28.926668 7.000000 5.000000 4.962000 0.765092 0.833333 3.306559 2.129163 -71.565051 1.000000 0.956808 3.605551 -123.690068 2.000000 0.000000 
28.000000 80.000000 34.278965 4.000000 8.000000 11.140000 0.951524 0.444444 6.511919 2.002891 -21.312519 0.888889 0.492886 6.708204 -153.434949 2.529822 -71.565051 
53.000000 78.000000 66.517282 1.000000 2.000000 1.960000 0.866025 1.000000 2.309401 1.154701 90.000000 1.000000 0.965669 2.236068 116.565051 1.000000 0.000000 
39.000000 82.000000 85.194079 1.000000 45.000000 41.136000 0.980747 0.255682 19.756080 3.858037 63.050746 0.671642 0.288439 19.416488 124.508523 4.472136 26.565051 
5.000000 84.000000 38.826601 6.000000 10.000000 10.288000 0.933821 0.833333 6.150265 2.200207 -7.018122 1.000000 0.696762 6.324555 -161.565051 2.000000 -90.000000 
17.000000 81.000000 29.182790 8.000000 1.000000 0.000000 0.000000 1.000000 1.154701 1.154701 0.000000 1.000000 1.000000 1.414214 135.000000 1.000000 -90.000000 
48.000000 79.000000 47.792537 11.000000 5.000000 7.683000 0.944850 0.416667 5.384843 1.763557 -40.734617 0.833333 0.536237 5.000000 -143.130102 2.121320 -45.000000 
58.000000 82.000000 107.400157 6.000000 19.000000 13.009000 0.697514 0.791667 5.957994 4.269327 2.650463 1.000000 0.915349 6.324555 161.565051 4.000000 -90.000000 
30.000000 83.000000 46.508855 1.000000 4.000000 4.590000 0.731925 0.666667 3.055050 2.081666 90.000000 1.000000 0.840876 3.162278 108.434949 2.000000 0.000000 
51.000000 85.000000 51.867981 1.000000 24.000000 26.878000 0.918659 0.311688 12.788024 5.051931 64.747750 0.533333 0.334666 12.083046 114.443955 5.990542 -156.037511 
22.000000 86.000000 112.761900 1.000000 46.000000 29.235000 0.964789 0.469388 15.442740 4.061831 67.679409 0.851852 0.551449 14.866069 109.653824 4.727032 23.198591 
40.000000 86.000000 52.930936 1.000000 14.000000 16.408000 0.975188 0.350000 9.813964 2.172585 64.006911 0.875000 0.460323 9.433981 122.005383 2.683282 26.565051 
9.000000 85.000000 38.138241 1.000000 8.000000 9.461000 0.910892 0.533333 5.710814 2.356539 -76.243999 0.800000 0.632966 5.385165 -111.801409 2.667892 165.963757 
58.000000 88.000000 87.126828 5.000000 33.000000 23.132000 0.855679 0.550000 9.716965 5.028594 -18.213330 0.891892 0.600738 11.180340 -153.434949 5.457528 -82.874984 
4.000000 90.000000 28.496668 5.000000 2.000000 1.960000 0.866025 1.000000 2.309401 1.154701 0.000000 1.000000 0.965669 2.236068 153.434949 1.000000 -90.000000 
9.000000 91.000000 43.848951 8.000000 8.000000 10.032000 0.825077 0.500000 5.126169 2.896388 -31.717474 0.800000 0.579284 5.000000 -143.130102 3.478505 108.434949 
42.000000 90.000000 83.678710 1.000000 19.000000 19.956000 0.915473 0.475000 9.090048 3.657651 74.172225 0.678571 0.447538 8.544004 110.556045 4.427189 18.434949 
16.000000 90.000000 52.443413 3.000000 5.000000 4.962000 0.765092 0.833333 3.306559 2.129163 -71.565051 1.000000 0.956808 3.605551 -123.690068 2.000000 0.000000 
27.000000 95.000000 37.432904 2.000000 16.000000 16.400000 0.897598 0.500000 8.176905 3.604496 -10.468643 0.761905 0.526514 8.246211 -165.963757 4.000000 -90.000000 
53.000000 92.000000 81.778153 1.000000 44.000000 37.274000 0.952521 0.419048 17.551174 5.343859 -81.124889 0.586667 0.338505 15.524175 -104.931417 6.212416 175.601295 
35.000000 93.000000 72.451691 1.000000 17.000000 15.738000 0.950010 0.531250 8.894236 2.776957 70.142723 0.809524 0.599340 8.544004 110.556045 3.342516 21.801409 
18.000000 95.000000 31.996082 1.000000 8.000000 11.810000 0.916950 0.400000 6.172593 2.462877 62.093061 0.800000 0.449702 5.830952 120.963757 2.683282 26.565051 
22.000000 93.000000 28.293833 1.000000 1.000000 0.000000 0.000000 1.000000 1.154701 1.154701 0.000000 1.000000 1.000000 1.414214 135.000000 1.000000 -90.000000 
11.000000 94.000000 47.567963 1.000000 15.000000 14.250000 0.650951 0.500000 5.593423 4.246077 -4.630111 0.833333 0.623193 6.324555 161.565051 4.850713 104.036243 
56.000000 96.000000 63.657256 1.000000 16.000000 20.527000 0.597181 0.444444 6.363244 5.103998 50.995417 0.761905 0.358910 6.403124 128.659808 4.949747 45.000000 
7.000000 97.000000 51.608819 1.000000 16.000000 12.736000 0.869394 0.666667 6.655107 3.288422 -72.709929 0.941176 0.797555 6.708204 -116.565051 3.794733 161.565051 
13.000000 97.000000 39.513905 1.000000 17.000000 13.770000 0.882588 0.607143 7.062780 3.320545 64.202411 0.944444 0.746947 7.615773 113.198591 4.000000 0.000000 
43.000000 96.000000 37.348136 2.000000 11.000000 15.656000 0.943494 0.305556 8.227711 2.726583 40.454862 0.687500 0.391199 7.810250 129.805571 3.535534 -135.000000 
45.000000 101.000000 63.444607 1.000000 42.000000 42.650000 0.982523 0.233333 21.529987 4.007564 66.396839 0.512195 0.251703 18.439089 102.528808 5.385165 21.801409 
17.000000 99.000000 34.739795 10.000000 7.000000 10.685000 0.943628 0.350000 6.691833 2.215049 -60.803751 0.636364 0.460127 5.830952 -120.963757 2.683282 153.434949 
30.000000 98.000000 45.814328 1.000000 12.000000 10.495000 0.715643 0.600000 5.001736 3.493545 66.621506 0.923077 0.810923 5.385165 111.801409 4.000000 0.000000 
24.000000 99.000000 69.703057 1.000000 20.000000 15.548000 0.907945 0.625000 8.119572 3.402825 76.425159 0.909091 0.719516 8.246211 104.036243 3.880570 -165.963757 
27.000000 103.000000 57.611309 7.000000 9.000000 11.140000 0.912071 0.500000 6.202448 2.543210 -0.353660 0.818182 0.554497 6.082763 170.537678 3.000000 -90.000000 
59.000000 100.000000 75.906431 1.000000 1.000000 0.000000 0.000000 1.000000 1.154701 1.154701 0.000000 1.000000 1.000000 1.414214 135.000000 1.000000 -90.000000 
12.000000 103.000000 60.720413 1.000000 28.000000 26.531000 0.957718 0.311111 12.979101 3.734207 -57.371978 0.682927 0.399629 11.661904 -120.963757 5.097866 -40.601295 
20.000000 104.000000 62.701398 1.000000 18.000000 15.639000 0.824906 0.514286 7.055107 3.988041 27.367116 0.900000 0.641304 7.615773 156.801409 4.743416 71.565051 
22.000000 106.000000 64.177672 1.000000 22.000000 18.658000 0.903835 0.458333 8.727027 3.734125 56.825148 0.880000 0.581749 8.944272 116.565051 4.437602 -146.309932 
32.000000 105.000000 85.115370 1.000000 25.000000 19.195000 0.910461 0.694444 9.451230 3.908978 -88.830943 0.862069 0.629674 9.486833 108.434949 4.000000 0.000000 
50.000000 106.000000 34.375859 2.000000 5.000000 8.717000 0.916234 0.416667 5.363658 2.148915 61.002692 0.714286 0.446800 5.000000 126.869898 2.529822 18.434949 
5.000000 110.000000 51.420126 4.000000 14.000000 16.656000 0.972870 0.518519 9.388955 2.172159 16.611813 0.875000 0.448862 9.486833 161.565051 2.846050 -108.434949 
55.000000 108.000000 56.440160 3.000000 15.000000 17.988000 0.975783 0.312500 10.921127 2.388884 37.599001 0.789474 0.422201 10.000000 143.130102 3.328201 -123.690068 
28.000000 108.000000 62.165758 1.000000 8.000000 10.288000 0.956611 0.666667 6.470141 1.885191 -11.525650 0.888889 0.557409 6.324555 -161.565051 2.000000 -90.000000 
42.000000 108.000000 44.908362 1.000000 31.000000 36.058000 0.969567 0.344444 17.851678 4.370567 -84.508649 0.484375 0.253518 15.132746 -97.594643 5.545449 -10.304846 
60.000000 110.000000 103.078381 2.000000 36.000000 25.447000 0.955420 0.750000 13.206127 3.899122 -3.174512 0.857143 0.553512 12.369317 -165.963757 4.000000 -90.000000 
32.000000 111.000000 68.400043 1.000000 13.000000 12.802000 0.954127 0.928571 7.642111 2.288059 87.855423 1.000000 0.642659 7.280110 105.945396 2.000000 0.000000 
51.000000 111.000000 45.307497 7.000000 9.000000 12.182000 0.959160 0.360000 7.548003 2.135067 -49.553667 0.750000 0.481650 7.071068 -135.000000 2.800000 143.130102 
16.000000 111.000000 72.588421 4.000000 34.000000 29.417000 0.642491 0.539683 8.646648 6.625869 -0.770955 0.739130 0.403049 9.219544 -167.471192 6.790998 -104.036243 
27.000000 112.000000 43.263014 2.000000 6.000000 6.368000 0.833333 0.750000 4.000000 2.211083 90.000000 1.000000 0.833753 4.123106 104.036243 2.000000 0.000000 
44.000000 115.000000 45.130407 3.000000 17.000000 17.235000 0.945345 0.531250 9.310328 3.035834 20.122988 0.772727 0.514512 8.944272 153.434949 3.726207 -101.309932 
11.000000 114.000000 53.786901 5.000000 7.000000 7.592000 0.658784 0.583333 3.879126 2.918391 18.434949 0.875000 0.763515 4.472136 153.434949 3.000000 -90.000000 
54.000000 115.000000 38.567797 1.000000 5.000000 6.368000 0.576018 0.555556 3.401960 2.780887 0.000000 0.714286 0.694794 3.605551 146.309932 3.000000 -90.000000 
5.000000 126.000000 124.546446 4.000000 35.000000 32.824000 0.986266 0.514706 17.295108 2.856535 -10.012209 0.833333 0.340019 17.262677 -169.992020 3.530090 -78.690068 
8.000000 116.000000 42.454465 2.000000 4.000000 7.402000 0.965676 0.333333 5.615939 1.458730 53.909444 0.800000 0.452160 5.000000 126.869898 1.941451 33.690068 
15.000000 117.000000 71.544104 1.000000 18.000000 19.104000 0.796265 0.750000 7.299902 4.416056 -89.329996 0.782609 0.457082 7.211103 -123.690068 4.000000 0.000000 
25.000000 117.000000 102.195501 1.000000 48.000000 27.242000 0.904922 0.666667 12.631220 5.375568 -80.366475 0.888889 0.653391 12.649111 -108.434949 5.798276 -8.130102 
9.000000 120.000000 76.808393 1.000000 22.000000 22.197000 0.917484 0.488889 9.978634 3.969218 15.264853 0.709677 0.430594 9.486833 161.565051 4.365641 -104.036243 
36.000000 119.000000 85.859444 1.000000 42.000000 27.242000 0.941286 0.583333 13.342182 4.504445 -78.375395 0.823529 0.571717 12.649111 -108.434949 4.989401 -12.528808 
20.000000 121.000000 76.176565 1.000000 24.000000 18.153000 0.927973 0.666667 9.550983 3.559159 -9.922314 0.888889 0.665093 9.486833 -161.565051 3.945576 99.462322 
56.000000 120.000000 54.713560 1.000000 9.000000 13.563000 0.727249 0.562500 5.201548 3.570205 -41.829904 0.692308 0.405304 5.656854 -135.000000 4.000000 -90.000000 
60.000000 121.000000 35.258148 1.000000 8.000000 13.216000 0.510973 0.500000 4.638681 3.987394 16.137822 0.727273 0.375717 4.472136 116.565051 4.000000 -90.000000 
30.000000 121.000000 43.755456 2.000000 5.000000 7.840000 0.979796 1.000000 5.773503 1.154701 0.000000 1.000000 0.521014 5.099020 168.690068 1.000000 -90.000000 
51.000000 121.000000 76.887595 1.000000 13.000000 15.639000 0.864794 0.541667 7.307106 3.669090 78.115306 0.684211 0.463164 6.708204 116.565051 4.000000 0.000000 
13.000000 124.000000 36.414922 6.000000 4.000000 6.550000 0.946293 0.500000 4.820546 1.558527 17.608796 0.800000 0.535155 4.472136 153.434949 1.897367 71.565051 
45.000000 122.000000 93.621331 1.000000 5.000000 6.368000 0.923687 0.625000 4.492622 1.721341 -69.006394 0.833333 0.694794 4.472136 -116.565051 2.000000 0.000000 
40.000000 123.000000 33.642931 3.000000 3.000000 3.920000 0.942809 1.000000 3.464102 1.154701 90.000000 1.000000 0.756007 3.162278 108.434949 1.000000 0.000000 
18.000000 125.000000 39.002356 1.000000 5.000000 7.402000 0.882464 0.416667 4.587955 2.158086 -64.329904 0.833333 0.565201 4.472136 -116.565051 2.529822 -18.434949 
28.000000 124.000000 27.937257 2.000000 1.000000 0.000000 0.000000 1.000000 1.154701 1.154701 0.000000 1.000000 1.000000 1.414214 135.000000 1.000000 -90.000000 
50.000000 125.000000 61.289703 1.000000 8.000000 13.216000 0.974567 0.266667 8.303843 1.860878 -56.814689 0.666667 0.375717 7.810250 -129.805571 2.496151 -33.690068 
58.000000 126.000000 63.431156 1.000000 21.000000 16.375000 0.847830 0.750000 7.418690 3.933892 -8.918377 0.875000 0.692821 7.615773 -156.801409 4.000000 -90.000000 
19.000000 129.000000 62.882327 3.000000 16.000000 14.051000 0.933802 0.571429 7.883418 2.820617 24.581092 0.888889 0.680216 8.062258 150.255119 3.478505 71.565051 
36.000000 130.000000 64.756868 1.000000 26.000000 17.417000 0.760197 0.650000 8.041819 5.224710 -77.326049 0.838710 0.773030 8.246211 -104.036243 5.000000 0.000000 
27.000000 132.000000 50.718429 1.000000 10.000000 12.918000 0.961538 0.476190 7.584627 2.083291 -14.979335 0.833333 0.487238 7.280110 -164.054604 2.529822 -71.565051 
43.000000 129.000000 86.052565 1.000000 20.000000 16.565000 0.910057 0.714286 8.540288 3.539796 79.402250 0.833333 0.647168 8.062258 119.744881 4.000000 0.000000 
48.000000 128.000000 44.118613 1.000000 8.000000 6.831000 0.580948 0.888889 3.651484 2.972092 -45.000000 1.000000 1.000000 4.242641 -135.000000 3.000000 -90.000000 
46.000000 132.000000 87.281662 7.000000 5.000000 6.550000 0.889464 0.625000 4.253087 1.943686 -5.152423 1.000000 0.668944 4.123106 165.963757 2.000000 -90.000000 
58.000000 132.000000 65.116088 1.000000 15.000000 11.975000 0.884979 0.833333 6.556140 3.052744 -77.637789 1.000000 0.824885 6.708204 -116.565051 3.000000 0.000000 
12.000000 135.000000 74.040592 2.000000 23.000000 25.878000 0.942270 0.328571 11.572339 3.875057 -62.014809 0.741935 0.343206 10.770330 -111.801409 4.458963 149.036243 
42.000000 133.000000 72.167609 2.000000 14.000000 17.045000 0.916274 0.500000 7.964218 3.190090 -70.642662 0.736842 0.431730 7.615773 -113.198591 3.880570 165.963757 
54.000000 134.000000 55.969771 1.000000 9.000000 8.882000 0.907936 0.900000 5.399179 2.262845 85.268839 1.000000 0.782319 5.385165 111.801409 2.000000 0.000000 
8.000000 138.000000 112.472948 2.000000 32.000000 20.510000 0.881935 0.711111 9.700608 4.572594 -13.577911 0.914286 0.718851 9.848858 -156.037511 5.000000 -90.000000 
35.000000 139.000000 38.040879 1.000000 22.000000 29.798000 0.943133 0.400000 11.714202 3.893987 1.210737 0.564103 0.254798 11.180340 -169.695154 5.000000 -90.000000 
50.000000 136.000000 45.396883 1.000000 13.000000 17.905000 0.976761 0.265306 11.120272 2.383436 -50.880394 0.684211 0.368799 9.899495 -135.000000 3.072885 -39.805571 
24.000000 137.000000 31.838154 2.000000 6.000000 8.998000 0.960280 0.400000 6.023770 1.680865 64.805344 0.857143 0.511626 5.830952 120.963757 2.213594 -161.565051 
29.000000 137.000000 45.487392 7.000000 9.000000 10.288000 0.942932 0.750000 6.161450 2.051676 -10.278023 0.900000 0.627085 6.324555 -161.565051 2.000000 -90.000000 
19.000000 139.000000 44.542663 1.000000 23.000000 28.400000 0.956133 0.232323 14.029664 4.109746 -49.048707 0.547619 0.290516 13.038405 -122.471192 5.193990 147.994617 
15.000000 141.000000 48.093397 6.000000 9.000000 10.958000 0.902145 0.600000 5.934795 2.560466 -14.872441 0.818182 0.568904 5.830952 -149.036243 3.000000 -90.000000 
50.000000 141.000000 49.098517 1.000000 12.000000 13.472000 0.957359 0.857143 7.941617 2.294352 88.016041 0.923077 0.546341 7.280110 105.945396 2.000000 0.000000 
55.000000 140.000000 56.426214 1.000000 11.000000 10.495000 0.538118 0.687500 4.484774 3.780080 64.736230 0.916667 0.743346 5.000000 126.869898 4.000000 -90.000000 
42.000000 143.000000 63.034231 1.000000 33.000000 26.506000 0.922629 0.500000 11.973617 4.618085 63.418394 0.750000 0.471786 11.704700 109.983107 5.659453 -149.036243 
59.000000 142.000000 61.693753 1.000000 13.000000 11.330000 0.884107 0.722222 6.184232 2.889799 -77.042082 0.928571 0.780047 6.324555 -108.434949 3.000000 0.000000 
11.000000 143.000000 52.246346 1.000000 14.000000 13.307000 0.776849 0.583333 6.047587 3.808086 -80.950055 0.933333 0.650250 6.324555 -108.434949 4.000000 0.000000 
30.000000 143.000000 49.162376 1.000000 20.000000 15.895000 0.930779 0.833333 8.678715 3.172786 86.620459 0.952381 0.693524 8.246211 104.036243 3.000000 0.000000 
50.000000 144.000000 46.598530 11.000000 6.000000 8.998000 0.965254 0.400000 6.286764 1.642810 -59.829555 0.750000 0.511626 5.830952 -120.963757 2.218801 -33.690068 
59.000000 145.000000 28.725711 2.000000 1.000000 0.000000 0.000000 1.000000 1.154701 1.154701 0.000000 1.000000 1.000000 1.414214 135.000000 1.000000 -90.000000 
26.000000 147.000000 34.876939 1.000000 3.000000 5.624000 0.970143 0.333333 4.760952 1.154701 -45.000000 1.000000 0.490646 4.242641 -135.000000 1.414214 -45.000000 
55.000000 146.000000 47.202730 1.000000 15.000000 16.590000 0.940072 0.468750 8.950332 3.051848 -72.324825 0.714286 0.484147 8.544004 -110.556045 3.616778 170.537678 
9.000000 148.000000 54.483666 1.000000 24.000000 20.700000 0.930227 0.444444 10.479536 3.845834 -26.193239 0.774194 0.530580 10.295630 -150.945396 4.828079 111.801409 
16.000000 146.000000 39.945200 7.000000 6.000000 7.683000 0.885615 0.500000 4.760952 2.211083 -18.434949 0.750000 0.643484 4.472136 -153.434949 2.529822 -71.565051 
32.000000 146.000000 40.916412 1.000000 10.000000 16.400000 0.980047 0.250000 10.684413 2.123672 61.091316 0.588235 0.329071 8.944272 116.565051 2.683282 26.565051 
49.000000 148.000000 46.557755 2.000000 7.000000 8.055000 0.909717 0.583333 5.175277 2.148922 67.500000 0.777778 0.701675 5.000000 126.869898 2.529822 18.434949 
13.000000 150.000000 44.384441 1.000000 13.000000 13.770000 0.827741 0.541667 6.166872 3.460295 85.611091 0.764706 0.571195 6.708204 116.565051 3.880570 -165.963757 
43.000000 150.000000 81.291960 1.000000 2.000000 1.960000 0.866025 1.000000 2.309401 1.154701 0.000000 1.000000 0.965669 2.236068 153.434949 1.000000 -90.000000 
17.000000 152.000000 40.915602 8.000000 5.000000 7.013000 0.931488 0.625000 4.881890 1.775899 -10.900705 0.833333 0.609333 4.472136 -153.434949 2.000000 -90.000000 
53.000000 154.000000 73.510343 1.000000 46.000000 36.149000 0.887061 0.425926 14.326612 6.613908 -63.487525 0.666667 0.374447 13.038405 -122.471192 7.761140 -14.036243 
20.000000 153.000000 55.049897 3.000000 17.000000 18.658000 0.926390 0.404762 8.742122 3.291979 45.967466 0.739130 0.449533 8.602325 144.462322 4.000000 -143.130102 
36.000000 155.000000 60.542278 1.000000 1.000000 0.000000 0.000000 1.000000 1.154701 1.154701 0.000000 1.000000 1.000000 1.414214 135.000000 1.000000 -90.000000 
8.000000 157.000000 59.642103 1.000000 4.000000 5.053000 0.866025 0.666667 3.651484 1.825742 -18.434949 0.800000 0.748540 3.605551 -146.309932 2.000000 -90.000000 
27.000000 156.000000 83.527000 1.000000 41.000000 25.009000 0.902120 0.585714 11.328747 4.888177 -26.948309 0.872340 0.650158 12.206556 -145.007980 5.366563 -63.434949 
16.000000 160.000000 103.460097 3.000000 29.000000 29.897000 0.876209 0.439394 11.630995 5.605346 -0.587782 0.644444 0.333860 11.180340 169.695154 5.939697 -81.869898 
45.000000 157.000000 38.732209 4.000000 3.000000 4.590000 0.928995 0.500000 3.854129 1.426385 -61.845034 1.000000 0.630657 3.605551 -123.690068 1.788854 -26.565051 
60.000000 156.000000 72.390230 1.000000 8.000000 9.552000 0.614360 0.500000 4.329674 3.416225 61.002692 0.800000 0.623923 5.000000 126.869898 3.794733 -161.565051 
12.000000 157.000000 75.528304 1.000000 14.000000 16.582000 0.945070 0.583333 8.172842 2.671446 -13.685743 0.823529 0.452237 8.544004 -159.443955 3.000000 -90.000000 
44.000000 159.000000 73.641147 1.000000 10.000000 11.330000 0.954460 0.555556 7.136759 2.129163 71.565051 0.833333 0.600036 6.708204 116.565051 2.529822 18.434949 
37.000000 161.000000 79.730114 1.000000 33.000000 25.472000 0.964239 0.550000 13.632450 3.613084 -77.554244 0.825000 0.506500 12.649111 -108.434949 4.341216 -7.125016 
50.000000 162.000000 66.737053 1.000000 3.000000 3.093000 0.730297 0.750000 2.581989 1.763834 -45.000000 1.000000 0.969873 2.828427 -135.000000 2.000000 -90.000000 
26.000000 164.000000 64.545072 1.000000 30.000000 24.538000 0.885384 0.428571 10.456964 4.861036 60.255667 0.769231 0.492053 10.770330 111.801409 5.813777 26.565051 
44.000000 164.000000 110.628865 1.000000 17.000000 13.588000 0.724425 0.566667 5.990335 4.129461 -83.717326 0.850000 0.763287 6.324555 -108.434949 5.000000 0.000000 
10.000000 165.000000 66.207153 1.000000 27.000000 27.250000 0.936205 0.450000 12.563134 4.415373 84.567880 0.658537 0.367339 12.165525 -99.462322 5.000000 0.000000 
33.000000 165.000000 28.193852 12.000000 1.000000 0.000000 0.000000 1.000000 1.154701 1.154701 0.000000 1.000000 1.000000 1.414214 135.000000 1.000000 -90.000000 
39.000000 166.000000 64.572320 1.000000 17.000000 17.326000 0.948711 0.531250 9.168643 2.898615 74.935155 0.772727 0.509947 8.544004 110.556045 3.478505 18.434949 
55.000000 167.000000 62.737496 1.000000 20.000000 14.233000 0.811034 0.714286 7.026437 4.110456 -78.928930 0.909091 0.832551 7.280110 -105.945396 4.000000 0.000000 
42.000000 169.000000 61.782901 1.000000 37.000000 45.494000 0.978791 0.256944 19.998546 4.096916 68.077156 0.536232 0.196564 17.088007 110.556045 4.919350 26.565051 
7.000000 170.000000 174.023053 1.000000 16.000000 13.290000 0.905922 0.761905 7.135318 3.021408 -80.484403 0.941176 0.744681 7.280110 -105.945396 3.000000 0.000000 
21.000000 168.000000 62.064710 1.000000 27.000000 26.506000 0.833584 0.428571 9.689943 5.352658 -31.191647 0.710526 0.386007 9.486833 -161.565051 6.002450 120.963757 
33.000000 172.000000 37.844544 1.000000 9.000000 12.364000 0.849503 0.450000 6.083400 3.209499 -59.609623 0.692308 0.470409 6.403124 -128.659808 3.638034 -14.036243 
59.000000 170.000000 40.541511 1.000000 14.000000 10.958000 0.731925 0.700000 5.309470 3.617794 -53.972627 0.933333 0.884962 5.830952 -120.963757 4.000000 0.000000 
16.000000 171.000000 142.865706 1.000000 4.000000 5.814000 0.774597 0.444444 3.651484 2.309401 -45.000000 0.800000 0.626731 3.605551 -146.309932 2.683282 -63.434949 
50.000000 171.000000 64.600528 1.000000 5.000000 7.402000 0.754807 0.416667 4.239497 2.780887 90.000000 0.714286 0.565201 4.123106 104.036243 3.000000 0.000000 
9.000000 175.000000 51.564211 1.000000 9.000000 11.512000 0.947950 0.500000 6.848297 2.180629 15.205541 0.818182 0.526701 6.708204 153.434949 2.549510 -101.309932 
27.000000 173.000000 35.342722 2.000000 2.000000 1.960000 0.866025 1.000000 2.309401 1.154701 90.000000 1.000000 0.965669 2.236068 116.565051 1.000000 0.000000 
56.000000 175.000000 44.373641 1.000000 9.000000 9.180000 0.544331 0.562500 4.163332 3.492496 -11.309932 0.900000 0.744936 4.472136 153.434949 3.794733 108.434949 
23.000000 174.000000 66.296596 2.000000 4.000000 5.905000 0.926289 0.444444 4.355771 1.641317 -50.309828 0.800000 0.614186 4.242641 -135.000000 2.121320 -45.000000 
28.000000 177.000000 70.247431 1.000000 36.000000 33.610000 0.982895 0.375000 17.764248 3.271558 72.004054 0.705882 0.334935 17.088007 110.556045 4.357224 19.983107 
43.000000 176.000000 97.594386 1.000000 41.000000 26.316000 0.894485 0.569444 11.308788 5.056127 88.864494 0.836735 0.593744 12.369317 -104.036243 5.581563 7.125016 
51.000000 175.000000 57.100295 1.000000 3.000000 3.920000 0.942809 1.000000 3.464102 1.154701 90.000000 1.000000 0.756007 3.162278 108.434949 1.000000 0.000000 
6.000000 177.000000 90.576358 1.000000 13.000000 10.495000 0.812190 0.650000 5.499389 3.208304 -53.271492 1.000000 0.878499 5.830952 -120.963757 3.535534 -45.000000 
58.000000 177.000000 57.415018 1.000000 15.000000 13.398000 0.861441 0.500000 6.586908 3.345209 40.039994 1.000000 0.689051 7.071068 135.000000 3.535534 45.000000 
38.000000 178.000000 64.787934 2.000000 2.000000 1.960000 0.866025 1.000000 2.309401 1.154701 90.000000 1.000000 0.965669 2.236068 116.565051 1.000000 0.000000 
53.000000 179.000000 59.159959 1.000000 19.000000 16.681000 0.854092 0.542857 7.499279 3.900537 68.638307 0.826087 0.607635 7.615773 113.198591 4.510671 -168.690068 
14.000000 180.000000 70.287301 1.000000 35.000000 25.348000 0.966607 0.673077 13.707360 3.512697 -82.761657 0.875000 0.541883 13.152946 -98.746162 3.959798 -8.130102 
60.000000 178.000000 43.976691 1.000000 5.000000 5.814000 0.901281 0.555556 4.163332 1.803700 45.000000 1.000000 0.783414 4.242641 135.000000 2.121320 45.000000 
8.000000 183.000000 64.240408 7.000000 12.000000 12.066000 0.931581 0.666667 7.005038 2.546565 -9.122927 0.857143 0.652034 6.708204 -153.434949 2.941742 101.309932 
27.000000 182.000000 51.519186 1.000000 33.000000 35.016000 0.987576 0.485294 18.766209 2.948938 85.153603 0.673469 0.284814 17.117243 96.709837 3.487910 4.763642 
46.000000 181.000000 62.300116 1.000000 20.000000 18.062000 0.939731 0.555556 9.455880 3.233111 79.708389 0.869565 0.559012 9.219544 102.528808 4.000000 0.000000 
38.000000 183.000000 54.441750 1.000000 15.000000 16.863000 0.962179 0.375000 9.444704 2.572897 -68.093111 0.750000 0.471023 8.944272 -116.565051 3.162278 -18.434949 
51.000000 183.000000 36.621222 9.000000 6.000000 6.186000 0.833333 0.666667 4.000000 2.211083 -36.869898 1.000000 0.866607 4.242641 -135.000000 2.683282 -63.434949 
12.000000 185.000000 44.294995 1.000000 8.000000 10.958000 0.957752 0.444444 6.704391 1.928161 70.453071 0.800000 0.505693 6.708204 116.565051 2.425356 -165.963757 
17.000000 187.000000 49.026275 1.000000 22.000000 21.751000 0.959251 0.349206 11.634596 3.287398 57.187369 0.814815 0.446162 10.816654 123.690068 4.024922 26.565051 
32.000000 187.000000 64.008613 1.000000 13.000000 14.142000 0.948017 0.464286 7.890240 2.510830 -74.634508 0.812500 0.546871 7.615773 -113.198591 2.910428 -14.036243 
54.000000 187.000000 31.416429 11.000000 5.000000 6.368000 0.923687 0.625000 4.492622 1.721341 -69.006394 1.000000 0.694794 4.472136 -116.565051 2.000000 0.000000 
6.000000 188.000000 35.412578 1.000000 11.000000 11.049000 0.863050 0.550000 5.807756 2.933609 45.000000 0.916667 0.686438 6.403124 128.659808 3.535534 45.000000 
42.000000 190.000000 59.229695 1.000000 36.000000 29.781000 0.965573 0.461538 15.044539 3.913588 -78.304313 0.679245 0.417373 13.341664 -102.994617 4.706787 168.690068 
10.000000 189.000000 46.787134 1.000000 13.000000 14.142000 0.731846 0.433333 5.953095 4.056858 -2.002086 0.684211 0.546871 6.324555 -161.565051 4.919350 116.565051 
26.000000 189.000000 39.737468 2.000000 7.000000 8.626000 0.582314 0.437500 4.163332 3.384639 45.000000 0.875000 0.635232 4.472136 116.565051 3.535534 -135.000000 
12.000000 191.000000 52.295172 1.000000 8.000000 11.438000 0.796191 0.400000 5.371579 3.250047 34.172005 0.727273 0.472943 5.385165 158.198591 3.794733 71.565051 
18.000000 195.000000 84.659602 1.000000 36.000000 28.400000 0.954038 0.375000 13.179827 3.949784 60.636100 0.800000 0.454721 13.416408 116.565051 4.589285 29.744881 
49.000000 191.000000 54.364600 1.000000 4.000000 4.590000 0.731925 0.666667 3.055050 2.081666 90.000000 1.000000 0.840876 3.162278 108.434949 2.000000 0.000000 
32.000000 193.000000 41.159808 1.000000 15.000000 17.326000 0.968980 0.416667 9.566233 2.364192 68.371915 0.833333 0.449953 9.848858 113.962489 3.130495 26.565051 
58.000000 193.000000 94.768610 1.000000 17.000000 12.918000 0.794431 0.708333 6.263998 3.804469 87.820296 0.944444 0.828304 6.324555 108.434949 4.000000 0.000000 
38.000000 195.000000 48.621774 1.000000 21.000000 20.601000 0.960218 0.525000 10.809203 3.018483 -14.637882 0.777778 0.468137 10.440307 -163.300756 3.571375 105.945396 
48.000000 193.000000 32.915128 10.000000 3.000000 3.093000 0.730297 0.750000 2.581989 1.763834 -45.000000 1.000000 0.969873 2.828427 -135.000000 2.000000 -90.000000 
8.000000 195.000000 46.885686 2.000000 13.000000 13.216000 0.939635 0.433333 7.547653 2.582637 54.217474 0.866667 0.610540 7.211103 123.690068 3.200000 -143.130102 
26.000000 195.000000 53.752175 7.000000 14.000000 13.770000 0.934684 0.500000 7.545907 2.682413 -21.269663 0.875000 0.615133 7.615773 -156.801409 3.162278 -71.565051 
47.000000 197.000000 87.282001 1.000000 55.000000 39.532000 0.981790 0.305556 21.856544 4.152084 63.817602 0.743243 0.379537 19.697716 113.962489 5.168384 -155.224859 
56.000000 197.000000 42.706833 1.000000 7.000000 7.683000 0.597259 0.777778 3.733974 2.994829 33.400705 0.875000 0.750732 4.242641 135.000000 3.000000 -90.000000 
10.000000 199.000000 78.084097 1.000000 10.000000 10.867000 0.892916 0.500000 5.933770 2.671523 66.576195 0.909091 0.640355 5.830952 120.963757 3.130495 26.565051 
14.000000 201.000000 60.716003 1.000000 14.000000 18.087000 0.728112 0.466667 6.264728 4.294212 -19.154368 0.777778 0.390387 6.403124 -141.340192 4.472136 -63.434949 
23.000000 202.000000 68.065460 1.000000 26.000000 24.935000 0.899753 0.406250 9.976148 4.353595 36.993778 0.722222 0.414471 9.433981 122.005383 5.656854 45.000000 
60.000000 202.000000 101.026365 1.000000 10.000000 10.106000 0.701368 0.625000 4.805552 3.425395 90.000000 0.833333 0.716038 5.000000 126.869898 4.000000 -90.000000 
53.000000 201.000000 130.643634 1.000000 15.000000 13.770000 0.893087 0.714286 6.884889 3.097395 85.127107 0.937500 0.659071 7.071068 98.130102 3.000000 0.000000 
35.000000 203.000000 104.944864 1.000000 28.000000 19.402000 0.918649 0.518519 9.983088 3.944063 64.530744 0.903226 0.692344 9.848858 113.962489 4.801960 -149.036243 
7.000000 212.000000 60.743698 2.000000 61.000000 56.188000 0.985217 0.254167 28.283087 4.845252 17.053601 0.535088 0.217769 25.632011 159.443955 6.763911 -110.854458 
46.000000 204.000000 144.015600 1.000000 38.000000 30.550000 0.957160 0.387755 15.061506 4.361184 74.099791 0.716981 0.420679 14.866069 109.653824 5.456006 -169.695154 
55.000000 206.000000 39.412104 6.000000 3.000000 3.093000 0.730297 0.750000 2.581989 1.763834 45.000000 1.000000 0.969873 2.828427 135.000000 2.000000 -90.000000 
15.000000 206.000000 50.844884 1.000000 18.000000 23.066000 0.937133 0.321429 10.452837 3.647754 36.192819 0.642857 0.329328 9.433981 147.994617 4.481291 -129.805571 
59.000000 205.000000 52.309623 1.000000 3.000000 3.093000 0.730297 0.750000 2.581989 1.763834 -45.000000 1.000000 0.969873 2.828427 -135.000000 2.000000 -90.000000 
30.000000 207.000000 39.143863 2.000000 7.000000 6.368000 0.353094 0.777778 3.236694 3.028212 0.000000 1.000000 0.972712 3.605551 123.690068 3.000000 -90.000000 
17.000000 208.000000 106.138746 1.000000 21.000000 21.280000 0.944413 0.328125 10.544017 3.466474 42.417969 0.724138 0.442467 9.433981 122.005383 4.865401 -140.194429 
35.000000 208.000000 72.075098 1.000000 12.000000 12.736000 0.937343 0.571429 7.307945 2.546139 -80.031629 0.857143 0.598166 7.071068 98.130102 2.910428 -14.036243 
25.000000 210.000000 63.223026 1.000000 1.000000 0.000000 0.000000 1.000000 1.154701 1.154701 0.000000 1.000000 1.000000 1.414214 135.000000 1.000000 -90.000000 
53.000000 209.000000 49.714324 1.000000 3.000000 4.590000 0.928995 0.500000 3.854129 1.426385 -61.845034 0.750000 0.630657 3.605551 -123.690068 1.788854 153.434949 
11.000000 211.000000 37.354394 3.000000 4.000000 4.408000 0.870424 0.666667 3.435909 1.691507 58.282526 1.000000 0.881907 3.605551 123.690068 2.000000 0.000000 
45.000000 212.000000 90.372635 1.000000 43.000000 36.802000 0.988783 0.341270 20.819502 3.109548 -71.636651 0.767857 0.338676 18.973666 -108.434949 4.043680 162.897271 
19.000000 214.000000 38.261466 2.000000 13.000000 15.846000 0.933372 0.361111 7.942584 2.850685 43.815246 0.812500 0.453120 8.485281 135.000000 3.535534 45.000000 
56.000000 211.000000 41.356613 1.000000 3.000000 4.590000 0.928995 0.500000 3.854129 1.426385 -61.845034 1.000000 0.630657 3.605551 -123.690068 1.788854 -26.565051 
58.000000 214.000000 68.371884 1.000000 11.000000 13.034000 0.964648 0.366667 7.926645 2.088992 53.684742 0.916667 0.528302 7.810250 129.805571 2.773501 -146.309932 
10.000000 218.000000 50.881404 2.000000 21.000000 28.863000 0.991893 0.201923 18.255116 2.319723 27.943949 0.583333 0.257635 15.264338 148.392498 3.130495 -116.565051 
31.000000 214.000000 65.535570 1.000000 13.000000 14.812000 0.935807 0.464286 7.733254 2.726077 -68.305738 0.764706 0.506816 7.615773 -113.198591 3.395499 -14.036243 
22.000000 220.000000 57.107491 2.000000 27.000000 30.658000 0.984149 0.230769 15.523895 2.753059 31.597005 0.729730 0.296996 15.264338 148.392498 3.605551 56.309932 
28.000000 215.000000 32.085369 6.000000 3.000000 4.590000 0.928995 0.500000 3.854129 1.426385 -28.154966 1.000000 0.630657 3.605551 -146.309932 1.788854 -63.434949 
39.000000 218.000000 38.410116 1.000000 14.000000 20.419000 0.931125 0.388889 10.314714 3.761767 -87.053886 0.560000 0.316932 9.219544 -102.528808 3.959798 -8.130102 
54.000000 220.000000 52.205844 3.000000 34.000000 23.719000 0.671039 0.539683 8.491118 6.295500 27.640064 0.772727 0.592185 9.486833 161.565051 7.000000 -90.000000 
30.000000 221.000000 58.169584 2.000000 30.000000 26.895000 0.961337 0.333333 13.005002 3.581267 53.181715 0.750000 0.417859 12.806248 128.659808 4.372865 38.659808 
45.000000 221.000000 36.928886 1.000000 20.000000 26.804000 0.967663 0.285714 13.139326 3.314330 57.876739 0.571429 0.280268 12.206556 124.992020 4.472136 -153.434949 
34.000000 223.000000 42.863373 3.000000 4.000000 4.590000 0.731925 0.666667 3.055050 2.081666 0.000000 1.000000 0.840876 3.162278 161.565051 2.000000 -90.000000 
15.000000 225.000000 37.862403 1.000000 9.000000 8.146000 0.667390 0.750000 4.179851 3.112770 -78.018756 1.000000 0.887666 4.472136 116.565051 3.000000 0.000000 
38.000000 225.000000 63.547139 1.000000 13.000000 11.140000 0.844112 0.722222 5.779028 3.098526 -77.023312 1.000000 0.800940 6.324555 -108.434949 3.000000 0.000000 
30.000000 229.000000 67.910238 2.000000 22.000000 26.804000 0.892707 0.305556 10.182933 4.588810 40.152025 0.647059 0.308295 10.630146 131.185925 5.366563 63.434949 
48.000000 228.000000 63.598574 1.000000 38.000000 30.542000 0.968658 0.339286 16.265277 4.040236 29.651238 0.745098 0.420878 15.231546 156.801409 4.973459 59.036243 
6.000000 228.000000 70.870264 5.000000 28.000000 20.874000 0.911828 0.560000 9.957709 4.088370 3.412092 0.823529 0.610072 10.198039 168.690068 4.931970 -99.462322 
40.000000 231.000000 75.542604 5.000000 36.000000 23.206000 0.922818 0.818182 11.143927 4.293038 2.410704 0.972973 0.651674 11.401754 164.744881 4.000000 -90.000000 
13.000000 232.000000 100.215463 2.000000 37.000000 26.208000 0.948574 0.616667 13.224049 4.186151 -6.193319 0.787234 0.539768 12.369317 -165.963757 5.000000 -90.000000 
23.000000 230.000000 45.689442 4.000000 19.000000 21.850000 0.939379 0.339286 10.605603 3.636462 43.002763 0.760000 0.382275 10.000000 143.130102 4.242641 45.000000 
34.000000 231.000000 40.562231 5.000000 7.000000 11.628000 0.979279 0.291667 7.844159 1.588579 31.150264 0.700000 0.403247 7.211103 146.309932 2.218801 56.309932 
18.000000 227.000000 39.377962 2.000000 6.000000 10.586000 0.666667 0.375000 4.472136 3.333333 -45.000000 0.666667 0.400103 4.472136 -153.434949 3.535534 135.000000 
53.000000 230.000000 44.019207 7.000000 5.000000 7.683000 0.840982 0.555556 4.346853 2.351922 -36.650378 0.714286 0.536237 4.242641 -135.000000 2.683282 116.565051 
58.000000 231.000000 32.356388 1.000000 9.000000 14.853000 0.959383 0.428571 8.844178 2.494988 -10.112430 0.642857 0.349276 7.615773 -156.801409 3.000000 -90.000000 
8.000000 233.000000 60.287270 4.000000 10.000000 9.370000 0.843828 0.625000 5.200028 2.790407 47.144577 0.909091 0.802758 5.656854 135.000000 3.535534 45.000000 
18.000000 233.000000 43.042816 8.000000 6.000000 6.922000 0.894483 0.750000 4.513541 2.018017 12.933178 1.000000 0.744483 4.472136 153.434949 2.000000 -90.000000 
50.000000 232.000000 37.586583 11.000000 3.000000 4.590000 0.928995 0.500000 3.854129 1.426385 -61.845034 0.750000 0.630657 3.605551 -123.690068 1.788854 153.434949 
27.000000 232.000000 35.423763 1.000000 6.000000 6.186000 0.833333 0.666667 4.000000 2.211083 -36.869898 0.857143 0.866607 4.242641 -135.000000 2.683282 116.565051 
55.000000 234.000000 52.368700 2.000000 9.000000 15.457000 0.976144 0.257143 9.803627 2.128586 -57.232205 0.642857 0.326958 8.602325 -125.537678 2.773501 146.309932 
52.000000 235.000000 77.172908 3.000000 9.000000 8.882000 0.907936 0.900000 5.399179 2.262845 -4.731161 1.000000 0.782319 5.385165 -158.198591 2.000000 -90.000000 
7.000000 235.000000 48.407940 5.000000 5.000000 4.962000 0.765092 0.833333 3.306559 2.129163 -71.565051 1.000000 0.956808 3.605551 -123.690068 2.000000 0.000000 
19.000000 236.000000 54.439878 6.000000 9.000000 7.683000 0.665812 0.750000 4.053691 3.024539 20.300647 1.000000 0.965227 4.472136 153.434949 3.000000 -90.000000 
5.000000 236.000000 88.567229 5.000000 7.000000 6.922000 0.856222 0.875000 4.312826 2.228038 8.349622 1.000000 0.868564 4.472136 153.434949 2.000000 -90.000000 
41.000000 237.000000 53.274607 5.000000 6.000000 6.922000 0.894483 0.750000 4.513541 2.018017 77.066822 1.000000 0.744483 4.472136 116.565051 2.000000 0.000000 
