279
32.000000 120.000000 10.230569 1.000000 10539.000000 591.556000 0.961523 0.686133 280.354406 77.020114 0.271521 0.686133 0.374470 248.386795 165.068583 64.000000 -90.000000 
8.000000 5.000000 40.022673 7.000000 5.000000 5.814000 0.743786 0.555556 3.529850 2.359413 34.099295 1.000000 0.783414 3.605551 123.690068 2.683282 63.434949 
13.000000 5.000000 35.857739 4.000000 5.000000 5.624000 0.000000 0.555556 2.780887 2.780887 0.000000 1.000000 0.817744 3.162278 108.434949 2.828427 -45.000000 
50.000000 7.000000 138.929869 4.000000 21.000000 14.423000 0.844513 0.700000 7.236855 3.875592 34.884822 0.954545 0.855368 7.810250 140.194429 4.472136 63.434949 
58.000000 4.000000 31.431997 1.000000 2.000000 1.960000 0.866025 1.000000 2.309401 1.154701 90.000000 1.000000 0.965669 2.236068 116.565051 1.000000 0.000000 
26.000000 6.000000 30.566942 5.000000 5.000000 4.962000 0.765092 0.833333 3.306559 2.129163 18.434949 1.000000 0.956808 3.605551 146.309932 2.000000 -90.000000 
35.000000 5.000000 37.354537 1.000000 8.000000 8.882000 0.920807 0.800000 5.445698 2.123921 81.322988 0.888889 0.695395 5.385165 111.801409 2.000000 0.000000 
11.000000 6.000000 45.889894 5.000000 9.000000 8.626000 0.503953 0.562500 3.944053 3.406602 -63.434949 1.000000 0.816727 4.472136 -116.565051 3.535534 -45.000000 
30.000000 7.000000 39.821926 1.000000 15.000000 14.696000 0.949056 0.625000 8.239545 2.596344 77.551932 0.882353 0.592419 8.246211 104.036243 3.000000 0.000000 
60.000000 7.000000 43.384830 1.000000 13.000000 12.066000 0.904828 0.722222 6.688382 2.847757 11.891015 0.928571 0.706370 6.708204 153.434949 3.000000 -90.000000 
9.000000 10.000000 102.719613 4.000000 27.000000 17.880000 0.879589 0.675000 8.869474 4.219515 -18.025839 0.931034 0.767790 8.944272 -153.434949 4.743416 108.434949 
14.000000 8.000000 37.508524 8.000000 3.000000 3.920000 0.942809 1.000000 3.464102 1.154701 0.000000 1.000000 0.756007 3.162278 161.565051 1.000000 -90.000000 
52.000000 9.000000 46.593201 1.000000 8.000000 10.222000 0.957752 0.400000 6.704391 1.928161 56.416827 0.888889 0.562929 6.403124 128.659808 2.496151 -146.309932 
15.000000 11.000000 31.464121 4.000000 7.000000 7.402000 0.800314 0.583333 4.163332 2.496256 30.963757 1.000000 0.791281 4.472136 153.434949 2.828427 45.000000 
25.000000 10.000000 31.937838 4.000000 8.000000 8.328000 0.894059 0.800000 5.033223 2.254625 0.000000 1.000000 0.764194 5.099020 168.690068 2.000000 -90.000000 
34.000000 12.000000 41.956756 7.000000 13.000000 15.432000 0.962709 0.541667 8.690750 2.351184 -8.898905 0.812500 0.473545 8.544004 -159.443955 2.687006 98.130102 
46.000000 10.000000 36.188697 2.000000 5.000000 7.402000 0.765173 0.555556 3.931770 2.531373 49.065051 0.833333 0.565201 4.242641 135.000000 2.828427 -135.000000 
5.000000 16.000000 58.379293 7.000000 18.000000 19.931000 0.970576 0.450000 10.785054 2.596985 -15.548305 0.818182 0.424903 10.770330 -158.198591 3.296654 -74.054604 
48.000000 12.000000 133.610703 2.000000 19.000000 13.100000 0.395878 0.760000 5.317960 4.883500 0.000000 1.000000 0.905120 5.830952 120.963757 5.000000 -90.000000 
21.000000 13.000000 38.326586 1.000000 19.000000 17.235000 0.919851 0.593750 8.808879 3.455449 -87.560363 0.730769 0.575043 8.544004 -110.556045 4.000000 0.000000 
41.000000 15.000000 47.660632 1.000000 24.000000 27.085000 0.967379 0.400000 13.722383 3.476360 79.671238 0.600000 0.330098 12.369317 104.036243 4.417261 -173.659808 
58.000000 15.000000 39.394005 1.000000 12.000000 15.920000 0.972076 0.375000 9.292770 2.180718 -71.596258 0.705882 0.415024 8.944272 -116.565051 2.846050 161.565051 
15.000000 16.000000 70.887016 6.000000 21.000000 22.768000 0.960950 0.350000 11.276922 3.120586 -23.201032 0.750000 0.393104 10.770330 -158.198591 4.427189 -71.565051 
26.000000 14.000000 33.762414 2.000000 5.000000 6.186000 0.889464 0.555556 4.253087 1.943686 -31.717474 0.833333 0.722172 4.242641 -135.000000 2.236068 -63.434949 
11.000000 16.000000 129.621104 6.000000 12.000000 10.404000 0.623100 0.600000 4.689492 3.667848 -17.465469 0.923077 0.821855 5.099020 168.690068 4.000000 -90.000000 
47.000000 19.000000 169.414460 4.000000 34.000000 20.783000 0.872691 0.629630 9.653193 4.713395 20.059451 0.894737 0.746448 10.000000 143.130102 5.295136 78.690068 
23.000000 21.000000 45.772865 3.000000 17.000000 19.212000 0.933901 0.303571 9.442068 3.375851 33.250717 0.708333 0.427528 9.433981 147.994617 4.242641 45.000000 
33.000000 18.000000 44.329783 1.000000 6.000000 8.328000 0.953154 0.600000 5.526219 1.671596 72.391204 0.857143 0.573146 5.385165 111.801409 2.000000 0.000000 
9.000000 23.000000 69.646165 3.000000 22.000000 19.724000 0.969784 0.733333 11.201749 2.732852 8.301197 0.880000 0.528771 10.440307 163.300756 3.000000 -90.000000 
58.000000 19.000000 36.725786 1.000000 4.000000 5.880000 0.968246 1.000000 4.618802 1.154701 90.000000 1.000000 0.617595 4.123106 104.036243 1.000000 0.000000 
13.000000 20.000000 71.536759 5.000000 7.000000 8.328000 0.930558 0.700000 5.262061 1.926673 -14.678877 0.875000 0.668670 5.385165 -158.198591 2.000000 -90.000000 
55.000000 20.000000 48.745265 1.000000 12.000000 13.869000 0.915952 0.571429 7.463082 2.994840 82.981878 0.857143 0.521137 7.280110 105.945396 3.000000 0.000000 
5.000000 24.000000 60.820246 8.000000 10.000000 12.918000 0.963419 0.476190 7.791438 2.088098 -22.154861 0.833333 0.487238 7.615773 -156.801409 2.683282 -63.434949 
38.000000 21.000000 23.231426 2.000000 1.000000 0.000000 0.000000 1.000000 1.154701 1.154701 0.000000 1.000000 1.000000 1.414214 135.000000 1.000000 -90.000000 
28.000000 23.000000 37.725172 1.000000 8.000000 7.774000 0.782273 0.666667 4.279143 2.665633 -70.670096 0.888889 0.843733 4.472136 -116.565051 3.000000 0.000000 
52.000000 24.000000 65.885221 1.000000 23.000000 23.231000 0.969450 0.522727 12.682768 3.110942 -83.396150 0.718750 0.415558 11.180340 -100.304846 3.472973 -7.125016 
58.000000 23.000000 34.764609 1.000000 4.000000 4.590000 0.731925 0.666667 3.055050 2.081666 90.000000 1.000000 0.840876 3.162278 108.434949 2.000000 0.000000 
19.000000 25.000000 30.168005 4.000000 10.000000 11.438000 0.866553 0.500000 5.844511 2.916909 61.646782 0.833333 0.591179 5.830952 120.963757 3.478505 -161.565051 
32.000000 24.000000 39.797116 1.000000 6.000000 6.368000 0.833333 0.750000 4.000000 2.211083 90.000000 1.000000 0.833753 4.123106 104.036243 2.000000 0.000000 
37.000000 27.000000 34.619820 1.000000 9.000000 12.645000 0.967888 0.375000 8.285501 2.082818 23.744776 0.642857 0.453812 7.211103 146.309932 2.599735 68.198591 
45.000000 27.000000 107.030634 1.000000 46.000000 22.743000 0.795885 0.766667 10.114658 6.123898 -4.186542 1.000000 0.862750 10.440307 -163.300756 6.000000 -90.000000 
21.000000 26.000000 48.704572 3.000000 7.000000 7.592000 0.815930 0.583333 4.429339 2.560825 18.434949 0.875000 0.763515 4.472136 153.434949 2.846050 -108.434949 
31.000000 27.000000 32.583574 6.000000 8.000000 10.404000 0.942421 0.400000 6.176558 2.065623 -31.150264 0.800000 0.547903 6.403124 -141.340192 2.683282 116.565051 
57.000000 28.000000 50.192012 1.000000 9.000000 14.531000 0.903636 0.375000 7.187444 3.078385 22.310282 0.642857 0.362119 6.324555 161.565051 3.478505 -108.434949 
26.000000 29.000000 35.197376 1.000000 12.000000 19.832000 0.983516 0.600000 10.739645 1.941942 -84.255509 0.750000 0.285715 10.198039 -101.309932 2.000000 0.000000 
7.000000 29.000000 41.468824 3.000000 9.000000 9.180000 0.836258 0.600000 4.952447 2.715603 -7.338197 0.900000 0.744936 5.099020 168.690068 3.000000 -90.000000 
13.000000 31.000000 28.294943 4.000000 11.000000 12.827000 0.902527 0.611111 6.580148 2.833633 4.095431 0.785714 0.542087 6.324555 -161.565051 3.000000 -90.000000 
20.000000 29.000000 39.988124 4.000000 4.000000 4.590000 0.731925 0.666667 3.055050 2.081666 0.000000 1.000000 0.840876 3.162278 161.565051 2.000000 -90.000000 
53.000000 34.000000 51.541038 1.000000 21.000000 27.813000 0.384865 0.428571 8.163373 7.534572 25.933215 0.583333 0.275410 8.602325 125.537678 7.000000 -90.000000 
39.000000 32.000000 48.220375 1.000000 14.000000 13.778000 0.945114 0.500000 7.972141 2.604824 -68.403144 0.875000 0.614551 7.615773 -113.198591 3.130495 -26.565051 
47.000000 33.000000 108.783308 5.000000 11.000000 10.495000 0.719311 0.550000 5.208496 3.618281 23.645305 0.846154 0.743346 5.385165 158.198591 4.000000 -90.000000 
7.000000 34.000000 32.287400 1.000000 3.000000 3.920000 0.942809 1.000000 3.464102 1.154701 90.000000 1.000000 0.756007 3.162278 108.434949 1.000000 0.000000 
11.000000 35.000000 54.074731 1.000000 15.000000 12.364000 0.773701 0.625000 5.776137 3.659480 81.298648 0.937500 0.784015 6.082763 99.462322 4.000000 0.000000 
30.000000 36.000000 33.816188 7.000000 5.000000 8.328000 0.923360 0.416667 5.496643 2.110351 31.717474 0.714286 0.477622 5.000000 143.130102 2.496151 -123.690068 
7.000000 36.000000 35.307248 2.000000 3.000000 3.920000 0.942809 1.000000 3.464102 1.154701 90.000000 1.000000 0.756007 3.162278 108.434949 1.000000 0.000000 
16.000000 36.000000 62.074876 1.000000 15.000000 13.960000 0.892739 0.535714 7.035992 3.170232 -75.793669 0.882353 0.644508 7.071068 98.130102 3.478505 -18.434949 
24.000000 40.000000 40.690660 2.000000 11.000000 20.138000 0.876269 0.275000 9.806849 4.725156 -12.272922 0.440000 0.255066 8.544004 -159.443955 4.532899 -74.054604 
34.000000 37.000000 35.294327 1.000000 14.000000 12.620000 0.913884 0.777778 7.111668 2.887170 81.920833 0.875000 0.708170 6.708204 116.565051 3.000000 0.000000 
44.000000 38.000000 108.773896 2.000000 44.000000 25.737000 0.664233 0.611111 9.395125 7.023099 25.039614 0.956522 0.662995 10.295630 150.945396 7.602631 63.434949 
20.000000 37.000000 33.897089 11.000000 3.000000 5.624000 0.769800 0.500000 3.464102 2.211083 0.000000 0.750000 0.490646 3.162278 161.565051 2.000000 -90.000000 
51.000000 38.000000 25.405745 7.000000 1.000000 0.000000 0.000000 1.000000 1.154701 1.154701 0.000000 1.000000 1.000000 1.414214 135.000000 1.000000 -90.000000 
6.000000 45.000000 35.899110 6.000000 19.000000 23.024000 0.985949 0.395833 13.037590 2.177913 15.284201 0.760000 0.348740 12.649111 161.565051 2.846050 71.565051 
12.000000 42.000000 39.460196 7.000000 8.000000 8.882000 0.920807 0.800000 5.445698 2.123921 -8.677012 1.000000 0.695395 5.385165 -158.198591 2.000000 -90.000000 
19.000000 43.000000 59.637534 1.000000 15.000000 23.620000 0.982929 0.214286 12.221365 2.248560 -57.133183 0.681818 0.263195 11.661904 -120.963757 3.000000 143.130102 
30.000000 41.000000 41.917772 1.000000 13.000000 15.184000 0.878297 0.541667 7.260947 3.471574 9.934577 0.722222 0.486449 7.211103 146.309932 3.880570 75.963757 
51.000000 44.000000 31.162106 1.000000 12.000000 15.912000 0.953333 0.375000 8.750729 2.642026 12.464237 0.666667 0.415372 8.246211 165.963757 3.162278 71.565051 
44.000000 44.000000 84.295151 5.000000 31.000000 25.348000 0.772661 0.574074 8.695887 5.520310 -68.022986 0.815789 0.479953 10.295630 -119.054604 5.883484 168.690068 
25.000000 46.000000 36.357558 5.000000 9.000000 13.770000 0.894991 0.300000 7.300400 3.256593 50.602974 0.642857 0.395443 6.708204 116.565051 4.024922 26.565051 
30.000000 44.000000 43.294158 1.000000 6.000000 6.277000 0.456435 0.666667 3.265986 2.905933 63.434949 1.000000 0.849942 3.605551 123.690068 3.000000 -90.000000 
9.000000 52.000000 36.233400 5.000000 18.000000 27.614000 0.989061 0.321429 14.973575 2.208728 10.668336 0.620690 0.239130 14.317821 167.905243 2.630384 -99.462322 
15.000000 48.000000 41.613697 3.000000 14.000000 18.848000 0.982152 0.259259 11.418431 2.147703 -31.800632 0.736842 0.363834 10.295630 -150.945396 2.852799 -60.255119 
37.000000 46.000000 37.033924 1.000000 22.000000 22.214000 0.951644 0.366667 10.475319 3.218051 23.632377 0.814815 0.430016 10.770330 158.198591 3.969112 -119.744881 
53.000000 46.000000 32.574432 1.000000 11.000000 11.603000 0.808482 0.611111 5.590035 3.289853 -87.772199 0.916667 0.635824 6.082763 99.462322 3.000000 0.000000 
22.000000 53.000000 53.311516 1.000000 29.000000 27.796000 0.979317 0.414286 14.473808 2.928524 14.037201 0.805556 0.380746 14.560220 164.054604 3.638034 75.963757 
44.000000 50.000000 89.774531 1.000000 34.000000 21.064000 0.752778 0.607143 8.545107 5.625024 16.818456 0.871795 0.729218 9.219544 139.398705 6.260990 63.434949 
56.000000 51.000000 36.448288 1.000000 4.000000 5.905000 0.791649 0.666667 3.586706 2.191393 -75.127559 0.800000 0.614186 3.605551 -123.690068 2.000000 0.000000 
14.000000 54.000000 37.599691 7.000000 12.000000 12.736000 0.954612 0.571429 7.580114 2.257749 -18.836188 0.857143 0.598166 7.615773 -156.801409 2.846050 -71.565051 
33.000000 52.000000 35.581006 1.000000 7.000000 10.288000 0.967949 0.583333 6.654453 1.671252 75.910705 0.777778 0.487733 6.324555 108.434949 2.000000 0.000000 
51.000000 53.000000 70.729903 1.000000 34.000000 28.648000 0.954741 0.472222 13.931190 4.143662 72.743430 0.739130 0.422784 12.649111 108.434949 5.059644 -161.565051 
36.000000 53.000000 26.362780 10.000000 5.000000 6.368000 0.923687 0.625000 4.492622 1.721341 -69.006394 1.000000 0.694794 4.472136 -116.565051 2.000000 0.000000 
33.000000 55.000000 27.895540 9.000000 1.000000 0.000000 0.000000 1.000000 1.154701 1.154701 0.000000 1.000000 1.000000 1.414214 135.000000 1.000000 -90.000000 
45.000000 57.000000 106.213090 2.000000 25.000000 16.193000 0.851292 0.694444 7.964682 4.179009 -47.299682 0.961538 0.840388 8.485281 -135.000000 4.949747 135.000000 
53.000000 57.000000 39.259743 1.000000 17.000000 22.842000 0.910580 0.531250 10.050301 4.154123 -87.725121 0.629630 0.316417 8.544004 110.556045 4.000000 0.000000 
27.000000 60.000000 38.552477 1.000000 28.000000 20.212000 0.935045 0.700000 10.424970 3.695963 80.159843 0.933333 0.645150 10.440307 106.699244 4.000000 0.000000 
41.000000 60.000000 44.461399 1.000000 14.000000 15.656000 0.847670 0.500000 6.671373 3.539322 -81.846497 0.777778 0.497890 7.280110 -105.945396 4.000000 0.000000 
58.000000 60.000000 28.953549 1.000000 2.000000 1.960000 0.866025 1.000000 2.309401 1.154701 90.000000 1.000000 0.965669 2.236068 116.565051 1.000000 0.000000 
14.000000 63.000000 54.803589 1.000000 6.000000 8.717000 0.798749 0.500000 4.675817 2.813274 -15.325334 0.666667 0.536160 4.472136 -153.434949 3.000000 -90.000000 
54.000000 61.000000 52.660392 1.000000 15.000000 11.603000 0.844847 0.833333 6.093009 3.259808 -5.413727 1.000000 0.867033 6.324555 -161.565051 3.000000 -90.000000 
34.000000 67.000000 37.297340 5.000000 25.000000 21.337000 0.949356 0.625000 10.817367 3.398830 -1.962546 0.833333 0.524297 10.198039 168.690068 4.000000 -90.000000 
44.000000 68.000000 113.276636 1.000000 80.000000 40.226000 0.947477 0.784314 18.609734 5.951846 2.813120 0.888889 0.534526 17.464249 166.759480 6.000000 -90.000000 
11.000000 63.000000 46.459244 1.000000 14.000000 12.827000 0.866817 0.583333 6.375204 3.178849 -67.120939 0.875000 0.689929 7.211103 -123.690068 3.638034 165.963757 
19.000000 64.000000 42.362570 1.000000 15.000000 18.178000 0.834424 0.416667 7.737063 4.264071 44.413436 0.652174 0.414709 7.810250 129.805571 4.800000 36.869898 
52.000000 64.000000 43.333700 1.000000 7.000000 8.328000 0.930558 0.700000 5.262061 1.926673 -75.321123 0.875000 0.668670 5.385165 -111.801409 2.000000 0.000000 
58.000000 65.000000 39.270740 1.000000 13.000000 15.457000 0.932887 0.464286 7.907676 2.848098 75.424290 0.722222 0.472273 7.280110 105.945396 3.395499 14.036243 
10.000000 70.000000 42.153974 6.000000 24.000000 28.648000 0.981682 0.428571 14.795759 2.818974 -8.576878 0.705882 0.298436 14.317821 -167.905243 3.597007 97.125016 
31.000000 66.000000 24.021847 1.000000 2.000000 1.960000 0.866025 1.000000 2.309401 1.154701 90.000000 1.000000 0.965669 2.236068 116.565051 1.000000 0.000000 
28.000000 71.000000 32.788392 6.000000 10.000000 10.958000 0.928763 0.555556 6.305808 2.337403 -15.436042 0.833333 0.632116 6.324555 -161.565051 2.846050 -71.565051 
52.000000 68.000000 47.578219 1.000000 1.000000 0.000000 0.000000 1.000000 1.154701 1.154701 0.000000 1.000000 1.000000 1.414214 135.000000 1.000000 -90.000000 
4.000000 77.000000 28.141993 3.000000 26.000000 28.598000 0.989587 0.866667 16.001147 2.303154 -0.259617 0.962963 0.324325 15.033296 176.185925 2.000000 -90.000000 
18.000000 69.000000 41.521509 6.000000 11.000000 14.142000 0.881815 0.458333 6.612114 3.118248 25.182815 0.785714 0.462737 6.708204 153.434949 4.000000 -90.000000 
55.000000 69.000000 30.476192 1.000000 6.000000 6.459000 0.778499 0.666667 3.829708 2.403701 45.000000 1.000000 0.818022 4.242641 135.000000 2.828427 45.000000 
55.000000 73.000000 41.459148 1.000000 13.000000 10.776000 0.815944 0.650000 5.714235 3.303572 63.784296 0.928571 0.843383 5.830952 120.963757 3.794733 18.434949 
22.000000 74.000000 34.474346 1.000000 10.000000 12.736000 0.969399 0.476190 7.891366 1.937269 69.495457 0.769231 0.498472 7.615773 113.198591 2.529822 18.434949 
26.000000 78.000000 66.859773 1.000000 83.000000 85.696000 0.985288 0.205955 35.696060 6.100466 75.042056 0.395238 0.132158 31.256999 97.352379 7.973576 13.495733 
50.000000 76.000000 50.284815 1.000000 7.000000 7.592000 0.891825 0.583333 4.776412 2.160759 60.128219 0.875000 0.763515 5.000000 126.869898 2.683282 -153.434949 
14.000000 76.000000 30.219959 1.000000 6.000000 6.922000 0.894483 0.750000 4.513541 2.018017 77.066822 0.857143 0.744483 4.472136 116.565051 2.000000 0.000000 
41.000000 79.000000 61.595031 1.000000 14.000000 17.508000 0.945028 0.437500 8.902463 2.911022 68.014018 0.777778 0.412586 8.544004 110.556045 3.577709 26.565051 
54.000000 87.000000 49.353076 1.000000 46.000000 40.822000 0.979742 0.511111 19.801846 3.965549 3.046797 0.630137 0.299076 18.248288 -170.537678 5.000000 -90.000000 
35.000000 81.000000 76.293859 1.000000 12.000000 10.958000 0.868313 0.666667 5.882065 2.917605 83.100257 0.923077 0.758539 6.082763 99.462322 3.000000 0.000000 
28.000000 84.000000 66.340859 2.000000 15.000000 18.459000 0.979959 0.333333 11.106495 2.212386 64.625343 0.750000 0.403989 10.295630 119.054604 3.020048 -156.801409 
44.000000 81.000000 96.927748 2.000000 24.000000 17.045000 0.714836 0.571429 7.012499 4.903782 36.383442 0.923077 0.740108 7.615773 156.801409 5.656854 45.000000 
38.000000 82.000000 29.853088 3.000000 3.000000 5.624000 0.769800 0.500000 3.464102 2.211083 0.000000 0.750000 0.490646 3.162278 161.565051 2.000000 -90.000000 
32.000000 85.000000 36.428841 6.000000 6.000000 6.922000 0.894483 0.750000 4.513541 2.018017 12.933178 1.000000 0.744483 4.472136 153.434949 2.000000 -90.000000 
40.000000 85.000000 40.397056 1.000000 11.000000 15.730000 0.737902 0.366667 6.294877 4.248465 84.345034 0.611111 0.388137 6.324555 108.434949 4.919350 153.434949 
45.000000 89.000000 110.410144 2.000000 57.000000 26.688000 0.783029 0.740260 10.982787 6.831128 -9.707320 0.934426 0.804989 11.180340 169.695154 7.000000 -90.000000 
5.000000 88.000000 29.255645 5.000000 12.000000 16.656000 0.981597 0.444444 10.011680 1.911847 14.447271 0.750000 0.384739 9.486833 161.565051 2.425356 -104.036243 
24.000000 89.000000 33.147358 1.000000 14.000000 14.878000 0.953559 0.583333 8.255702 2.486667 -74.013308 0.875000 0.541811 8.544004 -110.556045 3.000000 0.000000 
10.000000 96.000000 45.863280 4.000000 28.000000 29.202000 0.975491 0.500000 15.068536 3.315665 5.946837 0.717949 0.336350 14.142136 171.869898 3.711966 84.805571 
32.000000 91.000000 36.537602 5.000000 6.000000 6.186000 0.833333 0.666667 4.000000 2.211083 36.869898 1.000000 0.866607 4.242641 135.000000 2.683282 63.434949 
37.000000 91.000000 33.397532 3.000000 2.000000 2.812000 0.925820 0.500000 3.055050 1.154701 45.000000 1.000000 0.709058 2.828427 135.000000 1.414214 45.000000 
24.000000 98.000000 41.600390 8.000000 23.000000 31.312000 0.985915 0.174242 16.144088 2.700052 -46.539829 0.676471 0.243483 16.278821 -132.510447 3.487910 -41.633539 
34.000000 92.000000 53.916432 3.000000 9.000000 11.438000 0.902385 0.450000 6.074585 2.617729 64.565200 0.818182 0.532061 5.830952 120.963757 3.130495 26.565051 
41.000000 94.000000 48.560429 1.000000 15.000000 17.971000 0.969248 0.555556 10.120265 2.490474 -78.100447 0.789474 0.422881 9.486833 -108.434949 3.000000 0.000000 
16.000000 95.000000 30.956292 8.000000 3.000000 3.920000 0.942809 1.000000 3.464102 1.154701 0.000000 1.000000 0.756007 3.162278 161.565051 1.000000 -90.000000 
30.000000 93.000000 43.394276 1.000000 7.000000 8.237000 0.741154 0.583333 4.300534 2.887099 67.500000 0.875000 0.679408 4.472136 116.565051 3.000000 0.000000 
6.000000 99.000000 39.513935 7.000000 16.000000 19.030000 0.974238 0.355556 10.598521 2.390193 -27.055457 0.888889 0.409012 10.295630 -150.945396 3.130495 -63.434949 
32.000000 97.000000 30.886097 1.000000 10.000000 14.233000 0.823194 0.400000 6.439059 3.655843 -52.255530 0.666667 0.416275 5.830952 -149.036243 4.242641 -45.000000 
46.000000 97.000000 160.885371 6.000000 22.000000 15.366000 0.650881 0.733333 6.568981 4.987036 0.000000 0.916667 0.807110 6.708204 153.434949 5.000000 -90.000000 
56.000000 99.000000 47.302507 1.000000 19.000000 21.453000 0.955752 0.351852 10.556922 3.105583 58.070571 0.730769 0.394716 10.816654 123.690068 3.836172 35.537678 
41.000000 99.000000 34.355494 1.000000 18.000000 26.961000 0.973592 0.409091 13.238605 3.022316 -82.453105 0.562500 0.249617 11.401754 -105.255119 4.000000 0.000000 
17.000000 99.000000 28.966636 4.000000 10.000000 9.924000 0.917200 0.666667 6.056681 2.413148 19.237118 0.833333 0.736125 5.830952 149.036243 2.846050 71.565051 
33.000000 103.000000 33.221584 3.000000 17.000000 20.039000 0.949701 0.377778 9.808547 3.071620 26.937935 0.680000 0.397566 9.848858 156.037511 3.772969 59.036243 
48.000000 105.000000 142.986256 3.000000 49.000000 27.705000 0.921421 0.680556 13.073853 5.080044 -15.160604 0.890909 0.647130 13.000000 -157.380135 5.687368 -78.690068 
26.000000 106.000000 27.015268 3.000000 8.000000 11.140000 0.950605 0.444444 6.798084 2.110147 8.349622 0.727273 0.492886 6.082763 170.537678 2.425356 75.963757 
60.000000 103.000000 41.491705 1.000000 8.000000 7.964000 0.888523 0.666667 5.033223 2.309401 63.434949 0.888889 0.815110 5.000000 126.869898 2.683282 26.565051 
9.000000 104.000000 28.986362 5.000000 5.000000 5.814000 0.743786 0.555556 3.529850 2.359413 34.099295 0.833333 0.783414 3.605551 123.690068 2.683282 -116.565051 
54.000000 103.000000 38.004660 2.000000 10.000000 13.307000 0.938341 0.416667 7.337083 2.536510 -62.274184 0.666667 0.464464 6.708204 -116.565051 3.130495 153.434949 
7.000000 131.000000 77.591584 1.000000 125.000000 96.116000 0.991314 0.252525 49.966262 6.571272 -8.708612 0.510204 0.159438 45.891176 -168.690068 8.270525 -78.023868 
21.000000 107.000000 26.578318 5.000000 2.000000 1.960000 0.866025 1.000000 2.309401 1.154701 0.000000 1.000000 0.965669 2.236068 153.434949 1.000000 -90.000000 
39.000000 106.000000 27.098095 9.000000 3.000000 4.590000 0.928995 0.500000 3.854129 1.426385 -61.845034 0.750000 0.630657 3.605551 -123.690068 1.788854 153.434949 
54.000000 108.000000 43.724832 1.000000 11.000000 17.996000 0.983223 0.224490 11.027063 2.011405 49.074166 0.687500 0.309379 9.899495 135.000000 2.688774 39.805571 
30.000000 108.000000 32.837118 3.000000 4.000000 4.408000 0.870424 0.666667 3.435909 1.691507 -58.282526 1.000000 0.881907 3.605551 -123.690068 2.000000 0.000000 
45.000000 110.000000 49.081563 1.000000 19.000000 16.127000 0.882903 0.542857 7.801878 3.663418 -65.416748 0.826087 0.643078 8.062258 -119.744881 4.472136 153.434949 
34.000000 109.000000 40.952883 10.000000 9.000000 9.370000 0.924724 0.600000 5.837408 2.221940 -65.300647 0.900000 0.722482 5.830952 -120.963757 2.683282 -26.565051 
10.000000 110.000000 24.665547 8.000000 3.000000 5.624000 0.769800 0.500000 3.464102 2.211083 90.000000 0.750000 0.490646 3.162278 108.434949 2.000000 0.000000 
57.000000 111.000000 57.337526 1.000000 16.000000 16.102000 0.945896 0.500000 8.543008 2.771945 -69.984870 0.842105 0.542947 8.944272 -116.565051 3.478505 161.565051 
17.000000 115.000000 43.719423 7.000000 4.000000 4.408000 0.870424 0.666667 3.435909 1.691507 -31.717474 1.000000 0.881907 3.605551 -146.309932 2.000000 -90.000000 
31.000000 116.000000 43.013036 1.000000 72.000000 56.419000 0.990494 0.533333 27.534212 3.787551 86.434469 0.720000 0.255049 27.073973 94.236395 4.323736 -176.185925 
11.000000 121.000000 37.429309 7.000000 18.000000 17.698000 0.968826 0.500000 10.170033 2.519565 -17.936547 0.857143 0.520840 9.848858 -156.037511 3.152963 -75.963757 
49.000000 114.000000 45.723035 2.000000 12.000000 13.861000 0.903730 0.666667 7.114280 3.045638 5.579458 0.750000 0.521628 6.708204 153.434949 3.000000 -90.000000 
53.000000 118.000000 118.627870 5.000000 44.000000 26.969000 0.940197 0.564103 13.277291 4.522674 -18.235308 0.916667 0.609851 13.601471 -162.897271 5.199469 111.801409 
19.000000 121.000000 39.713702 1.000000 18.000000 19.658000 0.952183 0.450000 10.478541 3.201492 -25.712264 0.720000 0.435139 9.433981 -147.994617 4.024922 116.565051 
43.000000 119.000000 34.835994 1.000000 6.000000 8.973000 0.959508 0.600000 6.121381 1.724279 -82.534291 0.857143 0.513740 5.385165 -111.801409 2.000000 0.000000 
46.000000 120.000000 30.969549 5.000000 5.000000 4.962000 0.765092 0.833333 3.306559 2.129163 18.434949 1.000000 0.956808 3.605551 146.309932 2.000000 -90.000000 
24.000000 122.000000 25.380149 1.000000 1.000000 0.000000 0.000000 1.000000 1.154701 1.154701 0.000000 1.000000 1.000000 1.414214 135.000000 1.000000 -90.000000 
41.000000 124.000000 36.397093 1.000000 19.000000 21.172000 0.956731 0.351852 10.623882 3.091283 -56.170013 0.760000 0.403892 10.295630 -119.054604 3.719924 144.462322 
51.000000 129.000000 42.850117 2.000000 15.000000 20.138000 0.941285 0.416667 9.939051 3.355548 -12.137221 0.600000 0.347817 9.848858 -156.037511 3.597007 97.125016 
53.000000 125.000000 31.641762 3.000000 6.000000 9.180000 0.875082 0.500000 4.948401 2.394900 -42.279834 0.750000 0.496624 5.000000 -143.130102 2.828427 -45.000000 
58.000000 127.000000 106.586391 2.000000 34.000000 24.273000 0.928894 0.485714 11.780267 4.362779 -27.277739 0.829268 0.568493 11.180340 -153.434949 5.366563 -63.434949 
19.000000 126.000000 40.400909 7.000000 10.000000 9.461000 0.784557 0.666667 4.875286 3.022954 69.495457 0.909091 0.791207 5.385165 111.801409 3.000000 0.000000 
32.000000 127.000000 29.042020 1.000000 8.000000 8.882000 0.920807 0.800000 5.445698 2.123921 -81.322988 1.000000 0.695395 5.385165 -111.801409 2.000000 0.000000 
22.000000 128.000000 50.750474 1.000000 13.000000 14.440000 0.696395 0.433333 5.545766 3.979968 -30.578670 0.764706 0.528490 6.324555 -161.565051 4.714952 -56.309932 
47.000000 129.000000 68.661823 1.000000 21.000000 16.491000 0.884214 0.600000 7.986318 3.730265 -26.790161 0.913043 0.684658 8.062258 -150.255119 4.427189 108.434949 
34.000000 131.000000 40.671803 1.000000 43.000000 43.443000 0.985127 0.341270 22.060000 3.790533 -79.951134 0.632353 0.248997 21.587033 -103.392498 4.607213 -10.619655 
17.000000 134.000000 53.284090 1.000000 41.000000 33.726000 0.975385 0.292857 18.120308 3.995668 -55.867962 0.719298 0.379057 16.643317 -122.735226 4.925938 143.972627 
24.000000 131.000000 26.754345 8.000000 3.000000 3.093000 0.730297 0.750000 2.581989 1.763834 -45.000000 1.000000 0.969873 2.828427 -135.000000 2.000000 -90.000000 
58.000000 135.000000 30.829252 2.000000 5.000000 6.550000 0.889464 0.625000 4.253087 1.943686 -5.152423 0.833333 0.668944 4.123106 165.963757 2.000000 -90.000000 
61.000000 135.000000 55.431299 1.000000 5.000000 6.550000 0.889464 0.625000 4.253087 1.943686 -5.152423 0.833333 0.668944 4.123106 165.963757 2.000000 -90.000000 
53.000000 137.000000 65.262696 1.000000 32.000000 28.466000 0.959732 0.333333 14.235299 3.998958 -52.689397 0.711111 0.402510 14.422205 -123.690068 5.000000 -36.869898 
16.000000 139.000000 27.813617 1.000000 12.000000 18.178000 0.970413 0.333333 10.479495 2.530298 -75.119924 0.666667 0.331767 9.486833 -108.434949 2.910428 -14.036243 
45.000000 138.000000 26.924441 8.000000 4.000000 6.368000 0.918559 0.444444 4.618802 1.825742 -45.000000 0.800000 0.555835 4.242641 -135.000000 2.121320 -45.000000 
31.000000 139.000000 29.547529 1.000000 4.000000 4.590000 0.731925 0.666667 3.055050 2.081666 0.000000 1.000000 0.840876 3.162278 161.565051 2.000000 -90.000000 
24.000000 140.000000 63.878518 1.000000 15.000000 16.028000 0.849269 0.428571 6.921574 3.654318 -73.122263 0.789474 0.512950 7.071068 98.130102 4.024922 -26.565051 
29.000000 141.000000 41.375947 1.000000 6.000000 5.516000 0.745356 1.000000 3.464102 2.309401 90.000000 1.000000 1.000000 3.605551 123.690068 2.000000 0.000000 
38.000000 141.000000 54.222502 1.000000 49.000000 32.014000 0.959212 0.653333 15.477008 4.375181 -88.407106 0.830508 0.498215 15.132746 97.594643 4.982729 -4.763642 
54.000000 144.000000 58.786809 1.000000 35.000000 35.570000 0.985822 0.343137 18.340305 3.077417 -75.163621 0.729167 0.293492 17.720045 -106.389540 3.880570 -14.036243 
31.000000 146.000000 43.088730 1.000000 23.000000 30.542000 0.983290 0.196581 17.784766 3.237619 -56.936366 0.522727 0.254742 15.264338 -121.607502 4.117202 -36.027373 
5.000000 148.000000 30.280608 7.000000 10.000000 11.628000 0.943585 0.416667 6.852579 2.269103 -28.671910 0.833333 0.576067 6.708204 -153.434949 2.683282 -63.434949 
21.000000 146.000000 25.757171 9.000000 8.000000 11.628000 0.971747 0.333333 7.374750 1.740612 -59.405397 0.800000 0.460853 7.211103 -123.690068 2.236068 -26.565051 
53.000000 149.000000 76.900936 1.000000 10.000000 13.216000 0.883121 0.400000 6.585035 3.089332 -41.740099 0.769231 0.469646 6.403124 -141.340192 3.535534 -45.000000 
43.000000 149.000000 29.798876 10.000000 7.000000 8.328000 0.910849 0.700000 5.125685 2.115574 -85.692176 0.875000 0.668670 5.099020 101.309932 2.000000 0.000000 
23.000000 153.000000 59.714792 1.000000 49.000000 47.240000 0.969833 0.257895 22.609965 5.511648 -71.898567 0.494949 0.242584 20.615528 -112.833654 6.892476 -14.931417 
57.000000 151.000000 95.871940 1.000000 16.000000 13.588000 0.884145 0.666667 6.935683 3.240442 64.768661 0.941176 0.718388 7.211103 123.690068 4.000000 0.000000 
61.000000 150.000000 73.809441 1.000000 4.000000 3.556000 0.000000 1.000000 2.309401 2.309401 0.000000 1.000000 1.000000 2.828427 135.000000 2.000000 -90.000000 
48.000000 151.000000 66.435623 1.000000 32.000000 20.874000 0.891617 0.640000 9.862614 4.465691 89.884228 0.888889 0.697225 10.198039 -101.309932 5.000000 0.000000 
6.000000 155.000000 41.659090 1.000000 18.000000 17.533000 0.735194 0.514286 6.838187 4.635311 -12.481395 0.782609 0.529186 7.280110 -164.054604 4.919350 116.565051 
34.000000 153.000000 52.512195 1.000000 24.000000 27.432000 0.943511 0.436364 12.654681 4.193003 -83.685949 0.571429 0.322647 11.704700 -109.983107 5.000000 0.000000 
59.000000 152.000000 36.827389 2.000000 4.000000 4.590000 0.731925 0.666667 3.055050 2.081666 90.000000 1.000000 0.840876 3.162278 108.434949 2.000000 0.000000 
42.000000 153.000000 31.910485 1.000000 6.000000 8.510000 0.942928 0.600000 5.514176 1.836202 85.268839 0.857143 0.555380 5.099020 101.309932 2.000000 0.000000 
44.000000 156.000000 34.087145 11.000000 8.000000 12.736000 0.979823 0.380952 8.416473 1.682158 -71.986313 0.727273 0.398777 7.615773 -113.198591 2.182821 165.963757 
56.000000 157.000000 78.463795 1.000000 33.000000 24.827000 0.967545 0.458333 13.420489 3.391331 -69.496276 0.868421 0.530130 13.000000 -112.619865 4.085297 158.198591 
36.000000 158.000000 47.896604 1.000000 24.000000 25.952000 0.950191 0.436364 12.062544 3.759511 -77.142800 0.648649 0.356309 11.401754 -105.255119 5.000000 0.000000 
18.000000 159.000000 66.237399 1.000000 72.000000 56.552000 0.986450 0.461538 27.329792 4.483759 -86.008050 0.631579 0.253914 26.076810 -94.398705 5.783355 -5.440332 
48.000000 161.000000 48.659488 1.000000 21.000000 27.796000 0.990284 0.375000 16.556533 2.302328 -80.917022 0.656250 0.275712 14.317821 -102.094757 2.951610 169.695154 
40.000000 163.000000 45.243158 1.000000 13.000000 17.136000 0.859828 0.464286 6.857353 3.501252 71.596258 0.812500 0.397302 7.280110 105.945396 4.000000 0.000000 
23.000000 164.000000 23.228440 8.000000 2.000000 2.812000 0.925820 0.500000 3.055050 1.154701 -45.000000 1.000000 0.709058 2.828427 -135.000000 1.414214 -45.000000 
58.000000 164.000000 86.829108 1.000000 28.000000 17.996000 0.828030 0.583333 8.236978 4.618341 -69.822041 0.903226 0.787511 8.544004 -110.556045 4.919350 -26.565051 
16.000000 167.000000 52.211358 1.000000 70.000000 51.548000 0.987993 0.583333 25.454691 3.932760 -85.702439 0.813953 0.294102 24.331050 -99.462322 4.676675 -5.710593 
48.000000 165.000000 112.879641 1.000000 45.000000 25.166000 0.931735 0.750000 12.928886 4.694988 -84.764146 0.937500 0.705694 12.369317 -104.036243 5.000000 0.000000 
32.000000 167.000000 51.826124 1.000000 26.000000 23.893000 0.902253 0.481481 9.918913 4.277110 78.077208 0.684211 0.447037 9.848858 113.962489 4.944980 15.945396 
39.000000 167.000000 45.752652 1.000000 22.000000 26.506000 0.850686 0.488889 9.106328 4.786963 83.376126 0.687500 0.314524 9.219544 102.528808 5.000000 0.000000 
41.000000 171.000000 69.157054 1.000000 14.000000 13.381000 0.914425 0.666667 7.212607 2.919336 -81.037545 0.875000 0.644439 7.280110 -105.945396 3.000000 0.000000 
56.000000 170.000000 44.885441 3.000000 4.000000 4.590000 0.731925 0.666667 3.055050 2.081666 90.000000 1.000000 0.840876 3.162278 108.434949 2.000000 0.000000 
10.000000 173.000000 35.832108 1.000000 25.000000 25.166000 0.974807 0.641026 13.041364 2.908863 87.154637 0.833333 0.392052 13.038405 94.398705 3.000000 0.000000 
50.000000 172.000000 102.652506 1.000000 51.000000 30.211000 0.944338 0.728571 14.614712 4.807918 -88.922810 0.836066 0.576130 14.035669 94.085617 5.000000 0.000000 
58.000000 173.000000 103.281262 1.000000 15.000000 11.975000 0.868994 0.833333 6.446542 3.189894 -86.485802 1.000000 0.824885 6.324555 108.434949 3.000000 0.000000 
43.000000 174.000000 28.634364 3.000000 4.000000 8.436000 0.888523 0.333333 5.033223 2.309401 63.434949 0.666667 0.375002 4.472136 116.565051 2.529822 -161.565051 
24.000000 175.000000 39.165850 10.000000 3.000000 3.920000 0.942809 1.000000 3.464102 1.154701 90.000000 1.000000 0.756007 3.162278 108.434949 1.000000 0.000000 
33.000000 175.000000 45.966991 1.000000 48.000000 32.915000 0.976355 0.750000 18.009343 3.893152 -86.143064 0.842105 0.463961 16.278821 -100.619655 4.000000 0.000000 
6.000000 176.000000 34.243080 1.000000 10.000000 16.582000 0.927285 0.285714 8.049052 3.013209 -24.654730 0.666667 0.323026 7.615773 -156.801409 3.794733 108.434949 
25.000000 177.000000 30.343469 1.000000 3.000000 3.093000 0.730297 0.750000 2.581989 1.763834 -45.000000 1.000000 0.969873 2.828427 -135.000000 2.000000 -90.000000 
47.000000 178.000000 38.154374 1.000000 20.000000 22.536000 0.984671 0.555556 12.962808 2.261032 -80.262036 0.800000 0.381181 12.369317 -104.036243 2.794783 170.537678 
14.000000 178.000000 59.714695 1.000000 41.000000 26.390000 0.945569 0.788462 13.225235 4.303774 -89.884921 0.953488 0.590772 13.152946 -98.746162 4.000000 0.000000 
7.000000 181.000000 33.204119 3.000000 10.000000 12.273000 0.928974 0.555556 6.811077 2.521091 15.383702 0.769231 0.528866 6.324555 161.565051 2.846050 71.565051 
35.000000 182.000000 60.842127 1.000000 46.000000 34.528000 0.966328 0.541176 16.333616 4.202873 -89.646963 0.766667 0.407367 17.117243 -96.709837 4.985272 -175.601295 
60.000000 182.000000 69.759506 1.000000 11.000000 9.461000 0.841412 0.687500 5.316397 2.872948 -48.797322 1.000000 0.870328 5.656854 -135.000000 3.535534 135.000000 
23.000000 183.000000 46.445322 1.000000 26.000000 22.652000 0.951056 0.590909 11.291000 3.489137 83.523847 0.866667 0.491088 11.180340 100.304846 4.000000 0.000000 
49.000000 184.000000 57.981222 1.000000 9.000000 8.328000 0.760176 0.750000 4.464505 2.900668 29.518122 1.000000 0.859719 5.000000 143.130102 3.000000 -90.000000 
10.000000 185.000000 33.358428 1.000000 14.000000 14.026000 0.933129 0.666667 7.688141 2.764198 78.812404 0.875000 0.596924 7.615773 113.198591 3.000000 0.000000 
54.000000 185.000000 170.246325 1.000000 49.000000 26.440000 0.870276 0.556818 11.691331 5.758743 64.555696 0.859649 0.703660 11.704700 109.983107 6.708204 -153.434949 
5.000000 185.000000 39.730342 1.000000 13.000000 11.049000 0.218696 0.650000 4.449143 4.341443 18.434949 0.928571 0.811245 5.385165 158.198591 4.000000 -90.000000 
60.000000 186.000000 103.329713 1.000000 6.000000 6.368000 0.877058 0.750000 4.163332 2.000000 71.565051 1.000000 0.833753 4.472136 116.565051 2.000000 0.000000 
29.000000 186.000000 34.319976 1.000000 7.000000 10.032000 0.791027 0.437500 4.878502 2.984577 -37.372441 0.777778 0.506873 5.000000 -126.869898 3.478505 -71.565051 
37.000000 188.000000 34.794218 1.000000 20.000000 19.931000 0.948694 0.444444 10.676613 3.375887 -71.716957 0.689655 0.472114 9.848858 -113.962489 4.427189 -18.434949 
16.000000 190.000000 50.534360 1.000000 39.000000 39.192000 0.992541 0.390000 21.663719 2.641059 77.473125 0.750000 0.273467 20.615528 104.036243 3.447846 12.994617 
45.000000 189.000000 64.570342 1.000000 42.000000 24.521000 0.845042 0.600000 10.423732 5.573565 79.369198 0.893617 0.689721 10.440307 106.699244 5.820855 14.036243 
15.000000 195.000000 44.631612 1.000000 22.000000 24.248000 0.981774 0.366667 13.119415 2.493400 72.670475 0.758621 0.368520 13.000000 112.619865 3.152963 -165.963757 
31.000000 193.000000 45.163205 2.000000 5.000000 8.328000 0.969048 0.500000 6.024504 1.487286 72.856562 0.833333 0.477622 5.385165 111.801409 1.897367 -161.565051 
36.000000 195.000000 101.798020 1.000000 31.000000 25.563000 0.969750 0.430556 13.818380 3.373090 74.148222 0.815789 0.472791 12.649111 108.434949 4.338609 -167.471192 
43.000000 193.000000 39.685975 1.000000 8.000000 6.831000 0.580948 0.888889 3.651484 2.972092 -45.000000 1.000000 1.000000 4.242641 -135.000000 3.000000 -90.000000 
25.000000 196.000000 50.228026 1.000000 15.000000 19.774000 0.983533 0.300000 11.775118 2.128100 68.423805 0.750000 0.358954 10.770330 111.801409 2.691946 -159.443955 
52.000000 196.000000 53.569209 1.000000 11.000000 14.324000 0.948473 0.523810 7.845088 2.485783 -82.384442 0.785714 0.453144 7.280110 -105.945396 2.941742 168.690068 
23.000000 200.000000 64.636617 1.000000 27.000000 28.590000 0.985391 0.259615 16.467216 2.804477 63.764495 0.710526 0.336969 14.764823 118.300756 3.944467 -149.036243 
52.000000 198.000000 38.454528 2.000000 5.000000 7.840000 0.979796 1.000000 5.773503 1.154701 90.000000 1.000000 0.521014 5.099020 101.309932 1.000000 0.000000 
58.000000 198.000000 65.425861 1.000000 21.000000 15.639000 0.705545 0.700000 6.500293 4.606529 -82.502460 0.875000 0.748188 7.211103 -123.690068 5.000000 0.000000 
13.000000 200.000000 24.507809 10.000000 3.000000 5.624000 0.970143 0.333333 4.760952 1.154701 -45.000000 1.000000 0.490646 4.242641 -135.000000 1.414214 -45.000000 
18.000000 199.000000 28.100879 2.000000 1.000000 0.000000 0.000000 1.000000 1.154701 1.154701 0.000000 1.000000 1.000000 1.414214 135.000000 1.000000 -90.000000 
35.000000 202.000000 37.217431 1.000000 33.000000 32.196000 0.968973 0.440000 16.631836 4.110842 82.334063 0.660000 0.332085 15.524175 104.931417 4.603172 9.462322 
53.000000 201.000000 41.795246 1.000000 15.000000 17.210000 0.972464 0.555556 9.908086 2.309125 75.873401 0.789474 0.455097 9.486833 108.434949 2.910428 -165.963757 
57.000000 202.000000 33.337071 9.000000 5.000000 6.550000 0.889464 0.625000 4.253087 1.943686 -84.847577 1.000000 0.668944 4.123106 104.036243 2.000000 0.000000 
6.000000 208.000000 28.849150 3.000000 12.000000 20.808000 0.984613 0.300000 11.779751 2.058508 -17.199423 0.600000 0.262903 10.770330 -158.198591 2.667892 104.036243 
16.000000 204.000000 48.866106 1.000000 10.000000 13.034000 0.890674 0.416667 6.779794 3.082378 68.744776 0.714286 0.480274 6.708204 116.565051 3.530090 -168.690068 
59.000000 204.000000 25.594961 2.000000 3.000000 4.590000 0.928995 0.500000 3.854129 1.426385 61.845034 0.750000 0.630657 3.605551 123.690068 1.788854 -153.434949 
22.000000 205.000000 66.409580 1.000000 17.000000 17.045000 0.923990 0.531250 8.211860 3.140348 -75.189065 0.809524 0.524243 8.246211 -104.036243 3.638034 165.963757 
31.000000 208.000000 46.762620 1.000000 19.000000 16.590000 0.909951 0.593750 8.214146 3.406531 78.955804 0.863636 0.613252 8.246211 104.036243 3.880570 14.036243 
43.000000 207.000000 40.340543 1.000000 12.000000 12.248000 0.948458 0.857143 7.211103 2.285218 90.000000 1.000000 0.636703 7.071068 98.130102 2.000000 0.000000 
51.000000 209.000000 64.489855 1.000000 38.000000 31.278000 0.964144 0.506667 14.655947 3.889409 -82.536135 0.760000 0.403071 15.297059 -101.309932 4.713320 172.874984 
9.000000 211.000000 35.076672 1.000000 8.000000 11.330000 0.807573 0.666667 5.180090 3.055050 18.434949 0.727273 0.480029 5.000000 143.130102 3.000000 -90.000000 
27.000000 209.000000 45.409144 3.000000 6.000000 11.529000 0.901388 0.375000 5.962848 2.581989 -33.690068 0.600000 0.350321 5.656854 -135.000000 3.050851 -56.309932 
14.000000 212.000000 40.472611 1.000000 19.000000 18.616000 0.962556 0.633333 10.074279 2.730955 84.180849 0.826087 0.504361 10.198039 101.309932 3.000000 0.000000 
25.000000 212.000000 31.620285 4.000000 2.000000 2.812000 0.925820 0.500000 3.055050 1.154701 45.000000 1.000000 0.709058 2.828427 135.000000 1.414214 45.000000 
42.000000 212.000000 29.748002 1.000000 16.000000 19.774000 0.976387 0.320000 11.151810 2.409109 66.218115 0.761905 0.382884 10.770330 111.801409 3.130495 26.565051 
51.000000 216.000000 46.517087 1.000000 14.000000 18.749000 0.979087 0.250000 10.722377 2.181403 49.947446 0.736842 0.367133 10.000000 126.869898 2.811128 38.659808 
59.000000 214.000000 39.857004 1.000000 7.000000 10.958000 0.969785 0.388889 6.937487 1.692475 68.084570 0.777778 0.442481 6.708204 116.565051 2.213594 -161.565051 
30.000000 215.000000 31.410953 1.000000 27.000000 27.862000 0.984386 0.482143 15.169568 2.670160 -81.501292 0.771429 0.352980 14.560220 -105.945396 3.193201 -8.746162 
5.000000 214.000000 31.119742 2.000000 8.000000 6.831000 0.580948 0.888889 3.651484 2.972092 45.000000 1.000000 1.000000 4.242641 135.000000 3.000000 -90.000000 
21.000000 216.000000 29.033218 4.000000 2.000000 2.812000 0.925820 0.500000 3.055050 1.154701 45.000000 1.000000 0.709058 2.828427 135.000000 1.414214 45.000000 
60.000000 220.000000 71.255608 1.000000 10.000000 13.100000 0.830010 0.555556 5.862901 3.270025 11.116369 0.769231 0.476379 6.082763 170.537678 3.000000 -90.000000 
14.000000 219.000000 42.406444 1.000000 27.000000 25.745000 0.949409 0.490909 12.935330 4.062224 84.598490 0.642857 0.406613 11.401754 -105.255119 5.000000 0.000000 
23.000000 220.000000 32.546733 1.000000 6.000000 7.774000 0.635459 0.666667 3.731223 2.881006 35.782526 0.750000 0.632800 4.242641 135.000000 3.000000 -90.000000 
44.000000 220.000000 45.056769 1.000000 22.000000 18.641000 0.895315 0.550000 8.940434 3.982370 78.841287 0.733333 0.582658 8.544004 110.556045 5.000000 0.000000 
52.000000 221.000000 58.866709 1.000000 36.000000 25.745000 0.955928 0.750000 13.156853 3.862888 84.123152 0.878049 0.542150 12.369317 104.036243 4.000000 0.000000 
8.000000 227.000000 51.378022 1.000000 36.000000 29.599000 0.970123 0.428571 14.662852 3.557399 14.496064 0.782609 0.422026 14.317821 167.905243 4.123106 75.963757 
34.000000 224.000000 44.869080 1.000000 30.000000 36.182000 0.983878 0.194805 18.909241 3.381737 57.201763 0.555556 0.243795 17.029386 130.236358 4.437602 33.690068 
22.000000 226.000000 34.174608 3.000000 19.000000 21.652000 0.875899 0.339286 9.416103 4.543214 62.538827 0.633333 0.388405 9.433981 122.005383 5.631783 15.945396 
18.000000 224.000000 34.711756 2.000000 13.000000 15.176000 0.841087 0.433333 6.619119 3.580283 47.628905 0.722222 0.486874 7.211103 123.690068 4.242641 45.000000 
34.000000 229.000000 57.097283 1.000000 26.000000 35.711000 0.966788 0.200000 17.992274 4.598471 53.646265 0.500000 0.216443 15.811388 124.695154 5.547002 33.690068 
57.000000 229.000000 106.363893 1.000000 68.000000 33.172000 0.934710 0.503704 15.992428 5.683910 24.891824 0.931507 0.648008 16.155494 158.198591 6.640783 -108.434949 
43.000000 227.000000 46.520042 10.000000 9.000000 10.685000 0.888086 0.600000 6.010050 2.762678 -73.154966 0.750000 0.591592 5.830952 -120.963757 3.000000 0.000000 
19.000000 229.000000 56.164569 5.000000 12.000000 10.958000 0.863737 0.600000 5.817936 2.931905 -32.506783 1.000000 0.758539 6.403124 -141.340192 3.535534 -45.000000 
49.000000 229.000000 55.438495 1.000000 19.000000 18.922000 0.944846 0.395833 10.091437 3.305108 -63.596957 0.678571 0.490468 9.219544 -130.601295 4.024922 153.434949 
39.000000 234.000000 30.473741 5.000000 10.000000 12.248000 0.960557 0.714286 7.123393 1.980892 9.991553 0.909091 0.530586 7.280110 164.054604 2.000000 -90.000000 
47.000000 235.000000 42.747142 1.000000 36.000000 39.771000 0.886452 0.375000 15.945663 7.379988 -69.437844 0.537313 0.245665 13.601471 -126.027373 8.000000 0.000000 
10.000000 233.000000 39.200669 1.000000 10.000000 11.421000 0.946709 0.555556 6.828563 2.199409 74.311213 0.833333 0.592560 6.708204 116.565051 2.667892 14.036243 
25.000000 232.000000 37.869684 2.000000 10.000000 16.400000 0.966985 0.625000 8.920697 2.273286 -89.507182 0.714286 0.329071 8.062258 97.125016 2.000000 0.000000 
18.000000 233.000000 63.627018 1.000000 15.000000 13.563000 0.890789 0.714286 6.983772 3.173543 8.218534 0.937500 0.675506 7.280110 164.054604 3.000000 -90.000000 
50.000000 233.000000 34.358126 3.000000 3.000000 3.093000 0.730297 0.750000 2.581989 1.763834 45.000000 1.000000 0.969873 2.828427 135.000000 2.000000 -90.000000 
5.000000 235.000000 38.013402 2.000000 10.000000 10.313000 0.662315 0.500000 5.128569 3.842454 -1.589915 0.769231 0.694175 5.385165 -158.198591 4.000000 -90.000000 
23.000000 235.000000 33.308801 7.000000 5.000000 5.814000 0.901281 0.555556 4.163332 1.803700 -45.000000 1.000000 0.783414 4.242641 -135.000000 2.121320 -45.000000 
