193
32.000000 114.000000 10.710992 1.000000 11118.000000 591.556000 0.959899 0.723828 283.771462 79.554083 -0.121604 0.723828 0.395043 248.386795 165.068583 64.000000 -90.000000 
25.000000 5.000000 49.254047 1.000000 12.000000 17.508000 0.975970 0.444444 10.335224 2.252116 -78.832054 0.705882 0.353645 9.486833 -108.434949 2.941742 -11.309932 
60.000000 8.000000 40.190563 7.000000 12.000000 13.472000 0.950853 0.571429 7.628750 2.362191 -12.091806 0.800000 0.546341 7.615773 -156.801409 2.910428 104.036243 
22.000000 8.000000 81.500758 6.000000 16.000000 13.100000 0.880723 0.761905 6.773148 3.207979 -8.580959 1.000000 0.762206 7.280110 -164.054604 3.000000 -90.000000 
45.000000 10.000000 49.660494 1.000000 13.000000 15.432000 0.920485 0.464286 7.880718 3.079615 84.082216 0.722222 0.473545 7.615773 113.198591 4.000000 0.000000 
31.000000 11.000000 51.244493 1.000000 32.000000 30.864000 0.987971 0.500000 17.437969 2.696556 81.956041 0.780488 0.347744 16.124515 97.125016 3.111270 8.130102 
51.000000 12.000000 40.351024 1.000000 22.000000 20.022000 0.933453 0.488889 9.873925 3.541776 -74.441646 0.785714 0.515253 10.295630 -119.054604 4.217181 172.874984 
17.000000 13.000000 35.431221 1.000000 5.000000 6.368000 0.923687 0.625000 4.492622 1.721341 69.006394 0.833333 0.694794 4.472136 116.565051 2.000000 0.000000 
24.000000 23.000000 91.570918 1.000000 65.000000 48.347000 0.990864 0.451389 25.801198 3.479659 -8.702203 0.802469 0.308107 24.738634 -165.963757 4.093146 97.125016 
46.000000 14.000000 30.035980 1.000000 1.000000 0.000000 0.000000 1.000000 1.154701 1.154701 0.000000 1.000000 1.000000 1.414214 135.000000 1.000000 -90.000000 
13.000000 15.000000 34.396225 2.000000 4.000000 6.550000 0.946293 0.500000 4.820546 1.558527 72.391204 0.800000 0.535155 4.472136 116.565051 1.897367 -161.565051 
9.000000 17.000000 30.433637 1.000000 2.000000 1.960000 0.866025 1.000000 2.309401 1.154701 90.000000 1.000000 0.965669 2.236068 116.565051 1.000000 0.000000 
6.000000 18.000000 29.622813 2.000000 1.000000 0.000000 0.000000 1.000000 1.154701 1.154701 0.000000 1.000000 1.000000 1.414214 135.000000 1.000000 -90.000000 
52.000000 20.000000 34.400370 1.000000 6.000000 8.328000 0.953154 0.600000 5.526219 1.671596 72.391204 0.857143 0.573146 5.385165 111.801409 2.000000 0.000000 
12.000000 24.000000 35.969224 10.000000 5.000000 11.248000 0.989743 0.200000 8.082904 1.154701 -45.000000 1.000000 0.303447 7.071068 -135.000000 1.414214 -45.000000 
36.000000 25.000000 46.220177 7.000000 17.000000 15.846000 0.941381 0.404762 8.669757 2.924703 -52.514789 0.894737 0.592542 8.602325 -125.537678 3.535534 -45.000000 
45.000000 25.000000 42.749341 1.000000 6.000000 7.220000 0.869227 0.500000 4.472136 2.211083 -59.036243 1.000000 0.702276 4.472136 -116.565051 2.683282 -26.565051 
6.000000 26.000000 29.211656 8.000000 2.000000 2.812000 0.925820 0.500000 3.055050 1.154701 -45.000000 1.000000 0.709058 2.828427 -135.000000 1.414214 -45.000000 
44.000000 27.000000 37.764001 1.000000 4.000000 6.550000 0.946293 0.500000 4.820546 1.558527 72.391204 0.800000 0.535155 4.472136 116.565051 1.897367 -161.565051 
51.000000 28.000000 58.752019 1.000000 34.000000 27.614000 0.972166 0.523077 14.363741 3.365321 -75.309160 0.850000 0.451690 13.928388 -111.037511 4.110961 -18.434949 
33.000000 29.000000 46.172217 1.000000 14.000000 16.656000 0.972870 0.518519 9.388955 2.172159 -73.388187 0.823529 0.448862 9.486833 -108.434949 2.846050 -18.434949 
30.000000 35.000000 50.702373 1.000000 13.000000 12.918000 0.865837 0.722222 6.287955 3.146033 76.308247 0.866667 0.633409 6.708204 116.565051 3.000000 0.000000 
26.000000 42.000000 56.114098 1.000000 35.000000 34.834000 0.967341 0.500000 16.102014 4.081512 -9.468158 0.636364 0.304978 14.317821 -167.905243 4.417261 96.340192 
43.000000 39.000000 47.154478 1.000000 50.000000 51.184000 0.991716 0.500000 26.714121 3.431383 86.857425 0.641026 0.212898 25.317978 99.090277 4.000000 0.000000 
43.000000 42.000000 36.396246 1.000000 8.000000 9.552000 0.924086 0.533333 5.864558 2.241345 -74.643586 0.800000 0.623923 5.385165 -111.801409 2.529822 -18.434949 
58.000000 45.000000 31.333492 2.000000 1.000000 0.000000 0.000000 1.000000 1.154701 1.154701 0.000000 1.000000 1.000000 1.414214 135.000000 1.000000 -90.000000 
56.000000 46.000000 31.460099 1.000000 2.000000 1.960000 0.866025 1.000000 2.309401 1.154701 90.000000 1.000000 0.965669 2.236068 116.565051 1.000000 0.000000 
60.000000 50.000000 39.232519 6.000000 12.000000 12.248000 0.948458 0.857143 7.211103 2.285218 0.000000 1.000000 0.636703 7.071068 171.869898 2.000000 -90.000000 
25.000000 48.000000 40.449860 5.000000 3.000000 3.093000 0.730297 0.750000 2.581989 1.763834 -45.000000 1.000000 0.969873 2.828427 -135.000000 2.000000 -90.000000 
27.000000 53.000000 66.711519 4.000000 32.000000 23.669000 0.964160 0.666667 12.789587 3.393375 10.237022 0.864865 0.559432 12.369317 165.963757 3.922323 78.690068 
41.000000 51.000000 62.323698 1.000000 60.000000 40.573000 0.980375 0.750000 20.419272 4.025474 -84.966875 0.895522 0.394556 20.396078 -101.309932 4.000000 0.000000 
50.000000 50.000000 46.424453 1.000000 3.000000 3.920000 0.942809 1.000000 3.464102 1.154701 90.000000 1.000000 0.756007 3.162278 108.434949 1.000000 0.000000 
56.000000 53.000000 75.423452 1.000000 21.000000 18.732000 0.945868 0.466667 9.779155 3.173853 -68.204455 0.840000 0.551555 9.848858 -113.962489 4.024922 153.434949 
8.000000 53.000000 29.298689 12.000000 1.000000 0.000000 0.000000 1.000000 1.154701 1.154701 0.000000 1.000000 1.000000 1.414214 135.000000 1.000000 -90.000000 
60.000000 55.000000 78.823885 1.000000 5.000000 4.962000 0.765092 0.833333 3.306559 2.129163 71.565051 1.000000 0.956808 3.605551 123.690068 2.000000 0.000000 
53.000000 59.000000 43.387096 5.000000 9.000000 13.125000 0.943392 0.300000 7.516673 2.493125 -39.565737 0.692308 0.427424 7.211103 -146.309932 3.258473 120.963757 
33.000000 58.000000 66.560296 1.000000 23.000000 21.709000 0.968295 0.522727 11.587289 2.894600 74.239537 0.851852 0.468020 11.704700 109.983107 3.530090 -168.690068 
42.000000 62.000000 68.782544 1.000000 15.000000 10.776000 0.548167 0.750000 5.083057 4.251311 85.786515 0.937500 0.973135 5.385165 111.801409 4.000000 0.000000 
25.000000 62.000000 57.263181 7.000000 12.000000 12.248000 0.948458 0.857143 7.211103 2.285218 0.000000 1.000000 0.636703 7.071068 171.869898 2.000000 -90.000000 
57.000000 62.000000 71.578977 1.000000 19.000000 13.679000 0.692193 0.633333 6.021431 4.345743 -77.632849 0.950000 0.843880 6.324555 108.434949 4.743416 161.565051 
49.000000 63.000000 70.596415 1.000000 35.000000 26.142000 0.911772 0.636364 11.830016 4.858555 84.603639 0.760870 0.512896 11.180340 100.304846 5.000000 0.000000 
33.000000 64.000000 69.085286 1.000000 38.000000 29.574000 0.978517 0.506667 16.133181 3.326113 78.605415 0.826087 0.446153 15.297059 101.309932 3.922323 11.309932 
60.000000 63.000000 47.343550 9.000000 6.000000 6.459000 0.778499 0.666667 3.829708 2.403701 45.000000 1.000000 0.818022 4.242641 135.000000 2.828427 45.000000 
26.000000 71.000000 50.707916 2.000000 35.000000 22.379000 0.913204 0.636364 10.862554 4.426516 5.029983 0.875000 0.675299 11.180340 169.695154 5.000000 -90.000000 
38.000000 69.000000 62.285085 1.000000 2.000000 1.960000 0.866025 1.000000 2.309401 1.154701 90.000000 1.000000 0.965669 2.236068 116.565051 1.000000 0.000000 
47.000000 68.000000 43.959095 2.000000 9.000000 11.049000 0.908698 0.450000 6.240356 2.605062 -23.744776 0.692308 0.561631 5.830952 -149.036243 3.130495 116.565051 
55.000000 71.000000 40.085970 7.000000 8.000000 10.288000 0.955077 0.666667 6.262737 1.856014 -13.282526 0.888889 0.557409 6.324555 -161.565051 2.000000 -90.000000 
46.000000 76.000000 103.381424 1.000000 73.000000 50.307000 0.983423 0.486667 25.049351 4.542144 83.934505 0.776596 0.321115 25.317978 99.090277 5.267289 2.602562 
29.000000 76.000000 46.908256 1.000000 9.000000 14.622000 0.944003 0.428571 8.113097 2.676811 -84.761288 0.642857 0.358419 7.280110 -105.945396 3.000000 0.000000 
35.000000 76.000000 62.152066 1.000000 11.000000 9.552000 0.415207 0.687500 4.237386 3.854865 54.991553 0.916667 0.857894 5.000000 143.130102 4.000000 -90.000000 
12.000000 77.000000 29.916944 9.000000 1.000000 0.000000 0.000000 1.000000 1.154701 1.154701 0.000000 1.000000 1.000000 1.414214 135.000000 1.000000 -90.000000 
25.000000 79.000000 48.365094 5.000000 12.000000 11.330000 0.906481 0.666667 6.404669 2.704356 14.169566 0.923077 0.720043 6.324555 161.565051 3.000000 -90.000000 
36.000000 80.000000 51.101552 2.000000 8.000000 11.529000 0.893973 0.533333 5.890565 2.639680 12.820503 0.727273 0.467094 5.385165 158.198591 3.000000 -90.000000 
50.000000 82.000000 63.048890 1.000000 46.000000 32.022000 0.974246 0.479167 16.646951 3.753681 73.931662 0.867925 0.467500 16.763055 107.354025 4.427189 18.434949 
31.000000 83.000000 93.509514 1.000000 32.000000 21.130000 0.937490 0.800000 11.224982 3.906430 85.101379 0.941176 0.682595 10.440307 106.699244 4.000000 0.000000 
24.000000 83.000000 34.842894 6.000000 4.000000 5.624000 0.000000 0.444444 3.055050 3.055050 0.000000 0.800000 0.654195 3.162278 108.434949 2.828427 -45.000000 
36.000000 83.000000 41.495608 1.000000 6.000000 6.459000 0.778499 0.666667 3.829708 2.403701 45.000000 1.000000 0.818022 4.242641 135.000000 2.828427 45.000000 
25.000000 87.000000 56.400605 6.000000 15.000000 11.603000 0.844847 0.833333 6.093009 3.259808 5.413727 1.000000 0.867033 6.324555 161.565051 3.000000 -90.000000 
59.000000 86.000000 35.482223 2.000000 2.000000 1.960000 0.866025 1.000000 2.309401 1.154701 90.000000 1.000000 0.965669 2.236068 116.565051 1.000000 0.000000 
12.000000 87.000000 30.649486 5.000000 1.000000 0.000000 0.000000 1.000000 1.154701 1.154701 0.000000 1.000000 1.000000 1.414214 135.000000 1.000000 -90.000000 
36.000000 88.000000 58.911596 1.000000 5.000000 4.962000 0.765092 0.833333 3.306559 2.129163 71.565051 1.000000 0.956808 3.605551 123.690068 2.000000 0.000000 
31.000000 89.000000 94.968231 1.000000 28.000000 21.337000 0.920657 0.560000 10.483261 4.092372 82.170415 0.823529 0.587212 10.198039 101.309932 5.000000 0.000000 
25.000000 92.000000 63.621104 5.000000 11.000000 10.677000 0.813997 0.733333 5.225416 3.035281 -7.627559 0.916667 0.723894 5.385165 -158.198591 3.000000 -90.000000 
39.000000 92.000000 35.621555 3.000000 3.000000 3.920000 0.942809 1.000000 3.464102 1.154701 90.000000 1.000000 0.756007 3.162278 108.434949 1.000000 0.000000 
47.000000 94.000000 63.459551 1.000000 61.000000 36.968000 0.956569 0.512605 17.873727 5.210287 -87.838720 0.753086 0.476478 17.117243 -96.709837 6.918602 -8.746162 
12.000000 94.000000 30.102572 12.000000 2.000000 1.960000 0.866025 1.000000 2.309401 1.154701 90.000000 1.000000 0.965669 2.236068 116.565051 1.000000 0.000000 
28.000000 94.000000 43.102358 1.000000 9.000000 11.975000 0.957670 0.750000 7.634227 2.197657 88.092963 0.750000 0.494931 6.324555 108.434949 2.000000 0.000000 
38.000000 95.000000 53.102687 1.000000 17.000000 13.563000 0.883246 0.809524 7.072561 3.316398 86.003924 1.000000 0.765574 7.280110 105.945396 3.000000 0.000000 
24.000000 100.000000 73.975823 5.000000 25.000000 20.783000 0.955251 0.625000 11.025702 3.261373 12.170545 0.833333 0.548859 10.440307 163.300756 3.726207 78.690068 
56.000000 95.000000 44.651295 1.000000 5.000000 7.402000 0.765173 0.555556 3.931770 2.531373 40.934949 0.833333 0.565201 4.242641 135.000000 2.828427 45.000000 
31.000000 98.000000 39.990262 2.000000 1.000000 0.000000 0.000000 1.000000 1.154701 1.154701 0.000000 1.000000 1.000000 1.414214 135.000000 1.000000 -90.000000 
29.000000 99.000000 42.729222 2.000000 2.000000 1.960000 0.866025 1.000000 2.309401 1.154701 90.000000 1.000000 0.965669 2.236068 116.565051 1.000000 0.000000 
40.000000 102.000000 45.206118 1.000000 20.000000 23.024000 0.978366 0.416667 12.754002 2.638579 -77.784113 0.714286 0.367095 12.369317 -104.036243 3.137858 -11.309932 
60.000000 106.000000 36.131673 2.000000 14.000000 13.290000 0.942198 0.666667 7.632159 2.557198 16.017073 0.933333 0.651596 7.615773 156.801409 3.000000 -90.000000 
31.000000 105.000000 67.950333 1.000000 35.000000 27.606000 0.961640 0.673077 13.393703 3.674107 -80.464403 0.875000 0.465217 13.341664 -102.994617 4.000000 0.000000 
9.000000 106.000000 30.011681 7.000000 2.000000 1.960000 0.866025 1.000000 2.309401 1.154701 0.000000 1.000000 0.965669 2.236068 153.434949 1.000000 -90.000000 
23.000000 108.000000 62.482044 2.000000 20.000000 16.656000 0.561712 0.555556 6.392127 5.288419 28.450803 0.800000 0.641232 7.211103 123.690068 6.000000 -90.000000 
43.000000 108.000000 33.134783 1.000000 6.000000 8.973000 0.959508 0.600000 6.121381 1.724279 82.534291 0.857143 0.513740 5.385165 111.801409 2.000000 0.000000 
51.000000 109.000000 50.754396 1.000000 36.000000 27.589000 0.970330 0.692308 14.655681 3.543541 -81.487724 0.878049 0.479039 13.601471 -107.102729 4.000000 0.000000 
45.000000 111.000000 49.311118 2.000000 8.000000 8.436000 0.787839 0.500000 4.396969 2.708013 45.000000 1.000000 0.750004 4.472136 116.565051 2.828427 45.000000 
58.000000 113.000000 40.157804 1.000000 15.000000 17.508000 0.897340 0.428571 7.985838 3.524477 14.951170 0.714286 0.442057 7.615773 156.801409 4.438773 -99.462322 
37.000000 113.000000 44.667227 1.000000 25.000000 29.574000 0.986515 0.333333 16.462577 2.694407 76.834363 0.675676 0.293522 15.524175 104.931417 3.309381 -169.695154 
13.000000 114.000000 33.963743 1.000000 10.000000 14.051000 0.968757 0.476190 8.520624 2.113205 -74.760406 0.714286 0.425135 7.615773 -113.198591 2.549510 168.690068 
23.000000 117.000000 80.771429 2.000000 53.000000 37.902000 0.959214 0.504762 17.647941 4.988707 -6.530855 0.670886 0.395362 16.552945 -154.983107 6.820738 102.994617 
43.000000 114.000000 41.073637 5.000000 4.000000 5.053000 0.866025 0.666667 3.651484 1.825742 18.434949 0.800000 0.748540 3.605551 146.309932 2.000000 -90.000000 
54.000000 116.000000 59.981568 1.000000 20.000000 14.622000 0.708783 0.571429 6.271629 4.424176 -78.690068 0.909091 0.796486 7.071068 98.130102 4.919350 153.434949 
59.000000 120.000000 116.167969 6.000000 23.000000 16.681000 0.879491 0.547619 8.163100 3.884951 -35.229628 0.920000 0.735558 8.602325 -144.462322 4.472136 -63.434949 
31.000000 120.000000 41.483481 1.000000 11.000000 10.751000 0.892336 0.733333 6.022382 2.718329 82.027302 0.916667 0.716203 5.830952 120.963757 3.000000 0.000000 
44.000000 120.000000 45.761876 1.000000 4.000000 4.590000 0.731925 0.666667 3.055050 2.081666 90.000000 1.000000 0.840876 3.162278 108.434949 2.000000 0.000000 
13.000000 122.000000 35.497615 1.000000 11.000000 12.736000 0.959632 0.523810 7.557977 2.125759 -68.824403 0.916667 0.548319 7.615773 -113.198591 2.683282 -26.565051 
41.000000 121.000000 65.104893 1.000000 10.000000 8.998000 0.773102 0.666667 4.712847 2.989271 82.311874 1.000000 0.852711 5.099020 101.309932 3.000000 0.000000 
20.000000 123.000000 33.441857 1.000000 6.000000 10.495000 0.967383 0.300000 7.020114 1.778328 -58.776406 0.666667 0.405461 6.403124 -128.659808 2.236068 -26.565051 
37.000000 122.000000 53.614889 1.000000 14.000000 10.776000 0.535029 0.700000 4.794935 4.050921 86.437492 1.000000 0.908259 5.385165 -111.801409 4.000000 0.000000 
46.000000 125.000000 71.369851 10.000000 11.000000 14.531000 0.965327 0.305556 8.474791 2.212278 -45.679269 0.846154 0.442590 8.485281 -135.000000 2.828427 -45.000000 
30.000000 125.000000 45.479755 1.000000 1.000000 0.000000 0.000000 1.000000 1.154701 1.154701 0.000000 1.000000 1.000000 1.414214 135.000000 1.000000 -90.000000 
43.000000 127.000000 58.490892 2.000000 21.000000 22.776000 0.965833 0.333333 11.894591 3.082665 -55.368353 0.677419 0.392862 11.401754 -127.874984 4.068667 -35.537678 
54.000000 126.000000 41.393133 1.000000 6.000000 8.328000 0.953154 0.600000 5.526219 1.671596 -72.391204 0.857143 0.573146 5.385165 -111.801409 2.000000 0.000000 
5.000000 129.000000 32.128755 7.000000 3.000000 3.920000 0.942809 1.000000 3.464102 1.154701 0.000000 1.000000 0.756007 3.162278 161.565051 1.000000 -90.000000 
24.000000 128.000000 62.853585 1.000000 26.000000 20.419000 0.880121 0.577778 9.390788 4.458276 3.782891 0.812500 0.588587 9.219544 167.471192 5.000000 -90.000000 
36.000000 132.000000 80.136135 3.000000 38.000000 38.705000 0.989756 0.203209 20.722342 2.958480 -58.557900 0.690909 0.272693 19.723083 -120.465545 4.287465 -30.963757 
15.000000 133.000000 40.397892 7.000000 6.000000 6.368000 0.877058 0.750000 4.163332 2.000000 -18.434949 1.000000 0.833753 4.472136 -153.434949 2.000000 -90.000000 
54.000000 132.000000 157.114441 1.000000 51.000000 32.717000 0.971503 0.377778 17.226238 4.083083 -63.076787 0.879310 0.498418 16.552945 -115.016893 4.472136 -26.565051 
7.000000 135.000000 39.517128 7.000000 10.000000 12.736000 0.969399 0.476190 7.891366 1.937269 -20.504543 0.909091 0.498472 7.615773 -156.801409 2.529822 108.434949 
20.000000 135.000000 93.512016 1.000000 18.000000 15.523000 0.912114 0.750000 7.950196 3.259072 -83.928194 0.947368 0.649300 8.246211 -104.036243 3.000000 0.000000 
16.000000 136.000000 42.138891 7.000000 6.000000 6.922000 0.894483 0.750000 4.513541 2.018017 -12.933178 0.857143 0.744483 4.472136 -153.434949 2.000000 -90.000000 
33.000000 137.000000 172.566189 1.000000 67.000000 37.075000 0.966208 0.563025 18.751734 4.833486 -76.922244 0.881579 0.520564 18.027756 -109.440035 5.491252 168.690068 
23.000000 139.000000 70.755320 1.000000 16.000000 18.550000 0.959108 0.355556 9.820415 2.779590 18.951653 0.666667 0.427314 9.486833 161.565051 3.528211 68.198591 
53.000000 139.000000 150.986954 1.000000 31.000000 26.597000 0.859746 0.516667 9.803472 5.006845 -77.107830 0.738095 0.440485 10.440307 -106.699244 6.000000 0.000000 
59.000000 142.000000 108.656413 1.000000 13.000000 17.624000 0.897993 0.464286 7.693138 3.385059 -21.052744 0.722222 0.378848 7.280110 -164.054604 3.794733 -71.565051 
6.000000 143.000000 84.275736 1.000000 14.000000 12.364000 0.704879 0.700000 5.403658 3.832966 87.417379 0.875000 0.731747 5.830952 120.963757 4.000000 0.000000 
46.000000 140.000000 119.867967 1.000000 53.000000 28.582000 0.733526 0.535354 11.013111 7.485192 -60.830943 0.841270 0.661791 11.401754 -142.125016 7.799204 158.198591 
19.000000 144.000000 55.670165 1.000000 12.000000 20.064000 0.919944 0.250000 9.670332 3.791248 63.016644 0.500000 0.280031 8.544004 110.556045 4.024922 26.565051 
31.000000 144.000000 118.726697 1.000000 3.000000 3.920000 0.942809 1.000000 3.464102 1.154701 90.000000 1.000000 0.756007 3.162278 108.434949 1.000000 0.000000 
56.000000 144.000000 158.872764 1.000000 29.000000 17.136000 0.790097 0.725000 7.879962 4.830268 -69.250956 1.000000 0.886288 8.544004 -110.556045 5.000000 0.000000 
11.000000 146.000000 145.536508 1.000000 27.000000 19.493000 0.911399 0.500000 9.704372 3.993573 -67.090772 0.870968 0.662260 9.486833 -108.434949 4.828079 158.198591 
51.000000 148.000000 188.432366 1.000000 34.000000 28.020000 0.820148 0.377778 10.528029 6.023622 40.627323 0.723404 0.439997 10.440307 163.300756 7.602631 63.434949 
44.000000 147.000000 120.219022 1.000000 28.000000 25.381000 0.932440 0.466667 11.524603 4.164132 -75.170262 0.682927 0.432504 10.198039 101.309932 4.670259 -15.945396 
18.000000 149.000000 113.904241 1.000000 21.000000 17.045000 0.874686 0.525000 8.215771 3.982100 73.288938 0.875000 0.647594 8.544004 110.556045 4.706787 11.309932 
27.000000 149.000000 114.350469 1.000000 23.000000 18.641000 0.861069 0.547619 8.305171 4.223087 -45.915065 0.821429 0.609142 8.602325 -125.537678 4.949747 -45.000000 
35.000000 150.000000 133.806640 1.000000 30.000000 21.337000 0.926653 0.750000 10.471831 3.936535 82.751000 0.909091 0.629156 10.440307 106.699244 4.000000 0.000000 
56.000000 153.000000 36.711611 1.000000 16.000000 19.030000 0.981557 0.296296 11.416690 2.182514 54.663864 0.842105 0.409012 10.816654 123.690068 2.967301 -141.340192 
20.000000 151.000000 125.798772 1.000000 1.000000 0.000000 0.000000 1.000000 1.154701 1.154701 0.000000 1.000000 1.000000 1.414214 135.000000 1.000000 -90.000000 
42.000000 151.000000 59.043701 1.000000 14.000000 15.060000 0.947849 0.583333 8.205889 2.615389 -88.452971 0.823529 0.531030 8.062258 97.125016 3.000000 0.000000 
39.000000 154.000000 56.450641 5.000000 7.000000 10.495000 0.942914 0.466667 6.326410 2.106922 -21.384413 0.777778 0.473038 5.830952 -149.036243 2.529822 108.434949 
24.000000 154.000000 159.279038 1.000000 19.000000 13.952000 0.754302 0.633333 6.301652 4.137210 62.063240 0.950000 0.817141 6.708204 116.565051 4.714952 -146.309932 
45.000000 155.000000 218.363131 1.000000 36.000000 20.891000 0.875300 0.562500 9.968342 4.820488 46.324485 1.000000 0.783269 10.000000 126.869898 4.949747 45.000000 
9.000000 155.000000 31.788836 8.000000 1.000000 0.000000 0.000000 1.000000 1.154701 1.154701 0.000000 1.000000 1.000000 1.414214 135.000000 1.000000 -90.000000 
34.000000 155.000000 119.932025 1.000000 26.000000 26.043000 0.962015 0.393939 12.936535 3.531641 -65.966923 0.764706 0.383598 12.083046 -114.443955 4.472136 -26.565051 
20.000000 157.000000 41.303277 1.000000 6.000000 8.510000 0.942928 0.600000 5.514176 1.836202 4.731161 0.857143 0.555380 5.099020 168.690068 2.000000 -90.000000 
29.000000 156.000000 69.864963 1.000000 3.000000 4.590000 0.928995 0.500000 3.854129 1.426385 -61.845034 0.750000 0.630657 3.605551 -123.690068 1.788854 153.434949 
6.000000 163.000000 43.475505 5.000000 23.000000 24.546000 0.979762 0.319444 13.094428 2.621052 22.500000 0.793103 0.377023 13.416408 153.434949 3.277152 -110.556045 
40.000000 160.000000 215.635736 3.000000 17.000000 12.455000 0.681920 0.708333 5.595778 4.092904 -19.568064 0.944444 0.878212 6.324555 -161.565051 4.000000 -90.000000 
51.000000 158.000000 29.656134 1.000000 1.000000 0.000000 0.000000 1.000000 1.154701 1.154701 0.000000 1.000000 1.000000 1.414214 135.000000 1.000000 -90.000000 
17.000000 160.000000 36.155328 2.000000 9.000000 11.438000 0.949634 0.360000 6.962370 2.181737 48.112915 0.818182 0.532061 6.403124 128.659808 2.800000 -143.130102 
37.000000 160.000000 50.353805 1.000000 9.000000 8.146000 0.761303 0.750000 4.404498 2.855863 54.217474 1.000000 0.887666 5.000000 126.869898 3.000000 0.000000 
44.000000 176.000000 64.281526 1.000000 67.000000 65.450000 0.982856 0.308756 34.523300 6.365265 1.406605 0.418750 0.178955 31.064449 176.308614 6.729596 -91.909152 
19.000000 161.000000 33.856494 6.000000 3.000000 3.920000 0.942809 1.000000 3.464102 1.154701 0.000000 1.000000 0.756007 3.162278 161.565051 1.000000 -90.000000 
37.000000 164.000000 178.975070 2.000000 42.000000 23.620000 0.759769 0.600000 9.394232 6.108068 72.806947 0.893617 0.736945 10.198039 101.309932 6.870728 21.801409 
20.000000 164.000000 30.884625 8.000000 1.000000 0.000000 0.000000 1.000000 1.154701 1.154701 0.000000 1.000000 1.000000 1.414214 135.000000 1.000000 -90.000000 
26.000000 168.000000 147.250654 1.000000 60.000000 34.346000 0.949119 0.571429 16.297792 5.132443 77.893625 0.833333 0.536520 15.297059 101.309932 5.640192 12.528808 
11.000000 172.000000 73.340683 3.000000 3.000000 5.624000 0.769800 0.500000 3.464102 2.211083 0.000000 0.750000 0.490646 3.162278 161.565051 2.000000 -90.000000 
15.000000 172.000000 108.878760 1.000000 27.000000 18.939000 0.903368 0.482143 9.371490 4.019108 55.066504 0.931034 0.695909 9.219544 130.601295 4.630462 -149.036243 
36.000000 172.000000 174.511107 1.000000 42.000000 23.115000 0.674180 0.875000 8.861494 6.544805 -2.142399 0.913043 0.765566 9.433981 -147.994617 6.000000 -90.000000 
19.000000 174.000000 78.404234 1.000000 8.000000 9.734000 0.922425 0.800000 5.706206 2.203605 5.198667 0.888889 0.606409 5.385165 158.198591 2.000000 -90.000000 
27.000000 176.000000 145.183741 1.000000 54.000000 46.073000 0.822151 0.428571 14.456395 8.229578 85.652469 0.620690 0.280166 14.560220 105.945396 9.000000 0.000000 
9.000000 176.000000 152.761273 2.000000 16.000000 12.736000 0.861801 0.666667 6.616471 3.356186 69.448481 0.888889 0.797555 6.708204 116.565051 3.794733 18.434949 
14.000000 178.000000 184.221074 1.000000 30.000000 23.049000 0.955036 0.454545 12.048217 3.572178 72.329091 0.833333 0.549592 11.401754 105.255119 4.096440 -159.443955 
5.000000 178.000000 71.370620 1.000000 11.000000 10.958000 0.816049 0.733333 5.362936 3.099687 17.722855 0.846154 0.695328 5.830952 149.036243 3.000000 -90.000000 
35.000000 180.000000 172.246644 1.000000 51.000000 41.591000 0.417750 0.566667 10.030947 9.113738 14.800242 0.708333 0.320282 11.401754 127.874984 9.000000 0.000000 
7.000000 181.000000 81.238214 1.000000 2.000000 1.960000 0.866025 1.000000 2.309401 1.154701 90.000000 1.000000 0.965669 2.236068 116.565051 1.000000 0.000000 
23.000000 183.000000 130.441586 1.000000 49.000000 26.804000 0.776228 0.510417 11.229002 7.079350 76.948972 0.816667 0.686657 12.041595 94.763642 7.427814 21.801409 
12.000000 186.000000 144.825258 1.000000 42.000000 30.087000 0.976205 0.375000 16.168794 3.506203 64.767108 0.875000 0.478008 15.652476 116.565051 4.024922 26.565051 
18.000000 188.000000 93.725064 2.000000 26.000000 17.442000 0.843530 0.530612 8.304955 4.460445 40.000812 0.928571 0.771154 8.062258 119.744881 4.949747 45.000000 
32.000000 189.000000 122.839313 1.000000 3.000000 4.590000 0.928995 0.500000 3.854129 1.426385 61.845034 0.750000 0.630657 3.605551 123.690068 1.788854 -153.434949 
5.000000 191.000000 41.442965 3.000000 6.000000 7.402000 0.795357 0.500000 4.379109 2.654360 -30.778536 0.857143 0.678241 4.472136 -153.434949 2.828427 -45.000000 
9.000000 195.000000 78.788692 1.000000 44.000000 35.430000 0.977471 0.261905 18.733842 3.954170 45.487916 0.733333 0.371644 17.804494 141.842773 4.949747 45.000000 
17.000000 196.000000 74.954286 4.000000 25.000000 19.931000 0.946935 0.625000 10.436377 3.354505 -4.783010 0.833333 0.590143 10.198039 -168.690068 3.818377 98.130102 
30.000000 198.000000 150.620301 1.000000 73.000000 39.350000 0.959251 0.372449 19.699321 5.566123 45.913569 0.839080 0.508074 19.104973 132.878904 6.757246 -132.510447 
43.000000 194.000000 208.103268 1.000000 39.000000 25.671000 0.936834 0.433333 12.549683 4.389547 -42.874555 0.866667 0.590350 12.206556 -145.007980 5.505586 -50.194429 
33.000000 206.000000 92.968696 1.000000 1.000000 0.000000 0.000000 1.000000 1.154701 1.154701 0.000000 1.000000 1.000000 1.414214 135.000000 1.000000 -90.000000 
51.000000 202.000000 155.332283 1.000000 40.000000 23.066000 0.901683 0.493827 11.396984 4.928024 -44.698883 0.909091 0.731839 10.816654 -146.309932 5.656854 -45.000000 
13.000000 201.000000 48.851685 1.000000 12.000000 15.730000 0.964125 0.500000 8.852508 2.349890 80.381785 0.800000 0.423423 8.246211 104.036243 3.000000 0.000000 
39.000000 208.000000 79.191938 1.000000 48.000000 44.627000 0.989456 0.188235 22.446408 3.250922 42.299851 0.750000 0.264342 22.022716 140.527540 4.242641 45.000000 
19.000000 202.000000 55.909585 1.000000 7.000000 8.328000 0.910849 0.700000 5.125685 2.115574 -85.692176 1.000000 0.668670 5.099020 101.309932 2.000000 0.000000 
47.000000 203.000000 29.706688 12.000000 1.000000 0.000000 0.000000 1.000000 1.154701 1.154701 0.000000 1.000000 1.000000 1.414214 135.000000 1.000000 -90.000000 
10.000000 206.000000 34.201696 6.000000 5.000000 8.510000 0.962333 0.500000 5.887652 1.600692 11.749283 0.833333 0.462817 5.385165 158.198591 1.940285 75.963757 
16.000000 205.000000 76.173731 5.000000 17.000000 13.100000 0.876910 0.809524 6.819810 3.277972 0.000000 1.000000 0.809844 7.071068 171.869898 3.000000 -90.000000 
44.000000 209.000000 58.302925 1.000000 15.000000 17.434000 0.952689 0.375000 8.858594 2.692536 26.599374 0.789474 0.445242 8.944272 153.434949 3.429972 59.036243 
23.000000 215.000000 118.041555 1.000000 88.000000 60.116000 0.980785 0.523810 28.698274 5.598786 -1.081782 0.671756 0.276355 28.284271 -171.869898 6.000000 -90.000000 
58.000000 206.000000 142.402921 1.000000 27.000000 19.030000 0.787290 0.562500 7.986979 4.924639 -78.325536 0.870968 0.690208 8.246211 -104.036243 5.813777 -26.565051 
53.000000 208.000000 93.018606 2.000000 15.000000 13.216000 0.631882 0.625000 5.354987 4.150462 -86.790607 0.882353 0.704470 6.324555 -108.434949 4.000000 0.000000 
15.000000 209.000000 41.278193 3.000000 4.000000 3.556000 0.000000 1.000000 2.309401 2.309401 0.000000 1.000000 1.000000 2.828427 135.000000 2.000000 -90.000000 
17.000000 209.000000 47.003251 1.000000 4.000000 4.590000 0.731925 0.666667 3.055050 2.081666 0.000000 1.000000 0.840876 3.162278 161.565051 2.000000 -90.000000 
47.000000 210.000000 128.420602 1.000000 20.000000 17.905000 0.935783 0.416667 9.318394 3.285453 59.887395 0.869565 0.567383 9.219544 130.601295 3.939193 -156.801409 
18.000000 225.000000 68.645044 2.000000 64.000000 55.848000 0.994380 0.296296 30.159440 3.193104 -10.916924 0.719101 0.231121 28.160256 -163.495639 3.881206 100.007980 
59.000000 215.000000 92.364037 3.000000 28.000000 18.451000 0.799873 0.583333 7.973767 4.785607 33.995209 0.965517 0.754672 8.944272 153.434949 5.656854 45.000000 
9.000000 213.000000 30.508287 5.000000 3.000000 3.920000 0.942809 1.000000 3.464102 1.154701 0.000000 1.000000 0.756007 3.162278 161.565051 1.000000 -90.000000 
51.000000 215.000000 122.195152 5.000000 25.000000 19.468000 0.894304 0.625000 9.043258 4.046498 10.600869 0.833333 0.614560 8.944272 153.434949 4.384062 -98.130102 
38.000000 216.000000 114.658606 1.000000 41.000000 27.375000 0.952393 0.372727 14.021724 4.274865 48.630403 0.891304 0.553250 13.038405 122.471192 4.949747 45.000000 
29.000000 220.000000 68.892244 2.000000 31.000000 35.289000 0.967678 0.413333 16.539886 4.171154 4.264646 0.553571 0.263765 15.132746 -172.405357 5.000000 -90.000000 
8.000000 222.000000 37.486546 2.000000 7.000000 11.421000 0.962704 0.583333 7.403870 2.003159 8.984570 0.700000 0.414792 6.324555 161.565051 2.000000 -90.000000 
56.000000 219.000000 101.104282 2.000000 12.000000 10.214000 0.537484 0.600000 4.472136 3.771236 0.000000 1.000000 0.845405 5.099020 168.690068 4.000000 -90.000000 
60.000000 223.000000 75.943815 5.000000 28.000000 30.699000 0.964374 0.358974 15.385479 4.070128 12.503313 0.560000 0.307250 13.928388 158.962489 5.172262 73.300756 
33.000000 223.000000 58.488842 1.000000 24.000000 20.965000 0.916568 0.533333 9.969238 3.986486 5.426924 0.750000 0.518979 9.486833 -161.565051 4.525483 81.869898 
49.000000 224.000000 68.461817 1.000000 33.000000 34.570000 0.954805 0.392857 15.382337 4.572129 -2.003605 0.550000 0.291591 14.317821 -167.905243 5.647093 -94.763642 
54.000000 225.000000 101.730695 5.000000 37.000000 25.836000 0.909931 0.672727 11.588949 4.806621 -2.296805 0.770833 0.553716 11.401754 164.744881 5.000000 -90.000000 
44.000000 230.000000 62.404972 1.000000 40.000000 27.862000 0.957825 0.714286 14.132411 4.060989 87.488989 0.952381 0.522933 14.142136 -98.130102 4.000000 0.000000 
34.000000 232.000000 52.257835 5.000000 33.000000 24.637000 0.944452 0.412500 12.422360 4.082588 -30.212518 0.825000 0.537407 12.206556 -145.007980 5.200000 126.869898 
56.000000 232.000000 97.827818 5.000000 18.000000 15.275000 0.886299 0.514286 7.480015 3.464102 -18.434949 0.857143 0.666905 7.280110 -164.054604 3.794733 -71.565051 
28.000000 231.000000 37.114316 1.000000 2.000000 1.960000 0.866025 1.000000 2.309401 1.154701 0.000000 1.000000 0.965669 2.236068 153.434949 1.000000 -90.000000 
25.000000 233.000000 36.334859 2.000000 3.000000 3.920000 0.942809 1.000000 3.464102 1.154701 90.000000 1.000000 0.756007 3.162278 108.434949 1.000000 0.000000 
47.000000 236.000000 53.697570 1.000000 21.000000 20.642000 0.982069 0.954545 12.207598 2.301424 89.204430 1.000000 0.466524 11.180340 100.304846 2.000000 0.000000 
59.000000 236.000000 55.436764 8.000000 10.000000 8.146000 0.657536 0.833333 4.258325 3.208323 90.000000 1.000000 0.986296 4.472136 116.565051 3.000000 0.000000 
