189
32.000000 116.000000 11.208377 1.000000 10886.000000 591.556000 0.959130 0.708724 281.863698 79.757495 -0.066613 0.708724 0.386799 248.386795 165.068583 64.000000 -90.000000 
16.000000 5.000000 104.059260 7.000000 8.000000 7.774000 0.782273 0.666667 4.279143 2.665633 19.329904 1.000000 0.843733 4.472136 153.434949 3.000000 -90.000000 
24.000000 7.000000 42.230232 1.000000 23.000000 23.388000 0.958217 0.638889 11.166834 3.194196 88.455422 0.793103 0.410654 12.165525 99.462322 3.000000 0.000000 
36.000000 7.000000 30.714606 5.000000 3.000000 4.590000 0.928995 0.500000 3.854129 1.426385 28.154966 0.750000 0.630657 3.605551 146.309932 1.788854 -116.565051 
17.000000 10.000000 118.087571 6.000000 18.000000 13.563000 0.888316 0.857143 7.191077 3.302376 3.545307 1.000000 0.810607 7.280110 164.054604 3.000000 -90.000000 
33.000000 11.000000 40.516548 1.000000 11.000000 15.548000 0.959824 0.458333 8.548561 2.398762 80.960461 0.647059 0.395734 8.062258 97.125016 2.794783 -170.537678 
44.000000 10.000000 57.427856 1.000000 23.000000 19.956000 0.902315 0.638889 9.320823 4.017999 89.338447 0.766667 0.541757 9.055385 96.340192 4.000000 0.000000 
10.000000 14.000000 40.578216 7.000000 9.000000 13.588000 0.950154 0.428571 7.701956 2.401312 -10.822218 0.692308 0.404093 7.280110 -164.054604 2.630384 99.462322 
22.000000 12.000000 56.830068 1.000000 21.000000 23.876000 0.974864 0.381818 12.669026 2.822664 73.449788 0.700000 0.361523 11.704700 109.983107 4.070499 -156.801409 
40.000000 12.000000 42.540849 1.000000 5.000000 5.814000 0.743786 0.555556 3.529850 2.359413 55.900705 0.833333 0.783414 3.605551 123.690068 2.683282 -153.434949 
52.000000 13.000000 47.899828 1.000000 20.000000 21.064000 0.978442 0.454545 12.133725 2.505872 -77.222887 0.769231 0.428952 11.401754 -105.255119 3.123581 170.537678 
18.000000 18.000000 87.322819 5.000000 27.000000 17.880000 0.898034 0.675000 9.069899 3.990080 -21.145770 0.931034 0.767790 9.433981 -147.994617 4.608177 -75.963757 
53.000000 20.000000 36.524040 1.000000 9.000000 9.552000 0.898456 0.600000 5.542552 2.433534 74.674666 0.818182 0.701913 5.385165 111.801409 2.846050 18.434949 
18.000000 22.000000 78.744945 7.000000 6.000000 7.220000 0.683813 0.500000 4.030109 2.940597 -79.721977 0.857143 0.702276 4.123106 104.036243 3.000000 0.000000 
34.000000 25.000000 69.393416 1.000000 17.000000 19.584000 0.638597 0.404762 6.378771 4.908727 -86.935460 0.772727 0.413646 7.071068 98.130102 5.547002 -33.690068 
60.000000 24.000000 29.890502 8.000000 2.000000 2.812000 0.925820 0.500000 3.055050 1.154701 -45.000000 1.000000 0.709058 2.828427 -135.000000 1.414214 -45.000000 
25.000000 25.000000 43.012750 1.000000 7.000000 9.461000 0.954630 0.466667 6.296111 1.874953 69.699353 0.777778 0.553845 5.830952 120.963757 2.213594 18.434949 
44.000000 25.000000 64.909685 1.000000 7.000000 8.998000 0.928683 0.466667 5.674257 2.104437 -69.407037 0.777778 0.596897 5.385165 -111.801409 2.529822 -18.434949 
19.000000 28.000000 94.046672 1.000000 29.000000 27.490000 0.981940 0.517857 15.323626 2.899115 -1.686058 0.743590 0.388391 14.142136 171.869898 3.349823 -84.805571 
42.000000 27.000000 36.081415 1.000000 7.000000 13.307000 0.962305 0.388889 7.563752 2.057141 -74.820942 0.636364 0.325125 6.708204 -116.565051 2.425356 -14.036243 
52.000000 28.000000 61.251261 1.000000 38.000000 34.942000 0.979332 0.296875 17.869852 3.614360 -69.085281 0.690909 0.329244 17.088007 -110.556045 4.558331 162.897271 
27.000000 29.000000 42.840207 1.000000 6.000000 8.146000 0.932211 0.500000 5.428896 1.964795 70.670096 0.750000 0.591778 5.000000 126.869898 2.213594 18.434949 
38.000000 27.000000 64.062527 1.000000 8.000000 8.998000 0.580609 0.500000 4.205954 3.424415 -28.488066 0.800000 0.682168 4.472136 -153.434949 3.794733 -71.565051 
32.000000 28.000000 32.788867 4.000000 4.000000 6.368000 0.918559 0.444444 4.618802 1.825742 45.000000 0.800000 0.555835 4.242641 135.000000 2.121320 45.000000 
30.000000 32.000000 33.183036 5.000000 2.000000 2.812000 0.925820 0.500000 3.055050 1.154701 45.000000 1.000000 0.709058 2.828427 135.000000 1.414214 45.000000 
49.000000 33.000000 34.459901 9.000000 4.000000 7.220000 0.966087 0.333333 5.361879 1.384531 -31.717474 0.800000 0.468184 5.000000 -143.130102 1.788854 -63.434949 
40.000000 32.000000 31.624940 1.000000 3.000000 4.590000 0.928995 0.500000 3.854129 1.426385 -61.845034 0.750000 0.630657 3.605551 -123.690068 1.788854 153.434949 
24.000000 35.000000 67.161215 1.000000 20.000000 20.692000 0.964202 0.500000 11.072751 2.936130 78.318861 0.769231 0.442447 10.440307 106.699244 4.000000 0.000000 
18.000000 37.000000 52.034757 6.000000 11.000000 12.174000 0.536394 0.550000 4.668018 3.939657 -31.177012 0.916667 0.589298 5.385165 -158.198591 4.000000 -90.000000 
41.000000 38.000000 54.445842 1.000000 26.000000 23.115000 0.920195 0.520000 10.629956 4.161210 -88.809093 0.742857 0.473922 10.198039 101.309932 5.000000 0.000000 
48.000000 39.000000 52.869404 1.000000 27.000000 23.206000 0.929573 0.450000 11.192632 4.126019 77.554013 0.750000 0.488756 11.180340 116.565051 5.617975 -159.443955 
21.000000 44.000000 69.497109 1.000000 56.000000 32.477000 0.950305 0.622222 15.874159 4.941927 -5.107499 0.848485 0.554682 15.132746 172.405357 5.581563 -82.874984 
31.000000 40.000000 62.825677 1.000000 24.000000 23.694000 0.968623 0.500000 12.193335 3.030460 80.203404 0.800000 0.418792 12.369317 104.036243 4.000000 0.000000 
40.000000 42.000000 39.069282 1.000000 14.000000 16.383000 0.970010 0.437500 9.861428 2.396962 -72.715464 0.700000 0.461502 8.944272 -116.565051 3.021932 -15.945396 
57.000000 46.000000 45.907623 1.000000 14.000000 14.878000 0.952104 0.583333 8.112884 2.480706 -82.059606 0.823529 0.541811 8.246211 -104.036243 3.000000 0.000000 
31.000000 48.000000 36.722649 10.000000 6.000000 8.626000 0.952745 0.375000 5.705418 1.733136 -48.455614 1.000000 0.544485 5.656854 -135.000000 2.121320 -45.000000 
46.000000 49.000000 46.685171 2.000000 6.000000 7.683000 0.885615 0.500000 4.760952 2.211083 71.565051 0.750000 0.643484 4.472136 116.565051 2.529822 18.434949 
39.000000 51.000000 79.473235 1.000000 45.000000 30.542000 0.958924 0.642857 15.167159 4.302370 -85.296282 0.803571 0.498409 14.142136 -98.130102 5.000000 0.000000 
55.000000 52.000000 61.957547 2.000000 9.000000 10.288000 0.932998 0.750000 6.081723 2.188704 -86.829904 0.900000 0.627085 6.082763 99.462322 2.000000 0.000000 
31.000000 52.000000 53.362781 1.000000 4.000000 4.590000 0.731925 0.666667 3.055050 2.081666 90.000000 1.000000 0.840876 3.162278 108.434949 2.000000 0.000000 
49.000000 55.000000 36.848675 1.000000 16.000000 25.026000 0.987866 0.177778 14.595490 2.266790 -48.314666 0.615385 0.253414 12.806248 -128.659808 3.279649 141.340192 
23.000000 53.000000 46.271050 7.000000 2.000000 2.812000 0.925820 0.500000 3.055050 1.154701 -45.000000 1.000000 0.709058 2.828427 -135.000000 1.414214 -45.000000 
58.000000 53.000000 86.262845 1.000000 13.000000 15.366000 0.854478 0.541667 6.886889 3.577648 -83.361801 0.722222 0.476929 6.324555 108.434949 3.880570 165.963757 
20.000000 54.000000 61.762372 1.000000 10.000000 9.643000 0.841858 0.666667 5.205254 2.809270 -0.477421 0.909091 0.768840 5.385165 -158.198591 3.000000 -90.000000 
17.000000 56.000000 37.437481 1.000000 7.000000 9.461000 0.952634 0.466667 6.140814 1.867535 -65.952971 0.777778 0.553845 5.830952 -120.963757 2.236068 -26.565051 
22.000000 56.000000 69.358600 5.000000 4.000000 4.590000 0.731925 0.666667 3.055050 2.081666 0.000000 1.000000 0.840876 3.162278 161.565051 2.000000 -90.000000 
31.000000 57.000000 66.916340 1.000000 21.000000 16.565000 0.918334 0.656250 8.804761 3.484986 75.963757 0.875000 0.679526 8.544004 110.556045 3.922323 11.309932 
60.000000 58.000000 40.440554 1.000000 8.000000 8.146000 0.684830 0.666667 4.134143 3.012562 1.788167 0.888889 0.789037 4.472136 -153.434949 3.000000 -90.000000 
21.000000 69.000000 88.048210 1.000000 93.000000 54.161000 0.986228 0.596154 29.337084 4.852131 4.763175 0.775000 0.355913 26.305893 171.253838 5.517557 87.273689 
26.000000 59.000000 53.553841 2.000000 7.000000 6.922000 0.856222 0.875000 4.312826 2.228038 81.650378 1.000000 0.868564 4.472136 116.565051 2.000000 0.000000 
38.000000 59.000000 31.793222 10.000000 4.000000 4.590000 0.731925 0.666667 3.055050 2.081666 90.000000 1.000000 0.840876 3.162278 108.434949 2.000000 0.000000 
56.000000 60.000000 49.371762 1.000000 16.000000 12.364000 0.515826 0.640000 5.170463 4.429501 63.032193 0.941176 0.836283 5.830952 120.963757 4.743416 18.434949 
42.000000 61.000000 92.768702 1.000000 32.000000 18.732000 0.724483 0.666667 7.933225 5.468316 -83.938425 0.914286 0.840465 8.246211 104.036243 5.820855 -14.036243 
50.000000 62.000000 67.902316 1.000000 25.000000 20.510000 0.930078 0.555556 10.496049 3.855856 80.792260 0.781250 0.561603 9.486833 108.434949 4.384062 8.130102 
32.000000 63.000000 75.732214 1.000000 38.000000 29.392000 0.971365 0.542857 15.433587 3.666896 78.780894 0.775510 0.451159 14.142136 98.130102 4.118439 -168.690068 
60.000000 62.000000 49.102241 1.000000 7.000000 6.831000 0.688972 0.777778 3.763583 2.727798 -59.527302 0.875000 0.884488 4.242641 -135.000000 3.000000 -90.000000 
38.000000 67.000000 64.041738 1.000000 47.000000 42.608000 0.985814 0.309211 21.384511 3.589186 73.149786 0.701493 0.282185 20.248457 110.224859 4.564605 20.556045 
53.000000 69.000000 34.816813 1.000000 5.000000 8.998000 0.974418 0.333333 6.444305 1.448307 62.876944 0.714286 0.426355 5.830952 120.963757 1.788854 26.565051 
25.000000 74.000000 43.394890 1.000000 8.000000 9.461000 0.938002 0.533333 5.932003 2.056211 -68.645305 0.800000 0.632966 5.830952 -120.963757 2.529822 -18.434949 
33.000000 74.000000 53.061614 1.000000 6.000000 6.459000 0.778499 0.666667 3.829708 2.403701 45.000000 1.000000 0.818022 4.242641 135.000000 2.828427 -135.000000 
48.000000 74.000000 58.813794 1.000000 8.000000 7.501000 0.765333 0.666667 4.260095 2.741945 -65.592963 1.000000 0.887575 4.472136 -116.565051 3.000000 0.000000 
40.000000 75.000000 103.375502 1.000000 56.000000 32.750000 0.951414 0.583333 15.774347 4.857135 -89.683318 0.835821 0.546276 16.124515 97.125016 5.794288 -5.194429 
32.000000 80.000000 55.384414 1.000000 5.000000 5.624000 0.000000 0.555556 2.780887 2.780887 0.000000 1.000000 0.817744 3.162278 108.434949 2.828427 -45.000000 
50.000000 80.000000 49.392929 1.000000 58.000000 47.082000 0.979468 0.362500 22.408479 4.517503 73.471430 0.666667 0.288950 21.189620 109.290046 5.488260 17.354025 
27.000000 81.000000 80.115463 1.000000 27.000000 19.286000 0.846723 0.675000 8.589890 4.570114 -84.377668 0.843750 0.674541 8.944272 -116.565051 5.000000 0.000000 
22.000000 82.000000 56.616714 2.000000 1.000000 0.000000 0.000000 1.000000 1.154701 1.154701 0.000000 1.000000 1.000000 1.414214 135.000000 1.000000 -90.000000 
33.000000 82.000000 55.414574 11.000000 3.000000 3.920000 0.942809 1.000000 3.464102 1.154701 90.000000 1.000000 0.756007 3.162278 108.434949 1.000000 0.000000 
8.000000 84.000000 32.187882 9.000000 1.000000 0.000000 0.000000 1.000000 1.154701 1.154701 0.000000 1.000000 1.000000 1.414214 135.000000 1.000000 -90.000000 
18.000000 85.000000 88.301510 5.000000 21.000000 14.142000 0.634452 0.700000 6.083470 4.702294 21.118071 0.913043 0.883408 6.403124 128.659808 5.000000 -90.000000 
10.000000 87.000000 31.573790 9.000000 2.000000 2.812000 0.925820 0.500000 3.055050 1.154701 -45.000000 1.000000 0.709058 2.828427 -135.000000 1.414214 -45.000000 
26.000000 87.000000 75.574986 1.000000 38.000000 32.361000 0.982377 0.593750 17.077980 3.192070 81.153786 0.808511 0.378855 16.492423 104.036243 3.721042 -172.874984 
61.000000 89.000000 47.544597 3.000000 5.000000 6.550000 0.889464 0.625000 4.253087 1.943686 5.152423 1.000000 0.668944 4.123106 165.963757 2.000000 -90.000000 
17.000000 90.000000 80.116857 3.000000 16.000000 13.307000 0.748748 0.666667 5.958554 3.949659 -11.067746 0.941176 0.743143 6.324555 -161.565051 4.000000 -90.000000 
39.000000 91.000000 49.378447 1.000000 6.000000 6.459000 0.778499 0.666667 3.829708 2.403701 45.000000 1.000000 0.818022 4.242641 135.000000 2.828427 -135.000000 
56.000000 91.000000 41.866518 2.000000 11.000000 14.696000 0.976348 0.458333 9.006803 1.947333 71.741404 0.785714 0.434440 8.544004 110.556045 2.529822 18.434949 
24.000000 92.000000 63.291509 1.000000 24.000000 24.910000 0.975588 0.500000 12.981216 2.850773 78.758386 0.750000 0.383271 12.369317 104.036243 3.452379 9.462322 
41.000000 92.000000 51.419159 1.000000 20.000000 14.233000 0.841388 0.666667 7.024030 3.796007 41.877004 0.952381 0.832551 7.810250 140.194429 4.242641 45.000000 
48.000000 93.000000 58.050264 1.000000 36.000000 21.312000 0.912134 0.900000 10.757247 4.409322 -84.290280 1.000000 0.756532 10.770330 -111.801409 4.000000 0.000000 
59.000000 96.000000 40.458281 1.000000 19.000000 17.905000 0.952666 0.395833 9.490797 2.885395 30.397269 0.791667 0.539014 10.000000 143.130102 3.577709 -116.565051 
35.000000 94.000000 56.983845 1.000000 26.000000 18.525000 0.897311 0.812500 9.171853 4.048448 85.597997 0.928571 0.695988 8.544004 110.556045 4.000000 0.000000 
43.000000 94.000000 36.140811 1.000000 5.000000 4.962000 0.765092 0.833333 3.306559 2.129163 -18.434949 1.000000 0.956808 3.605551 -146.309932 2.000000 -90.000000 
16.000000 111.000000 81.736443 1.000000 115.000000 73.174000 0.993273 0.547619 37.900268 4.388775 3.855958 0.723270 0.248131 35.355339 171.869898 5.489289 -93.576334 
29.000000 96.000000 35.919191 3.000000 5.000000 8.717000 0.968023 0.312500 6.215727 1.559295 40.934949 0.833333 0.446800 5.656854 135.000000 2.121320 -135.000000 
9.000000 99.000000 30.292113 5.000000 2.000000 2.812000 0.925820 0.500000 3.055050 1.154701 45.000000 1.000000 0.709058 2.828427 135.000000 1.414214 45.000000 
53.000000 100.000000 36.715521 1.000000 10.000000 14.696000 0.966859 0.357143 8.809531 2.249183 -69.288167 0.666667 0.394946 8.062258 -119.744881 2.785430 158.198591 
36.000000 101.000000 47.692547 1.000000 35.000000 27.101000 0.973180 0.833333 14.334382 3.297543 87.199805 0.945946 0.480883 14.142136 98.130102 3.000000 0.000000 
26.000000 103.000000 73.430335 1.000000 28.000000 21.403000 0.948064 0.933333 10.939861 3.479736 -88.629865 0.965517 0.584058 10.440307 -106.699244 3.000000 0.000000 
50.000000 105.000000 40.751305 2.000000 5.000000 4.962000 0.765092 0.833333 3.306559 2.129163 -71.565051 1.000000 0.956808 3.605551 -123.690068 2.000000 0.000000 
57.000000 108.000000 56.918091 1.000000 42.000000 32.394000 0.972383 0.466667 16.743335 3.907775 12.640215 0.750000 0.417957 15.524175 165.068583 4.767571 80.537678 
44.000000 108.000000 64.473583 1.000000 53.000000 32.229000 0.940548 0.473214 15.485350 5.259772 71.929984 0.768116 0.532355 14.560220 105.945396 5.938523 -163.300756 
52.000000 110.000000 38.293753 1.000000 5.000000 4.962000 0.765092 0.833333 3.306559 2.129163 71.565051 1.000000 0.956808 3.605551 123.690068 2.000000 0.000000 
27.000000 113.000000 36.549872 1.000000 10.000000 16.656000 0.984522 0.370370 10.256482 1.797563 73.878181 0.769231 0.320616 9.486833 108.434949 2.335130 -164.054604 
35.000000 111.000000 35.287942 1.000000 4.000000 5.814000 0.774597 0.444444 3.651484 2.309401 -45.000000 0.800000 0.626731 3.605551 -146.309932 2.683282 -63.434949 
26.000000 119.000000 59.614287 1.000000 13.000000 14.696000 0.965909 0.541667 8.520229 2.205734 72.221851 0.928571 0.513429 8.544004 110.556045 2.846050 -161.565051 
45.000000 118.000000 42.100809 1.000000 4.000000 5.053000 0.866025 0.666667 3.651484 1.825742 71.565051 1.000000 0.748540 3.605551 123.690068 2.000000 0.000000 
50.000000 118.000000 59.468074 1.000000 21.000000 20.527000 0.824711 0.428571 8.364976 4.730848 56.582089 0.750000 0.471069 8.602325 125.537678 5.656854 -135.000000 
37.000000 120.000000 48.603728 1.000000 8.000000 8.882000 0.920807 0.800000 5.445698 2.123921 81.322988 0.888889 0.695395 5.385165 111.801409 2.000000 0.000000 
46.000000 120.000000 38.597652 1.000000 4.000000 4.590000 0.731925 0.666667 3.055050 2.081666 90.000000 1.000000 0.840876 3.162278 108.434949 2.000000 0.000000 
43.000000 121.000000 30.782143 2.000000 1.000000 0.000000 0.000000 1.000000 1.154701 1.154701 0.000000 1.000000 1.000000 1.414214 135.000000 1.000000 -90.000000 
53.000000 120.000000 71.795498 1.000000 26.000000 23.802000 0.805611 0.481481 9.065209 5.370632 12.804915 0.787879 0.450062 9.219544 167.471192 6.000000 -90.000000 
32.000000 123.000000 42.145597 1.000000 14.000000 15.548000 0.958602 0.437500 8.966219 2.553130 75.017617 0.736842 0.503661 8.246211 104.036243 3.152963 -165.963757 
57.000000 122.000000 40.560476 1.000000 1.000000 0.000000 0.000000 1.000000 1.154701 1.154701 0.000000 1.000000 1.000000 1.414214 135.000000 1.000000 -90.000000 
23.000000 124.000000 57.771065 1.000000 29.000000 21.428000 0.936698 0.659091 10.711488 3.750499 -87.419451 0.906250 0.603687 11.045361 95.194429 4.000000 0.000000 
40.000000 127.000000 81.832445 1.000000 24.000000 25.125000 0.987030 0.272727 15.113533 2.426249 -56.666441 0.774194 0.377463 13.601471 -126.027373 3.050851 -33.690068 
57.000000 126.000000 169.056407 1.000000 25.000000 21.453000 0.945148 0.390625 10.748243 3.510831 -55.449366 0.833333 0.519363 10.630146 -138.814075 4.400000 -36.869898 
28.000000 126.000000 37.287953 1.000000 4.000000 4.590000 0.731925 0.666667 3.055050 2.081666 90.000000 1.000000 0.840876 3.162278 108.434949 2.000000 0.000000 
19.000000 129.000000 55.299557 7.000000 12.000000 14.903000 0.954071 0.428571 8.215701 2.461263 -67.573268 0.800000 0.463124 7.615773 -113.198591 2.971125 158.198591 
47.000000 129.000000 41.072531 1.000000 7.000000 8.419000 0.853277 0.583333 4.811222 2.508849 62.768839 0.875000 0.658185 5.000000 126.869898 3.000000 0.000000 
50.000000 130.000000 54.431391 5.000000 7.000000 11.992000 0.951823 0.388889 6.827172 2.093542 19.675876 0.777778 0.384082 6.324555 161.565051 2.529822 -108.434949 
15.000000 131.000000 66.475056 6.000000 10.000000 9.643000 0.841858 0.666667 5.205254 2.809270 -0.477421 0.909091 0.768840 5.385165 -158.198591 3.000000 -90.000000 
7.000000 133.000000 32.444926 7.000000 5.000000 8.328000 0.969048 0.500000 6.024504 1.487286 -17.143438 0.833333 0.477622 5.385165 -158.198591 1.897367 108.434949 
29.000000 135.000000 101.319936 1.000000 47.000000 38.994000 0.988221 0.261111 21.580850 3.302625 -64.825681 0.723077 0.332667 19.313208 -111.250506 4.349679 154.983107 
43.000000 132.000000 49.326875 7.000000 8.000000 9.552000 0.877927 0.533333 5.424193 2.597074 82.981878 0.800000 0.623923 5.385165 111.801409 2.910428 14.036243 
18.000000 133.000000 70.159335 1.000000 13.000000 11.330000 0.884107 0.722222 6.184232 2.889799 77.042082 0.928571 0.780047 6.324555 108.434949 3.000000 0.000000 
47.000000 133.000000 126.179891 1.000000 14.000000 10.958000 0.651305 0.700000 5.082604 3.856762 -59.237102 1.000000 0.884962 5.656854 -135.000000 4.000000 0.000000 
14.000000 136.000000 54.974020 2.000000 12.000000 12.248000 0.948458 0.857143 7.211103 2.285218 0.000000 1.000000 0.636703 7.071068 171.869898 2.000000 -90.000000 
56.000000 138.000000 196.276944 1.000000 53.000000 44.659000 0.917035 0.370629 16.550460 6.600425 -53.480846 0.662500 0.291487 14.764823 -118.300756 7.889321 138.366461 
27.000000 141.000000 130.767756 1.000000 93.000000 49.993000 0.976946 0.577640 24.528379 5.236502 -81.603862 0.823009 0.413941 23.345235 -99.865807 6.077702 172.874984 
41.000000 140.000000 189.467772 1.000000 16.000000 13.199000 0.903370 0.666667 7.246315 3.107666 -69.155471 0.888889 0.752999 7.211103 -123.690068 3.478505 -18.434949 
50.000000 141.000000 126.648814 1.000000 35.000000 30.037000 0.958921 0.538462 15.181588 4.306608 -78.292673 0.700000 0.399542 13.601471 -107.102729 5.000000 0.000000 
14.000000 143.000000 47.870509 2.000000 16.000000 15.523000 0.953113 0.666667 8.780982 2.657258 1.022704 0.842105 0.577155 8.246211 -165.963757 3.000000 -90.000000 
40.000000 143.000000 74.266184 1.000000 16.000000 16.193000 0.870382 0.457143 7.498237 3.691965 -80.583124 0.727273 0.537848 7.280110 105.945396 4.365641 165.963757 
48.000000 144.000000 214.723854 1.000000 16.000000 14.696000 0.936880 0.666667 7.987727 2.792918 -77.875923 0.888889 0.631913 8.246211 -104.036243 3.000000 0.000000 
32.000000 149.000000 85.891945 1.000000 72.000000 69.221000 0.988166 0.300000 33.424786 5.127061 -82.876809 0.483221 0.172788 30.016662 91.909152 6.439876 -10.304846 
48.000000 149.000000 217.049777 1.000000 42.000000 30.170000 0.962932 0.381818 15.186771 4.096522 51.719889 0.807692 0.475629 14.866069 132.273689 5.121475 -140.194429 
45.000000 169.000000 64.229947 1.000000 4.000000 4.408000 0.870424 0.666667 3.435909 1.691507 58.282526 1.000000 0.881907 3.605551 123.690068 2.000000 0.000000 
16.000000 154.000000 180.808030 1.000000 98.000000 52.962000 0.984205 0.560000 27.795786 4.920709 -82.546558 0.830508 0.391250 25.495098 -101.309932 5.374697 -6.709837 
32.000000 156.000000 168.235712 1.000000 32.000000 20.601000 0.854906 0.571429 9.269199 4.808702 -55.498284 0.888889 0.713351 9.433981 -122.005383 5.656854 -45.000000 
12.000000 171.000000 71.076059 1.000000 85.000000 59.049000 0.971336 0.425000 26.159824 6.218450 -2.877099 0.629630 0.276172 25.317978 -170.909723 7.562283 -84.289407 
29.000000 157.000000 129.100666 1.000000 6.000000 7.402000 0.795357 0.500000 4.379109 2.654360 -59.221464 0.857143 0.678241 4.472136 -116.565051 2.828427 -45.000000 
39.000000 158.000000 163.527500 1.000000 40.000000 23.711000 0.832234 0.500000 10.083708 5.590661 32.550778 0.851064 0.697104 10.198039 168.690068 6.260990 -116.565051 
5.000000 166.000000 44.134482 5.000000 22.000000 27.589000 0.986490 0.392857 15.085347 2.471280 10.808590 0.758621 0.292746 14.560220 164.054604 3.222986 -102.994617 
34.000000 164.000000 120.603325 1.000000 45.000000 22.958000 0.373717 0.703125 8.104642 7.517402 -67.465106 0.918367 0.830147 8.944272 116.565051 7.905694 161.565051 
19.000000 171.000000 44.041984 9.000000 5.000000 7.220000 0.948099 0.416667 5.066665 1.611077 -35.279983 1.000000 0.585230 5.000000 -143.130102 2.121320 -45.000000 
29.000000 172.000000 119.170572 1.000000 52.000000 36.083000 0.934822 0.412698 14.954465 5.310577 64.045973 0.742857 0.424714 14.866069 109.653824 6.677987 32.005383 
35.000000 175.000000 218.536173 2.000000 34.000000 22.073000 0.915521 0.772727 10.835085 4.358635 0.588352 0.971429 0.672024 11.180340 169.695154 4.000000 -90.000000 
20.000000 176.000000 123.698847 1.000000 29.000000 20.419000 0.936414 0.537037 10.828499 3.799688 63.377700 0.828571 0.656501 10.295630 119.054604 4.472136 -153.434949 
27.000000 180.000000 114.112763 1.000000 62.000000 50.688000 0.925147 0.407895 20.104719 7.631928 89.620155 0.607843 0.268881 19.026298 93.012788 8.000000 0.000000 
9.000000 185.000000 86.492553 2.000000 49.000000 33.726000 0.953350 0.340278 16.574749 5.003391 50.509818 0.753846 0.453019 16.278821 132.510447 6.090777 -141.340192 
19.000000 186.000000 112.008227 1.000000 3.000000 3.093000 0.730297 0.750000 2.581989 1.763834 45.000000 1.000000 0.969873 2.828427 135.000000 2.000000 -90.000000 
38.000000 188.000000 151.153313 2.000000 66.000000 40.111000 0.918646 0.392857 16.214623 6.406112 -31.274179 0.725275 0.443332 15.231546 -156.801409 7.765803 123.690068 
25.000000 188.000000 109.025631 1.000000 33.000000 25.878000 0.965062 0.333333 13.620392 3.568826 55.839182 0.825000 0.492426 12.529964 118.610460 4.301163 -144.462322 
10.000000 192.000000 41.748779 3.000000 8.000000 10.032000 0.825077 0.500000 5.126169 2.896388 58.282526 0.800000 0.579284 5.000000 126.869898 3.478505 -161.565051 
33.000000 192.000000 60.559010 1.000000 10.000000 11.992000 0.754403 0.500000 5.209116 3.419324 87.026568 0.769231 0.548688 5.385165 111.801409 3.880570 -14.036243 
14.000000 196.000000 97.872803 1.000000 39.000000 32.428000 0.976965 0.272727 17.771227 3.792366 50.471839 0.709091 0.387362 15.811388 124.695154 4.784463 -140.710593 
26.000000 196.000000 62.015018 1.000000 34.000000 30.749000 0.978527 0.257576 16.919491 3.487436 41.089403 0.739130 0.371989 15.620499 140.194429 4.242641 45.000000 
18.000000 201.000000 52.461474 1.000000 27.000000 36.976000 0.990735 0.250000 19.144676 2.599970 15.158160 0.642857 0.210816 18.973666 161.565051 3.434014 -105.945396 
6.000000 196.000000 32.467992 6.000000 2.000000 1.960000 0.866025 1.000000 2.309401 1.154701 0.000000 1.000000 0.965669 2.236068 153.434949 1.000000 -90.000000 
45.000000 197.000000 185.515824 2.000000 29.000000 20.064000 0.911864 0.453125 9.965925 4.090945 -44.445594 0.966667 0.676741 9.433981 -147.994617 4.242641 -45.000000 
57.000000 199.000000 36.894065 1.000000 14.000000 16.400000 0.963887 0.350000 9.042435 2.408111 -59.108678 1.000000 0.460700 9.433981 -122.005383 3.130495 -26.565051 
34.000000 201.000000 121.172466 1.000000 67.000000 38.986000 0.968493 0.348958 19.883775 4.951882 29.014061 0.827160 0.474407 18.601075 143.746162 6.135720 -122.471192 
41.000000 197.000000 44.649137 3.000000 5.000000 5.814000 0.901281 0.555556 4.163332 1.803700 -45.000000 1.000000 0.783414 4.242641 -135.000000 2.121320 -45.000000 
39.000000 203.000000 58.711179 4.000000 8.000000 14.250000 0.959088 0.266667 7.616867 2.156387 38.502692 0.727273 0.332369 7.211103 146.309932 2.773501 -123.690068 
45.000000 201.000000 38.984298 7.000000 4.000000 4.590000 0.731925 0.666667 3.055050 2.081666 90.000000 1.000000 0.840876 3.162278 108.434949 2.000000 0.000000 
52.000000 203.000000 175.546746 7.000000 31.000000 20.527000 0.916890 0.484375 10.255980 4.093568 -50.316454 0.939394 0.695387 10.000000 -143.130102 4.800000 -36.869898 
8.000000 202.000000 60.761415 4.000000 10.000000 8.998000 0.773102 0.666667 4.712847 2.989271 7.688126 0.909091 0.852711 5.099020 168.690068 3.000000 -90.000000 
11.000000 203.000000 42.987741 1.000000 8.000000 8.882000 0.920807 0.800000 5.445698 2.123921 -8.677012 1.000000 0.695395 5.385165 -158.198591 2.000000 -90.000000 
40.000000 211.000000 91.295754 1.000000 63.000000 55.213000 0.981696 0.207237 25.915830 4.935755 35.205517 0.594340 0.232488 23.021729 145.619655 6.101702 -123.690068 
6.000000 205.000000 39.808360 4.000000 10.000000 9.461000 0.853799 0.666667 5.341660 2.780887 15.255119 0.909091 0.791207 5.385165 158.198591 3.000000 -90.000000 
50.000000 207.000000 58.128541 5.000000 8.000000 10.032000 0.935858 0.400000 6.142599 2.164520 37.771622 0.888889 0.579284 5.830952 149.036243 2.773501 -123.690068 
11.000000 215.000000 71.265220 5.000000 62.000000 46.503000 0.984181 0.563636 23.960117 4.244953 -3.852615 0.720930 0.316124 22.360680 -169.695154 4.815206 -86.633539 
57.000000 207.000000 148.731613 1.000000 26.000000 17.996000 0.570996 0.619048 6.823192 5.601517 62.291072 0.928571 0.731261 8.062258 119.744881 6.000000 0.000000 
35.000000 208.000000 76.978410 3.000000 17.000000 14.440000 0.913931 0.485714 7.776252 3.156148 31.717474 0.894737 0.691102 7.615773 156.801409 3.605551 56.309932 
52.000000 209.000000 133.561370 1.000000 13.000000 12.273000 0.873208 0.520000 6.428454 3.132894 58.975485 0.866667 0.687526 6.403124 128.659808 3.577709 26.565051 
59.000000 210.000000 84.574728 3.000000 9.000000 11.628000 0.956626 0.375000 7.209951 2.100396 28.946872 0.750000 0.518460 6.708204 153.434949 2.683282 -116.565051 
47.000000 212.000000 136.223442 2.000000 22.000000 15.838000 0.826499 0.523810 7.327106 4.124711 49.773615 1.000000 0.767465 7.615773 113.198591 4.242641 45.000000 
20.000000 214.000000 41.674871 1.000000 20.000000 23.322000 0.973072 0.363636 12.024341 2.771622 73.340687 0.714286 0.358874 12.083046 114.443955 3.395499 -165.963757 
30.000000 215.000000 116.487092 1.000000 61.000000 31.344000 0.905225 0.586538 14.343261 6.094933 11.214153 0.847222 0.644561 13.928388 158.962489 7.288481 83.659808 
57.000000 215.000000 101.984443 5.000000 30.000000 22.007000 0.921314 0.600000 10.624921 4.131176 -9.889837 0.810811 0.596079 10.770330 -158.198591 5.000000 -90.000000 
61.000000 218.000000 114.841236 4.000000 7.000000 10.470000 0.965786 0.583333 6.778199 1.757848 3.941570 0.875000 0.474777 6.082763 170.537678 2.000000 -90.000000 
42.000000 216.000000 132.591470 3.000000 21.000000 13.869000 0.777260 0.700000 6.720183 4.228202 35.854808 0.954545 0.911990 7.211103 146.309932 4.919350 -116.565051 
46.000000 219.000000 31.869056 7.000000 9.000000 16.400000 0.975514 0.281250 9.202896 2.024062 -18.715801 0.600000 0.296164 8.544004 -159.443955 2.472490 -74.054604 
20.000000 220.000000 29.408941 2.000000 1.000000 0.000000 0.000000 1.000000 1.154701 1.154701 0.000000 1.000000 1.000000 1.414214 135.000000 1.000000 -90.000000 
55.000000 220.000000 44.342073 5.000000 6.000000 6.368000 0.833333 0.750000 4.000000 2.211083 0.000000 1.000000 0.833753 4.123106 165.963757 2.000000 -90.000000 
32.000000 221.000000 77.873885 4.000000 10.000000 15.656000 0.884606 0.333333 7.156112 3.337173 40.983477 0.625000 0.355636 6.708204 153.434949 4.024922 -116.565051 
41.000000 222.000000 56.442866 4.000000 24.000000 21.155000 0.907264 0.533333 9.739645 4.096122 -20.068507 0.800000 0.510893 9.848858 -156.037511 5.000000 -90.000000 
35.000000 223.000000 63.806446 2.000000 21.000000 20.328000 0.960483 0.466667 11.133966 3.099025 20.093629 0.750000 0.479091 10.295630 150.945396 3.794733 71.565051 
59.000000 227.000000 96.821783 1.000000 51.000000 34.346000 0.956048 0.637500 16.194541 4.748399 -4.419584 0.822581 0.456042 16.492423 -165.963757 5.000000 -90.000000 
19.000000 225.000000 60.041024 1.000000 27.000000 25.836000 0.976742 0.415385 13.631449 2.922840 75.483033 0.794118 0.404063 13.601471 107.102729 3.638034 14.036243 
30.000000 226.000000 73.912459 3.000000 26.000000 15.920000 0.680437 0.742857 6.942213 5.087300 3.166740 0.928571 0.899218 7.280110 164.054604 5.000000 -90.000000 
7.000000 226.000000 29.351252 8.000000 1.000000 0.000000 0.000000 1.000000 1.154701 1.154701 0.000000 1.000000 1.000000 1.414214 135.000000 1.000000 -90.000000 
13.000000 230.000000 74.925045 7.000000 21.000000 14.696000 0.829251 0.750000 7.239006 4.045709 -2.309962 1.000000 0.829386 7.280110 164.054604 4.000000 -90.000000 
45.000000 231.000000 51.007079 1.000000 39.000000 31.509000 0.980093 0.609375 16.790795 3.333653 84.296150 0.829787 0.408181 16.492423 104.036243 3.681432 4.398705 
35.000000 230.000000 48.910302 1.000000 9.000000 10.495000 0.908257 0.450000 5.906020 2.471150 -49.343177 0.900000 0.608192 5.830952 -120.963757 2.828427 -45.000000 
31.000000 231.000000 43.067056 6.000000 13.000000 13.381000 0.916605 0.619048 7.183468 2.871913 2.631198 0.812500 0.598407 7.280110 164.054604 3.000000 -90.000000 
19.000000 234.000000 48.667810 1.000000 21.000000 22.768000 0.973135 0.477273 12.162710 2.800309 -76.106908 0.750000 0.393104 11.401754 -105.255119 3.530090 168.690068 
37.000000 233.000000 42.966166 2.000000 4.000000 4.590000 0.731925 0.666667 3.055050 2.081666 0.000000 1.000000 0.840876 3.162278 161.565051 2.000000 -90.000000 
14.000000 236.000000 71.938217 6.000000 10.000000 8.146000 0.764471 0.833333 4.531372 2.921187 -26.565051 1.000000 0.986296 5.000000 -143.130102 3.000000 -90.000000 
42.000000 237.000000 33.357462 12.000000 3.000000 3.920000 0.942809 1.000000 3.464102 1.154701 90.000000 1.000000 0.756007 3.162278 108.434949 1.000000 0.000000 
