264
32.000000 118.000000 17.768506 1.000000 11208.000000 591.556000 0.962034 0.729688 281.459173 76.818655 0.095723 0.729688 0.398241 248.386795 165.068583 64.000000 -90.000000 
8.000000 5.000000 57.562248 1.000000 6.000000 6.368000 0.877058 0.750000 4.163332 2.000000 71.565051 1.000000 0.833753 4.472136 116.565051 2.000000 0.000000 
23.000000 10.000000 79.739201 1.000000 32.000000 28.284000 0.968964 0.351648 14.639170 3.618803 -24.261379 0.727273 0.407186 14.764823 -151.699244 4.456688 111.801409 
37.000000 5.000000 63.916184 3.000000 6.000000 6.186000 0.833333 0.666667 4.000000 2.211083 53.130102 1.000000 0.866607 4.242641 135.000000 2.683282 26.565051 
57.000000 5.000000 173.955692 2.000000 11.000000 9.461000 0.657941 0.687500 4.612760 3.473730 25.413171 0.916667 0.870328 5.000000 126.869898 3.794733 -108.434949 
5.000000 6.000000 56.462088 1.000000 4.000000 4.590000 0.731925 0.666667 3.055050 2.081666 90.000000 1.000000 0.840876 3.162278 108.434949 2.000000 0.000000 
48.000000 8.000000 63.218697 1.000000 11.000000 18.178000 0.972899 0.229167 10.955283 2.533189 -55.504391 0.647059 0.304120 10.000000 -126.869898 3.050851 146.309932 
32.000000 8.000000 82.359782 1.000000 15.000000 16.590000 0.962570 0.375000 9.538729 2.585297 66.748080 0.789474 0.484147 8.944272 116.565051 3.130495 26.565051 
54.000000 7.000000 51.086118 2.000000 4.000000 6.550000 0.946293 0.500000 4.820546 1.558527 72.391204 0.800000 0.535155 4.472136 116.565051 1.897367 18.434949 
9.000000 8.000000 50.508616 9.000000 8.000000 11.628000 0.971747 0.333333 7.374750 1.740612 -59.405397 0.800000 0.460853 7.211103 -123.690068 2.236068 -26.565051 
40.000000 10.000000 60.211398 1.000000 14.000000 15.829000 0.944599 0.400000 8.795090 2.886773 -53.563820 0.777778 0.488851 8.602325 -125.537678 3.748170 141.340192 
18.000000 13.000000 80.767531 4.000000 12.000000 13.290000 0.962774 0.571429 8.210244 2.219284 -15.403247 0.800000 0.558511 7.615773 -156.801409 2.667892 104.036243 
56.000000 12.000000 188.629092 4.000000 30.000000 21.825000 0.926230 0.600000 10.603419 3.997049 9.419511 0.857143 0.604801 10.198039 168.690068 4.706787 -101.309932 
46.000000 13.000000 46.675480 10.000000 4.000000 7.402000 0.965676 0.333333 5.615939 1.458730 -53.909444 0.800000 0.452160 5.000000 -126.869898 1.941451 -33.690068 
43.000000 13.000000 52.137518 8.000000 5.000000 7.402000 0.882464 0.416667 4.587955 2.158086 -25.670096 0.833333 0.565201 4.472136 -153.434949 2.529822 -71.565051 
51.000000 15.000000 50.697372 1.000000 5.000000 6.550000 0.889464 0.625000 4.253087 1.943686 84.847577 1.000000 0.668944 4.123106 104.036243 2.000000 0.000000 
34.000000 16.000000 92.435079 1.000000 6.000000 6.368000 0.833333 0.750000 4.000000 2.211083 90.000000 1.000000 0.833753 4.123106 104.036243 2.000000 0.000000 
15.000000 17.000000 49.000775 2.000000 2.000000 1.960000 0.866025 1.000000 2.309401 1.154701 90.000000 1.000000 0.965669 2.236068 116.565051 1.000000 0.000000 
42.000000 18.000000 95.662613 1.000000 33.000000 35.942000 0.990734 0.323529 20.110882 2.731412 -77.655527 0.660000 0.271478 17.720045 -106.389540 3.638034 165.963757 
12.000000 18.000000 41.904894 2.000000 1.000000 0.000000 0.000000 1.000000 1.154701 1.154701 0.000000 1.000000 1.000000 1.414214 135.000000 1.000000 -90.000000 
18.000000 18.000000 61.490009 2.000000 1.000000 0.000000 0.000000 1.000000 1.154701 1.154701 0.000000 1.000000 1.000000 1.414214 135.000000 1.000000 -90.000000 
54.000000 19.000000 207.816750 6.000000 20.000000 17.235000 0.827200 0.571429 7.714614 4.334905 3.384508 0.769231 0.605308 7.615773 -156.801409 4.931970 99.462322 
7.000000 22.000000 71.903434 1.000000 33.000000 28.234000 0.953584 0.550000 14.143398 4.258961 2.734646 0.717391 0.421250 12.369317 -165.963757 5.000000 -90.000000 
32.000000 20.000000 112.679092 8.000000 11.000000 10.404000 0.786783 0.733333 5.104959 3.150932 84.805571 0.916667 0.753367 5.385165 111.801409 3.000000 0.000000 
16.000000 27.000000 71.498081 6.000000 25.000000 27.176000 0.985525 0.320513 14.841974 2.516203 -22.931455 0.757576 0.341791 14.317821 -155.224859 3.151354 -66.801409 
31.000000 27.000000 89.020786 1.000000 59.000000 54.278000 0.993657 0.163889 28.729862 3.230846 -58.915120 0.694118 0.224875 27.784888 -120.256437 4.361218 -31.429566 
38.000000 25.000000 127.578451 8.000000 28.000000 26.341000 0.981626 0.282828 14.875594 2.838456 -50.615712 0.800000 0.404796 13.601471 -126.027373 3.668811 -41.185925 
52.000000 28.000000 181.661347 2.000000 41.000000 27.151000 0.929502 0.569444 12.480934 4.603172 10.458243 0.820000 0.561463 12.369317 165.963757 5.457528 -97.125016 
10.000000 31.000000 71.297335 1.000000 15.000000 22.686000 0.977079 0.234375 11.830817 2.518510 -43.352580 0.681818 0.282575 11.313708 -135.000000 3.535534 135.000000 
57.000000 31.000000 48.591100 12.000000 2.000000 1.960000 0.866025 1.000000 2.309401 1.154701 90.000000 1.000000 0.965669 2.236068 116.565051 1.000000 0.000000 
60.000000 32.000000 46.450305 1.000000 2.000000 1.960000 0.866025 1.000000 2.309401 1.154701 90.000000 1.000000 0.965669 2.236068 116.565051 1.000000 0.000000 
7.000000 39.000000 85.024583 6.000000 28.000000 28.466000 0.977294 0.400000 13.756170 2.914734 -14.828305 0.756757 0.352197 14.866069 -160.346176 3.638034 104.036243 
46.000000 34.000000 61.243746 1.000000 17.000000 14.051000 0.878002 0.566667 7.090547 3.393942 67.326379 0.894737 0.722730 7.211103 123.690068 3.794733 18.434949 
14.000000 39.000000 108.392056 10.000000 22.000000 23.711000 0.984222 0.275000 13.769195 2.436275 -53.757608 0.814815 0.383407 12.806248 -128.659808 3.138686 144.462322 
23.000000 37.000000 48.780945 2.000000 7.000000 9.180000 0.906434 0.700000 5.162168 2.180225 8.677012 0.875000 0.579394 5.385165 158.198591 2.000000 -90.000000 
41.000000 36.000000 57.714490 2.000000 5.000000 8.998000 0.925803 0.500000 5.804515 2.194146 83.597867 0.625000 0.426355 5.099020 101.309932 2.000000 0.000000 
51.000000 38.000000 84.850765 1.000000 39.000000 26.018000 0.912537 0.709091 11.919624 4.875047 1.008886 0.847826 0.576384 11.401754 164.744881 5.000000 -90.000000 
30.000000 39.000000 57.753097 1.000000 22.000000 27.126000 0.980839 0.523810 14.419836 2.809272 88.256721 0.628571 0.301771 14.142136 98.130102 3.000000 0.000000 
23.000000 41.000000 45.521878 8.000000 2.000000 1.960000 0.866025 1.000000 2.309401 1.154701 0.000000 1.000000 0.965669 2.236068 153.434949 1.000000 -90.000000 
38.000000 43.000000 55.550271 3.000000 5.000000 11.248000 0.989743 0.200000 8.082904 1.154701 45.000000 1.000000 0.303447 7.071068 135.000000 1.414214 45.000000 
48.000000 46.000000 63.323573 1.000000 10.000000 14.622000 0.953334 0.333333 8.227752 2.484101 30.450990 0.625000 0.398243 7.211103 146.309932 3.086975 59.036243 
53.000000 45.000000 62.791760 2.000000 6.000000 6.277000 0.456435 0.666667 3.265986 2.905933 26.565051 0.857143 0.849942 3.605551 123.690068 3.000000 -90.000000 
23.000000 45.000000 50.787759 1.000000 13.000000 15.639000 0.815650 0.464286 6.853397 3.965007 -76.484570 0.722222 0.463164 7.280110 -105.945396 3.922323 168.690068 
32.000000 45.000000 57.311261 12.000000 7.000000 10.288000 0.967949 0.583333 6.654453 1.671252 -75.910705 0.875000 0.487733 6.324555 -108.434949 2.000000 0.000000 
15.000000 46.000000 56.383510 1.000000 11.000000 11.512000 0.930925 0.611111 6.659886 2.432260 -76.717474 0.916667 0.643746 6.708204 -116.565051 2.910428 -14.036243 
51.000000 56.000000 146.974044 1.000000 83.000000 44.609000 0.977962 0.754545 23.294124 4.863407 1.248641 0.912088 0.457436 22.090722 -174.805571 5.000000 -90.000000 
12.000000 48.000000 54.670488 1.000000 6.000000 6.368000 0.877058 0.750000 4.163332 2.000000 71.565051 1.000000 0.833753 4.472136 116.565051 2.000000 0.000000 
30.000000 49.000000 67.033629 1.000000 21.000000 18.922000 0.950811 0.466667 10.342982 3.203960 -71.448981 0.807692 0.542097 9.848858 -113.962489 3.708735 164.054604 
43.000000 49.000000 53.987061 2.000000 3.000000 3.093000 0.730297 0.750000 2.581989 1.763834 45.000000 1.000000 0.969873 2.828427 135.000000 2.000000 -90.000000 
45.000000 51.000000 57.394636 2.000000 5.000000 9.362000 0.945834 0.500000 5.803201 1.884018 6.132387 0.714286 0.401893 5.099020 168.690068 2.000000 -90.000000 
24.000000 54.000000 71.006595 1.000000 43.000000 44.940000 0.981432 0.325758 22.201687 4.258483 -83.995434 0.614286 0.233733 22.203603 -97.765166 5.024882 174.559668 
6.000000 56.000000 108.672686 1.000000 14.000000 12.364000 0.848791 0.777778 6.107405 3.229164 -87.560363 0.933333 0.731747 6.324555 -108.434949 3.000000 0.000000 
10.000000 55.000000 77.084965 2.000000 3.000000 3.920000 0.942809 1.000000 3.464102 1.154701 90.000000 1.000000 0.756007 3.162278 108.434949 1.000000 0.000000 
44.000000 57.000000 50.376875 1.000000 11.000000 16.656000 0.924571 0.523810 8.099728 3.086079 0.675533 0.687500 0.352678 7.280110 164.054604 3.000000 -90.000000 
39.000000 57.000000 56.327347 1.000000 4.000000 5.880000 0.968246 1.000000 4.618802 1.154701 90.000000 1.000000 0.617595 4.123106 104.036243 1.000000 0.000000 
11.000000 60.000000 54.922880 1.000000 12.000000 15.846000 0.952337 0.428571 8.387086 2.558454 -22.641121 0.750000 0.418265 8.062258 -150.255119 3.395499 -75.963757 
21.000000 60.000000 80.006546 1.000000 19.000000 18.616000 0.965404 0.633333 10.050711 2.620825 -77.525772 0.904762 0.504361 10.440307 -106.699244 3.000000 0.000000 
35.000000 62.000000 54.889005 7.000000 10.000000 14.208000 0.977809 0.625000 8.592229 1.800076 -9.525504 0.833333 0.417476 8.246211 -165.963757 2.000000 -90.000000 
6.000000 62.000000 45.485339 5.000000 1.000000 0.000000 0.000000 1.000000 1.154701 1.154701 0.000000 1.000000 1.000000 1.414214 135.000000 1.000000 -90.000000 
9.000000 66.000000 54.062821 5.000000 7.000000 7.220000 0.521739 0.583333 3.794016 3.236694 0.000000 0.875000 0.819322 4.123106 165.963757 3.000000 -90.000000 
27.000000 66.000000 81.960902 1.000000 20.000000 19.286000 0.959969 0.500000 10.390208 2.910369 75.047553 0.869565 0.499660 10.440307 106.699244 3.395499 14.036243 
43.000000 66.000000 88.344485 1.000000 34.000000 31.650000 0.970430 0.566667 16.288405 3.931708 -89.707992 0.708333 0.352972 15.132746 97.594643 4.000000 0.000000 
6.000000 68.000000 89.064340 1.000000 8.000000 8.882000 0.920807 0.800000 5.445698 2.123921 81.322988 1.000000 0.695395 5.385165 111.801409 2.000000 0.000000 
18.000000 68.000000 65.979754 1.000000 11.000000 20.138000 0.977081 0.244444 11.009431 2.343536 65.321952 0.578947 0.255066 9.848858 113.962489 3.100868 -150.255119 
34.000000 67.000000 70.316132 1.000000 3.000000 3.920000 0.942809 1.000000 3.464102 1.154701 90.000000 1.000000 0.756007 3.162278 108.434949 1.000000 0.000000 
12.000000 68.000000 65.317423 1.000000 6.000000 8.907000 0.920447 0.375000 5.656854 2.211083 -50.194429 0.750000 0.519384 5.000000 -143.130102 2.773501 146.309932 
52.000000 71.000000 215.441071 1.000000 35.000000 23.024000 0.934283 0.583333 11.616139 4.141543 -15.136451 0.853659 0.642417 11.180340 -153.434949 4.608177 104.036243 
22.000000 71.000000 70.098544 5.000000 10.000000 12.248000 0.962539 0.714286 7.341915 1.990716 8.956255 0.909091 0.530586 7.280110 164.054604 2.000000 -90.000000 
28.000000 73.000000 54.713369 6.000000 6.000000 10.288000 0.976006 0.500000 7.105970 1.547283 13.164147 0.750000 0.418057 6.324555 161.565051 1.940285 -104.036243 
10.000000 73.000000 52.253636 3.000000 9.000000 11.719000 0.948091 0.360000 6.953106 2.211083 45.000000 0.818182 0.512130 7.071068 135.000000 2.828427 45.000000 
34.000000 72.000000 50.207721 9.000000 4.000000 4.408000 0.870424 0.666667 3.435909 1.691507 -58.282526 1.000000 0.881907 3.605551 -123.690068 2.000000 0.000000 
44.000000 73.000000 45.407854 1.000000 3.000000 4.590000 0.928995 0.500000 3.854129 1.426385 61.845034 0.750000 0.630657 3.605551 123.690068 1.788854 -153.434949 
25.000000 75.000000 92.243929 1.000000 11.000000 12.736000 0.959632 0.523810 7.557977 2.125759 -68.824403 0.846154 0.548319 7.615773 -113.198591 2.683282 -26.565051 
50.000000 76.000000 108.960372 7.000000 5.000000 8.717000 0.968023 0.312500 6.215727 1.559295 -49.065051 0.833333 0.446800 5.656854 -135.000000 2.121320 135.000000 
16.000000 77.000000 54.675688 1.000000 9.000000 13.588000 0.975001 0.321429 8.474222 1.882973 63.501263 0.750000 0.404093 8.062258 119.744881 2.599735 -158.198591 
21.000000 76.000000 54.681971 7.000000 2.000000 1.960000 0.866025 1.000000 2.309401 1.154701 0.000000 1.000000 0.965669 2.236068 153.434949 1.000000 -90.000000 
35.000000 76.000000 59.415788 1.000000 7.000000 10.288000 0.967949 0.583333 6.654453 1.671252 75.910705 0.875000 0.487733 6.324555 108.434949 2.000000 0.000000 
30.000000 77.000000 70.022737 1.000000 4.000000 4.408000 0.870424 0.666667 3.435909 1.691507 -58.282526 1.000000 0.881907 3.605551 -123.690068 2.000000 0.000000 
24.000000 81.000000 60.595475 2.000000 12.000000 16.028000 0.964845 0.342857 8.974816 2.358768 29.627325 0.705882 0.410360 8.602325 144.462322 3.130495 -116.565051 
52.000000 80.000000 168.319551 1.000000 34.000000 20.411000 0.758593 0.629630 8.518550 5.550392 5.774146 0.971429 0.770214 9.219544 167.471192 6.000000 -90.000000 
45.000000 79.000000 64.938738 1.000000 9.000000 11.810000 0.830405 0.450000 5.400717 3.009067 67.500000 0.750000 0.505915 5.830952 120.963757 3.130495 26.565051 
16.000000 81.000000 62.243850 2.000000 6.000000 11.810000 0.981630 0.250000 8.073583 1.540395 58.463839 0.750000 0.337277 7.211103 123.690068 2.057983 -149.036243 
6.000000 87.000000 75.982751 3.000000 27.000000 26.324000 0.975073 0.415385 13.377749 2.968310 21.564401 0.818182 0.390790 13.928388 158.962489 3.577709 63.434949 
40.000000 81.000000 107.616039 2.000000 10.000000 13.770000 0.910041 0.555556 6.678530 2.768375 72.260011 0.833333 0.439381 6.708204 116.565051 3.000000 0.000000 
56.000000 84.000000 107.537247 1.000000 14.000000 14.812000 0.807468 0.466667 6.615409 3.902506 60.116420 0.736842 0.545802 7.211103 123.690068 4.510671 11.309932 
34.000000 83.000000 145.430162 1.000000 12.000000 13.100000 0.939551 0.571429 7.211998 2.469454 78.610075 0.923077 0.571655 7.280110 105.945396 3.000000 0.000000 
48.000000 86.000000 66.535408 1.000000 17.000000 19.212000 0.967034 0.314815 10.656408 2.713612 28.154966 0.739130 0.427528 9.848858 156.037511 3.472973 -119.744881 
16.000000 87.000000 64.895098 1.000000 29.000000 29.045000 0.979425 0.318681 15.521051 3.132282 65.981686 0.707317 0.351769 14.764823 118.300756 4.000000 -157.380135 
30.000000 85.000000 98.043969 2.000000 3.000000 3.920000 0.942809 1.000000 3.464102 1.154701 90.000000 1.000000 0.756007 3.162278 108.434949 1.000000 0.000000 
38.000000 85.000000 61.899081 11.000000 6.000000 9.362000 0.604556 0.500000 4.039153 3.217438 76.717474 0.857143 0.482271 4.242641 135.000000 3.000000 0.000000 
41.000000 87.000000 45.595596 7.000000 4.000000 6.550000 0.946293 0.500000 4.820546 1.558527 -17.608796 0.800000 0.535155 4.472136 -153.434949 1.897367 -71.565051 
30.000000 87.000000 53.907889 4.000000 4.000000 7.220000 0.966087 0.333333 5.361879 1.384531 58.282526 0.800000 0.468184 5.000000 126.869898 1.788854 26.565051 
40.000000 89.000000 67.452162 1.000000 7.000000 8.328000 0.910849 0.700000 5.125685 2.115574 -85.692176 0.875000 0.668670 5.099020 101.309932 2.000000 0.000000 
51.000000 88.000000 62.992382 2.000000 10.000000 16.400000 0.956685 0.357143 8.913629 2.594973 25.985112 0.666667 0.329071 8.062258 150.255119 3.086975 -120.963757 
44.000000 90.000000 78.108279 1.000000 10.000000 8.146000 0.657536 0.833333 4.258325 3.208323 90.000000 1.000000 0.986296 4.472136 116.565051 3.000000 0.000000 
55.000000 91.000000 212.288573 1.000000 28.000000 19.931000 0.928374 0.700000 10.069576 3.742325 -11.666057 0.933333 0.660960 10.440307 -163.300756 4.000000 -90.000000 
35.000000 94.000000 57.634475 9.000000 10.000000 12.844000 0.975432 0.333333 8.209493 1.808561 -43.211833 1.000000 0.491759 7.810250 -140.194429 2.121320 -45.000000 
47.000000 91.000000 57.005709 1.000000 4.000000 4.590000 0.731925 0.666667 3.055050 2.081666 90.000000 1.000000 0.840876 3.162278 108.434949 2.000000 0.000000 
23.000000 92.000000 70.007380 1.000000 12.000000 11.992000 0.863813 0.666667 5.886382 2.965629 -86.544386 0.923077 0.658426 6.082763 99.462322 3.000000 0.000000 
29.000000 94.000000 48.791807 8.000000 1.000000 0.000000 0.000000 1.000000 1.154701 1.154701 0.000000 1.000000 1.000000 1.414214 135.000000 1.000000 -90.000000 
19.000000 95.000000 109.345029 2.000000 12.000000 11.810000 0.885312 0.500000 6.245774 2.904264 66.690121 0.857143 0.674553 6.324555 108.434949 3.478505 18.434949 
53.000000 95.000000 89.380382 1.000000 9.000000 9.370000 0.924724 0.600000 5.837408 2.221940 -65.300647 0.900000 0.722482 5.830952 -120.963757 2.683282 -26.565051 
13.000000 97.000000 44.893104 7.000000 2.000000 1.960000 0.866025 1.000000 2.309401 1.154701 90.000000 1.000000 0.965669 2.236068 116.565051 1.000000 0.000000 
23.000000 96.000000 49.114776 9.000000 3.000000 4.590000 0.928995 0.500000 3.854129 1.426385 -28.154966 1.000000 0.630657 3.605551 -146.309932 1.788854 -63.434949 
16.000000 97.000000 85.632202 1.000000 10.000000 9.461000 0.853799 0.666667 5.341660 2.780887 74.744881 0.909091 0.791207 5.385165 111.801409 3.000000 0.000000 
42.000000 97.000000 81.663467 1.000000 22.000000 19.749000 0.960636 0.733333 10.858084 3.016497 84.606222 0.880000 0.527617 10.198039 101.309932 3.000000 0.000000 
59.000000 103.000000 204.137142 1.000000 57.000000 41.773000 0.977190 0.428571 19.727821 4.189555 -14.788063 0.802817 0.355067 19.646883 -165.256437 5.093248 -75.963757 
4.000000 100.000000 58.412629 5.000000 4.000000 5.880000 0.968246 1.000000 4.618802 1.154701 0.000000 1.000000 0.617595 4.123106 165.963757 1.000000 -90.000000 
28.000000 98.000000 49.904107 5.000000 7.000000 11.992000 0.884919 0.350000 5.909912 2.752516 28.344685 0.700000 0.384082 5.385165 158.198591 3.050851 -123.690068 
33.000000 99.000000 71.662371 1.000000 15.000000 18.062000 0.972044 0.555556 10.408567 2.443940 77.376135 0.750000 0.419259 9.486833 108.434949 2.910428 14.036243 
49.000000 99.000000 59.371195 3.000000 1.000000 0.000000 0.000000 1.000000 1.154701 1.154701 0.000000 1.000000 1.000000 1.414214 135.000000 1.000000 -90.000000 
18.000000 99.000000 50.479631 7.000000 2.000000 2.812000 0.925820 0.500000 3.055050 1.154701 45.000000 1.000000 0.709058 2.828427 135.000000 1.414214 45.000000 
25.000000 101.000000 71.368357 2.000000 8.000000 10.586000 0.916530 0.400000 6.117928 2.446963 49.806057 0.800000 0.533471 5.830952 120.963757 2.828427 45.000000 
41.000000 104.000000 78.768994 1.000000 40.000000 43.840000 0.993938 0.238095 24.409311 2.683691 72.688161 0.689655 0.227727 22.472205 110.854458 3.708735 -164.054604 
11.000000 106.000000 114.328613 1.000000 28.000000 24.703000 0.956355 0.583333 12.250582 3.579719 2.832834 0.800000 0.453823 12.369317 165.963757 3.802501 -95.194429 
16.000000 105.000000 60.758816 7.000000 13.000000 18.542000 0.970265 0.361111 9.570598 2.316500 -19.290607 0.764706 0.347449 9.848858 -156.037511 2.846050 108.434949 
29.000000 103.000000 51.470511 7.000000 6.000000 10.032000 0.973572 0.300000 6.878242 1.570846 -38.119607 0.857143 0.434463 6.403124 -141.340192 2.121320 -45.000000 
5.000000 112.000000 80.306475 2.000000 25.000000 30.219000 0.989118 0.555556 18.226856 2.681565 -2.553089 0.714286 0.282281 15.297059 -168.690068 3.000000 -90.000000 
25.000000 106.000000 68.086576 4.000000 2.000000 2.812000 0.925820 0.500000 3.055050 1.154701 45.000000 1.000000 0.709058 2.828427 135.000000 1.414214 45.000000 
21.000000 106.000000 65.631319 1.000000 10.000000 12.827000 0.952978 0.555556 7.468863 2.263350 13.120675 0.769231 0.492807 6.708204 153.434949 2.667892 75.963757 
49.000000 107.000000 50.363832 2.000000 3.000000 3.093000 0.730297 0.750000 2.581989 1.763834 45.000000 1.000000 0.969873 2.828427 135.000000 2.000000 -90.000000 
48.000000 109.000000 46.833412 3.000000 5.000000 7.402000 0.882464 0.416667 4.587955 2.158086 64.329904 0.833333 0.565201 4.472136 116.565051 2.529822 -161.565051 
54.000000 111.000000 67.069395 1.000000 14.000000 19.749000 0.976100 0.311111 11.381067 2.473374 -68.371099 0.608696 0.335756 10.295630 -119.054604 3.130495 -26.565051 
9.000000 114.000000 135.988348 1.000000 13.000000 14.514000 0.954486 0.619048 8.423656 2.512417 10.199455 0.812500 0.524069 7.615773 156.801409 2.941742 -101.309932 
37.000000 113.000000 63.801471 1.000000 14.000000 15.730000 0.949766 0.583333 8.345149 2.611717 -78.850430 0.823529 0.493993 8.246211 -104.036243 3.000000 0.000000 
47.000000 114.000000 72.913357 1.000000 29.000000 35.785000 0.987311 0.284314 19.294927 3.063970 -76.049803 0.527273 0.240500 17.464249 -103.240520 3.922323 -11.309932 
24.000000 115.000000 69.544527 1.000000 3.000000 3.093000 0.730297 0.750000 2.581989 1.763834 -45.000000 1.000000 0.969873 2.828427 -135.000000 2.000000 -90.000000 
30.000000 121.000000 64.967135 1.000000 27.000000 31.584000 0.990687 0.225000 18.348327 2.498303 27.780236 0.794118 0.281368 17.000000 151.927513 3.130495 63.434949 
58.000000 116.000000 46.256535 10.000000 2.000000 2.812000 0.925820 0.500000 3.055050 1.154701 -45.000000 1.000000 0.709058 2.828427 -135.000000 1.414214 -45.000000 
12.000000 119.000000 66.300776 1.000000 9.000000 9.825000 0.853819 0.600000 5.281753 2.749522 -75.472698 0.900000 0.672668 5.385165 -111.801409 3.000000 0.000000 
38.000000 121.000000 62.671769 1.000000 13.000000 14.250000 0.799337 0.520000 5.921953 3.558403 60.232772 0.764706 0.540100 6.403124 128.659808 4.024922 -153.434949 
44.000000 120.000000 66.837654 6.000000 8.000000 7.501000 0.765333 0.666667 4.260095 2.741945 -24.407037 0.888889 0.887575 4.472136 -153.434949 3.000000 -90.000000 
7.000000 120.000000 58.470471 7.000000 12.000000 11.603000 0.906850 0.666667 6.435879 2.712423 -7.176771 0.923077 0.693626 6.324555 -161.565051 3.000000 -90.000000 
15.000000 120.000000 60.719012 1.000000 7.000000 10.214000 0.561486 0.437500 4.086637 3.381635 41.437492 0.875000 0.493153 4.472136 116.565051 3.535534 -135.000000 
24.000000 120.000000 51.039552 1.000000 3.000000 3.920000 0.942809 1.000000 3.464102 1.154701 90.000000 1.000000 0.756007 3.162278 108.434949 1.000000 0.000000 
48.000000 121.000000 58.434193 1.000000 10.000000 10.015000 0.872063 0.666667 5.585267 2.733397 69.825092 0.909091 0.725977 5.830952 120.963757 3.000000 0.000000 
20.000000 124.000000 75.344315 7.000000 14.000000 15.730000 0.956491 0.437500 8.710956 2.541533 -20.592963 0.875000 0.493993 8.544004 -159.443955 3.130495 -63.434949 
56.000000 122.000000 65.248048 1.000000 16.000000 21.271000 0.967282 0.320000 11.224726 2.847754 -70.869349 0.592593 0.337367 10.770330 -111.801409 3.478505 -18.434949 
15.000000 125.000000 107.765248 2.000000 33.000000 23.785000 0.954718 0.500000 12.358508 3.676804 -22.542758 0.868421 0.571954 12.529964 -151.389540 4.427189 -71.565051 
34.000000 123.000000 66.200199 3.000000 6.000000 6.459000 0.778499 0.666667 3.829708 2.403701 45.000000 1.000000 0.818022 4.242641 135.000000 2.828427 45.000000 
45.000000 124.000000 77.402728 7.000000 9.000000 10.495000 0.876634 0.600000 5.571069 2.680562 -13.282526 0.818182 0.608192 5.385165 -158.198591 3.000000 -90.000000 
8.000000 130.000000 72.251722 5.000000 29.000000 21.709000 0.936698 0.659091 10.733614 3.758250 -5.435025 0.852941 0.590112 11.045361 174.805571 4.000000 -90.000000 
35.000000 126.000000 51.285547 6.000000 5.000000 7.220000 0.948099 0.416667 5.066665 1.611077 35.279983 0.833333 0.585230 5.000000 143.130102 2.121320 45.000000 
58.000000 127.000000 91.493555 1.000000 1.000000 0.000000 0.000000 1.000000 1.154701 1.154701 0.000000 1.000000 1.000000 1.414214 135.000000 1.000000 -90.000000 
20.000000 128.000000 43.384789 1.000000 2.000000 1.960000 0.866025 1.000000 2.309401 1.154701 90.000000 1.000000 0.965669 2.236068 116.565051 1.000000 0.000000 
44.000000 127.000000 54.153864 6.000000 4.000000 5.880000 0.968246 1.000000 4.618802 1.154701 0.000000 1.000000 0.617595 4.123106 165.963757 1.000000 -90.000000 
23.000000 129.000000 87.556890 2.000000 10.000000 8.998000 0.741935 0.625000 4.623527 3.099945 -50.884144 1.000000 0.852711 5.000000 -143.130102 3.535534 -45.000000 
55.000000 132.000000 71.557431 1.000000 18.000000 21.552000 0.984930 0.327273 12.431329 2.150012 -66.225079 0.818182 0.370949 12.083046 -114.443955 2.683282 -26.565051 
25.000000 131.000000 121.249288 1.000000 10.000000 8.626000 0.592258 0.625000 4.163332 3.354599 45.000000 1.000000 0.907475 4.472136 116.565051 3.535534 45.000000 
46.000000 133.000000 59.531328 1.000000 8.000000 10.288000 0.955077 0.666667 6.262737 1.856014 -76.717474 0.888889 0.557409 6.324555 -108.434949 2.000000 0.000000 
14.000000 134.000000 46.913159 8.000000 3.000000 4.590000 0.928995 0.500000 3.854129 1.426385 -28.154966 1.000000 0.630657 3.605551 -146.309932 1.788854 -63.434949 
22.000000 134.000000 53.551213 1.000000 8.000000 10.776000 0.967878 0.444444 7.170532 1.802816 69.183230 0.800000 0.519005 6.708204 116.565051 2.213594 18.434949 
28.000000 134.000000 186.870013 10.000000 18.000000 13.307000 0.698506 0.600000 5.903111 4.224292 -64.966708 0.947368 0.836036 6.324555 -108.434949 4.714952 146.309932 
34.000000 137.000000 211.592886 1.000000 35.000000 20.254000 0.832388 0.555556 9.207403 5.102680 -65.010447 0.945946 0.803544 9.486833 -108.434949 5.366563 -26.565051 
21.000000 141.000000 90.827746 1.000000 41.000000 36.703000 0.986289 0.344538 19.405727 3.202459 73.920143 0.732143 0.324530 18.027756 109.440035 3.896637 17.102729 
42.000000 139.000000 129.499071 1.000000 13.000000 18.269000 0.971163 0.325000 10.666993 2.543171 -64.132553 0.619048 0.356366 8.944272 -116.565051 3.130495 -26.565051 
9.000000 141.000000 47.286609 10.000000 5.000000 8.328000 0.969048 0.500000 6.024504 1.487286 -72.856562 0.714286 0.477622 5.385165 -111.801409 1.897367 -18.434949 
41.000000 141.000000 266.983896 2.000000 17.000000 16.218000 0.938994 0.425000 8.629422 2.967951 -61.791436 0.894737 0.569989 8.544004 -110.556045 3.577709 -26.565051 
51.000000 142.000000 226.606033 1.000000 22.000000 20.899000 0.941823 0.611111 10.175102 3.419935 -80.766221 0.758621 0.478346 9.486833 -108.434949 4.000000 0.000000 
58.000000 142.000000 246.475079 1.000000 16.000000 11.512000 0.586269 0.800000 5.130929 4.156650 -62.009675 1.000000 0.936357 5.830952 -120.963757 4.000000 0.000000 
10.000000 146.000000 52.732179 6.000000 9.000000 12.918000 0.968133 0.428571 7.584708 1.899477 -17.427228 0.750000 0.438514 7.615773 -156.801409 2.425356 104.036243 
46.000000 144.000000 237.627973 1.000000 1.000000 0.000000 0.000000 1.000000 1.154701 1.154701 0.000000 1.000000 1.000000 1.414214 135.000000 1.000000 -90.000000 
55.000000 146.000000 273.574495 1.000000 16.000000 18.368000 0.698648 0.457143 6.425249 4.597047 -26.280714 0.761905 0.434576 7.280110 -164.054604 4.919350 -63.434949 
61.000000 144.000000 219.321625 3.000000 5.000000 4.962000 0.765092 0.833333 3.306559 2.129163 18.434949 1.000000 0.956808 3.605551 146.309932 2.000000 -90.000000 
34.000000 148.000000 87.741506 1.000000 9.000000 8.717000 0.694350 0.562500 4.291184 3.088099 55.427229 1.000000 0.804241 4.472136 116.565051 3.535534 -135.000000 
52.000000 148.000000 268.163653 1.000000 19.000000 14.994000 0.926875 0.527778 8.306612 3.118053 -47.058069 0.950000 0.725939 8.485281 -135.000000 3.535534 -45.000000 
59.000000 148.000000 285.637318 1.000000 13.000000 10.288000 0.764418 0.866667 5.186084 3.343574 90.000000 1.000000 0.905790 5.385165 111.801409 3.000000 0.000000 
23.000000 152.000000 68.603229 1.000000 48.000000 48.141000 0.970810 0.218182 24.261156 5.819070 70.916532 0.480000 0.229357 21.954498 120.068583 6.420477 -158.749494 
40.000000 150.000000 107.093314 1.000000 23.000000 19.468000 0.940814 0.575000 10.190970 3.453966 86.769532 0.851852 0.565395 10.198039 101.309932 4.000000 0.000000 
50.000000 148.000000 119.572090 2.000000 6.000000 9.180000 0.873278 0.500000 5.155515 2.511882 -26.062508 0.750000 0.496624 5.000000 -143.130102 3.000000 -90.000000 
58.000000 151.000000 98.551990 1.000000 13.000000 15.267000 0.813450 0.433333 6.362114 3.700423 -61.732690 0.722222 0.482072 6.708204 -116.565051 4.600000 -36.869898 
33.000000 157.000000 106.193426 1.000000 83.000000 60.397000 0.979908 0.423469 30.280160 6.039410 86.955157 0.576389 0.258353 28.071338 94.085617 7.000000 0.000000 
53.000000 157.000000 111.477492 1.000000 42.000000 35.388000 0.966547 0.437500 17.477058 4.482676 -81.642790 0.700000 0.355525 16.492423 -104.036243 5.613216 174.805571 
6.000000 162.000000 51.559550 7.000000 13.000000 13.770000 0.903375 0.619048 6.985230 2.995633 -12.368541 0.866667 0.571195 7.280110 -164.054604 3.000000 -90.000000 
48.000000 161.000000 93.005832 1.000000 12.000000 12.091000 0.939084 0.500000 7.132951 2.451510 -61.845034 0.923077 0.649895 7.211103 -123.690068 3.130495 -26.565051 
17.000000 165.000000 70.576377 1.000000 21.000000 19.079000 0.962278 0.583333 10.595765 2.882752 -79.359217 0.777778 0.534463 9.848858 -113.962489 3.287980 170.537678 
22.000000 165.000000 71.933666 7.000000 3.000000 4.590000 0.928995 0.500000 3.854129 1.426385 28.154966 0.750000 0.630657 3.605551 146.309932 1.788854 -116.565051 
8.000000 166.000000 61.533490 2.000000 6.000000 10.214000 0.538529 0.375000 4.295776 3.619650 -42.618179 0.666667 0.422702 4.472136 -153.434949 3.794733 -71.565051 
27.000000 167.000000 92.661321 1.000000 28.000000 22.718000 0.958185 0.777778 11.601094 3.319647 87.308544 0.933333 0.526168 12.165525 99.462322 3.000000 0.000000 
50.000000 168.000000 139.577522 2.000000 9.000000 8.907000 0.750305 0.562500 4.593427 3.036678 43.092963 1.000000 0.779076 5.000000 126.869898 3.535534 -135.000000 
61.000000 167.000000 202.831788 1.000000 6.000000 6.922000 0.894483 0.750000 4.513541 2.018017 -12.933178 0.857143 0.744483 4.472136 -153.434949 2.000000 -90.000000 
40.000000 168.000000 52.442463 6.000000 2.000000 1.960000 0.866025 1.000000 2.309401 1.154701 0.000000 1.000000 0.965669 2.236068 153.434949 1.000000 -90.000000 
55.000000 169.000000 228.376503 1.000000 47.000000 24.546000 0.869535 0.610390 11.261557 5.561760 68.837828 0.903846 0.770437 11.401754 105.255119 6.260990 -153.434949 
43.000000 171.000000 147.338826 1.000000 55.000000 32.758000 0.950055 0.611111 16.240127 5.068261 86.900477 0.785714 0.536282 15.132746 -97.594643 5.564047 -175.236358 
15.000000 172.000000 65.947418 1.000000 19.000000 17.392000 0.935540 0.791667 8.908882 3.146802 -83.735596 0.904762 0.566283 8.544004 -110.556045 3.000000 0.000000 
33.000000 173.000000 229.277320 1.000000 23.000000 15.366000 0.710541 0.657143 6.713768 4.724181 83.314334 0.920000 0.843797 7.280110 -105.945396 5.000000 0.000000 
23.000000 177.000000 157.831185 1.000000 12.000000 16.863000 0.657334 0.480000 5.826204 4.390623 44.782975 0.666667 0.376818 6.403124 128.659808 4.608177 -104.036243 
28.000000 176.000000 205.469095 1.000000 1.000000 0.000000 0.000000 1.000000 1.154701 1.154701 0.000000 1.000000 1.000000 1.414214 135.000000 1.000000 -90.000000 
60.000000 176.000000 302.542701 1.000000 6.000000 6.459000 0.778499 0.666667 3.829708 2.403701 -45.000000 1.000000 0.818022 4.242641 -135.000000 2.828427 135.000000 
55.000000 177.000000 328.234966 1.000000 42.000000 24.430000 0.851748 0.600000 10.650093 5.580133 79.699802 0.823529 0.694281 10.440307 106.699244 6.324555 18.434949 
16.000000 180.000000 129.928759 1.000000 36.000000 24.546000 0.931958 0.500000 11.768035 4.266697 76.365048 0.857143 0.590122 12.165525 99.462322 4.743416 18.434949 
44.000000 178.000000 268.622964 1.000000 60.000000 29.822000 0.924738 0.857143 14.345907 5.460103 86.700956 0.967742 0.693892 14.317821 102.094757 5.000000 0.000000 
25.000000 183.000000 217.559026 1.000000 2.000000 1.960000 0.866025 1.000000 2.309401 1.154701 90.000000 1.000000 0.965669 2.236068 116.565051 1.000000 0.000000 
60.000000 182.000000 283.458769 1.000000 8.000000 6.831000 0.580948 0.888889 3.651484 2.972092 -45.000000 1.000000 1.000000 4.242641 -135.000000 3.000000 -90.000000 
10.000000 183.000000 58.558539 1.000000 12.000000 13.406000 0.755874 0.500000 5.782950 3.786195 16.567805 0.800000 0.550708 6.082763 170.537678 4.000000 -90.000000 
39.000000 184.000000 117.037567 1.000000 14.000000 15.656000 0.609082 0.466667 5.745155 4.556523 8.130102 0.777778 0.497890 6.082763 170.537678 4.949747 45.000000 
54.000000 182.000000 264.243233 1.000000 35.000000 19.840000 0.787305 0.729167 8.768352 5.406252 -80.946396 0.921053 0.832756 8.944272 -116.565051 6.000000 0.000000 
6.000000 185.000000 76.874486 1.000000 16.000000 14.051000 0.874849 0.666667 7.002566 3.392011 -75.778536 0.888889 0.680216 7.211103 -123.690068 3.880570 -14.036243 
45.000000 184.000000 442.439668 1.000000 55.000000 29.111000 0.918875 0.572917 13.655006 5.387579 68.891643 0.901639 0.664421 14.422205 123.690068 6.063391 -165.963757 
35.000000 185.000000 90.251324 1.000000 4.000000 5.053000 0.866025 0.666667 3.651484 1.825742 -71.565051 0.800000 0.748540 3.605551 -123.690068 2.000000 0.000000 
58.000000 185.000000 179.545810 1.000000 11.000000 11.438000 0.822541 0.550000 5.548943 3.155717 30.578670 0.916667 0.650297 5.830952 149.036243 3.535534 45.000000 
51.000000 186.000000 149.963402 1.000000 8.000000 12.844000 0.776871 0.400000 5.193529 3.270156 23.744776 0.666667 0.393407 5.385165 158.198591 3.535534 45.000000 
59.000000 188.000000 191.984246 1.000000 10.000000 12.273000 0.914746 0.500000 6.774573 2.737121 35.895758 0.769231 0.528866 6.403124 141.340192 3.328201 -123.690068 
5.000000 192.000000 53.935256 3.000000 14.000000 16.656000 0.973782 0.518519 9.717663 2.210600 14.030098 0.875000 0.448862 9.486833 161.565051 2.745626 -101.309932 
34.000000 188.000000 286.394853 1.000000 32.000000 21.916000 0.889623 0.533333 10.020542 4.576341 74.993417 0.842105 0.640444 10.198039 101.309932 5.059644 18.434949 
54.000000 188.000000 300.186366 1.000000 1.000000 0.000000 0.000000 1.000000 1.154701 1.154701 0.000000 1.000000 1.000000 1.414214 135.000000 1.000000 -90.000000 
22.000000 191.000000 100.904279 1.000000 23.000000 32.866000 0.827765 0.425926 9.476886 5.317243 63.846107 0.676471 0.222920 9.486833 108.434949 5.578319 14.036243 
48.000000 191.000000 318.334792 1.000000 26.000000 17.326000 0.855567 0.650000 8.263947 4.278182 80.293526 0.896552 0.779919 8.246211 104.036243 4.743416 18.434949 
14.000000 193.000000 139.152102 1.000000 20.000000 19.104000 0.951193 0.500000 9.822359 3.031158 77.474899 0.800000 0.507869 10.198039 101.309932 3.478505 18.434949 
27.000000 192.000000 143.408737 1.000000 21.000000 28.210000 0.876649 0.328125 9.992946 4.807919 44.024668 0.677419 0.268479 10.000000 143.130102 4.949747 45.000000 
37.000000 195.000000 142.048414 1.000000 32.000000 21.916000 0.851037 0.571429 9.344675 4.906942 61.945146 0.820513 0.640444 9.433981 122.005383 6.260990 -153.434949 
43.000000 193.000000 197.242725 1.000000 19.000000 15.821000 0.514988 0.633333 5.665091 4.856101 -89.403255 0.904762 0.664000 6.708204 -116.565051 5.000000 0.000000 
7.000000 195.000000 69.902708 3.000000 10.000000 10.958000 0.750033 0.500000 6.011494 3.976004 59.089295 0.666667 0.632116 5.830952 120.963757 4.000000 0.000000 
57.000000 196.000000 90.430017 1.000000 20.000000 19.658000 0.974186 0.500000 11.286073 2.547789 73.386332 0.833333 0.483488 10.770330 111.801409 3.152963 -165.963757 
43.000000 197.000000 56.844579 6.000000 4.000000 5.905000 0.791649 0.666667 3.586706 2.191393 -75.127559 0.800000 0.614186 3.605551 -123.690068 2.000000 0.000000 
18.000000 198.000000 97.561050 1.000000 32.000000 24.728000 0.937902 0.444444 11.995707 4.161315 60.362404 0.761905 0.517724 11.401754 127.874984 4.837355 29.744881 
28.000000 199.000000 123.582545 1.000000 5.000000 4.962000 0.765092 0.833333 3.306559 2.129163 18.434949 1.000000 0.956808 3.605551 146.309932 2.000000 -90.000000 
39.000000 200.000000 67.497977 1.000000 18.000000 20.709000 0.930127 0.333333 10.069169 3.697778 29.927508 0.666667 0.397634 9.486833 161.565051 4.472136 63.434949 
5.000000 199.000000 58.005421 3.000000 10.000000 15.085000 0.862614 0.555556 6.451124 3.263382 6.874524 0.714286 0.378267 6.324555 161.565051 3.000000 -90.000000 
49.000000 203.000000 75.847611 1.000000 31.000000 33.064000 0.977069 0.246032 17.787115 3.787277 62.807022 0.645833 0.297180 16.643317 122.735226 4.389478 -151.389540 
11.000000 201.000000 97.474294 1.000000 11.000000 10.106000 0.852822 0.733333 5.528432 2.886956 72.587755 1.000000 0.787642 5.830952 120.963757 3.000000 0.000000 
24.000000 205.000000 175.586333 1.000000 32.000000 20.717000 0.867270 0.507937 9.645279 4.801785 55.227110 0.888889 0.706432 10.295630 119.054604 5.487955 30.963757 
8.000000 210.000000 76.018523 2.000000 25.000000 34.496000 0.977335 0.192308 17.029639 3.605174 36.232964 0.609756 0.221772 15.811388 145.304846 4.948139 -118.610460 
33.000000 203.000000 109.436285 1.000000 12.000000 14.233000 0.945878 0.400000 8.237350 2.673213 59.267568 0.750000 0.499530 7.810250 129.805571 3.528211 -158.198591 
55.000000 207.000000 57.318218 1.000000 16.000000 22.536000 0.984602 0.666667 13.081471 2.286763 89.093246 0.800000 0.304945 12.041595 94.763642 2.000000 0.000000 
47.000000 207.000000 48.684186 1.000000 2.000000 1.960000 0.866025 1.000000 2.309401 1.154701 90.000000 1.000000 0.965669 2.236068 116.565051 1.000000 0.000000 
20.000000 211.000000 124.162152 2.000000 36.000000 21.825000 0.871880 0.600000 10.180308 4.985496 12.495429 0.878049 0.725761 10.440307 163.300756 5.589566 80.537678 
39.000000 210.000000 56.792760 1.000000 6.000000 9.180000 0.679245 0.500000 4.128271 3.029785 -68.645305 0.666667 0.496624 4.472136 -116.565051 3.000000 0.000000 
52.000000 211.000000 52.442348 1.000000 10.000000 16.218000 0.985425 0.250000 10.475268 1.781975 57.859283 0.769231 0.335288 9.433981 122.005383 2.496151 -146.309932 
29.000000 212.000000 63.295404 2.000000 8.000000 11.628000 0.977246 0.333333 7.987266 1.694179 56.599295 0.800000 0.460853 7.211103 123.690068 2.218801 33.690068 
44.000000 211.000000 75.954269 5.000000 12.000000 16.102000 0.946978 0.342857 8.438295 2.711223 -65.630478 0.705882 0.407210 8.602325 -125.537678 3.429972 -30.963757 
34.000000 214.000000 93.853939 1.000000 26.000000 21.064000 0.956934 0.520000 11.342512 3.292793 67.723839 0.866667 0.557637 11.180340 116.565051 4.110961 -161.565051 
40.000000 213.000000 58.990261 1.000000 9.000000 11.330000 0.841031 0.600000 5.711800 3.090013 19.023521 0.750000 0.540032 5.830952 149.036243 3.000000 -90.000000 
13.000000 215.000000 69.693627 1.000000 24.000000 27.614000 0.954889 0.436364 13.567337 4.029010 -81.512775 0.585366 0.318840 11.704700 -109.983107 4.850713 165.963757 
47.000000 215.000000 58.550327 1.000000 4.000000 7.402000 0.965676 0.333333 5.615939 1.458730 53.909444 0.800000 0.452160 5.000000 126.869898 1.941451 -146.309932 
5.000000 218.000000 99.416794 3.000000 17.000000 15.341000 0.926193 0.708333 8.125712 3.063800 7.303369 0.894737 0.625364 8.246211 165.963757 3.000000 -90.000000 
36.000000 219.000000 83.372788 1.000000 16.000000 13.307000 0.897721 0.533333 7.035407 3.099550 52.584255 0.941176 0.743143 7.211103 123.690068 3.535534 45.000000 
21.000000 218.000000 57.339854 1.000000 11.000000 15.548000 0.700794 0.366667 6.111228 4.359531 -75.793669 0.647059 0.395734 6.324555 -108.434949 4.919350 -26.565051 
46.000000 219.000000 66.001600 12.000000 4.000000 5.053000 0.866025 0.666667 3.651484 1.825742 -71.565051 1.000000 0.748540 3.605551 -123.690068 2.000000 0.000000 
41.000000 222.000000 79.415948 1.000000 14.000000 13.778000 0.945114 0.500000 7.972141 2.604824 21.596856 0.875000 0.614551 7.615773 156.801409 3.130495 63.434949 
50.000000 220.000000 71.846753 1.000000 9.000000 10.958000 0.945783 0.500000 6.623157 2.151189 -73.875013 0.818182 0.568904 6.324555 -108.434949 2.529822 -18.434949 
58.000000 224.000000 64.846755 2.000000 9.000000 14.812000 0.956943 0.321429 8.845701 2.567699 20.711833 0.600000 0.350873 7.615773 156.801409 3.333974 -101.309932 
16.000000 228.000000 141.022058 1.000000 50.000000 40.350000 0.987535 0.375940 21.957812 3.456176 15.498530 0.769231 0.332177 19.924859 162.474432 4.365641 75.963757 
30.000000 222.000000 113.659967 1.000000 12.000000 12.182000 0.908439 0.500000 6.730945 2.813646 65.753139 0.857143 0.642199 6.708204 116.565051 3.342516 21.801409 
46.000000 222.000000 54.956955 4.000000 4.000000 5.905000 0.926289 0.444444 4.355771 1.641317 39.690172 1.000000 0.614186 4.242641 135.000000 2.121320 -135.000000 
8.000000 224.000000 70.762381 1.000000 17.000000 16.656000 0.956365 0.629630 8.972212 2.621441 75.271840 0.944444 0.545047 9.486833 108.434949 3.000000 0.000000 
26.000000 225.000000 56.386162 2.000000 1.000000 0.000000 0.000000 1.000000 1.154701 1.154701 0.000000 1.000000 1.000000 1.414214 135.000000 1.000000 -90.000000 
32.000000 223.000000 74.871228 5.000000 6.000000 8.626000 0.952745 0.375000 5.705418 1.733136 41.544386 1.000000 0.544485 5.656854 135.000000 2.121320 45.000000 
48.000000 227.000000 73.609405 3.000000 13.000000 17.062000 0.953820 0.309524 9.393787 2.821682 52.378660 0.722222 0.400217 8.602325 125.537678 3.535534 45.000000 
37.000000 225.000000 68.483379 1.000000 7.000000 8.328000 0.910849 0.700000 5.125685 2.115574 85.692176 1.000000 0.668670 5.099020 101.309932 2.000000 0.000000 
4.000000 228.000000 42.022452 6.000000 2.000000 1.960000 0.866025 1.000000 2.309401 1.154701 0.000000 1.000000 0.965669 2.236068 153.434949 1.000000 -90.000000 
30.000000 228.000000 53.055938 1.000000 6.000000 8.328000 0.953154 0.600000 5.526219 1.671596 72.391204 0.857143 0.573146 5.385165 111.801409 2.000000 0.000000 
39.000000 229.000000 69.812688 6.000000 12.000000 14.051000 0.939838 0.571429 7.694279 2.628533 -6.383247 0.800000 0.510162 7.280110 -164.054604 3.000000 -90.000000 
55.000000 227.000000 74.234563 1.000000 8.000000 8.998000 0.904964 0.533333 5.339096 2.271721 68.367852 0.888889 0.682168 5.385165 111.801409 2.683282 26.565051 
11.000000 229.000000 50.271129 6.000000 3.000000 3.920000 0.942809 1.000000 3.464102 1.154701 0.000000 1.000000 0.756007 3.162278 161.565051 1.000000 -90.000000 
60.000000 231.000000 109.124964 2.000000 27.000000 22.263000 0.956240 0.675000 11.801958 3.453067 11.214235 0.794118 0.525714 10.770330 158.198591 3.945576 80.537678 
32.000000 232.000000 65.076386 1.000000 19.000000 20.535000 0.977972 0.301587 11.566772 2.414406 57.607956 0.826087 0.425917 11.401754 127.874984 3.130495 26.565051 
54.000000 230.000000 42.517757 5.000000 3.000000 3.093000 0.730297 0.750000 2.581989 1.763834 45.000000 1.000000 0.969873 2.828427 135.000000 2.000000 -90.000000 
5.000000 232.000000 48.299606 1.000000 3.000000 3.920000 0.942809 1.000000 3.464102 1.154701 0.000000 1.000000 0.756007 3.162278 161.565051 1.000000 -90.000000 
24.000000 234.000000 49.303043 6.000000 7.000000 10.288000 0.967949 0.583333 6.654453 1.671252 14.089295 0.777778 0.487733 6.324555 161.565051 2.000000 -90.000000 
10.000000 232.000000 41.894658 6.000000 1.000000 0.000000 0.000000 1.000000 1.154701 1.154701 0.000000 1.000000 1.000000 1.414214 135.000000 1.000000 -90.000000 
44.000000 232.000000 71.259713 2.000000 14.000000 18.658000 0.931642 0.333333 8.993574 3.268065 44.966689 0.636364 0.370204 8.602325 144.462322 4.000000 53.130102 
55.000000 235.000000 41.607471 8.000000 2.000000 1.960000 0.866025 1.000000 2.309401 1.154701 0.000000 1.000000 0.965669 2.236068 153.434949 1.000000 -90.000000 
57.000000 237.000000 49.296733 1.000000 3.000000 3.920000 0.942809 1.000000 3.464102 1.154701 90.000000 1.000000 0.756007 3.162278 108.434949 1.000000 0.000000 
