297
32.000000 115.000000 14.512667 1.000000 10193.000000 591.556000 0.959499 0.663607 280.742487 79.088781 0.877956 0.663607 0.362176 248.386795 165.068583 64.000000 -90.000000 
34.000000 5.000000 50.443042 1.000000 5.000000 6.368000 0.923687 0.625000 4.492622 1.721341 69.006394 1.000000 0.694794 4.472136 116.565051 2.000000 0.000000 
41.000000 7.000000 66.551157 5.000000 13.000000 14.142000 0.917414 0.464286 7.278464 2.896351 -22.241918 0.812500 0.546871 7.280110 -164.054604 3.478505 108.434949 
52.000000 6.000000 52.878565 4.000000 14.000000 12.091000 0.896690 0.583333 6.705156 2.968095 23.323514 0.933333 0.758211 6.708204 153.434949 3.478505 -108.434949 
21.000000 6.000000 40.317687 1.000000 4.000000 5.880000 0.968246 1.000000 4.618802 1.154701 90.000000 1.000000 0.617595 4.123106 104.036243 1.000000 0.000000 
31.000000 6.000000 45.753312 2.000000 7.000000 7.220000 0.692996 0.583333 3.827022 2.759060 79.099295 1.000000 0.819322 4.123106 104.036243 3.000000 0.000000 
21.000000 10.000000 38.685159 1.000000 14.000000 28.855000 0.951671 0.175000 14.206806 4.363188 -58.477056 0.388889 0.171842 12.041595 -131.633539 4.600000 -36.869898 
33.000000 8.000000 34.749014 1.000000 3.000000 4.590000 0.928995 0.500000 3.854129 1.426385 -61.845034 1.000000 0.630657 3.605551 -123.690068 1.788854 -26.565051 
7.000000 12.000000 48.858089 2.000000 12.000000 14.622000 0.965294 0.342857 8.701950 2.272655 -35.440137 0.800000 0.477892 8.062258 -150.255119 2.800000 -53.130102 
39.000000 9.000000 47.643596 12.000000 3.000000 4.590000 0.928995 0.500000 3.854129 1.426385 -61.845034 0.750000 0.630657 3.605551 -123.690068 1.788854 153.434949 
28.000000 10.000000 36.475373 5.000000 1.000000 0.000000 0.000000 1.000000 1.154701 1.154701 0.000000 1.000000 1.000000 1.414214 135.000000 1.000000 -90.000000 
43.000000 12.000000 60.828978 7.000000 9.000000 10.677000 0.826862 0.600000 5.161065 2.902609 1.865698 0.818182 0.592277 5.385165 -158.198591 3.000000 -90.000000 
33.000000 15.000000 49.680897 6.000000 10.000000 11.421000 0.946709 0.555556 6.828563 2.199409 -15.688787 0.833333 0.592560 6.708204 -153.434949 2.667892 104.036243 
56.000000 15.000000 50.322697 1.000000 11.000000 12.736000 0.960693 0.523810 7.741582 2.149158 72.661086 0.846154 0.548319 7.615773 113.198591 2.667892 -165.963757 
11.000000 16.000000 49.843817 3.000000 7.000000 7.592000 0.815930 0.583333 4.429339 2.560825 -71.565051 0.875000 0.763515 4.472136 -116.565051 2.846050 161.565051 
7.000000 17.000000 49.781899 3.000000 3.000000 4.590000 0.928995 0.500000 3.854129 1.426385 61.845034 1.000000 0.630657 3.605551 123.690068 1.788854 26.565051 
15.000000 18.000000 74.478443 1.000000 18.000000 15.920000 0.940552 0.562500 8.832477 2.999950 74.110300 0.818182 0.622535 8.544004 110.556045 3.530090 11.309932 
20.000000 22.000000 42.715483 1.000000 15.000000 19.774000 0.975848 0.267857 11.167594 2.439572 53.566498 0.681818 0.358954 10.630146 131.185925 3.279649 38.659808 
8.000000 21.000000 75.497223 1.000000 20.000000 20.146000 0.974783 0.400000 11.709762 2.613069 70.065684 0.800000 0.463437 10.770330 111.801409 3.162278 18.434949 
41.000000 25.000000 48.480313 2.000000 7.000000 13.406000 0.986944 0.250000 9.029462 1.454329 63.152249 0.777778 0.321246 8.062258 119.744881 1.788854 26.565051 
60.000000 26.000000 45.956086 2.000000 7.000000 12.091000 0.975286 0.291667 8.127383 1.795707 -34.652275 0.700000 0.379106 7.211103 -146.309932 2.400000 126.869898 
22.000000 24.000000 41.758251 12.000000 1.000000 0.000000 0.000000 1.000000 1.154701 1.154701 0.000000 1.000000 1.000000 1.414214 135.000000 1.000000 -90.000000 
53.000000 26.000000 49.534614 1.000000 10.000000 14.440000 0.978960 0.285714 8.839306 1.803700 56.309932 0.769231 0.406531 8.602325 125.537678 2.496151 33.690068 
33.000000 26.000000 77.672462 1.000000 27.000000 26.415000 0.963513 0.350649 12.920812 3.458427 -69.952813 0.675000 0.388387 12.083046 -114.443955 4.472136 -26.565051 
8.000000 27.000000 44.985128 1.000000 4.000000 5.905000 0.791649 0.666667 3.586706 2.191393 -14.872441 0.800000 0.614186 3.605551 -146.309932 2.000000 -90.000000 
18.000000 29.000000 41.874543 1.000000 11.000000 14.804000 0.975588 0.314286 9.056318 1.988858 39.630551 0.846154 0.429227 8.602325 144.462322 2.654954 -128.659808 
41.000000 31.000000 50.509753 1.000000 21.000000 17.789000 0.750784 0.500000 7.840258 5.178861 -43.679649 0.777778 0.602374 8.485281 -135.000000 5.656854 -45.000000 
12.000000 31.000000 64.748721 1.000000 22.000000 19.212000 0.953986 0.407407 10.163488 3.047545 -58.976393 0.916667 0.553271 10.295630 -119.054604 3.882901 -33.690068 
57.000000 30.000000 52.647719 1.000000 9.000000 12.182000 0.916435 0.450000 6.947646 2.780326 -63.937492 0.642857 0.481650 6.403124 -128.659808 3.395499 165.963757 
26.000000 33.000000 45.748019 1.000000 13.000000 14.878000 0.838885 0.433333 6.751788 3.675060 20.465710 0.722222 0.503110 7.211103 146.309932 4.287465 -120.963757 
6.000000 36.000000 61.042536 1.000000 13.000000 20.221000 0.584771 0.361111 7.032657 5.704882 34.158854 0.565217 0.299303 7.810250 140.194429 5.656854 45.000000 
17.000000 32.000000 44.971426 2.000000 3.000000 3.093000 0.730297 0.750000 2.581989 1.763834 45.000000 1.000000 0.969873 2.828427 135.000000 2.000000 -90.000000 
52.000000 34.000000 105.616881 1.000000 23.000000 20.990000 0.900443 0.425926 9.167169 3.987481 19.635756 0.821429 0.496325 9.219544 167.471192 5.059644 -108.434949 
60.000000 34.000000 123.250690 1.000000 9.000000 10.495000 0.753015 0.600000 4.718298 3.104657 -10.068152 0.900000 0.608192 5.099020 168.690068 3.000000 -90.000000 
11.000000 36.000000 45.659199 3.000000 4.000000 5.905000 0.926289 0.444444 4.355771 1.641317 39.690172 1.000000 0.614186 4.242641 135.000000 2.121320 -135.000000 
37.000000 39.000000 159.303014 1.000000 70.000000 38.597000 0.956088 0.397727 18.978549 5.562239 23.075215 0.736842 0.504931 17.204651 144.462322 7.155418 -116.565051 
57.000000 37.000000 156.809594 1.000000 19.000000 15.085000 0.843728 0.527778 7.174931 3.851293 35.103170 0.904762 0.718708 7.211103 146.309932 4.400000 53.130102 
19.000000 37.000000 35.278959 8.000000 1.000000 0.000000 0.000000 1.000000 1.154701 1.154701 0.000000 1.000000 1.000000 1.414214 135.000000 1.000000 -90.000000 
29.000000 38.000000 45.187842 1.000000 8.000000 12.736000 0.979832 0.380952 8.214169 1.641371 -68.907778 0.800000 0.398777 7.615773 -113.198591 2.213594 161.565051 
24.000000 38.000000 35.618094 7.000000 2.000000 1.960000 0.866025 1.000000 2.309401 1.154701 0.000000 1.000000 0.965669 2.236068 153.434949 1.000000 -90.000000 
49.000000 38.000000 75.042351 1.000000 13.000000 10.677000 0.643062 0.650000 4.886760 3.742350 73.764404 1.000000 0.855511 5.385165 111.801409 4.000000 0.000000 
8.000000 39.000000 61.523632 4.000000 4.000000 5.905000 0.926289 0.444444 4.355771 1.641317 39.690172 0.800000 0.614186 4.242641 135.000000 2.121320 45.000000 
5.000000 41.000000 60.933925 1.000000 7.000000 6.922000 0.856222 0.875000 4.312826 2.228038 81.650378 1.000000 0.868564 4.472136 116.565051 2.000000 0.000000 
12.000000 44.000000 66.853065 1.000000 14.000000 17.624000 0.957923 0.350000 9.201671 2.641118 67.457433 0.700000 0.407990 8.944272 116.565051 3.434014 15.945396 
52.000000 41.000000 94.222409 1.000000 24.000000 28.375000 0.790772 0.444444 8.953218 5.480359 68.297129 0.685714 0.303629 9.486833 108.434949 5.813777 26.565051 
8.000000 43.000000 51.531574 7.000000 5.000000 4.962000 0.765092 0.833333 3.306559 2.129163 -18.434949 1.000000 0.956808 3.605551 -146.309932 2.000000 -90.000000 
22.000000 43.000000 36.803495 4.000000 1.000000 0.000000 0.000000 1.000000 1.154701 1.154701 0.000000 1.000000 1.000000 1.414214 135.000000 1.000000 -90.000000 
46.000000 44.000000 76.290147 1.000000 14.000000 16.929000 0.888648 0.500000 7.583580 3.477751 -85.031805 0.736842 0.436735 7.280110 105.945396 4.000000 0.000000 
21.000000 46.000000 40.699539 6.000000 3.000000 3.920000 0.942809 1.000000 3.464102 1.154701 0.000000 1.000000 0.756007 3.162278 161.565051 1.000000 -90.000000 
30.000000 46.000000 53.755262 1.000000 7.000000 7.592000 0.849496 0.583333 4.525150 2.387444 -67.500000 0.875000 0.763515 4.472136 -116.565051 2.683282 -26.565051 
57.000000 47.000000 51.606442 1.000000 9.000000 13.770000 0.964832 0.321429 8.195224 2.154244 69.934971 0.692308 0.395443 7.615773 113.198591 2.529822 18.434949 
26.000000 48.000000 54.421340 2.000000 5.000000 6.550000 0.889464 0.625000 4.253087 1.943686 5.152423 1.000000 0.668944 4.123106 165.963757 2.000000 -90.000000 
8.000000 46.000000 57.072929 2.000000 5.000000 4.962000 0.765092 0.833333 3.306559 2.129163 71.565051 1.000000 0.956808 3.605551 123.690068 2.000000 0.000000 
51.000000 47.000000 96.618754 1.000000 20.000000 16.772000 0.918470 0.476190 8.766232 3.466965 -54.301322 0.833333 0.633783 8.485281 -135.000000 4.115966 149.036243 
20.000000 49.000000 40.176724 11.000000 2.000000 2.812000 0.925820 0.500000 3.055050 1.154701 -45.000000 1.000000 0.709058 2.828427 -135.000000 1.414214 -45.000000 
15.000000 50.000000 46.608952 10.000000 4.000000 5.905000 0.791649 0.666667 3.586706 2.191393 -75.127559 0.800000 0.614186 3.605551 -123.690068 2.000000 0.000000 
23.000000 49.000000 47.546223 2.000000 7.000000 8.998000 0.928683 0.466667 5.674257 2.104437 69.407037 0.875000 0.596897 5.385165 111.801409 2.529822 -161.565051 
32.000000 52.000000 90.236335 1.000000 27.000000 23.512000 0.940818 0.613636 12.053109 4.084961 3.549166 0.750000 0.477598 11.180340 169.695154 4.000000 -90.000000 
36.000000 51.000000 217.940979 2.000000 24.000000 21.155000 0.962827 0.600000 11.492813 3.104428 9.657291 0.800000 0.510893 10.440307 163.300756 3.452379 80.537678 
44.000000 50.000000 46.520133 1.000000 6.000000 6.277000 0.456435 0.666667 3.265986 2.905933 26.565051 0.857143 0.849942 3.605551 123.690068 3.000000 -90.000000 
47.000000 49.000000 61.274534 1.000000 9.000000 9.825000 0.853819 0.600000 5.281753 2.749522 14.527302 0.900000 0.672668 5.385165 158.198591 3.000000 -90.000000 
6.000000 51.000000 35.387669 1.000000 1.000000 0.000000 0.000000 1.000000 1.154701 1.154701 0.000000 1.000000 1.000000 1.414214 135.000000 1.000000 -90.000000 
18.000000 51.000000 42.073997 2.000000 5.000000 7.013000 0.931488 0.625000 4.881890 1.775899 -79.099295 0.833333 0.609333 4.472136 -116.565051 2.000000 0.000000 
25.000000 51.000000 57.382221 1.000000 6.000000 6.186000 0.833333 0.666667 4.000000 2.211083 36.869898 1.000000 0.866607 4.242641 135.000000 2.683282 63.434949 
50.000000 53.000000 94.091327 1.000000 20.000000 19.104000 0.942462 0.444444 9.428235 3.151992 62.924056 0.869565 0.507869 10.295630 119.054604 4.024922 26.565051 
56.000000 52.000000 54.013510 9.000000 5.000000 7.865000 0.917270 0.416667 5.049920 2.011213 -36.322988 0.714286 0.518650 5.000000 -143.130102 2.496151 -56.309932 
9.000000 55.000000 106.497453 1.000000 9.000000 10.032000 0.673171 0.450000 4.760952 3.520662 90.000000 0.900000 0.651694 5.099020 101.309932 4.000000 0.000000 
58.000000 57.000000 38.326505 1.000000 2.000000 2.812000 0.925820 0.500000 3.055050 1.154701 -45.000000 1.000000 0.709058 2.828427 -135.000000 1.414214 -45.000000 
6.000000 57.000000 104.239188 1.000000 17.000000 13.679000 0.597232 0.566667 5.699369 4.571286 70.798369 0.944444 0.755051 6.324555 108.434949 5.000000 0.000000 
16.000000 58.000000 108.338110 1.000000 35.000000 30.037000 0.969726 0.448718 14.948288 3.650305 -75.519397 0.760870 0.399542 13.928388 -111.037511 4.209878 164.744881 
44.000000 56.000000 85.583288 1.000000 7.000000 7.592000 0.891825 0.583333 4.776412 2.160759 60.128219 1.000000 0.763515 5.000000 126.869898 2.683282 26.565051 
25.000000 59.000000 54.135216 2.000000 5.000000 7.220000 0.948099 0.416667 5.066665 1.611077 54.720017 0.833333 0.585230 5.000000 126.869898 2.121320 45.000000 
34.000000 58.000000 265.824026 5.000000 14.000000 11.529000 0.484123 0.560000 4.758094 4.163332 63.434949 1.000000 0.817415 5.385165 111.801409 4.242641 45.000000 
45.000000 59.000000 95.917808 1.000000 18.000000 14.233000 0.900914 0.642857 7.489993 3.250641 25.670096 1.000000 0.749295 8.062258 150.255119 4.000000 -90.000000 
32.000000 60.000000 106.670139 4.000000 5.000000 5.814000 0.743786 0.555556 3.529850 2.359413 -55.900705 0.833333 0.783414 3.605551 -146.309932 2.683282 153.434949 
9.000000 62.000000 40.217706 10.000000 3.000000 5.624000 0.970143 0.333333 4.760952 1.154701 -45.000000 1.000000 0.490646 4.242641 -135.000000 1.414214 -45.000000 
51.000000 63.000000 84.174030 1.000000 6.000000 7.220000 0.869227 0.500000 4.472136 2.211083 -30.963757 1.000000 0.702276 4.472136 -153.434949 2.683282 -63.434949 
57.000000 63.000000 88.110668 1.000000 20.000000 18.550000 0.952520 0.500000 10.023587 3.051946 65.916988 0.769231 0.534142 9.433981 122.005383 3.713907 21.801409 
36.000000 64.000000 261.032404 7.000000 35.000000 21.916000 0.887294 0.583333 10.178995 4.694595 -14.932750 0.875000 0.700486 10.198039 -168.690068 5.093248 -75.963757 
48.000000 63.000000 79.479997 1.000000 13.000000 14.233000 0.938920 0.619048 7.698626 2.649363 -74.393489 0.812500 0.541158 7.615773 -113.198591 3.000000 0.000000 
29.000000 66.000000 44.900066 1.000000 8.000000 10.288000 0.955077 0.666667 6.262737 1.856014 -13.282526 0.888889 0.557409 6.324555 -161.565051 2.000000 -90.000000 
16.000000 66.000000 59.582053 1.000000 14.000000 16.681000 0.971136 0.333333 10.042277 2.395352 52.996340 0.777778 0.447731 9.219544 130.601295 3.328201 33.690068 
21.000000 63.000000 48.218413 1.000000 2.000000 1.960000 0.866025 1.000000 2.309401 1.154701 90.000000 1.000000 0.965669 2.236068 116.565051 1.000000 0.000000 
45.000000 67.000000 65.951478 2.000000 18.000000 19.592000 0.977330 0.333333 11.485382 2.431697 -27.616208 0.750000 0.437669 10.816654 -146.309932 3.130495 -63.434949 
50.000000 68.000000 55.222467 2.000000 10.000000 11.719000 0.942025 0.400000 6.801356 2.282154 46.899610 0.909091 0.569033 7.071068 135.000000 2.828427 45.000000 
8.000000 69.000000 105.936437 1.000000 30.000000 23.024000 0.943399 0.750000 11.719791 3.886994 85.101718 0.810811 0.550643 10.440307 106.699244 4.000000 0.000000 
31.000000 70.000000 68.059452 1.000000 15.000000 16.656000 0.971757 0.555556 9.922023 2.341444 79.229512 0.789474 0.480924 9.219544 102.528808 2.745626 11.309932 
53.000000 69.000000 63.226311 1.000000 1.000000 0.000000 0.000000 1.000000 1.154701 1.154701 0.000000 1.000000 1.000000 1.414214 135.000000 1.000000 -90.000000 
57.000000 70.000000 156.953385 1.000000 19.000000 15.829000 0.939661 0.593750 8.728552 2.986088 68.113980 0.904762 0.663440 8.944272 116.565051 3.577709 26.565051 
22.000000 71.000000 111.531195 1.000000 31.000000 22.652000 0.935287 0.704545 11.242426 3.978587 -88.713998 0.885714 0.585528 11.180340 -100.304846 4.000000 0.000000 
39.000000 74.000000 149.476973 5.000000 49.000000 24.157000 0.856274 0.700000 11.286610 5.829777 -19.121778 0.960784 0.826277 11.180340 -153.434949 6.471832 101.309932 
51.000000 71.000000 52.815299 2.000000 3.000000 4.590000 0.928995 0.500000 3.854129 1.426385 61.845034 0.750000 0.630657 3.605551 123.690068 1.788854 -153.434949 
59.000000 74.000000 137.291870 3.000000 13.000000 14.233000 0.937487 0.464286 7.678399 2.672229 22.277928 0.812500 0.541158 8.062258 150.255119 3.333974 -101.309932 
5.000000 74.000000 61.623488 1.000000 6.000000 6.459000 0.778499 0.666667 3.829708 2.403701 45.000000 1.000000 0.818022 4.242641 135.000000 2.828427 -135.000000 
14.000000 73.000000 57.711560 1.000000 13.000000 14.903000 0.899594 0.433333 7.418486 3.239850 46.218324 0.722222 0.501717 7.211103 123.690068 4.000000 53.130102 
54.000000 77.000000 67.342596 6.000000 23.000000 20.990000 0.927628 0.425926 9.968999 3.723463 -22.027116 0.821429 0.496325 9.848858 -156.037511 4.472136 -63.434949 
17.000000 74.000000 67.959202 1.000000 15.000000 19.121000 0.875282 0.428571 8.431439 4.077548 25.786930 0.714286 0.380320 8.062258 150.255119 4.510671 78.690068 
49.000000 73.000000 53.760754 8.000000 5.000000 4.962000 0.765092 0.833333 3.306559 2.129163 -18.434949 1.000000 0.956808 3.605551 -146.309932 2.000000 -90.000000 
8.000000 75.000000 86.367471 1.000000 23.000000 18.062000 0.898871 0.638889 8.883419 3.892837 -82.381976 0.884615 0.642864 9.219544 -102.528808 4.000000 0.000000 
60.000000 77.000000 89.732444 1.000000 6.000000 11.438000 0.845461 0.375000 5.325140 2.843823 52.627559 0.600000 0.354707 5.000000 126.869898 3.050851 33.690068 
50.000000 82.000000 53.845155 1.000000 39.000000 45.834000 0.992286 0.150000 25.554606 3.168030 -58.599863 0.582090 0.204322 23.021729 -124.380345 4.049691 -32.905243 
9.000000 80.000000 80.439152 1.000000 18.000000 21.726000 0.958256 0.500000 10.894606 3.114902 80.232462 0.692308 0.365776 9.848858 113.962489 4.000000 0.000000 
14.000000 80.000000 53.588885 4.000000 6.000000 10.495000 0.967383 0.300000 7.020114 1.778328 -31.223594 0.750000 0.405461 6.403124 -141.340192 2.236068 -63.434949 
39.000000 83.000000 58.503897 5.000000 27.000000 20.667000 0.932716 0.750000 10.559950 3.808041 5.728689 0.870968 0.598558 9.848858 156.037511 4.000000 -90.000000 
32.000000 81.000000 36.085187 1.000000 1.000000 0.000000 0.000000 1.000000 1.154701 1.154701 0.000000 1.000000 1.000000 1.414214 135.000000 1.000000 -90.000000 
43.000000 82.000000 74.357473 1.000000 11.000000 12.736000 0.959632 0.523810 7.557977 2.125759 -21.175597 0.846154 0.548319 7.615773 -156.801409 2.683282 -63.434949 
59.000000 81.000000 85.523068 1.000000 16.000000 16.400000 0.859348 0.380952 7.576557 3.874590 -41.102199 0.761905 0.526514 8.062258 -150.255119 4.630462 -59.036243 
9.000000 83.000000 37.070617 4.000000 2.000000 1.960000 0.866025 1.000000 2.309401 1.154701 0.000000 1.000000 0.965669 2.236068 153.434949 1.000000 -90.000000 
7.000000 86.000000 36.617178 2.000000 6.000000 7.220000 0.869227 0.500000 4.472136 2.211083 59.036243 0.857143 0.702276 4.472136 116.565051 2.683282 -153.434949 
16.000000 87.000000 70.846782 1.000000 36.000000 30.360000 0.962885 0.367347 15.075856 4.069161 73.636320 0.734694 0.403071 14.560220 105.945396 5.246722 -167.005383 
31.000000 88.000000 49.071473 1.000000 11.000000 15.548000 0.971717 0.343750 8.841660 2.087940 -72.386271 0.733333 0.395734 8.544004 -110.556045 2.529822 -18.434949 
40.000000 88.000000 39.942649 7.000000 3.000000 5.624000 0.769800 0.500000 3.464102 2.211083 0.000000 0.750000 0.490646 3.162278 161.565051 2.000000 -90.000000 
7.000000 91.000000 44.261189 8.000000 4.000000 7.220000 0.966087 0.333333 5.361879 1.384531 -31.717474 0.800000 0.468184 5.000000 -143.130102 1.788854 -63.434949 
41.000000 93.000000 42.903445 6.000000 13.000000 18.550000 0.976429 0.270833 11.214047 2.420448 -30.705602 0.619048 0.347193 10.000000 -143.130102 3.130495 -63.434949 
15.000000 94.000000 52.346338 1.000000 13.000000 15.548000 0.957101 0.371429 8.896407 2.577765 59.788919 0.764706 0.467685 8.602325 125.537678 3.328201 -146.309932 
37.000000 93.000000 40.522896 6.000000 5.000000 8.510000 0.962333 0.500000 5.887652 1.600692 11.749283 0.714286 0.462817 5.385165 158.198591 1.940285 -104.036243 
6.000000 93.000000 61.895410 1.000000 8.000000 10.015000 0.933414 0.800000 6.255336 2.244424 87.897321 0.800000 0.580782 5.385165 111.801409 2.000000 0.000000 
11.000000 95.000000 46.902135 11.000000 4.000000 7.220000 0.966087 0.333333 5.361879 1.384531 -58.282526 0.800000 0.468184 5.000000 -126.869898 1.788854 -26.565051 
30.000000 96.000000 43.405293 1.000000 9.000000 10.288000 0.932998 0.750000 6.081723 2.188704 86.829904 1.000000 0.627085 6.082763 99.462322 2.000000 0.000000 
6.000000 98.000000 56.305090 1.000000 9.000000 9.924000 0.937614 0.600000 6.359595 2.211083 -71.565051 0.818182 0.662513 5.830952 -120.963757 2.529822 -18.434949 
10.000000 99.000000 111.691822 3.000000 6.000000 8.626000 0.952745 0.375000 5.705418 1.733136 48.455614 1.000000 0.544485 5.656854 135.000000 2.121320 45.000000 
17.000000 99.000000 51.215441 1.000000 9.000000 12.182000 0.961938 0.375000 7.444277 2.034282 -61.845034 0.818182 0.481650 7.211103 -123.690068 2.683282 -26.565051 
44.000000 98.000000 38.486029 9.000000 5.000000 8.717000 0.968023 0.312500 6.215727 1.559295 -40.934949 0.833333 0.446800 5.656854 -135.000000 2.121320 135.000000 
36.000000 99.000000 35.217811 7.000000 1.000000 0.000000 0.000000 1.000000 1.154701 1.154701 0.000000 1.000000 1.000000 1.414214 135.000000 1.000000 -90.000000 
42.000000 98.000000 42.788210 7.000000 3.000000 3.920000 0.942809 1.000000 3.464102 1.154701 0.000000 1.000000 0.756007 3.162278 161.565051 1.000000 -90.000000 
57.000000 100.000000 40.135307 1.000000 6.000000 8.328000 0.953154 0.600000 5.526219 1.671596 -72.391204 0.857143 0.573146 5.385165 -111.801409 2.000000 0.000000 
6.000000 102.000000 71.396108 2.000000 10.000000 10.404000 0.917972 0.500000 6.071781 2.408349 43.819313 1.000000 0.684879 6.403124 141.340192 2.828427 45.000000 
22.000000 101.000000 65.016755 1.000000 16.000000 16.954000 0.872953 0.571429 7.307390 3.564579 -75.280376 0.842105 0.497884 8.062258 -119.744881 4.000000 0.000000 
42.000000 105.000000 48.025714 1.000000 10.000000 12.736000 0.967318 0.476190 7.770728 1.970395 -19.684659 0.833333 0.498472 7.615773 -156.801409 2.529822 108.434949 
32.000000 105.000000 51.461207 1.000000 20.000000 29.880000 0.982214 0.192308 16.512240 3.100419 -63.339108 0.540541 0.230486 15.264338 -121.607502 3.815023 149.743563 
17.000000 103.000000 42.609920 2.000000 8.000000 15.267000 0.926242 0.320000 8.017700 3.022111 36.973788 0.615385 0.296660 7.071068 135.000000 3.535534 -135.000000 
25.000000 105.000000 36.473095 7.000000 3.000000 3.920000 0.942809 1.000000 3.464102 1.154701 0.000000 1.000000 0.756007 3.162278 161.565051 1.000000 -90.000000 
17.000000 106.000000 59.113698 2.000000 5.000000 6.550000 0.889464 0.625000 4.253087 1.943686 84.847577 0.833333 0.668944 4.123106 104.036243 2.000000 0.000000 
10.000000 108.000000 99.615961 1.000000 35.000000 25.836000 0.967684 0.538462 13.915405 3.508997 77.470610 0.875000 0.523785 13.341664 102.994617 4.013213 -167.471192 
28.000000 108.000000 54.539069 11.000000 6.000000 8.328000 0.951618 0.600000 5.664082 1.740486 -75.344996 0.857143 0.573146 5.385165 -111.801409 2.000000 0.000000 
58.000000 109.000000 37.981734 1.000000 2.000000 1.960000 0.866025 1.000000 2.309401 1.154701 90.000000 1.000000 0.965669 2.236068 116.565051 1.000000 0.000000 
42.000000 111.000000 38.564299 7.000000 2.000000 1.960000 0.866025 1.000000 2.309401 1.154701 0.000000 1.000000 0.965669 2.236068 153.434949 1.000000 -90.000000 
7.000000 113.000000 78.204697 1.000000 13.000000 13.290000 0.944596 0.619048 7.534189 2.472990 72.293412 0.866667 0.605054 7.615773 113.198591 3.000000 0.000000 
46.000000 117.000000 43.202894 2.000000 14.000000 15.250000 0.952087 0.583333 8.612655 2.633976 6.739750 0.823529 0.520115 8.246211 165.963757 2.959182 80.537678 
14.000000 116.000000 54.641171 2.000000 4.000000 5.053000 0.866025 0.666667 3.651484 1.825742 71.565051 1.000000 0.748540 3.605551 123.690068 2.000000 0.000000 
29.000000 116.000000 56.694434 1.000000 36.000000 39.862000 0.991741 0.360000 21.923146 2.811855 -80.520611 0.679245 0.244626 20.396078 -101.309932 3.563658 -6.709837 
10.000000 116.000000 92.118680 1.000000 13.000000 12.091000 0.886935 0.541667 6.468060 2.987563 71.828776 0.812500 0.704053 6.324555 108.434949 3.478505 18.434949 
41.000000 118.000000 51.884174 1.000000 9.000000 13.588000 0.969634 0.321429 8.321143 2.035017 -64.791489 0.692308 0.404093 7.615773 -113.198591 2.599735 -21.801409 
6.000000 118.000000 108.818457 1.000000 12.000000 9.643000 0.773769 0.800000 5.029344 3.185929 80.583124 1.000000 0.922608 5.385165 111.801409 3.000000 0.000000 
38.000000 120.000000 40.786572 7.000000 6.000000 10.222000 0.946273 0.300000 6.468882 2.091838 -56.153103 0.666667 0.422197 5.830952 -120.963757 2.683282 153.434949 
17.000000 120.000000 72.445082 1.000000 14.000000 13.869000 0.922963 0.466667 7.661908 2.948987 -53.788602 0.777778 0.607994 7.211103 -123.690068 3.600000 143.130102 
12.000000 122.000000 67.752450 4.000000 6.000000 6.368000 0.877058 0.750000 4.163332 2.000000 -71.565051 1.000000 0.833753 4.472136 -116.565051 2.000000 0.000000 
21.000000 122.000000 61.189568 2.000000 7.000000 8.419000 0.853277 0.583333 4.811222 2.508849 27.231161 0.875000 0.658185 5.000000 143.130102 3.000000 -90.000000 
44.000000 123.000000 55.295467 1.000000 18.000000 16.954000 0.920785 0.562500 8.563612 3.340416 5.123932 0.782609 0.560120 8.062258 172.874984 4.000000 -90.000000 
8.000000 125.000000 64.600731 1.000000 23.000000 19.013000 0.938517 0.511111 9.997102 3.451343 -67.332959 0.793103 0.588857 9.486833 -108.434949 4.110961 -18.434949 
16.000000 123.000000 100.990057 1.000000 17.000000 13.563000 0.883246 0.809524 7.072561 3.316398 -86.003924 1.000000 0.765574 7.280110 -105.945396 3.000000 0.000000 
57.000000 125.000000 36.036840 10.000000 2.000000 2.812000 0.925820 0.500000 3.055050 1.154701 -45.000000 1.000000 0.709058 2.828427 -135.000000 1.414214 -45.000000 
14.000000 129.000000 44.327850 6.000000 14.000000 17.252000 0.967916 0.291667 9.705103 2.438654 -53.831950 0.823529 0.423010 9.433981 -122.005383 3.258473 149.036243 
31.000000 128.000000 34.895844 2.000000 1.000000 0.000000 0.000000 1.000000 1.154701 1.154701 0.000000 1.000000 1.000000 1.414214 135.000000 1.000000 -90.000000 
46.000000 128.000000 40.992894 7.000000 2.000000 2.812000 0.925820 0.500000 3.055050 1.154701 -45.000000 1.000000 0.709058 2.828427 -135.000000 1.414214 -45.000000 
43.000000 128.000000 38.211602 1.000000 4.000000 4.590000 0.731925 0.666667 3.055050 2.081666 0.000000 1.000000 0.840876 3.162278 161.565051 2.000000 -90.000000 
59.000000 132.000000 59.362799 1.000000 14.000000 12.273000 0.843327 0.560000 6.310291 3.391158 55.471325 0.933333 0.740413 6.403124 128.659808 4.024922 26.565051 
42.000000 133.000000 41.465580 7.000000 6.000000 6.368000 0.833333 0.750000 4.000000 2.211083 0.000000 1.000000 0.833753 4.123106 165.963757 2.000000 -90.000000 
52.000000 133.000000 88.674677 5.000000 10.000000 10.404000 0.893414 0.500000 5.776836 2.595156 25.670096 0.833333 0.684879 5.830952 149.036243 3.130495 -116.565051 
7.000000 133.000000 58.666753 1.000000 9.000000 12.918000 0.970371 0.428571 7.889412 1.906231 -74.816182 0.750000 0.438514 7.615773 -113.198591 2.353394 168.690068 
17.000000 136.000000 110.555621 1.000000 73.000000 65.591000 0.987481 0.243333 31.810857 5.017820 75.122953 0.521429 0.194181 30.594117 101.309932 6.383042 -169.114473 
41.000000 134.000000 35.999185 8.000000 2.000000 2.812000 0.925820 0.500000 3.055050 1.154701 -45.000000 1.000000 0.709058 2.828427 -135.000000 1.414214 -45.000000 
54.000000 134.000000 75.391715 1.000000 11.000000 14.903000 0.935518 0.392857 8.244322 2.912549 68.220550 0.687500 0.424530 7.615773 113.198591 3.395499 -165.963757 
44.000000 136.000000 54.665897 6.000000 11.000000 10.495000 0.700583 0.550000 4.865328 3.471757 24.345693 0.916667 0.743346 5.099020 168.690068 3.794733 71.565051 
55.000000 139.000000 96.932937 4.000000 14.000000 14.605000 0.933377 0.500000 7.633077 2.739495 23.314567 0.823529 0.558609 8.062258 150.255119 3.395499 75.963757 
34.000000 137.000000 50.330626 2.000000 3.000000 4.590000 0.928995 0.500000 3.854129 1.426385 -61.845034 0.750000 0.630657 3.605551 -123.690068 1.788854 153.434949 
46.000000 138.000000 86.343919 1.000000 19.000000 13.588000 0.810135 0.633333 6.623861 3.883197 48.803149 0.950000 0.853086 7.211103 123.690068 4.242641 45.000000 
25.000000 141.000000 48.649130 1.000000 29.000000 31.948000 0.980552 0.276190 15.255557 2.994055 70.606191 0.690476 0.295972 16.552945 115.016893 4.110961 18.434949 
60.000000 142.000000 79.569600 2.000000 11.000000 11.603000 0.808482 0.611111 5.590035 3.289853 2.227801 0.916667 0.635824 6.082763 170.537678 3.000000 -90.000000 
42.000000 141.000000 158.483580 1.000000 18.000000 12.844000 0.387298 0.600000 5.163978 4.760952 0.000000 1.000000 0.885166 6.082763 170.537678 4.949747 -45.000000 
50.000000 140.000000 161.020873 5.000000 23.000000 18.525000 0.916561 0.638889 9.251226 3.699515 2.776152 0.851852 0.615682 9.219544 -167.471192 4.000000 -90.000000 
36.000000 146.000000 236.282582 1.000000 40.000000 26.986000 0.960852 0.404040 14.194044 3.932655 47.459587 0.952381 0.553785 13.601471 126.027373 4.242641 45.000000 
6.000000 145.000000 76.593849 1.000000 11.000000 12.091000 0.901869 0.611111 6.405182 2.767100 -80.997919 0.785714 0.595737 6.324555 -108.434949 3.000000 0.000000 
10.000000 145.000000 46.104531 1.000000 3.000000 3.093000 0.730297 0.750000 2.581989 1.763834 45.000000 1.000000 0.969873 2.828427 135.000000 2.000000 -90.000000 
23.000000 147.000000 41.714582 10.000000 4.000000 8.436000 0.983739 0.250000 6.429101 1.154701 -45.000000 1.000000 0.375002 5.656854 -135.000000 1.414214 -45.000000 
43.000000 149.000000 135.746451 6.000000 23.000000 21.362000 0.960177 0.383333 11.266269 3.147696 -20.634756 0.793103 0.481369 10.770330 -158.198591 4.024922 -63.434949 
57.000000 146.000000 66.681162 1.000000 29.000000 26.895000 0.850200 0.414286 10.567174 5.563200 70.062632 0.674419 0.403930 10.198039 101.309932 6.127946 -158.198591 
9.000000 147.000000 53.509307 1.000000 3.000000 4.590000 0.928995 0.500000 3.854129 1.426385 -28.154966 1.000000 0.630657 3.605551 -146.309932 1.788854 -63.434949 
49.000000 147.000000 113.995735 2.000000 21.000000 22.768000 0.856348 0.437500 9.091173 4.694669 29.906345 0.750000 0.393104 8.602325 144.462322 5.059644 71.565051 
23.000000 150.000000 79.970729 1.000000 18.000000 26.324000 0.986902 0.250000 14.114202 2.276918 -68.773890 0.642857 0.260527 13.416408 -116.565051 2.971125 158.198591 
8.000000 150.000000 52.352217 2.000000 4.000000 4.590000 0.731925 0.666667 3.055050 2.081666 90.000000 1.000000 0.840876 3.162278 108.434949 2.000000 0.000000 
5.000000 151.000000 63.228283 1.000000 9.000000 7.683000 0.665812 0.750000 4.053691 3.024539 69.699353 1.000000 0.965227 4.472136 116.565051 3.000000 0.000000 
52.000000 151.000000 148.730205 1.000000 25.000000 30.170000 0.788256 0.462963 8.734069 5.374487 -7.033132 0.675676 0.283113 9.055385 173.659808 6.000000 -90.000000 
58.000000 152.000000 103.624723 1.000000 30.000000 33.337000 0.600314 0.476190 9.842696 7.871835 20.031661 0.625000 0.283305 10.000000 143.130102 7.000000 -90.000000 
35.000000 153.000000 86.741747 1.000000 11.000000 16.863000 0.972026 0.343750 10.038759 2.357841 -64.851847 0.647059 0.345417 8.944272 -116.565051 2.971125 158.198591 
47.000000 154.000000 100.326615 4.000000 13.000000 9.461000 0.505790 0.812500 4.470371 3.856397 -45.000000 1.000000 1.000000 5.000000 -143.130102 4.000000 -90.000000 
12.000000 155.000000 94.821913 1.000000 51.000000 34.346000 0.971501 0.531250 17.609416 4.174025 79.749885 0.796875 0.456042 16.763055 107.354025 5.017887 -171.253838 
29.000000 155.000000 174.730357 2.000000 24.000000 17.533000 0.787378 0.571429 7.801792 4.809578 28.997308 0.857143 0.705581 8.062258 150.255119 5.578319 -104.036243 
20.000000 156.000000 67.438330 1.000000 9.000000 10.958000 0.933198 0.500000 6.472857 2.326105 -80.193953 0.750000 0.568904 6.082763 99.462322 2.667892 165.963757 
36.000000 156.000000 64.261621 1.000000 7.000000 11.603000 0.956698 0.583333 7.323428 2.131731 -88.092963 0.636364 0.404615 6.324555 -108.434949 2.000000 0.000000 
44.000000 157.000000 56.469551 3.000000 16.000000 26.341000 0.668776 0.380952 7.378807 5.485880 85.123788 0.571429 0.231312 7.280110 105.945396 5.813777 153.434949 
25.000000 162.000000 294.286683 3.000000 42.000000 25.191000 0.931754 0.583333 12.412952 4.507016 14.265232 0.913043 0.657486 12.369317 165.963757 5.059644 71.565051 
34.000000 159.000000 83.233163 3.000000 14.000000 12.273000 0.870510 0.583333 6.498705 3.198346 -26.126597 0.933333 0.740413 6.708204 -153.434949 3.794733 108.434949 
39.000000 158.000000 109.116553 8.000000 12.000000 12.091000 0.739586 0.500000 5.872626 3.952641 6.813497 0.750000 0.649895 6.324555 161.565051 4.000000 -90.000000 
58.000000 157.000000 129.410351 2.000000 8.000000 10.586000 0.616309 0.666667 4.261058 3.355601 -66.765600 0.727273 0.533471 5.000000 -126.869898 3.000000 0.000000 
49.000000 159.000000 78.306591 1.000000 12.000000 12.182000 0.681665 0.600000 5.153597 3.770705 -88.968090 0.800000 0.642199 5.385165 111.801409 4.000000 0.000000 
54.000000 158.000000 125.781162 1.000000 20.000000 15.730000 0.808425 0.714286 7.132989 4.198468 -3.801876 0.909091 0.705704 7.280110 164.054604 4.000000 -90.000000 
31.000000 161.000000 90.995207 2.000000 15.000000 15.184000 0.867378 0.416667 7.348709 3.657082 -41.076769 0.714286 0.561287 7.211103 -123.690068 4.242641 -45.000000 
41.000000 163.000000 128.535049 1.000000 22.000000 18.269000 0.390604 0.523810 7.085517 6.522634 76.109213 0.733333 0.603080 7.810250 129.805571 6.000000 0.000000 
51.000000 163.000000 121.308404 1.000000 14.000000 13.398000 0.729967 0.560000 5.669355 3.874903 51.753178 0.933333 0.643114 5.830952 120.963757 4.242641 45.000000 
58.000000 163.000000 44.775881 6.000000 2.000000 1.960000 0.866025 1.000000 2.309401 1.154701 0.000000 1.000000 0.965669 2.236068 153.434949 1.000000 -90.000000 
55.000000 163.000000 55.908221 8.000000 4.000000 6.550000 0.946293 0.500000 4.820546 1.558527 -17.608796 0.800000 0.535155 4.472136 -153.434949 1.897367 -71.565051 
13.000000 170.000000 62.340352 6.000000 23.000000 25.282000 0.967578 0.418182 12.250259 3.094067 -17.317153 0.696970 0.357750 12.083046 -155.556045 3.880570 -75.963757 
35.000000 165.000000 110.929860 6.000000 3.000000 3.093000 0.730297 0.750000 2.581989 1.763834 -45.000000 1.000000 0.969873 2.828427 -135.000000 2.000000 -90.000000 
46.000000 166.000000 178.879595 1.000000 22.000000 17.806000 0.898328 0.550000 8.626647 3.789898 74.493782 0.846154 0.630034 8.544004 110.556045 4.314555 11.309932 
57.000000 166.000000 54.398191 4.000000 9.000000 9.089000 0.810865 0.562500 4.783281 2.799334 33.400705 0.900000 0.756062 5.000000 126.869898 3.130495 63.434949 
30.000000 169.000000 212.797350 1.000000 36.000000 23.024000 0.940033 0.654545 11.859572 4.045107 -74.827537 0.923077 0.660771 11.704700 -109.983107 4.608177 -14.036243 
39.000000 168.000000 107.998146 1.000000 24.000000 25.861000 0.781611 0.571429 8.492928 5.297606 63.825036 0.750000 0.358548 8.602325 125.537678 5.813777 -153.434949 
50.000000 168.000000 93.205920 4.000000 15.000000 10.867000 0.717299 0.750000 5.383840 3.751273 27.548752 1.000000 0.960533 5.830952 149.036243 4.000000 -90.000000 
22.000000 173.000000 230.599541 1.000000 42.000000 26.787000 0.879900 0.545455 11.543194 5.484841 10.295416 0.807692 0.589232 11.401754 164.744881 6.499337 68.198591 
40.000000 172.000000 66.980318 2.000000 13.000000 21.180000 0.802695 0.265306 8.899722 5.307700 52.636882 0.500000 0.276165 8.602325 125.537678 5.813777 26.565051 
45.000000 173.000000 200.787503 4.000000 23.000000 23.620000 0.948046 0.328571 11.048221 3.514820 27.620455 0.696970 0.403565 10.770330 158.198591 4.437602 -123.690068 
53.000000 173.000000 72.112161 1.000000 18.000000 26.614000 0.943635 0.272727 12.457742 4.123372 -75.320566 0.486486 0.255473 11.180340 -100.304846 4.915728 -20.556045 
29.000000 175.000000 100.528882 1.000000 30.000000 26.969000 0.948800 0.454545 12.149131 3.837643 73.731185 0.750000 0.415808 12.529964 118.610460 4.230144 12.528808 
48.000000 182.000000 128.539451 5.000000 51.000000 37.232000 0.978634 0.500000 19.292460 3.966719 11.443110 0.784615 0.393174 17.720045 163.610460 4.850713 75.963757 
12.000000 177.000000 78.872093 1.000000 25.000000 20.510000 0.897418 0.555556 9.577045 4.225219 76.610911 0.735294 0.561603 9.219544 102.528808 4.767571 9.462322 
36.000000 174.000000 101.551998 1.000000 17.000000 14.994000 0.638900 0.566667 5.778821 4.445587 21.512533 0.850000 0.649524 6.324555 -161.565051 4.919350 63.434949 
41.000000 176.000000 152.717317 6.000000 12.000000 15.184000 0.969281 0.333333 9.189501 2.260226 -44.679029 0.800000 0.449030 8.485281 -135.000000 2.828427 -45.000000 
15.000000 180.000000 85.842250 1.000000 21.000000 21.941000 0.945220 0.328125 11.437017 3.733417 42.220810 0.656250 0.419454 10.630146 131.185925 4.533658 54.462322 
30.000000 182.000000 120.679064 1.000000 31.000000 30.352000 0.837582 0.430556 10.430119 5.698092 48.382667 0.720930 0.347255 10.630146 131.185925 6.363961 45.000000 
38.000000 180.000000 154.393188 1.000000 24.000000 16.565000 0.864643 0.750000 8.117641 4.078196 83.283548 0.923077 0.776601 8.246211 104.036243 4.000000 0.000000 
23.000000 182.000000 126.494869 1.000000 39.000000 38.481000 0.781431 0.487500 11.350354 7.082531 -23.469917 0.639344 0.282889 12.206556 -145.007980 7.602631 -63.434949 
33.000000 184.000000 139.104450 1.000000 16.000000 14.903000 0.870936 0.444444 7.203291 3.539671 52.547760 0.800000 0.617498 7.211103 123.690068 4.242641 45.000000 
43.000000 185.000000 184.174788 5.000000 32.000000 25.373000 0.903905 0.640000 10.928234 4.674371 8.914280 0.820513 0.494567 10.770330 158.198591 5.000000 -90.000000 
9.000000 184.000000 46.571414 1.000000 12.000000 13.216000 0.888685 0.666667 6.434748 2.950446 -76.238603 0.857143 0.563576 6.708204 -116.565051 3.000000 0.000000 
15.000000 186.000000 88.987052 1.000000 9.000000 11.628000 0.956626 0.375000 7.209951 2.100396 -61.053128 0.900000 0.518460 6.708204 -116.565051 2.683282 -26.565051 
36.000000 186.000000 122.880057 1.000000 23.000000 17.235000 0.852997 0.575000 7.951983 4.150264 -77.559817 0.920000 0.696105 8.544004 -110.556045 4.743416 161.565051 
51.000000 186.000000 40.000935 2.000000 1.000000 0.000000 0.000000 1.000000 1.154701 1.154701 0.000000 1.000000 1.000000 1.414214 135.000000 1.000000 -90.000000 
13.000000 190.000000 61.744268 1.000000 13.000000 14.878000 0.952884 0.541667 8.032263 2.436474 81.543947 0.812500 0.503110 8.246211 104.036243 3.000000 0.000000 
22.000000 190.000000 103.971322 1.000000 38.000000 29.897000 0.821771 0.542857 10.795721 6.151591 87.447698 0.745098 0.437472 10.440307 -106.699244 6.864065 11.309932 
36.000000 191.000000 70.348810 1.000000 21.000000 23.024000 0.973664 0.437500 12.371052 2.820425 77.768537 0.750000 0.385450 12.165525 99.462322 3.395499 14.036243 
54.000000 190.000000 34.030578 1.000000 1.000000 0.000000 0.000000 1.000000 1.154701 1.154701 0.000000 1.000000 1.000000 1.414214 135.000000 1.000000 -90.000000 
8.000000 196.000000 57.243788 8.000000 11.000000 18.269000 0.936681 0.314286 9.425035 3.300490 -37.628219 0.611111 0.301540 8.602325 -144.462322 3.904344 -51.340192 
55.000000 193.000000 35.916083 8.000000 1.000000 0.000000 0.000000 1.000000 1.154701 1.154701 0.000000 1.000000 1.000000 1.414214 135.000000 1.000000 -90.000000 
33.000000 193.000000 87.823613 1.000000 1.000000 0.000000 0.000000 1.000000 1.154701 1.154701 0.000000 1.000000 1.000000 1.414214 135.000000 1.000000 -90.000000 
44.000000 193.000000 157.504170 3.000000 34.000000 22.933000 0.860356 0.680000 9.809045 4.999602 -3.864279 0.871795 0.628425 10.198039 -168.690068 5.000000 -90.000000 
49.000000 198.000000 141.323427 1.000000 36.000000 31.377000 0.982557 0.342857 16.866630 3.136524 -23.323282 0.800000 0.379670 16.552945 -154.983107 3.979399 -69.443955 
57.000000 197.000000 52.535571 2.000000 12.000000 11.992000 0.899003 0.500000 6.346291 2.779315 17.496010 0.857143 0.658426 6.324555 161.565051 3.162278 71.565051 
16.000000 198.000000 66.966653 2.000000 6.000000 9.825000 0.753009 0.500000 4.592439 3.021874 69.006394 0.750000 0.448445 4.472136 116.565051 3.000000 0.000000 
24.000000 196.000000 110.952488 1.000000 45.000000 34.280000 0.752231 0.511364 12.043113 7.935199 66.110870 0.714286 0.403811 12.806248 128.659808 8.000000 0.000000 
36.000000 197.000000 66.794567 1.000000 24.000000 33.676000 0.985412 0.400000 19.180722 3.264272 -89.679228 0.480000 0.222490 15.297059 -101.309932 4.000000 0.000000 
61.000000 199.000000 37.796212 7.000000 3.000000 3.920000 0.942809 1.000000 3.464102 1.154701 0.000000 1.000000 0.756007 3.162278 161.565051 1.000000 -90.000000 
13.000000 199.000000 72.626770 1.000000 15.000000 11.603000 0.844847 0.833333 6.093009 3.259808 -84.586273 1.000000 0.867033 6.324555 -108.434949 3.000000 0.000000 
55.000000 199.000000 40.746711 1.000000 3.000000 4.590000 0.928995 0.500000 3.854129 1.426385 -61.845034 0.750000 0.630657 3.605551 -123.690068 1.788854 153.434949 
40.000000 201.000000 81.081583 1.000000 11.000000 11.512000 0.929659 0.611111 6.757162 2.489481 73.101717 0.916667 0.643746 6.708204 116.565051 2.910428 14.036243 
9.000000 205.000000 64.120286 1.000000 31.000000 29.136000 0.867030 0.382716 11.805003 5.881905 -42.190913 0.607843 0.373912 11.401754 -127.874984 7.155418 -63.434949 
17.000000 200.000000 68.409486 2.000000 3.000000 5.624000 0.769800 0.500000 3.464102 2.211083 0.000000 0.750000 0.490646 3.162278 161.565051 2.000000 -90.000000 
33.000000 202.000000 141.568202 1.000000 26.000000 20.791000 0.891004 0.577778 9.990033 4.535422 85.219596 0.742857 0.570432 9.486833 -108.434949 5.000000 0.000000 
20.000000 202.000000 40.846807 10.000000 3.000000 3.920000 0.942809 1.000000 3.464102 1.154701 90.000000 1.000000 0.756007 3.162278 108.434949 1.000000 0.000000 
43.000000 202.000000 92.551019 1.000000 26.000000 27.548000 0.742742 0.464286 9.717759 6.506792 56.896668 0.684211 0.346897 9.219544 130.601295 7.000000 0.000000 
4.000000 203.000000 36.791302 3.000000 1.000000 0.000000 0.000000 1.000000 1.154701 1.154701 0.000000 1.000000 1.000000 1.414214 135.000000 1.000000 -90.000000 
19.000000 205.000000 39.796734 8.000000 4.000000 4.408000 0.870424 0.666667 3.435909 1.691507 -31.717474 1.000000 0.881907 3.605551 -146.309932 2.000000 -90.000000 
25.000000 204.000000 92.922689 1.000000 23.000000 29.235000 0.935323 0.261364 13.727365 4.856664 57.817091 0.560976 0.275725 12.041595 131.633539 6.127946 -158.198591 
55.000000 208.000000 44.562792 1.000000 13.000000 16.309000 0.922283 0.309524 8.239285 3.184618 50.673389 0.722222 0.431805 8.485281 135.000000 4.024922 26.565051 
35.000000 206.000000 95.199879 1.000000 23.000000 27.656000 0.735263 0.410714 8.683364 5.885427 61.196469 0.621622 0.304722 8.602325 125.537678 6.667949 11.309932 
17.000000 208.000000 67.483237 1.000000 10.000000 10.197000 0.884897 0.666667 5.671656 2.641777 76.391944 0.909091 0.706301 5.830952 120.963757 3.000000 0.000000 
25.000000 210.000000 109.032255 1.000000 5.000000 4.962000 0.765092 0.833333 3.306559 2.129163 -18.434949 1.000000 0.956808 3.605551 -146.309932 2.000000 -90.000000 
60.000000 210.000000 44.552132 6.000000 5.000000 8.328000 0.969048 0.500000 6.024504 1.487286 -17.143438 0.714286 0.477622 5.385165 -158.198591 1.897367 -71.565051 
49.000000 208.000000 123.020453 1.000000 27.000000 17.715000 0.786884 0.551020 7.711727 4.758911 -39.780379 0.900000 0.779986 8.062258 -150.255119 5.547002 -56.309932 
9.000000 212.000000 65.194360 1.000000 23.000000 23.231000 0.976734 0.348485 12.677515 2.718736 64.352851 0.821429 0.415558 12.529964 118.610460 3.577709 26.565051 
38.000000 211.000000 127.023580 1.000000 25.000000 18.153000 0.729519 0.714286 7.233672 4.947550 55.900705 0.892857 0.692805 8.602325 125.537678 5.000000 0.000000 
43.000000 211.000000 171.875741 1.000000 11.000000 11.049000 0.568612 0.687500 4.666893 3.839013 -72.856562 0.846154 0.686438 5.000000 126.869898 4.000000 -90.000000 
52.000000 212.000000 141.396401 1.000000 12.000000 10.222000 0.693889 0.600000 4.898979 3.527668 11.309932 1.000000 0.844393 5.385165 158.198591 4.000000 -90.000000 
17.000000 213.000000 65.927476 2.000000 5.000000 4.962000 0.765092 0.833333 3.306559 2.129163 71.565051 1.000000 0.956808 3.605551 123.690068 2.000000 0.000000 
39.000000 214.000000 128.130021 1.000000 7.000000 8.717000 0.805430 0.583333 4.455913 2.640980 15.232772 0.777778 0.625521 4.472136 153.434949 3.000000 -90.000000 
47.000000 213.000000 86.321906 1.000000 13.000000 19.195000 0.750635 0.371429 7.261844 4.798025 -56.239717 0.619048 0.327431 7.280110 -105.945396 4.850713 165.963757 
28.000000 215.000000 91.618932 3.000000 12.000000 19.030000 0.969462 0.244898 10.658872 2.613982 39.602273 0.631579 0.306759 9.219544 130.601295 3.535534 45.000000 
18.000000 215.000000 76.822041 4.000000 6.000000 7.774000 0.908344 0.500000 4.920353 2.057808 28.862178 0.857143 0.632800 5.000000 143.130102 2.529822 71.565051 
55.000000 217.000000 117.424331 1.000000 28.000000 29.897000 0.725087 0.518519 8.715069 6.001697 2.697956 0.736842 0.322348 9.219544 167.471192 6.000000 -90.000000 
32.000000 215.000000 128.516975 1.000000 21.000000 22.768000 0.911462 0.375000 10.580165 4.352522 45.871915 0.656250 0.393104 9.899495 135.000000 5.547002 -146.309932 
49.000000 217.000000 115.189354 2.000000 14.000000 12.091000 0.896690 0.583333 6.705156 2.968095 66.676486 0.875000 0.758211 6.708204 116.565051 3.478505 18.434949 
59.000000 217.000000 95.300367 1.000000 11.000000 13.679000 0.688453 0.550000 5.381050 3.902772 -12.541797 0.733333 0.488562 5.830952 -149.036243 4.000000 -90.000000 
7.000000 219.000000 56.670312 1.000000 11.000000 12.000000 0.951786 0.458333 7.260461 2.227248 62.197064 0.916667 0.602920 7.211103 123.690068 2.683282 26.565051 
39.000000 217.000000 63.123209 6.000000 10.000000 11.628000 0.943585 0.416667 6.852579 2.269103 -61.328090 0.909091 0.576067 6.708204 -116.565051 2.683282 -26.565051 
34.000000 220.000000 41.636424 8.000000 2.000000 2.812000 0.925820 0.500000 3.055050 1.154701 -45.000000 1.000000 0.709058 2.828427 -135.000000 1.414214 -45.000000 
11.000000 221.000000 62.035658 6.000000 14.000000 14.051000 0.901973 0.666667 7.412950 3.200851 -6.865876 0.875000 0.595189 7.280110 -164.054604 3.000000 -90.000000 
21.000000 221.000000 97.485528 1.000000 31.000000 23.512000 0.963178 0.469697 12.768527 3.432987 70.300714 0.861111 0.548353 12.083046 114.443955 3.794733 18.434949 
43.000000 220.000000 104.284261 1.000000 27.000000 17.235000 0.712242 0.675000 7.339330 5.151726 86.956956 0.900000 0.817166 8.246211 -104.036243 5.000000 0.000000 
31.000000 221.000000 76.549311 1.000000 13.000000 17.326000 0.969135 0.406250 10.401249 2.564245 -74.710387 0.650000 0.389960 8.944272 -116.565051 3.021932 -15.945396 
37.000000 221.000000 100.148455 1.000000 15.000000 13.009000 0.857437 0.833333 6.386696 3.286522 -87.415086 0.937500 0.722644 6.324555 108.434949 3.000000 0.000000 
58.000000 222.000000 75.915815 1.000000 21.000000 18.823000 0.734464 0.600000 7.117746 4.830441 -87.333921 0.750000 0.546994 7.615773 -113.198591 5.000000 0.000000 
60.000000 226.000000 74.046916 2.000000 7.000000 6.368000 0.353094 0.777778 3.236694 3.028212 0.000000 1.000000 0.972712 3.605551 123.690068 3.000000 -90.000000 
17.000000 227.000000 55.434002 1.000000 17.000000 23.620000 0.988009 0.220779 13.941018 2.152443 -56.928617 0.680000 0.298287 12.529964 -118.610460 2.773501 -33.690068 
46.000000 225.000000 116.011077 1.000000 27.000000 18.641000 0.842385 0.551020 8.666149 4.669978 38.502692 0.843750 0.715080 8.602325 125.537678 5.200000 -126.869898 
42.000000 228.000000 71.077420 3.000000 9.000000 11.810000 0.933494 0.375000 6.765277 2.425973 61.845034 0.818182 0.505915 6.708204 116.565051 2.971125 -158.198591 
52.000000 225.000000 71.230274 2.000000 16.000000 25.580000 0.761019 0.400000 8.113875 5.263715 2.350623 0.533333 0.243732 8.944272 153.434949 5.000000 -90.000000 
57.000000 227.000000 108.321326 2.000000 13.000000 14.605000 0.871500 0.433333 7.236612 3.548799 -44.318036 0.722222 0.518708 7.211103 -146.309932 4.200000 -36.869898 
6.000000 229.000000 37.647231 1.000000 4.000000 6.550000 0.946293 0.500000 4.820546 1.558527 72.391204 0.800000 0.535155 4.472136 116.565051 1.897367 -161.565051 
37.000000 231.000000 42.700668 4.000000 4.000000 6.368000 0.958153 0.500000 4.964579 1.421135 22.500000 0.800000 0.555835 4.472136 153.434949 1.788854 63.434949 
45.000000 233.000000 81.228707 1.000000 30.000000 27.821000 0.845877 0.555556 10.058462 5.364970 -23.355798 0.697674 0.393239 10.295630 -150.945396 5.813777 -63.434949 
52.000000 232.000000 169.655282 1.000000 34.000000 27.350000 0.944630 0.343434 12.872827 4.224075 46.322468 0.790698 0.459546 13.038405 147.528808 4.949747 45.000000 
29.000000 232.000000 39.291534 1.000000 4.000000 6.368000 0.958153 0.500000 4.964579 1.421135 67.500000 0.800000 0.555835 4.472136 116.565051 1.788854 26.565051 
58.000000 235.000000 148.289407 2.000000 17.000000 16.309000 0.950899 0.404762 8.872666 2.746104 48.529345 0.894737 0.564668 9.219544 130.601295 3.535534 45.000000 
10.000000 234.000000 61.627481 1.000000 5.000000 5.624000 0.000000 0.555556 2.780887 2.780887 0.000000 1.000000 0.817744 3.162278 108.434949 2.828427 -45.000000 
7.000000 235.000000 72.991048 1.000000 14.000000 14.994000 0.901801 0.666667 7.370099 3.185001 -89.364661 0.875000 0.534902 7.280110 -105.945396 3.000000 0.000000 
14.000000 235.000000 48.212140 1.000000 15.000000 16.722000 0.973881 0.833333 9.644568 2.189897 86.248456 0.937500 0.477733 9.219544 102.528808 2.000000 0.000000 
32.000000 237.000000 44.403734 1.000000 7.000000 8.882000 0.942088 0.700000 5.788786 1.941356 80.384664 0.875000 0.608470 5.385165 111.801409 2.000000 0.000000 
