243
32.000000 112.000000 11.567125 1.000000 10300.000000 591.556000 0.956861 0.670573 272.946120 79.303327 -0.193837 0.670573 0.365978 248.386795 165.068583 64.000000 -90.000000 
27.000000 5.000000 45.479266 1.000000 16.000000 19.286000 0.974341 0.400000 10.661083 2.399579 69.425770 0.800000 0.399728 10.770330 111.801409 3.156821 -158.198591 
49.000000 5.000000 34.689858 6.000000 2.000000 1.960000 0.866025 1.000000 2.309401 1.154701 0.000000 1.000000 0.965669 2.236068 153.434949 1.000000 -90.000000 
10.000000 9.000000 46.898412 1.000000 19.000000 23.992000 0.984249 0.246753 13.773621 2.434977 -60.261496 0.703704 0.324301 13.038405 -122.471192 3.205243 150.945396 
59.000000 6.000000 31.638600 2.000000 1.000000 0.000000 0.000000 1.000000 1.154701 1.154701 0.000000 1.000000 1.000000 1.414214 135.000000 1.000000 -90.000000 
48.000000 7.000000 35.156719 6.000000 1.000000 0.000000 0.000000 1.000000 1.154701 1.154701 0.000000 1.000000 1.000000 1.414214 135.000000 1.000000 -90.000000 
47.000000 13.000000 39.122678 1.000000 10.000000 12.736000 0.969399 0.476190 7.891366 1.937269 20.504543 0.909091 0.498472 7.615773 156.801409 2.529822 -108.434949 
50.000000 11.000000 29.921935 4.000000 1.000000 0.000000 0.000000 1.000000 1.154701 1.154701 0.000000 1.000000 1.000000 1.414214 135.000000 1.000000 -90.000000 
18.000000 14.000000 45.799837 2.000000 7.000000 8.907000 0.941151 0.437500 5.834644 1.972029 36.174938 0.777778 0.605948 5.656854 135.000000 2.496151 56.309932 
11.000000 16.000000 53.062962 1.000000 14.000000 14.051000 0.934619 0.500000 7.767913 2.762665 -73.056520 0.777778 0.595189 7.615773 -113.198591 3.333974 -11.309932 
35.000000 16.000000 45.146165 1.000000 27.000000 24.984000 0.979774 0.519231 13.794743 2.760438 -76.409610 0.843750 0.428914 13.601471 -107.102729 3.395499 165.963757 
42.000000 17.000000 31.830342 6.000000 4.000000 5.880000 0.968246 1.000000 4.618802 1.154701 0.000000 1.000000 0.617595 4.123106 165.963757 1.000000 -90.000000 
56.000000 17.000000 31.242663 2.000000 1.000000 0.000000 0.000000 1.000000 1.154701 1.154701 0.000000 1.000000 1.000000 1.414214 135.000000 1.000000 -90.000000 
16.000000 17.000000 38.666694 2.000000 8.000000 8.055000 0.829512 0.666667 4.633571 2.587796 -56.981244 0.888889 0.801915 5.000000 -126.869898 3.000000 0.000000 
53.000000 18.000000 32.832861 1.000000 4.000000 6.550000 0.946293 0.500000 4.820546 1.558527 72.391204 0.800000 0.535155 4.472136 116.565051 1.897367 -161.565051 
7.000000 21.000000 61.337649 1.000000 8.000000 10.288000 0.955077 0.666667 6.262737 1.856014 76.717474 0.888889 0.557409 6.324555 108.434949 2.000000 0.000000 
10.000000 23.000000 39.290819 2.000000 14.000000 26.432000 0.979180 0.172840 13.764858 2.794205 40.031805 0.560000 0.201154 12.727922 135.000000 3.535534 45.000000 
41.000000 23.000000 41.380665 1.000000 12.000000 17.301000 0.979210 0.666667 10.484338 2.126758 4.671582 0.750000 0.360844 9.219544 167.471192 2.000000 -90.000000 
36.000000 29.000000 46.259415 2.000000 24.000000 30.864000 0.992566 0.375000 17.542722 2.135054 10.737915 0.727273 0.260808 16.492423 165.963757 2.683282 79.695154 
23.000000 25.000000 30.895685 2.000000 5.000000 7.774000 0.799510 0.416667 4.346387 2.610668 16.002692 0.714286 0.527333 4.472136 153.434949 2.846050 71.565051 
44.000000 25.000000 33.741084 5.000000 5.000000 7.220000 0.948099 0.416667 5.066665 1.611077 35.279983 0.833333 0.585230 5.000000 143.130102 2.121320 45.000000 
32.000000 25.000000 31.943334 12.000000 2.000000 1.960000 0.866025 1.000000 2.309401 1.154701 90.000000 1.000000 0.965669 2.236068 116.565051 1.000000 0.000000 
29.000000 30.000000 34.719308 1.000000 5.000000 6.550000 0.889464 0.625000 4.253087 1.943686 5.152423 1.000000 0.668944 4.123106 165.963757 2.000000 -90.000000 
6.000000 29.000000 49.684482 10.000000 7.000000 8.328000 0.930558 0.700000 5.262061 1.926673 -75.321123 0.875000 0.668670 5.385165 -111.801409 2.000000 0.000000 
41.000000 29.000000 36.281083 5.000000 4.000000 5.905000 0.926289 0.444444 4.355771 1.641317 39.690172 0.800000 0.614186 4.242641 135.000000 2.121320 45.000000 
18.000000 33.000000 49.774421 1.000000 14.000000 21.147000 0.976022 0.280000 12.071517 2.627607 76.272948 0.560000 0.298218 10.770330 111.801409 3.362422 12.528808 
27.000000 31.000000 37.551963 1.000000 6.000000 6.368000 0.833333 0.750000 4.000000 2.211083 90.000000 1.000000 0.833753 4.123106 104.036243 2.000000 0.000000 
28.000000 34.000000 37.097408 6.000000 9.000000 10.842000 0.952175 0.750000 6.686870 2.043198 7.627559 0.900000 0.578382 6.324555 161.565051 2.000000 -90.000000 
58.000000 37.000000 62.374849 1.000000 28.000000 21.941000 0.908466 0.518519 10.396662 4.345366 22.031924 0.800000 0.559272 10.295630 150.945396 5.260768 -99.462322 
9.000000 35.000000 66.275774 1.000000 31.000000 21.618000 0.931705 0.704545 10.719511 3.893504 -86.895382 0.885714 0.635455 11.180340 -100.304846 4.000000 0.000000 
40.000000 39.000000 38.049242 5.000000 18.000000 19.468000 0.970291 0.450000 10.383287 2.512131 15.522514 0.818182 0.442483 10.770330 158.198591 3.137858 78.690068 
9.000000 43.000000 65.710928 2.000000 31.000000 33.280000 0.986777 0.201299 16.825458 2.727168 39.495021 0.775000 0.293666 17.804494 141.842773 3.654001 48.366461 
6.000000 41.000000 32.525288 2.000000 1.000000 0.000000 0.000000 1.000000 1.154701 1.154701 0.000000 1.000000 1.000000 1.414214 135.000000 1.000000 -90.000000 
30.000000 42.000000 30.796712 3.000000 2.000000 2.812000 0.925820 0.500000 3.055050 1.154701 45.000000 1.000000 0.709058 2.828427 135.000000 1.414214 45.000000 
53.000000 42.000000 57.010620 1.000000 12.000000 10.404000 0.564530 0.600000 5.004665 4.130913 64.392182 0.857143 0.821855 5.385165 111.801409 4.000000 0.000000 
22.000000 46.000000 34.542728 1.000000 12.000000 19.402000 0.986380 0.222222 11.963602 1.967796 61.293449 0.750000 0.296719 10.816654 123.690068 2.683282 26.565051 
33.000000 44.000000 30.937327 11.000000 4.000000 6.550000 0.946293 0.500000 4.820546 1.558527 -72.391204 0.800000 0.535155 4.472136 -116.565051 1.897367 -18.434949 
52.000000 48.000000 75.612272 2.000000 33.000000 23.132000 0.377039 0.589286 7.548728 6.991612 57.213377 0.868421 0.600738 8.602325 144.462322 7.000000 0.000000 
60.000000 45.000000 53.768762 4.000000 20.000000 19.650000 0.853607 0.571429 7.997046 4.165804 14.646727 0.740741 0.483827 8.602325 144.462322 4.743416 71.565051 
17.000000 47.000000 33.325911 1.000000 5.000000 6.550000 0.889464 0.625000 4.253087 1.943686 -84.847577 0.833333 0.668944 4.123106 104.036243 2.000000 0.000000 
41.000000 48.000000 41.438989 2.000000 6.000000 6.459000 0.778499 0.666667 3.829708 2.403701 -45.000000 1.000000 0.818022 4.242641 -135.000000 2.828427 135.000000 
8.000000 52.000000 52.580176 2.000000 12.000000 17.434000 0.980146 0.250000 9.960457 1.974947 54.808940 0.857143 0.356194 10.000000 126.869898 2.773501 -146.309932 
12.000000 54.000000 47.791027 1.000000 25.000000 35.902000 0.994888 0.137363 19.885517 2.008205 48.811190 0.781250 0.206087 19.104973 132.878904 2.822163 41.185925 
40.000000 51.000000 63.795884 3.000000 28.000000 20.254000 0.834842 0.622222 8.479325 4.667776 -8.818998 0.848485 0.642835 9.219544 -167.471192 5.000000 -90.000000 
59.000000 49.000000 81.478225 1.000000 13.000000 13.472000 0.885318 0.541667 6.846530 3.183535 -87.041865 0.764706 0.591870 6.708204 -116.565051 4.000000 0.000000 
35.000000 56.000000 47.117550 2.000000 6.000000 12.174000 0.974544 0.250000 8.202724 1.839016 -56.677782 0.666667 0.321435 7.211103 -123.690068 2.400980 -30.963757 
57.000000 55.000000 82.797555 1.000000 31.000000 24.819000 0.958578 0.387500 12.949020 3.688292 -42.470612 0.837838 0.498286 12.806248 -141.340192 4.949747 -45.000000 
48.000000 56.000000 99.547304 1.000000 28.000000 26.415000 0.950791 0.583333 12.330854 3.820511 2.623786 0.736842 0.402772 12.165525 170.537678 4.000000 -90.000000 
52.000000 53.000000 63.810020 1.000000 10.000000 10.958000 0.748263 0.625000 5.106095 3.387397 -58.001673 0.833333 0.632116 5.656854 -135.000000 3.882901 146.309932 
42.000000 59.000000 91.425003 5.000000 17.000000 18.343000 0.971105 0.472222 10.602653 2.530350 -15.009759 0.772727 0.462812 9.848858 -156.037511 3.152963 -75.963757 
21.000000 59.000000 48.958963 1.000000 1.000000 0.000000 0.000000 1.000000 1.154701 1.154701 0.000000 1.000000 1.000000 1.414214 135.000000 1.000000 -90.000000 
32.000000 60.000000 39.372444 2.000000 6.000000 9.643000 0.958399 0.400000 6.346208 1.811408 17.608796 0.666667 0.461304 5.830952 149.036243 2.182821 -104.036243 
52.000000 58.000000 50.742012 2.000000 7.000000 11.810000 0.977066 0.291667 7.584700 1.615047 32.326912 0.777778 0.393489 7.211103 146.309932 2.218801 -123.690068 
38.000000 62.000000 87.282719 3.000000 26.000000 24.910000 0.946671 0.393939 11.576227 3.729890 -13.224452 0.742857 0.415210 11.704700 -160.016893 4.365641 -75.963757 
27.000000 60.000000 41.342246 1.000000 14.000000 13.960000 0.945010 0.466667 8.095362 2.647515 -60.070693 0.823529 0.601540 7.810250 -129.805571 3.130495 -26.565051 
16.000000 60.000000 33.311145 7.000000 4.000000 5.053000 0.866025 0.666667 3.651484 1.825742 -18.434949 0.800000 0.748540 3.605551 -146.309932 2.000000 -90.000000 
56.000000 64.000000 108.333347 1.000000 15.000000 19.402000 0.960767 0.312500 9.970481 2.765373 -57.368964 0.714286 0.370898 9.433981 -122.005383 3.713070 140.194429 
24.000000 63.000000 38.494495 1.000000 10.000000 14.787000 0.612372 0.500000 5.266245 4.163332 -82.874984 0.714286 0.390947 5.385165 111.801409 4.000000 0.000000 
28.000000 63.000000 49.293971 1.000000 8.000000 8.328000 0.894059 0.800000 5.033223 2.254625 90.000000 1.000000 0.764194 5.099020 101.309932 2.000000 0.000000 
49.000000 65.000000 123.139259 1.000000 29.000000 19.377000 0.873681 0.644444 9.067200 4.411179 -3.640069 0.878788 0.718663 9.219544 167.471192 4.767571 99.462322 
34.000000 65.000000 88.409277 1.000000 24.000000 20.138000 0.947912 0.480000 10.537517 3.356529 -69.673400 0.888889 0.556507 10.770330 -111.801409 3.983456 164.054604 
53.000000 67.000000 65.182279 1.000000 6.000000 5.905000 0.632456 0.666667 3.333333 2.581989 45.000000 1.000000 0.921279 3.605551 123.690068 2.828427 45.000000 
22.000000 69.000000 70.335733 1.000000 34.000000 32.568000 0.981540 0.425000 15.918466 3.044519 -77.682988 0.790698 0.335057 16.763055 -107.354025 3.726207 168.690068 
60.000000 67.000000 72.274677 4.000000 4.000000 4.590000 0.731925 0.666667 3.055050 2.081666 90.000000 1.000000 0.840876 3.162278 108.434949 2.000000 0.000000 
56.000000 69.000000 75.259467 2.000000 12.000000 10.015000 0.821945 0.800000 5.418787 3.086363 -85.163322 0.923077 0.871173 5.385165 111.801409 3.000000 0.000000 
7.000000 71.000000 41.833804 1.000000 11.000000 14.324000 0.929157 0.523810 7.172057 2.651398 -80.620675 0.733333 0.453144 7.071068 98.130102 3.000000 0.000000 
52.000000 71.000000 103.573795 1.000000 16.000000 13.960000 0.919844 0.571429 7.625935 2.991535 -24.379653 0.941176 0.687475 7.615773 -156.801409 3.577709 -63.434949 
59.000000 70.000000 56.860563 11.000000 5.000000 7.402000 0.882464 0.416667 4.587955 2.158086 -64.329904 0.833333 0.565201 4.472136 -116.565051 2.529822 161.565051 
38.000000 70.000000 45.135206 4.000000 15.000000 15.250000 0.890241 0.625000 7.390731 3.366400 25.567205 0.833333 0.557266 7.211103 146.309932 4.000000 -90.000000 
59.000000 73.000000 48.287068 1.000000 10.000000 10.958000 0.889524 0.500000 6.051607 2.764908 -68.394955 0.769231 0.632116 5.830952 -120.963757 3.395499 165.963757 
12.000000 74.000000 45.786163 5.000000 18.000000 15.730000 0.925586 0.562500 8.155857 3.087293 -17.382119 0.900000 0.635134 8.544004 -159.443955 3.794733 108.434949 
40.000000 82.000000 38.873911 6.000000 26.000000 34.933000 0.993834 0.218487 19.398178 2.150784 -18.889969 0.722222 0.225379 18.384776 -157.619865 2.846050 -71.565051 
55.000000 77.000000 88.484028 1.000000 16.000000 15.548000 0.821901 0.533333 6.666011 3.797165 -23.217102 0.800000 0.575612 6.708204 -153.434949 4.743416 108.434949 
19.000000 78.000000 43.869060 1.000000 17.000000 18.732000 0.961522 0.472222 10.055417 2.762494 -75.472698 0.772727 0.446497 9.848858 -113.962489 3.395499 165.963757 
60.000000 79.000000 50.034427 1.000000 6.000000 7.220000 0.869227 0.500000 4.472136 2.211083 -59.036243 1.000000 0.702276 4.472136 -116.565051 2.683282 -26.565051 
10.000000 82.000000 39.697675 1.000000 16.000000 20.576000 0.985948 0.484848 12.021183 2.008188 -77.834985 0.800000 0.357428 11.401754 -105.255119 2.549510 168.690068 
55.000000 85.000000 41.558061 10.000000 18.000000 29.062000 0.994575 0.153846 17.374385 1.807363 -54.042182 0.666667 0.218109 15.811388 -124.695154 2.557448 -35.537678 
59.000000 82.000000 67.362579 9.000000 17.000000 13.588000 0.917159 0.566667 7.584842 3.022720 -37.981878 0.944444 0.763287 7.810250 -140.194429 3.535534 -45.000000 
25.000000 83.000000 34.018535 2.000000 2.000000 1.960000 0.866025 1.000000 2.309401 1.154701 90.000000 1.000000 0.965669 2.236068 116.565051 1.000000 0.000000 
8.000000 92.000000 35.828761 7.000000 8.000000 10.288000 0.955077 0.666667 6.262737 1.856014 -13.282526 0.888889 0.557409 6.324555 -161.565051 2.000000 -90.000000 
31.000000 95.000000 38.988379 1.000000 14.000000 21.271000 0.978006 0.222222 11.927834 2.487843 -53.510934 0.636364 0.295196 11.401754 -127.874984 3.200000 -36.869898 
8.000000 99.000000 39.903687 1.000000 5.000000 8.717000 0.916234 0.416667 5.363658 2.148915 28.997308 0.714286 0.446800 5.000000 143.130102 2.529822 -108.434949 
45.000000 100.000000 36.159170 7.000000 9.000000 10.288000 0.942932 0.750000 6.161450 2.051676 -10.278023 0.900000 0.627085 6.324555 -161.565051 2.000000 -90.000000 
40.000000 110.000000 55.368626 1.000000 63.000000 52.160000 0.990262 0.291667 26.730417 3.721236 -19.730707 0.724138 0.258866 25.632011 -159.443955 4.698967 -70.016893 
12.000000 100.000000 33.943757 2.000000 1.000000 0.000000 0.000000 1.000000 1.154701 1.154701 0.000000 1.000000 1.000000 1.414214 135.000000 1.000000 -90.000000 
33.000000 100.000000 29.940701 6.000000 1.000000 0.000000 0.000000 1.000000 1.154701 1.154701 0.000000 1.000000 1.000000 1.414214 135.000000 1.000000 -90.000000 
5.000000 101.000000 47.076456 4.000000 3.000000 5.624000 0.970143 0.333333 4.760952 1.154701 45.000000 1.000000 0.490646 4.242641 135.000000 1.414214 45.000000 
10.000000 101.000000 30.492528 2.000000 1.000000 0.000000 0.000000 1.000000 1.154701 1.154701 0.000000 1.000000 1.000000 1.414214 135.000000 1.000000 -90.000000 
8.000000 107.000000 54.297897 1.000000 24.000000 20.510000 0.963159 0.480000 11.242189 3.023401 67.274431 0.888889 0.539138 11.180340 116.565051 3.713907 21.801409 
15.000000 107.000000 31.417565 11.000000 1.000000 0.000000 0.000000 1.000000 1.154701 1.154701 0.000000 1.000000 1.000000 1.414214 135.000000 1.000000 -90.000000 
32.000000 109.000000 32.889796 1.000000 10.000000 16.284000 0.882718 0.357143 7.903940 3.714080 75.875132 0.555556 0.333013 7.071068 98.130102 4.000000 0.000000 
8.000000 115.000000 58.611956 1.000000 16.000000 16.292000 0.966687 0.500000 9.622887 2.463071 -73.154966 0.800000 0.532382 8.944272 -116.565051 2.910428 -14.036243 
35.000000 112.000000 38.754241 7.000000 6.000000 8.328000 0.951618 0.600000 5.664082 1.740486 -14.655004 0.857143 0.573146 5.385165 -158.198591 2.000000 -90.000000 
19.000000 117.000000 56.272118 1.000000 27.000000 22.073000 0.950309 0.900000 11.074464 3.447570 -89.114265 0.931034 0.533666 10.440307 -106.699244 3.000000 0.000000 
37.000000 119.000000 50.343589 1.000000 31.000000 33.908000 0.972189 0.316327 15.662432 3.668078 -68.588329 0.645833 0.283795 15.652476 -116.565051 4.569058 156.037511 
48.000000 120.000000 48.707392 4.000000 3.000000 5.624000 0.970143 0.333333 4.760952 1.154701 45.000000 1.000000 0.490646 4.242641 135.000000 1.414214 45.000000 
9.000000 120.000000 68.709342 1.000000 30.000000 26.026000 0.970662 0.500000 13.947429 3.353656 77.195930 0.750000 0.443129 13.000000 112.619865 4.024922 10.304846 
53.000000 123.000000 68.976654 2.000000 24.000000 20.593000 0.750110 0.500000 7.763856 5.134338 27.823077 0.774194 0.535374 8.246211 165.963757 5.692100 -108.434949 
58.000000 120.000000 31.728498 2.000000 1.000000 0.000000 0.000000 1.000000 1.154701 1.154701 0.000000 1.000000 1.000000 1.414214 135.000000 1.000000 -90.000000 
24.000000 123.000000 45.772273 6.000000 9.000000 8.882000 0.907936 0.900000 5.399179 2.262845 4.731161 1.000000 0.782319 5.385165 158.198591 2.000000 -90.000000 
15.000000 126.000000 56.002628 1.000000 38.000000 38.887000 0.963868 0.248366 19.814738 5.278258 65.953502 0.513514 0.270336 18.027756 109.440035 6.457659 -160.346176 
46.000000 126.000000 103.998949 3.000000 20.000000 15.457000 0.900055 0.571429 8.112298 3.535151 -27.063748 0.869565 0.726574 8.062258 -150.255119 4.024922 -63.434949 
5.000000 129.000000 37.364733 9.000000 5.000000 7.220000 0.948099 0.416667 5.066665 1.611077 -35.279983 0.833333 0.585230 5.000000 -143.130102 2.121320 -45.000000 
26.000000 132.000000 97.553507 1.000000 31.000000 26.390000 0.978166 0.476923 14.437460 3.000447 -12.837579 0.837838 0.446681 13.601471 -162.897271 3.530090 -78.690068 
38.000000 130.000000 70.529207 1.000000 19.000000 16.127000 0.875506 0.452381 7.788366 3.763395 47.186786 0.863636 0.643078 8.062258 119.744881 4.714952 33.690068 
20.000000 131.000000 35.235022 8.000000 4.000000 6.368000 0.958153 0.500000 4.964579 1.421135 -22.500000 0.800000 0.555835 4.472136 -153.434949 1.788854 -63.434949 
44.000000 132.000000 99.040896 2.000000 16.000000 19.774000 0.843614 0.444444 8.210776 4.408778 47.803311 0.666667 0.382884 8.485281 135.000000 5.309908 38.659808 
50.000000 130.000000 152.238447 1.000000 2.000000 2.812000 0.925820 0.500000 3.055050 1.154701 -45.000000 1.000000 0.709058 2.828427 -135.000000 1.414214 -45.000000 
58.000000 131.000000 156.222871 8.000000 17.000000 20.345000 0.972934 0.303571 11.066444 2.557259 -42.506833 0.739130 0.387274 10.630146 -138.814075 3.535534 -45.000000 
6.000000 133.000000 62.075130 3.000000 9.000000 10.495000 0.937614 0.450000 6.359595 2.211083 45.000000 0.900000 0.608192 6.403124 141.340192 2.828427 45.000000 
30.000000 136.000000 93.884473 2.000000 16.000000 17.533000 0.885255 0.500000 8.262727 3.843047 -0.334656 0.695652 0.470388 8.246211 165.963757 4.000000 -90.000000 
35.000000 134.000000 116.364497 1.000000 22.000000 24.273000 0.724487 0.458333 8.417478 5.802066 -2.959185 0.666667 0.367848 8.544004 159.443955 6.000000 -90.000000 
55.000000 135.000000 131.105773 1.000000 1.000000 0.000000 0.000000 1.000000 1.154701 1.154701 0.000000 1.000000 1.000000 1.414214 135.000000 1.000000 -90.000000 
21.000000 134.000000 31.981986 8.000000 1.000000 0.000000 0.000000 1.000000 1.154701 1.154701 0.000000 1.000000 1.000000 1.414214 135.000000 1.000000 -90.000000 
51.000000 139.000000 87.495244 1.000000 25.000000 27.151000 0.965078 0.378788 12.834555 3.362152 -17.409856 0.657895 0.342355 12.529964 -151.389540 3.880570 -75.963757 
10.000000 138.000000 63.103296 1.000000 20.000000 20.419000 0.969253 0.500000 10.988867 2.703973 74.977211 0.800000 0.452759 10.770330 111.801409 3.333974 11.309932 
45.000000 138.000000 77.403977 4.000000 19.000000 25.861000 0.907774 0.387755 10.240098 4.295312 -37.661127 0.612903 0.283851 9.899495 -135.000000 5.656854 135.000000 
40.000000 139.000000 116.755379 1.000000 33.000000 23.901000 0.796081 0.523810 9.410768 5.695307 -0.945082 0.767442 0.567058 9.486833 161.565051 6.870728 111.801409 
60.000000 140.000000 39.966196 1.000000 4.000000 5.053000 0.866025 0.666667 3.651484 1.825742 71.565051 0.800000 0.748540 3.605551 123.690068 2.000000 0.000000 
20.000000 144.000000 190.511803 1.000000 68.000000 41.525000 0.982571 0.314815 22.548111 4.191384 60.041347 0.829268 0.428305 21.095023 121.429566 5.110692 -149.743563 
6.000000 144.000000 62.197307 8.000000 11.000000 10.313000 0.879294 0.550000 5.837554 2.780309 -36.237216 0.916667 0.763592 5.830952 -149.036243 3.328201 123.690068 
58.000000 144.000000 104.408547 1.000000 33.000000 20.510000 0.427580 0.673469 7.142416 6.456583 -78.009591 0.891892 0.741315 8.062258 119.744881 7.000000 -90.000000 
9.000000 144.000000 44.384009 5.000000 3.000000 4.590000 0.928995 0.500000 3.854129 1.426385 28.154966 0.750000 0.630657 3.605551 146.309932 1.788854 -116.565051 
42.000000 144.000000 57.599106 2.000000 4.000000 5.905000 0.791649 0.666667 3.586706 2.191393 -75.127559 0.800000 0.614186 3.605551 -123.690068 2.000000 0.000000 
33.000000 145.000000 93.178486 1.000000 45.000000 34.950000 0.916401 0.494505 13.782100 5.516431 -17.656668 0.762712 0.389730 13.928388 -158.962489 6.449806 -82.874984 
40.000000 147.000000 78.148631 1.000000 11.000000 9.461000 0.812170 0.687500 5.104959 2.978342 -37.874984 0.916667 0.870328 5.656854 -135.000000 3.535534 -45.000000 
9.000000 148.000000 109.644287 7.000000 17.000000 14.440000 0.870654 0.485714 7.116691 3.500667 -25.308790 0.850000 0.691102 7.280110 -164.054604 4.024922 116.565051 
51.000000 148.000000 123.065177 1.000000 56.000000 25.762000 0.385162 0.622222 9.169375 8.461947 77.100052 0.949153 0.842353 10.198039 101.309932 9.000000 0.000000 
11.000000 151.000000 102.554499 1.000000 9.000000 7.683000 0.665812 0.750000 4.053691 3.024539 20.300647 1.000000 0.965227 4.472136 153.434949 3.000000 -90.000000 
46.000000 153.000000 123.963630 1.000000 48.000000 26.341000 0.193742 0.533333 8.437432 8.277564 50.392149 0.872727 0.693937 10.198039 168.690068 8.485281 -45.000000 
56.000000 149.000000 102.991013 1.000000 7.000000 10.404000 0.885336 0.350000 5.632622 2.618893 56.599295 0.700000 0.479415 5.830952 120.963757 3.130495 -153.434949 
8.000000 154.000000 95.228999 1.000000 16.000000 13.307000 0.791048 0.533333 6.161194 3.769133 69.633947 0.888889 0.743143 6.324555 108.434949 4.427189 18.434949 
16.000000 155.000000 162.730344 1.000000 35.000000 24.472000 0.937792 0.397727 11.951409 4.149488 -59.225830 0.875000 0.576809 11.704700 -109.983107 4.714952 -33.690068 
26.000000 155.000000 46.291633 10.000000 4.000000 4.590000 0.731925 0.666667 3.055050 2.081666 90.000000 1.000000 0.840876 3.162278 108.434949 2.000000 0.000000 
35.000000 155.000000 145.747761 1.000000 65.000000 33.610000 0.950602 0.580357 16.901864 5.246541 79.005334 0.878378 0.604743 16.278821 100.619655 6.051700 15.255119 
13.000000 158.000000 64.225776 1.000000 9.000000 13.034000 0.930430 0.360000 7.149204 2.619961 -45.000000 0.750000 0.432247 6.403124 -141.340192 3.400000 -36.869898 
5.000000 157.000000 82.959855 4.000000 11.000000 12.182000 0.634074 0.550000 5.000449 3.866708 17.681231 0.846154 0.588683 5.385165 -158.198591 4.000000 -90.000000 
22.000000 159.000000 67.332119 1.000000 15.000000 11.719000 0.678152 0.600000 5.339633 3.924211 46.865698 0.937500 0.853550 5.830952 149.036243 4.242641 45.000000 
27.000000 158.000000 63.216794 3.000000 5.000000 5.814000 0.743786 0.555556 3.529850 2.359413 -55.900705 0.833333 0.783414 3.605551 -146.309932 2.683282 153.434949 
39.000000 160.000000 128.524237 3.000000 44.000000 24.083000 0.880409 0.543210 11.155979 5.290337 41.310855 0.936170 0.746002 11.401754 127.874984 6.200000 -126.869898 
17.000000 161.000000 125.817415 8.000000 17.000000 14.233000 0.901899 0.607143 7.458157 3.221522 -78.474350 0.850000 0.707668 7.280110 -105.945396 3.638034 165.963757 
60.000000 162.000000 71.236395 1.000000 8.000000 7.476000 0.866025 1.000000 4.618802 2.309401 90.000000 1.000000 0.891759 4.472136 116.565051 2.000000 0.000000 
5.000000 165.000000 37.818030 9.000000 4.000000 6.368000 0.958153 0.500000 4.964579 1.421135 -22.500000 0.800000 0.555835 4.472136 -153.434949 1.788854 -63.434949 
23.000000 163.000000 127.820006 1.000000 14.000000 15.267000 0.816931 0.583333 6.313314 3.641114 81.616694 0.823529 0.519155 6.324555 108.434949 4.000000 0.000000 
28.000000 162.000000 80.859507 1.000000 12.000000 10.106000 0.737438 0.750000 4.995102 3.373765 58.912048 0.923077 0.859245 5.656854 135.000000 3.794733 -161.565051 
57.000000 163.000000 60.845685 1.000000 7.000000 7.220000 0.692996 0.583333 3.827022 2.759060 -79.099295 0.875000 0.819322 4.123106 104.036243 3.000000 0.000000 
32.000000 164.000000 152.172856 1.000000 20.000000 19.493000 0.922283 0.416667 9.542664 3.688390 -64.755039 0.714286 0.490563 9.219544 -130.601295 4.458963 -30.963757 
20.000000 166.000000 94.920841 1.000000 9.000000 7.683000 0.665812 0.750000 4.053691 3.024539 20.300647 1.000000 0.965227 4.472136 153.434949 3.000000 -90.000000 
25.000000 166.000000 87.963495 8.000000 4.000000 5.880000 0.968246 1.000000 4.618802 1.154701 0.000000 1.000000 0.617595 4.123106 165.963757 1.000000 -90.000000 
58.000000 166.000000 74.947804 1.000000 13.000000 10.313000 0.708140 0.650000 5.053159 3.567896 25.802418 1.000000 0.902427 5.385165 158.198591 4.000000 -90.000000 
12.000000 167.000000 163.568766 1.000000 51.000000 28.722000 0.943003 0.784615 14.552911 4.842998 84.263188 0.910714 0.631234 13.601471 107.102729 5.000000 0.000000 
28.000000 167.000000 84.008910 4.000000 7.000000 7.402000 0.800314 0.583333 4.163332 2.496256 30.963757 1.000000 0.791281 4.472136 153.434949 2.828427 45.000000 
38.000000 166.000000 92.946977 1.000000 9.000000 10.867000 0.568864 0.562500 4.495330 3.697101 57.508447 0.818182 0.576320 5.000000 143.130102 3.794733 -161.565051 
42.000000 169.000000 35.361702 10.000000 3.000000 3.093000 0.730297 0.750000 2.581989 1.763834 -45.000000 1.000000 0.969873 2.828427 -135.000000 2.000000 -90.000000 
54.000000 170.000000 96.410755 1.000000 23.000000 16.772000 0.835854 0.547619 7.927790 4.351976 34.758930 0.851852 0.728851 8.062258 150.255119 5.144958 -120.963757 
5.000000 169.000000 86.082107 1.000000 5.000000 4.962000 0.765092 0.833333 3.306559 2.129163 71.565051 1.000000 0.956808 3.605551 123.690068 2.000000 0.000000 
20.000000 169.000000 58.104273 11.000000 7.000000 6.922000 0.856222 0.875000 4.312826 2.228038 81.650378 1.000000 0.868564 4.472136 116.565051 2.000000 0.000000 
26.000000 170.000000 121.729976 6.000000 20.000000 16.590000 0.895212 0.625000 8.390745 3.739260 8.067549 0.833333 0.645529 8.246211 165.963757 4.000000 -90.000000 
34.000000 171.000000 259.875931 1.000000 35.000000 19.170000 0.812634 0.875000 8.883543 5.177103 13.892646 1.000000 0.883521 9.433981 147.994617 5.000000 -90.000000 
60.000000 173.000000 52.315719 1.000000 12.000000 20.601000 0.931343 0.266667 11.253910 4.098043 -23.709178 0.461538 0.267507 9.848858 -156.037511 4.201806 113.198591 
7.000000 174.000000 100.838285 7.000000 24.000000 17.814000 0.917319 0.533333 9.117440 3.630131 -21.478157 0.923077 0.686786 9.486833 -161.565051 4.024922 -63.434949 
50.000000 173.000000 87.274769 3.000000 8.000000 10.495000 0.724503 0.500000 4.687853 3.231207 59.949451 0.666667 0.540615 5.000000 143.130102 3.478505 18.434949 
29.000000 175.000000 83.273950 1.000000 15.000000 14.142000 0.879280 0.535714 7.049968 3.357935 -88.939452 0.833333 0.631005 7.071068 98.130102 4.000000 0.000000 
21.000000 175.000000 55.113706 1.000000 16.000000 14.605000 0.890128 0.761905 7.317550 3.334686 -85.934949 0.842105 0.638410 7.280110 -105.945396 3.000000 0.000000 
46.000000 175.000000 52.444536 3.000000 5.000000 7.220000 0.948099 0.416667 5.066665 1.611077 54.720017 1.000000 0.585230 5.000000 126.869898 2.121320 45.000000 
41.000000 177.000000 45.484758 7.000000 4.000000 4.590000 0.731925 0.666667 3.055050 2.081666 0.000000 1.000000 0.840876 3.162278 161.565051 2.000000 -90.000000 
51.000000 177.000000 75.076951 1.000000 32.000000 19.220000 0.754794 0.571429 8.132869 5.334849 25.158051 0.914286 0.804182 8.602325 144.462322 5.813777 63.434949 
24.000000 177.000000 111.596760 2.000000 7.000000 8.328000 0.930558 0.700000 5.262061 1.926673 14.678877 0.875000 0.668670 5.385165 158.198591 2.000000 -90.000000 
34.000000 176.000000 121.792014 1.000000 14.000000 13.960000 0.811657 0.560000 6.326826 3.695720 64.925495 0.777778 0.601540 6.403124 128.659808 4.110961 18.434949 
45.000000 178.000000 47.772591 1.000000 9.000000 14.804000 0.949685 0.428571 7.906316 2.476318 -85.565869 0.600000 0.351186 7.071068 98.130102 3.000000 0.000000 
12.000000 182.000000 67.532089 6.000000 31.000000 31.212000 0.941673 0.313131 13.064279 4.396528 -37.567584 0.645833 0.330086 12.206556 -145.007980 5.600000 126.869898 
21.000000 180.000000 51.662433 1.000000 11.000000 11.603000 0.906721 0.611111 6.341086 2.674232 79.695154 1.000000 0.635824 6.324555 108.434949 3.000000 0.000000 
60.000000 181.000000 49.710949 4.000000 4.000000 8.436000 0.983739 0.250000 6.429101 1.154701 45.000000 1.000000 0.375002 5.656854 135.000000 1.414214 45.000000 
29.000000 179.000000 161.238381 1.000000 25.000000 19.195000 0.890551 0.555556 9.259508 4.212005 76.109678 0.833333 0.629674 9.486833 108.434949 5.000000 0.000000 
42.000000 181.000000 59.478551 5.000000 12.000000 11.603000 0.902989 0.666667 6.394905 2.747659 0.763763 0.857143 0.693626 6.324555 -161.565051 3.000000 -90.000000 
48.000000 182.000000 110.699810 5.000000 17.000000 12.455000 0.716673 0.708333 5.803238 4.047233 9.333457 1.000000 0.878212 6.324555 161.565051 4.000000 -90.000000 
54.000000 181.000000 30.523669 8.000000 1.000000 0.000000 0.000000 1.000000 1.154701 1.154701 0.000000 1.000000 1.000000 1.414214 135.000000 1.000000 -90.000000 
25.000000 184.000000 112.877614 7.000000 11.000000 11.140000 0.873401 0.611111 5.868037 2.857743 -2.309962 1.000000 0.677718 6.082763 170.537678 3.000000 -90.000000 
32.000000 183.000000 220.714413 7.000000 22.000000 14.878000 0.800044 0.785714 7.003318 4.201578 14.348566 0.956522 0.851418 7.615773 156.801409 4.000000 -90.000000 
37.000000 185.000000 32.414343 8.000000 2.000000 1.960000 0.866025 1.000000 2.309401 1.154701 0.000000 1.000000 0.965669 2.236068 153.434949 1.000000 -90.000000 
49.000000 185.000000 86.007009 5.000000 8.000000 8.146000 0.670050 0.666667 4.410147 3.273724 78.185311 0.888889 0.789037 4.472136 116.565051 3.000000 0.000000 
28.000000 186.000000 95.830474 1.000000 12.000000 11.694000 0.916901 0.666667 6.574619 2.624022 -82.195746 0.923077 0.685143 6.324555 -108.434949 3.000000 0.000000 
44.000000 188.000000 66.995331 1.000000 15.000000 22.007000 0.966117 0.375000 11.365408 2.933477 84.835486 0.600000 0.298039 10.440307 106.699244 3.202514 -173.659808 
25.000000 190.000000 82.689516 1.000000 19.000000 13.216000 0.599700 0.633333 5.665987 4.534062 -14.463213 1.000000 0.892328 6.324555 -161.565051 4.949747 -45.000000 
33.000000 193.000000 192.867519 1.000000 66.000000 37.183000 0.913274 0.628571 14.896995 6.068224 -3.838570 0.835443 0.510051 15.297059 -168.690068 6.736323 96.340192 
17.000000 189.000000 77.067841 2.000000 31.000000 19.493000 0.610429 0.645833 7.498670 5.939478 -11.407993 0.885714 0.760372 8.246211 -165.963757 6.000000 -90.000000 
48.000000 190.000000 41.482726 7.000000 3.000000 4.590000 0.928995 0.500000 3.854129 1.426385 -28.154966 1.000000 0.630657 3.605551 -146.309932 1.788854 -63.434949 
5.000000 192.000000 38.860835 3.000000 7.000000 8.626000 0.949328 0.437500 5.773503 1.814529 45.000000 1.000000 0.635232 5.656854 135.000000 2.121320 45.000000 
41.000000 194.000000 43.890673 1.000000 15.000000 13.770000 0.797152 0.625000 6.216267 3.753253 -2.492057 0.882353 0.659071 6.324555 161.565051 4.000000 -90.000000 
12.000000 196.000000 166.221191 1.000000 46.000000 28.863000 0.926904 0.418182 13.732016 5.153607 34.290977 0.821429 0.564343 12.806248 128.659808 6.507914 -130.601295 
21.000000 196.000000 72.276908 2.000000 25.000000 23.058000 0.947467 0.357143 11.371687 3.637279 30.948892 0.757576 0.457679 10.770330 158.198591 4.649906 54.462322 
28.000000 194.000000 80.503830 1.000000 4.000000 4.590000 0.731925 0.666667 3.055050 2.081666 0.000000 1.000000 0.840876 3.162278 161.565051 2.000000 -90.000000 
47.000000 198.000000 40.084459 2.000000 20.000000 21.470000 0.966634 0.317460 11.482791 2.941458 -52.681400 0.800000 0.414916 10.816654 -123.690068 4.093146 150.255119 
55.000000 197.000000 36.105847 2.000000 5.000000 8.717000 0.869402 0.416667 4.766533 2.355171 31.717474 0.714286 0.446800 4.472136 153.434949 2.683282 -116.565051 
26.000000 198.000000 54.301287 1.000000 18.000000 25.117000 0.926236 0.327273 11.992204 4.520392 87.382023 0.545455 0.283257 11.401754 105.255119 4.577171 -174.289407 
39.000000 201.000000 150.355880 1.000000 41.000000 32.891000 0.721767 0.512500 10.852053 7.511097 71.472605 0.672131 0.396828 10.816654 123.690068 8.000000 0.000000 
29.000000 201.000000 53.118006 1.000000 25.000000 28.003000 0.954949 0.416667 13.349305 3.961658 -81.933078 0.609756 0.323880 13.000000 -112.619865 4.664005 167.471192 
7.000000 201.000000 60.518554 4.000000 3.000000 3.093000 0.730297 0.750000 2.581989 1.763834 45.000000 1.000000 0.969873 2.828427 135.000000 2.000000 -90.000000 
10.000000 203.000000 111.101013 1.000000 12.000000 9.552000 0.625163 0.750000 4.566475 3.564107 -32.066822 1.000000 0.935884 5.000000 -143.130102 4.000000 -90.000000 
16.000000 202.000000 105.955597 2.000000 26.000000 17.624000 0.878509 0.530612 8.806698 4.207192 51.303722 0.896552 0.757695 8.602325 125.537678 4.714952 33.690068 
4.000000 206.000000 38.300864 8.000000 4.000000 7.402000 0.899903 0.500000 4.643862 2.025144 -6.620260 0.800000 0.452160 4.123106 165.963757 2.000000 -90.000000 
23.000000 208.000000 123.286094 1.000000 1.000000 0.000000 0.000000 1.000000 1.154701 1.154701 0.000000 1.000000 1.000000 1.414214 135.000000 1.000000 -90.000000 
8.000000 206.000000 58.392377 3.000000 7.000000 11.992000 0.884919 0.350000 5.909912 2.752516 61.655315 0.700000 0.384082 5.385165 111.801409 3.050851 -146.309932 
49.000000 207.000000 174.932289 1.000000 60.000000 35.521000 0.891816 0.384615 14.635725 6.621179 -51.136324 0.779221 0.504405 14.866069 -137.726311 7.723230 131.633539 
13.000000 208.000000 103.934174 2.000000 21.000000 16.565000 0.894657 0.656250 8.178391 3.653732 3.268719 0.875000 0.679526 8.246211 -165.963757 4.000000 -90.000000 
6.000000 210.000000 86.815705 1.000000 19.000000 14.622000 0.878221 0.542857 7.434153 3.555423 -33.103441 0.950000 0.756662 7.615773 -156.801409 4.160251 123.690068 
60.000000 211.000000 47.305334 1.000000 6.000000 6.459000 0.778499 0.666667 3.829708 2.403701 -45.000000 1.000000 0.818022 4.242641 -135.000000 2.828427 135.000000 
37.000000 209.000000 122.202450 2.000000 36.000000 35.405000 0.938241 0.428571 14.384397 4.976759 -24.332875 0.590164 0.304467 13.892444 -149.743563 6.505382 -81.869898 
46.000000 214.000000 142.629480 1.000000 22.000000 23.785000 0.671863 0.458333 7.564653 5.602956 66.255224 0.687500 0.381303 8.602325 125.537678 5.820855 -165.963757 
56.000000 211.000000 178.408476 1.000000 26.000000 18.732000 0.714469 0.650000 7.317366 5.119724 77.061410 0.896552 0.682878 8.602325 125.537678 5.000000 0.000000 
33.000000 212.000000 92.998261 1.000000 34.000000 31.005000 0.860932 0.425000 11.018955 5.605561 -37.731825 0.680000 0.366433 11.661904 -149.036243 6.859943 -59.036243 
60.000000 214.000000 178.135541 1.000000 16.000000 11.330000 0.695608 0.800000 5.450535 3.915780 -18.434949 0.941176 0.960057 5.830952 -149.036243 4.000000 -90.000000 
10.000000 216.000000 91.501455 1.000000 19.000000 19.121000 0.940654 0.395833 9.791284 3.322828 -28.968749 0.703704 0.481739 8.944272 -153.434949 4.024922 -63.434949 
12.000000 214.000000 59.509002 1.000000 10.000000 10.106000 0.903944 0.666667 5.903614 2.524680 -13.354505 0.833333 0.716038 5.830952 -149.036243 2.910428 104.036243 
20.000000 214.000000 101.750486 2.000000 20.000000 17.343000 0.490666 0.476190 5.972166 5.203835 61.993084 0.833333 0.598943 7.071068 98.130102 5.656854 -45.000000 
16.000000 217.000000 87.193681 1.000000 11.000000 10.677000 0.813997 0.733333 5.225416 3.035281 82.372441 0.916667 0.723894 5.385165 111.801409 3.000000 0.000000 
27.000000 215.000000 118.966710 2.000000 37.000000 22.768000 0.455239 0.587302 8.109678 7.220609 2.953071 0.840909 0.692613 9.486833 161.565051 7.000000 -90.000000 
19.000000 220.000000 108.376253 1.000000 19.000000 18.244000 0.815304 0.633333 7.265103 4.206730 14.674934 0.826087 0.522061 7.211103 146.309932 5.000000 -90.000000 
24.000000 220.000000 92.452603 2.000000 22.000000 23.248000 0.543721 0.523810 6.978310 5.856657 -61.407138 0.758621 0.396979 7.280110 -105.945396 6.000000 0.000000 
35.000000 220.000000 82.904536 2.000000 1.000000 0.000000 0.000000 1.000000 1.154701 1.154701 0.000000 1.000000 1.000000 1.414214 135.000000 1.000000 -90.000000 
38.000000 218.000000 122.142345 1.000000 23.000000 18.988000 0.844901 0.547619 8.780174 4.696717 51.964660 0.793103 0.590189 8.602325 125.537678 5.656854 -135.000000 
49.000000 221.000000 162.621599 1.000000 42.000000 28.301000 0.948779 0.388889 13.990873 4.420286 -38.237966 0.875000 0.533854 13.892444 -149.743563 5.347391 -54.462322 
7.000000 221.000000 52.697880 1.000000 4.000000 5.053000 0.866025 0.666667 3.651484 1.825742 -18.434949 0.800000 0.748540 3.605551 -146.309932 2.000000 -90.000000 
55.000000 223.000000 129.087589 6.000000 9.000000 11.810000 0.622034 0.562500 4.609355 3.609079 27.391204 0.750000 0.505915 5.000000 143.130102 4.000000 -90.000000 
47.000000 225.000000 61.786307 1.000000 7.000000 8.626000 0.761824 0.583333 4.399925 2.850202 -72.231161 0.875000 0.635232 4.472136 -116.565051 3.000000 0.000000 
13.000000 224.000000 75.760882 1.000000 33.000000 36.166000 0.787406 0.471429 10.441123 6.436269 0.934245 0.673469 0.268393 10.440307 163.300756 7.000000 -90.000000 
38.000000 224.000000 119.814871 7.000000 15.000000 11.239000 0.694660 0.750000 5.379358 3.869576 -28.316817 0.937500 0.911481 5.830952 -149.036243 4.000000 -90.000000 
57.000000 225.000000 137.258554 1.000000 12.000000 16.102000 0.807974 0.500000 6.771792 3.990064 69.607089 0.631579 0.407210 7.211103 123.690068 4.000000 0.000000 
30.000000 225.000000 119.560738 1.000000 41.000000 28.673000 0.879447 0.465909 11.797612 5.615637 -68.177104 0.745455 0.509027 11.180340 -116.565051 7.397954 170.537678 
60.000000 226.000000 80.652573 10.000000 6.000000 6.459000 0.778499 0.666667 3.829708 2.403701 45.000000 1.000000 0.818022 4.242641 135.000000 2.828427 -135.000000 
20.000000 225.000000 69.674280 1.000000 21.000000 20.618000 0.599821 0.500000 6.739655 5.392630 -20.880150 0.724138 0.467467 7.615773 -156.801409 6.000000 -90.000000 
23.000000 229.000000 39.739298 1.000000 10.000000 10.404000 0.893414 0.500000 5.776836 2.595156 64.329904 0.909091 0.684879 5.830952 120.963757 3.130495 26.565051 
37.000000 228.000000 145.152989 1.000000 16.000000 14.051000 0.508610 0.533333 5.545071 4.774290 60.095811 0.761905 0.680216 6.708204 116.565051 5.000000 0.000000 
7.000000 231.000000 56.573063 1.000000 20.000000 16.011000 0.931624 0.625000 8.771780 3.187875 74.497522 0.869565 0.685149 8.544004 110.556045 3.638034 -165.963757 
18.000000 231.000000 98.457847 1.000000 17.000000 14.440000 0.840123 0.472222 6.847778 3.714210 37.237945 0.894737 0.691102 6.708204 116.565051 4.242641 45.000000 
44.000000 231.000000 147.819123 1.000000 40.000000 31.005000 0.958827 0.439560 14.895391 4.230131 -72.061691 0.714286 0.431097 13.928388 -111.037511 5.297017 -19.983107 
60.000000 229.000000 98.243169 3.000000 7.000000 6.186000 0.779484 0.777778 3.879126 2.429972 -45.000000 1.000000 1.000000 4.242641 -135.000000 2.828427 -45.000000 
25.000000 233.000000 38.664918 6.000000 11.000000 15.730000 0.951312 0.458333 8.224660 2.535074 -9.060930 0.687500 0.388137 8.246211 -165.963757 2.828427 -81.869898 
56.000000 230.000000 99.943907 1.000000 18.000000 15.937000 0.774847 0.600000 6.654348 4.206538 -29.764529 0.818182 0.621426 7.211103 -146.309932 4.919350 116.565051 
54.000000 233.000000 181.575099 1.000000 10.000000 11.512000 0.943055 0.555556 6.880972 2.288862 -77.886127 0.833333 0.585223 6.324555 -108.434949 2.667892 -14.036243 
12.000000 235.000000 61.140457 1.000000 21.000000 19.592000 0.969299 0.420000 11.047793 2.716501 65.794189 0.875000 0.510614 10.770330 111.801409 3.130495 26.565051 
59.000000 234.000000 168.802097 1.000000 16.000000 13.398000 0.779206 0.533333 6.130916 3.842661 -42.722424 0.941176 0.734988 6.708204 -153.434949 4.242641 -45.000000 
16.000000 236.000000 70.291709 6.000000 6.000000 6.186000 0.833333 0.666667 4.000000 2.211083 36.869898 1.000000 0.866607 4.242641 135.000000 2.683282 63.434949 
