225
33.000000 117.000000 8.478803 1.000000 10346.000000 591.556000 0.959760 0.673568 281.483355 79.046475 -0.408172 0.673568 0.367612 248.386795 165.068583 64.000000 -90.000000 
29.000000 5.000000 38.518690 1.000000 25.000000 24.496000 0.980462 0.641026 13.463034 2.648277 82.114026 0.862069 0.411291 13.341664 102.994617 3.000000 0.000000 
15.000000 6.000000 39.786880 2.000000 9.000000 9.552000 0.913743 0.600000 5.786612 2.351055 66.354695 0.900000 0.701913 5.830952 120.963757 2.846050 18.434949 
51.000000 6.000000 38.975229 1.000000 47.000000 42.194000 0.991766 0.447619 23.151837 2.964858 79.977915 0.796610 0.287362 21.587033 103.392498 3.616778 9.462322 
9.000000 8.000000 65.464348 1.000000 30.000000 20.601000 0.911707 0.600000 10.084483 4.143118 78.486145 0.882353 0.668767 10.198039 101.309932 4.510671 -168.690068 
15.000000 11.000000 27.885503 2.000000 17.000000 18.749000 0.922444 0.346939 8.603039 3.321898 -47.825225 0.772727 0.445804 8.062258 -150.255119 4.216692 141.340192 
22.000000 12.000000 29.031417 1.000000 9.000000 10.958000 0.937614 0.500000 6.359595 2.211083 71.565051 0.818182 0.568904 6.324555 108.434949 2.683282 26.565051 
9.000000 15.000000 41.689678 1.000000 37.000000 27.614000 0.957591 0.569231 13.723497 3.954167 -81.016726 0.804348 0.491545 13.341664 -102.994617 4.561579 -10.304846 
33.000000 15.000000 42.343651 1.000000 10.000000 10.495000 0.564548 0.625000 4.391678 3.624891 64.329904 0.833333 0.675769 5.000000 126.869898 3.794733 18.434949 
51.000000 14.000000 25.061098 1.000000 9.000000 12.736000 0.910082 0.450000 6.715245 2.782982 56.519718 0.750000 0.448625 6.403124 128.659808 3.478505 18.434949 
60.000000 13.000000 38.508779 1.000000 6.000000 6.922000 0.894483 0.750000 4.513541 2.018017 77.066822 1.000000 0.744483 4.472136 116.565051 2.000000 0.000000 
40.000000 15.000000 48.967559 1.000000 40.000000 32.361000 0.977493 0.625000 16.384988 3.456709 80.612654 0.833333 0.398795 16.492423 104.036243 4.000000 0.000000 
57.000000 14.000000 33.161542 1.000000 5.000000 6.550000 0.889464 0.625000 4.253087 1.943686 84.847577 1.000000 0.668944 4.123106 104.036243 2.000000 0.000000 
19.000000 15.000000 25.231551 10.000000 2.000000 2.812000 0.925820 0.500000 3.055050 1.154701 -45.000000 1.000000 0.709058 2.828427 -135.000000 1.414214 -45.000000 
30.000000 17.000000 39.574957 1.000000 10.000000 8.998000 0.793574 0.625000 4.864662 2.960022 52.465709 0.909091 0.852711 5.000000 126.869898 3.535534 45.000000 
53.000000 18.000000 26.812603 2.000000 5.000000 8.998000 0.974418 0.333333 6.444305 1.448307 -62.876944 0.714286 0.426355 5.830952 -120.963757 1.788854 -26.565051 
59.000000 17.000000 24.989800 5.000000 7.000000 8.328000 0.910849 0.700000 5.125685 2.115574 4.307824 0.875000 0.668670 5.099020 168.690068 2.000000 -90.000000 
42.000000 19.000000 28.599423 1.000000 16.000000 24.827000 0.991820 0.222222 14.915742 1.903892 66.892531 0.640000 0.257033 13.416408 116.565051 2.538365 23.962489 
24.000000 20.000000 68.976339 1.000000 27.000000 21.064000 0.940895 0.675000 10.748319 3.640439 79.090162 0.843750 0.579085 10.440307 106.699244 4.000000 0.000000 
33.000000 20.000000 31.856757 4.000000 8.000000 16.119000 0.967277 0.228571 9.229466 2.341712 -36.237216 0.571429 0.270995 8.062258 -150.255119 2.915476 -59.036243 
29.000000 20.000000 26.108778 2.000000 4.000000 5.053000 0.866025 0.666667 3.651484 1.825742 71.565051 0.800000 0.748540 3.605551 123.690068 2.000000 0.000000 
57.000000 20.000000 28.271132 2.000000 6.000000 7.683000 0.775535 0.500000 4.218562 2.663198 -65.816770 0.857143 0.643484 4.472136 -116.565051 2.846050 161.565051 
11.000000 22.000000 31.318028 1.000000 15.000000 16.656000 0.963647 0.555556 9.229834 2.466026 -78.630640 0.882353 0.480924 9.219544 -102.528808 3.000000 0.000000 
17.000000 22.000000 49.013762 1.000000 12.000000 10.495000 0.587850 0.600000 4.599488 3.720849 23.423805 1.000000 0.810923 5.385165 158.198591 4.000000 -90.000000 
42.000000 28.000000 33.236943 1.000000 57.000000 55.452000 0.991864 0.197917 30.092705 3.830841 66.356431 0.626374 0.208634 26.832816 116.565051 5.074626 25.016893 
23.000000 25.000000 34.393328 1.000000 27.000000 28.210000 0.958981 0.375000 13.016165 3.689680 -72.832616 0.658537 0.345187 12.369317 -104.036243 4.915728 -20.556045 
15.000000 25.000000 28.562295 3.000000 11.000000 10.032000 0.798061 0.550000 5.100422 3.073395 30.694770 1.000000 0.796515 5.385165 158.198591 3.535534 45.000000 
32.000000 25.000000 28.172018 1.000000 11.000000 11.330000 0.923238 0.611111 6.653127 2.556325 76.897083 0.846154 0.660039 6.324555 108.434949 2.910428 14.036243 
9.000000 27.000000 33.149803 1.000000 17.000000 17.508000 0.963308 0.472222 9.790720 2.627803 -78.185311 0.809524 0.500998 9.219544 -102.528808 3.137858 168.690068 
56.000000 28.000000 24.566219 1.000000 1.000000 0.000000 0.000000 1.000000 1.154701 1.154701 0.000000 1.000000 1.000000 1.414214 135.000000 1.000000 -90.000000 
28.000000 29.000000 28.736712 1.000000 7.000000 11.810000 0.958786 0.350000 7.499885 2.130924 31.070175 0.583333 0.393489 6.403124 141.340192 2.683282 -116.565051 
13.000000 30.000000 29.036674 2.000000 11.000000 13.679000 0.810919 0.550000 5.856232 3.426823 19.644703 0.733333 0.488562 5.830952 149.036243 4.000000 -90.000000 
22.000000 34.000000 43.876426 1.000000 23.000000 18.641000 0.949189 0.511111 10.110110 3.181732 61.902444 0.884615 0.609142 10.295630 119.054604 4.024922 -153.434949 
8.000000 33.000000 54.703092 1.000000 19.000000 16.681000 0.930355 0.475000 8.652314 3.172462 71.643431 0.826087 0.607635 8.544004 110.556045 3.713907 -158.198591 
49.000000 34.000000 22.951907 8.000000 6.000000 10.032000 0.973572 0.300000 6.878242 1.570846 -51.880393 0.857143 0.434463 6.403124 -128.659808 2.121320 -45.000000 
51.000000 42.000000 26.643774 1.000000 23.000000 34.496000 0.991532 0.136905 20.195453 2.622670 51.078771 0.638889 0.204030 17.804494 128.157227 3.632433 -137.726311 
16.000000 37.000000 45.182989 1.000000 14.000000 14.142000 0.877918 0.500000 6.884267 3.296266 -72.551194 0.823529 0.588938 7.615773 -113.198591 4.000000 0.000000 
25.000000 38.000000 72.604278 1.000000 19.000000 20.510000 0.949521 0.422222 10.040023 3.149603 71.883596 0.730769 0.426818 9.486833 108.434949 4.110961 18.434949 
34.000000 37.000000 20.062881 3.000000 1.000000 0.000000 0.000000 1.000000 1.154701 1.154701 0.000000 1.000000 1.000000 1.414214 135.000000 1.000000 -90.000000 
45.000000 38.000000 26.882631 1.000000 13.000000 16.838000 0.977195 0.481481 9.762973 2.073108 79.708027 0.764706 0.409242 9.219544 102.528808 2.549510 -168.690068 
12.000000 43.000000 31.246319 1.000000 6.000000 8.626000 0.952745 0.375000 5.705418 1.733136 -41.544386 0.857143 0.544485 5.656854 -135.000000 2.121320 -45.000000 
21.000000 41.000000 34.667829 1.000000 15.000000 20.047000 0.755015 0.500000 7.176010 4.705363 -3.338701 0.681818 0.350552 6.708204 -153.434949 5.000000 -90.000000 
33.000000 43.000000 35.091173 1.000000 33.000000 23.115000 0.937544 0.750000 11.345669 3.946768 -84.057587 0.891892 0.601516 11.401754 -105.255119 4.000000 0.000000 
16.000000 44.000000 49.903989 1.000000 14.000000 12.645000 0.886338 0.583333 6.608388 3.059938 70.542347 0.875000 0.705929 6.708204 116.565051 3.478505 -161.565051 
60.000000 57.000000 41.183744 1.000000 84.000000 53.417000 0.988203 0.672000 28.377194 4.345890 1.146906 0.800000 0.329983 25.179357 173.157227 5.000000 -90.000000 
18.000000 50.000000 47.310051 1.000000 25.000000 24.637000 0.972185 0.378788 13.167374 3.083980 17.897864 0.757576 0.407127 12.083046 155.556045 3.794733 -108.434949 
9.000000 47.000000 48.070488 1.000000 13.000000 17.508000 0.969473 0.361111 9.336858 2.289375 75.710621 0.764706 0.383116 9.486833 108.434949 2.846050 18.434949 
37.000000 51.000000 32.314156 5.000000 15.000000 13.869000 0.935864 0.535714 7.863451 2.770785 19.729398 0.833333 0.651422 7.615773 156.801409 3.162278 71.565051 
25.000000 49.000000 32.870667 1.000000 12.000000 13.290000 0.957038 0.571429 7.828866 2.270089 71.927950 0.923077 0.558511 7.615773 113.198591 2.846050 -161.565051 
44.000000 48.000000 29.442164 3.000000 13.000000 13.588000 0.929013 0.464286 7.255454 2.684862 23.766779 0.928571 0.583690 7.615773 156.801409 3.130495 63.434949 
48.000000 53.000000 33.088932 1.000000 32.000000 30.087000 0.973973 0.307692 14.875065 3.371627 63.874273 0.711111 0.364197 14.764823 118.300756 4.024922 26.565051 
11.000000 54.000000 42.031325 1.000000 23.000000 21.734000 0.961927 0.522727 11.100314 3.033803 -74.601537 0.851852 0.467080 11.401754 -105.255119 3.794733 161.565051 
23.000000 54.000000 23.418702 1.000000 4.000000 5.880000 0.968246 1.000000 4.618802 1.154701 90.000000 1.000000 0.617595 4.123106 104.036243 1.000000 0.000000 
31.000000 55.000000 37.969592 1.000000 34.000000 22.379000 0.924044 0.772727 10.932720 4.179421 88.787457 0.944444 0.656005 11.180340 100.304846 4.000000 0.000000 
38.000000 56.000000 29.098758 1.000000 8.000000 8.998000 0.580609 0.500000 4.205954 3.424415 -61.511934 0.888889 0.682168 4.472136 -153.434949 3.794733 161.565051 
9.000000 58.000000 29.661644 1.000000 13.000000 16.011000 0.883782 0.433333 7.582145 3.547679 -55.631508 0.764706 0.445347 7.211103 -123.690068 4.242641 135.000000 
21.000000 58.000000 52.939403 1.000000 22.000000 17.789000 0.945938 0.611111 9.712352 3.150184 -75.266727 0.916667 0.631058 9.486833 -108.434949 3.638034 -14.036243 
15.000000 58.000000 35.525140 1.000000 8.000000 12.248000 0.907963 0.444444 6.661410 2.791466 79.172005 0.800000 0.424469 6.082763 99.462322 3.000000 0.000000 
28.000000 59.000000 45.151733 1.000000 13.000000 13.100000 0.937678 0.619048 7.330706 2.547457 -81.254501 0.928571 0.619293 7.280110 -105.945396 3.000000 0.000000 
40.000000 60.000000 37.564538 1.000000 18.000000 13.563000 0.888316 0.857143 7.191077 3.302376 3.545307 1.000000 0.810607 7.280110 164.054604 3.000000 -90.000000 
17.000000 64.000000 30.464175 1.000000 23.000000 27.846000 0.987184 0.239583 15.485339 2.471283 -61.016055 0.718750 0.300997 13.892444 -120.256437 3.130495 -26.565051 
39.000000 63.000000 20.917315 5.000000 2.000000 1.960000 0.866025 1.000000 2.309401 1.154701 90.000000 1.000000 0.965669 2.236068 116.565051 1.000000 0.000000 
53.000000 63.000000 21.547184 1.000000 4.000000 5.880000 0.968246 1.000000 4.618802 1.154701 90.000000 1.000000 0.617595 4.123106 104.036243 1.000000 0.000000 
30.000000 66.000000 28.147019 1.000000 19.000000 23.992000 0.946226 0.271429 11.429994 3.697684 59.506216 0.612903 0.324301 10.770330 111.801409 5.252257 23.198591 
43.000000 69.000000 32.179267 1.000000 27.000000 27.986000 0.986381 0.385714 15.828097 2.603311 -15.427908 0.771429 0.350173 14.866069 -160.346176 3.152963 -75.963757 
6.000000 66.000000 23.786218 1.000000 2.000000 1.960000 0.866025 1.000000 2.309401 1.154701 90.000000 1.000000 0.965669 2.236068 116.565051 1.000000 0.000000 
25.000000 69.000000 40.023772 1.000000 17.000000 14.051000 0.901117 0.566667 7.403543 3.209992 -61.251994 0.894737 0.722730 7.810250 -129.805571 3.794733 -18.434949 
53.000000 70.000000 35.165365 1.000000 22.000000 25.100000 0.983977 0.366667 14.136861 2.520520 74.010278 0.687500 0.346620 12.649111 108.434949 3.395499 -165.963757 
6.000000 73.000000 24.398629 3.000000 5.000000 6.368000 0.923687 0.625000 4.492622 1.721341 -20.993606 1.000000 0.694794 4.472136 -153.434949 2.000000 -90.000000 
15.000000 71.000000 29.130222 1.000000 19.000000 21.246000 0.960800 0.575758 10.561462 2.928090 84.591700 0.826087 0.401445 11.045361 95.194429 3.000000 0.000000 
23.000000 72.000000 39.180868 6.000000 11.000000 12.182000 0.945358 0.458333 7.120317 2.321475 -25.461182 0.846154 0.588683 7.211103 -146.309932 2.846050 -71.565051 
31.000000 71.000000 29.121267 1.000000 5.000000 6.368000 0.923687 0.625000 4.492622 1.721341 -69.006394 1.000000 0.694794 4.472136 -116.565051 2.000000 0.000000 
60.000000 73.000000 36.527191 6.000000 21.000000 15.920000 0.900963 0.656250 8.254341 3.581522 -14.779201 0.913043 0.726291 8.544004 -159.443955 4.000000 -90.000000 
32.000000 73.000000 26.130609 3.000000 9.000000 13.216000 0.975666 0.300000 8.277004 1.814850 -45.867852 0.900000 0.422682 7.810250 -129.805571 2.121320 -45.000000 
8.000000 77.000000 43.425244 1.000000 18.000000 15.920000 0.946829 0.562500 8.962533 2.883572 -73.645371 0.857143 0.622535 8.544004 -110.556045 3.395499 -14.036243 
26.000000 77.000000 27.398645 9.000000 6.000000 7.220000 0.509175 0.666667 3.464102 2.981424 0.000000 0.857143 0.702276 3.605551 123.690068 3.000000 -90.000000 
40.000000 78.000000 29.901279 1.000000 19.000000 20.138000 0.963311 0.475000 10.255932 2.752581 -74.107619 0.826087 0.440568 10.770330 -111.801409 3.333974 -11.309932 
55.000000 78.000000 27.679022 1.000000 9.000000 12.736000 0.976184 0.428571 8.166299 1.771646 -70.781349 0.750000 0.448625 7.615773 -113.198591 2.213594 -18.434949 
21.000000 80.000000 37.104314 1.000000 10.000000 10.197000 0.866025 0.666667 5.561774 2.780887 -4.763642 0.833333 0.706301 5.385165 158.198591 3.000000 -90.000000 
16.000000 80.000000 62.936218 1.000000 32.000000 20.204000 0.879699 0.711111 9.539848 4.536501 -81.086017 0.914286 0.737819 9.848858 -113.962489 4.931970 170.537678 
28.000000 79.000000 26.832546 1.000000 10.000000 11.628000 0.895842 0.555556 5.969149 2.652531 -74.133240 0.833333 0.576067 6.324555 -108.434949 3.000000 0.000000 
12.000000 81.000000 49.256318 1.000000 4.000000 4.590000 0.731925 0.666667 3.055050 2.081666 90.000000 1.000000 0.840876 3.162278 108.434949 2.000000 0.000000 
57.000000 85.000000 30.441323 2.000000 16.000000 23.066000 0.986628 0.200000 12.568612 2.048572 -51.769605 0.800000 0.292736 12.806248 -128.659808 2.828427 -45.000000 
26.000000 85.000000 36.377707 1.000000 29.000000 27.846000 0.967389 0.302083 13.294522 3.367451 -59.390961 0.805556 0.379518 13.892444 -120.256437 3.969112 150.255119 
9.000000 86.000000 37.756280 1.000000 12.000000 15.341000 0.973307 0.500000 8.956505 2.055595 77.916685 0.800000 0.441434 8.544004 110.556045 2.549510 11.309932 
53.000000 86.000000 25.446262 1.000000 5.000000 6.368000 0.923687 0.625000 4.492622 1.721341 69.006394 1.000000 0.694794 4.472136 116.565051 2.000000 0.000000 
6.000000 91.000000 55.410895 1.000000 16.000000 12.455000 0.785748 0.666667 5.974667 3.695609 -80.397151 0.941176 0.826552 6.324555 -108.434949 4.000000 0.000000 
35.000000 90.000000 32.341442 1.000000 10.000000 10.958000 0.820491 0.500000 5.563432 3.180391 -66.255224 0.769231 0.632116 5.830952 -120.963757 3.577709 153.434949 
25.000000 94.000000 29.901207 1.000000 25.000000 32.800000 0.991256 0.185185 18.770222 2.476741 60.661357 0.595238 0.243195 16.552945 115.016893 3.348938 -150.255119 
44.000000 92.000000 25.766062 11.000000 8.000000 12.736000 0.979832 0.380952 8.214169 1.641371 -68.907778 0.800000 0.398777 7.615773 -113.198591 2.213594 161.565051 
15.000000 92.000000 42.538791 1.000000 32.000000 26.481000 0.970417 0.820513 13.622351 3.288916 -89.882171 0.914286 0.458262 13.152946 -98.746162 3.000000 0.000000 
17.000000 103.000000 49.871184 1.000000 78.000000 70.015000 0.969704 0.187500 32.282428 7.886022 -64.061108 0.433333 0.183146 30.528675 -121.607502 9.581879 -31.328693 
52.000000 95.000000 24.635098 1.000000 8.000000 12.736000 0.979832 0.380952 8.214169 1.641371 -68.907778 0.727273 0.398777 7.615773 -113.198591 2.213594 -18.434949 
57.000000 97.000000 23.627787 12.000000 1.000000 0.000000 0.000000 1.000000 1.154701 1.154701 0.000000 1.000000 1.000000 1.414214 135.000000 1.000000 -90.000000 
49.000000 99.000000 37.568631 1.000000 42.000000 46.048000 0.991215 0.260870 24.774950 3.276737 -75.156846 0.636364 0.218129 23.769729 -104.620874 4.230144 167.471192 
30.000000 104.000000 42.936728 1.000000 18.000000 18.550000 0.949713 0.400000 9.734408 3.048062 -68.143796 0.750000 0.480728 9.848858 -113.962489 3.628276 -20.556045 
38.000000 102.000000 24.362657 1.000000 1.000000 0.000000 0.000000 1.000000 1.154701 1.154701 0.000000 1.000000 1.000000 1.414214 135.000000 1.000000 -90.000000 
45.000000 105.000000 36.827193 1.000000 9.000000 10.288000 0.629814 0.750000 4.376940 3.399771 -58.948636 0.818182 0.627085 5.000000 -126.869898 3.000000 0.000000 
39.000000 107.000000 71.663987 1.000000 46.000000 30.798000 0.962465 0.657143 15.585225 4.229916 -82.990985 0.836364 0.501827 14.560220 -105.945396 4.707859 174.805571 
53.000000 108.000000 38.686711 1.000000 41.000000 38.291000 0.964771 0.341667 17.726850 4.663782 -69.060443 0.650794 0.300130 17.000000 -118.072487 6.008328 -18.434949 
9.000000 111.000000 39.819023 1.000000 24.000000 21.544000 0.936486 0.600000 10.079111 3.534806 76.058330 0.857143 0.494919 10.770330 111.801409 4.000000 0.000000 
18.000000 112.000000 58.695474 1.000000 27.000000 21.362000 0.950044 0.450000 11.147532 3.479318 -70.326898 0.843750 0.565085 10.770330 -111.801409 4.201806 156.801409 
10.000000 114.000000 32.099109 1.000000 13.000000 18.641000 0.966026 0.325000 10.507893 2.715714 62.107851 0.650000 0.344298 9.433981 122.005383 3.429972 30.963757 
42.000000 114.000000 31.030682 1.000000 19.000000 19.724000 0.977587 0.633333 11.683096 2.459685 83.340725 0.826087 0.456666 10.440307 106.699244 2.852799 7.125016 
27.000000 117.000000 38.619739 1.000000 28.000000 27.333000 0.976349 0.430769 14.141853 3.057472 -74.981493 0.756757 0.378872 13.601471 -107.102729 4.110961 -18.434949 
17.000000 116.000000 21.562228 12.000000 1.000000 0.000000 0.000000 1.000000 1.154701 1.154701 0.000000 1.000000 1.000000 1.414214 135.000000 1.000000 -90.000000 
20.000000 117.000000 44.192771 1.000000 4.000000 4.590000 0.731925 0.666667 3.055050 2.081666 90.000000 1.000000 0.840876 3.162278 108.434949 2.000000 0.000000 
15.000000 119.000000 21.808547 4.000000 3.000000 3.093000 0.730297 0.750000 2.581989 1.763834 45.000000 1.000000 0.969873 2.828427 135.000000 2.000000 -90.000000 
31.000000 122.000000 36.109701 1.000000 58.000000 45.279000 0.979488 0.394558 23.754345 4.786588 -79.715261 0.659091 0.310869 22.135944 -108.434949 5.748657 -12.528808 
7.000000 120.000000 20.844363 1.000000 1.000000 0.000000 0.000000 1.000000 1.154701 1.154701 0.000000 1.000000 1.000000 1.414214 135.000000 1.000000 -90.000000 
45.000000 124.000000 26.573177 1.000000 17.000000 18.550000 0.963117 0.346939 10.906580 2.934764 -45.920098 0.739130 0.454021 9.899495 -135.000000 3.535534 -45.000000 
10.000000 124.000000 32.565893 1.000000 13.000000 13.290000 0.944596 0.619048 7.534189 2.472990 72.293412 0.866667 0.605054 7.615773 113.198591 3.000000 0.000000 
58.000000 129.000000 49.364546 1.000000 23.000000 20.618000 0.950164 0.359375 10.592482 3.302205 43.133930 0.821429 0.511988 10.630146 131.185925 4.013213 49.398705 
6.000000 126.000000 41.091141 1.000000 11.000000 8.907000 0.478395 0.687500 4.163332 3.656008 -71.565051 0.916667 0.952204 4.472136 116.565051 4.000000 -90.000000 
51.000000 128.000000 30.601464 1.000000 10.000000 16.582000 0.973036 0.312500 9.686829 2.234280 71.121333 0.588235 0.323026 8.544004 110.556045 3.130495 -153.434949 
28.000000 129.000000 70.026283 5.000000 12.000000 9.643000 0.773769 0.800000 5.029344 3.185929 9.416876 1.000000 0.922608 5.385165 158.198591 3.000000 -90.000000 
16.000000 129.000000 60.158669 1.000000 54.000000 40.532000 0.979013 0.540000 19.805600 4.036381 -84.339048 0.782609 0.355767 20.223748 -98.530766 4.650547 175.236358 
48.000000 133.000000 46.559650 1.000000 25.000000 29.880000 0.438736 0.390625 7.942601 7.137350 -46.087372 0.609756 0.288107 8.602325 -144.462322 7.340167 -38.659808 
8.000000 133.000000 47.190537 1.000000 17.000000 17.235000 0.950809 0.425000 9.408081 2.914408 67.556062 0.772727 0.514512 8.944272 116.565051 3.577709 26.565051 
60.000000 134.000000 71.235450 1.000000 14.000000 15.341000 0.890677 0.500000 7.437406 3.381316 13.258692 0.777778 0.515006 7.280110 164.054604 4.000000 -90.000000 
27.000000 134.000000 122.102302 5.000000 25.000000 15.341000 0.810158 0.892857 7.464126 4.375555 -4.348684 1.000000 0.919653 7.615773 -156.801409 4.000000 -90.000000 
40.000000 136.000000 33.688718 3.000000 10.000000 12.273000 0.933546 0.555556 6.908931 2.476557 18.434949 0.769231 0.528866 6.708204 153.434949 2.910428 -104.036243 
35.000000 138.000000 34.639079 1.000000 14.000000 18.550000 0.977028 0.311111 10.810599 2.303871 -68.270875 0.666667 0.373900 9.848858 -113.962489 3.130495 153.434949 
13.000000 137.000000 67.112242 1.000000 41.000000 26.663000 0.948830 0.683333 13.645733 4.309167 85.873760 0.803922 0.579999 12.369317 104.036243 5.000000 0.000000 
22.000000 137.000000 49.365219 1.000000 24.000000 16.292000 0.780427 0.685714 7.336264 4.586975 -79.054216 0.888889 0.798574 7.615773 -113.198591 5.000000 0.000000 
54.000000 136.000000 83.924124 1.000000 24.000000 25.100000 0.600991 0.571429 7.705565 6.158720 -47.936525 0.750000 0.378131 7.810250 -140.194429 6.000000 0.000000 
44.000000 139.000000 86.333497 1.000000 36.000000 19.493000 0.777980 0.642857 8.747159 5.495749 55.792921 0.947368 0.883013 8.944272 116.565051 6.000000 36.869898 
6.000000 139.000000 43.639068 2.000000 5.000000 4.962000 0.765092 0.833333 3.306559 2.129163 -71.565051 1.000000 0.956808 3.605551 -123.690068 2.000000 0.000000 
18.000000 141.000000 51.571615 1.000000 16.000000 15.176000 0.900983 0.571429 7.500910 3.254307 15.300352 0.842105 0.599229 7.615773 156.801409 3.726207 78.690068 
27.000000 141.000000 98.750925 7.000000 26.000000 18.451000 0.864947 0.541667 8.655681 4.343973 -26.879585 0.866667 0.700767 8.944272 -153.434949 5.199469 -68.198591 
50.000000 140.000000 88.137574 1.000000 7.000000 7.683000 0.871772 0.583333 4.651537 2.278845 41.578613 1.000000 0.750732 5.000000 143.130102 2.828427 -135.000000 
57.000000 142.000000 126.054929 1.000000 50.000000 25.679000 0.882557 0.555556 12.080547 5.680339 51.342080 0.943396 0.756439 12.041595 131.633539 6.363961 45.000000 
10.000000 142.000000 28.873482 1.000000 7.000000 10.288000 0.967353 0.583333 6.877645 1.743024 79.177782 0.875000 0.487733 6.324555 108.434949 2.000000 0.000000 
23.000000 144.000000 85.760127 1.000000 29.000000 27.912000 0.926569 0.402778 13.617667 5.121927 -84.418886 0.630435 0.377906 12.165525 -99.462322 5.687368 168.690068 
39.000000 142.000000 120.495748 2.000000 13.000000 10.495000 0.486713 0.650000 4.565475 3.988226 -28.764404 0.928571 0.878499 5.099020 168.690068 4.000000 -90.000000 
34.000000 144.000000 91.066304 1.000000 27.000000 18.914000 0.847588 0.600000 8.498620 4.509836 -89.684934 0.900000 0.697487 9.055385 96.340192 4.931970 -9.462322 
48.000000 145.000000 39.126421 1.000000 6.000000 9.362000 0.604556 0.500000 4.039153 3.217438 76.717474 0.750000 0.482271 4.242641 135.000000 3.000000 0.000000 
10.000000 146.000000 76.426760 1.000000 41.000000 26.870000 0.927471 0.630769 13.044379 4.877239 -86.274819 0.820000 0.572026 13.038405 94.398705 5.000000 0.000000 
41.000000 147.000000 76.267006 9.000000 15.000000 14.721000 0.956834 0.428571 8.575505 2.492353 -57.362211 0.882353 0.590761 8.602325 -125.537678 3.130495 -26.565051 
50.000000 146.000000 120.736306 1.000000 15.000000 11.438000 0.543149 0.600000 4.958494 4.163332 -45.000000 1.000000 0.886769 5.385165 -158.198591 4.242641 -45.000000 
16.000000 148.000000 43.858524 1.000000 13.000000 13.100000 0.799564 0.541667 6.642591 3.989416 77.491553 0.812500 0.619293 6.708204 116.565051 4.000000 0.000000 
47.000000 149.000000 147.684810 2.000000 22.000000 16.119000 0.710468 0.523810 6.697117 4.712959 50.556520 0.880000 0.745235 7.280110 105.945396 5.400000 -143.130102 
34.000000 150.000000 58.744657 1.000000 34.000000 28.400000 0.961362 0.343434 13.733956 3.780774 -55.155565 0.772727 0.429459 13.601471 -126.027373 4.949747 -45.000000 
20.000000 151.000000 49.877712 8.000000 14.000000 13.960000 0.922821 0.500000 7.511111 2.893496 -20.881447 0.875000 0.601540 7.615773 -156.801409 3.478505 -71.565051 
30.000000 151.000000 61.643443 1.000000 20.000000 21.726000 0.891195 0.500000 8.963026 4.065812 -34.049270 0.769231 0.406417 9.433981 -147.994617 4.949747 -45.000000 
42.000000 153.000000 121.387743 2.000000 26.000000 16.309000 0.676829 0.619048 6.958810 5.122658 52.418454 0.928571 0.863610 7.615773 113.198591 5.656854 45.000000 
24.000000 154.000000 51.175978 1.000000 30.000000 25.307000 0.946345 0.389610 11.930114 3.855319 33.419592 0.750000 0.465811 12.529964 151.389540 4.800000 -126.869898 
13.000000 156.000000 69.490508 1.000000 57.000000 36.678000 0.972826 0.558824 18.827759 4.359352 -80.397130 0.802817 0.451743 17.720045 -106.389540 5.273697 174.289407 
33.000000 156.000000 80.978451 7.000000 11.000000 10.685000 0.828923 0.733333 5.643021 3.156498 -3.820203 0.846154 0.723056 5.385165 158.198591 3.000000 -90.000000 
39.000000 157.000000 77.055393 2.000000 21.000000 17.806000 0.519690 0.583333 6.291742 5.375379 15.982082 0.840000 0.601397 6.708204 116.565051 6.000000 -90.000000 
30.000000 160.000000 37.416600 1.000000 10.000000 16.028000 0.943444 0.285714 8.470027 2.808080 60.789643 0.588235 0.341967 7.615773 113.198591 3.429972 -149.036243 
17.000000 161.000000 23.615742 8.000000 5.000000 6.368000 0.923687 0.625000 4.492622 1.721341 -20.993606 0.833333 0.694794 4.472136 -153.434949 2.000000 -90.000000 
35.000000 160.000000 73.191971 5.000000 10.000000 8.626000 0.592258 0.625000 4.163332 3.354599 -45.000000 1.000000 0.907475 4.472136 -153.434949 3.535534 -45.000000 
11.000000 162.000000 34.620941 1.000000 15.000000 14.696000 0.954516 0.625000 8.349470 2.489469 -74.276095 0.882353 0.592419 8.544004 -110.556045 3.000000 0.000000 
24.000000 161.000000 69.449224 1.000000 13.000000 15.275000 0.954824 0.371429 8.650303 2.570635 -61.668606 0.764706 0.481653 8.062258 -119.744881 3.130495 -26.565051 
19.000000 163.000000 85.382670 4.000000 19.000000 14.514000 0.887437 0.678571 7.629005 3.516423 9.655481 0.863636 0.765947 7.280110 164.054604 3.880570 -104.036243 
39.000000 163.000000 65.876197 4.000000 16.000000 14.721000 0.891346 0.571429 7.380543 3.345781 -69.842950 0.842105 0.630146 7.615773 -113.198591 4.000000 0.000000 
30.000000 163.000000 54.669412 1.000000 8.000000 8.998000 0.904964 0.533333 5.339096 2.271721 -68.367852 0.888889 0.682168 5.385165 -111.801409 2.683282 -26.565051 
11.000000 166.000000 71.564035 1.000000 28.000000 28.747000 0.979961 0.400000 15.121363 3.012019 -79.345521 0.700000 0.346017 14.317821 -102.094757 3.573344 -8.746162 
37.000000 168.000000 53.872491 1.000000 19.000000 26.713000 0.968289 0.234568 14.065250 3.513956 42.271397 0.558824 0.267881 12.041595 131.633539 4.242641 45.000000 
9.000000 170.000000 72.555014 7.000000 11.000000 13.869000 0.924515 0.366667 7.367819 2.808210 -60.621896 0.687500 0.477709 7.071068 -135.000000 3.577709 -26.565051 
16.000000 171.000000 110.984814 1.000000 29.000000 26.225000 0.868994 0.362500 10.731956 5.310411 29.107574 0.725000 0.422572 10.440307 163.300756 6.685032 -111.801409 
24.000000 169.000000 85.766825 1.000000 20.000000 18.269000 0.939197 0.500000 9.256556 3.178496 -67.156928 0.800000 0.548255 8.944272 -116.565051 3.794733 -18.434949 
41.000000 173.000000 30.714651 1.000000 11.000000 12.248000 0.954626 0.785714 7.143751 2.127452 -7.413240 1.000000 0.583644 7.280110 -164.054604 2.000000 -90.000000 
30.000000 173.000000 160.647816 1.000000 21.000000 16.590000 0.821940 0.600000 7.404682 4.217518 -70.082844 0.913043 0.677805 7.810250 -129.805571 4.919350 -26.565051 
4.000000 174.000000 24.810924 9.000000 2.000000 1.960000 0.866025 1.000000 2.309401 1.154701 0.000000 1.000000 0.965669 2.236068 153.434949 1.000000 -90.000000 
22.000000 174.000000 48.356257 1.000000 21.000000 21.130000 0.978867 0.636364 12.329949 2.521475 81.707786 0.840000 0.447953 11.401754 105.255119 2.969848 -171.869898 
37.000000 175.000000 87.993096 1.000000 14.000000 11.975000 0.893150 0.777778 6.641620 2.987122 -85.192357 0.933333 0.769892 6.324555 108.434949 3.000000 0.000000 
12.000000 177.000000 56.325941 1.000000 53.000000 26.225000 0.672582 0.757143 9.772447 7.231835 0.989810 0.946429 0.772287 10.440307 -163.300756 7.000000 -90.000000 
5.000000 176.000000 24.857327 8.000000 1.000000 0.000000 0.000000 1.000000 1.154701 1.154701 0.000000 1.000000 1.000000 1.414214 135.000000 1.000000 -90.000000 
50.000000 187.000000 33.204780 1.000000 48.000000 59.894000 0.985179 0.133333 27.720627 4.754842 -38.956757 0.500000 0.151803 26.248809 -139.635463 5.585142 -50.527540 
31.000000 179.000000 53.650998 1.000000 46.000000 33.039000 0.974419 0.718750 17.293639 3.886545 -87.246493 0.821429 0.441587 16.278821 -100.619655 4.000000 0.000000 
18.000000 181.000000 82.360026 1.000000 1.000000 0.000000 0.000000 1.000000 1.154701 1.154701 0.000000 1.000000 1.000000 1.414214 135.000000 1.000000 -90.000000 
40.000000 182.000000 65.484074 1.000000 13.000000 11.421000 0.792615 0.650000 5.684308 3.465849 -8.963960 0.866667 0.770328 5.830952 -149.036243 4.000000 -90.000000 
26.000000 185.000000 80.274998 1.000000 55.000000 53.467000 0.970107 0.291005 24.903220 6.043462 78.490838 0.474138 0.215679 21.213203 98.130102 7.024015 -165.256437 
8.000000 185.000000 35.372434 1.000000 11.000000 12.546000 0.795683 0.440000 5.984107 3.624654 53.477657 0.785714 0.561681 6.403124 128.659808 4.000000 36.869898 
40.000000 187.000000 69.747950 7.000000 14.000000 10.958000 0.733335 0.700000 5.318472 3.615855 -51.197703 1.000000 0.884962 5.830952 -120.963757 4.000000 0.000000 
14.000000 186.000000 43.087378 1.000000 34.000000 43.460000 0.862485 0.340000 13.503519 6.833906 -59.302430 0.523077 0.196738 13.453624 -138.012788 7.513562 156.037511 
26.000000 190.000000 63.591974 1.000000 40.000000 38.779000 0.980388 0.317460 20.301697 4.000968 72.648307 0.615385 0.286032 18.681542 105.524111 5.456006 10.304846 
34.000000 192.000000 144.539875 1.000000 48.000000 37.257000 0.986947 0.380952 20.630415 3.322463 75.943941 0.774194 0.369589 18.681542 105.524111 3.880570 14.036243 
45.000000 191.000000 77.158295 1.000000 16.000000 12.645000 0.810342 0.640000 6.194200 3.629539 -49.567594 0.888889 0.806776 6.403124 -141.340192 4.242641 -45.000000 
10.000000 192.000000 34.144293 1.000000 23.000000 17.855000 0.935303 0.851852 9.361290 3.312466 84.265235 0.958333 0.655602 9.486833 108.434949 3.000000 0.000000 
35.000000 197.000000 89.021458 1.000000 1.000000 0.000000 0.000000 1.000000 1.154701 1.154701 0.000000 1.000000 1.000000 1.414214 135.000000 1.000000 -90.000000 
50.000000 195.000000 67.922153 1.000000 20.000000 15.846000 0.910839 0.476190 8.297926 3.425068 -54.395094 0.909091 0.697108 8.062258 -119.744881 4.000000 -36.869898 
24.000000 197.000000 93.998808 1.000000 33.000000 23.413000 0.795210 0.589286 9.355610 5.672629 -23.199115 0.804878 0.588091 9.433981 -147.994617 6.324555 108.434949 
12.000000 198.000000 95.770185 1.000000 70.000000 39.821000 0.968414 0.411765 19.934521 4.970598 65.567650 0.853659 0.476570 19.723083 120.465545 5.936658 24.775141 
55.000000 199.000000 58.690139 2.000000 12.000000 12.000000 0.927374 0.500000 6.980969 2.611823 -62.097803 0.800000 0.657731 6.708204 -116.565051 3.130495 153.434949 
19.000000 198.000000 30.012753 2.000000 6.000000 8.626000 0.952745 0.375000 5.705418 1.733136 41.544386 0.857143 0.544485 5.656854 135.000000 2.121320 45.000000 
45.000000 202.000000 85.276797 1.000000 44.000000 34.958000 0.979142 0.325926 18.035076 3.664357 63.758697 0.745763 0.380910 17.492856 120.963757 4.472136 26.565051 
20.000000 204.000000 42.671932 1.000000 19.000000 22.396000 0.803256 0.387755 8.583655 5.112718 39.952689 0.633333 0.366103 9.219544 130.601295 5.656854 -135.000000 
58.000000 203.000000 60.342358 1.000000 14.000000 19.402000 0.609958 0.466667 6.131198 4.858569 70.461182 0.700000 0.346172 6.324555 108.434949 4.919350 -153.434949 
33.000000 205.000000 152.518121 1.000000 38.000000 23.231000 0.910630 0.542857 11.126929 4.597898 -63.063923 0.904762 0.686575 11.661904 -120.963757 5.366563 -26.565051 
51.000000 207.000000 77.876924 1.000000 30.000000 25.497000 0.969472 0.340909 13.735866 3.368051 63.241948 0.750000 0.459651 12.529964 118.610460 4.370786 -150.945396 
10.000000 207.000000 55.047984 1.000000 32.000000 25.166000 0.964613 0.615385 13.111183 3.457030 -80.750667 0.888889 0.501827 13.341664 -102.994617 4.000000 0.000000 
24.000000 205.000000 47.315367 1.000000 34.000000 23.595000 0.808240 0.485714 11.466172 6.751891 62.459701 0.708333 0.597691 10.816654 123.690068 6.790998 -165.963757 
40.000000 209.000000 136.407186 1.000000 18.000000 13.472000 0.838780 0.750000 6.724116 3.661087 -80.768462 0.900000 0.819512 6.708204 -116.565051 4.000000 0.000000 
36.000000 213.000000 62.323282 3.000000 28.000000 23.322000 0.884743 0.622222 9.673815 4.508755 0.446963 0.756757 0.502424 9.848858 -156.037511 5.000000 -90.000000 
45.000000 211.000000 156.051767 1.000000 11.000000 10.032000 0.715726 0.550000 4.771617 3.332409 -28.515298 1.000000 0.796515 5.385165 -158.198591 3.535534 -45.000000 
10.000000 214.000000 55.237456 2.000000 31.000000 24.935000 0.970867 0.344444 13.484404 3.231099 52.556776 0.885714 0.494177 13.453624 131.987212 4.160251 33.690068 
20.000000 212.000000 50.764684 1.000000 6.000000 9.180000 0.955069 0.400000 5.927544 1.756826 61.845034 0.750000 0.496624 5.830952 120.963757 2.236068 -153.434949 
53.000000 213.000000 124.224839 3.000000 6.000000 7.774000 0.635459 0.666667 3.731223 2.881006 54.217474 0.857143 0.632800 4.242641 135.000000 3.000000 -90.000000 
43.000000 214.000000 40.540380 1.000000 9.000000 8.328000 0.760176 0.750000 4.464505 2.900668 -60.481878 1.000000 0.859719 5.000000 -126.869898 3.000000 0.000000 
48.000000 213.000000 179.481876 9.000000 16.000000 12.455000 0.771459 0.666667 5.908368 3.759369 85.325511 1.000000 0.826552 6.324555 108.434949 4.000000 0.000000 
48.000000 217.000000 92.204108 1.000000 13.000000 20.527000 0.981319 0.203125 12.116864 2.331108 43.771889 0.650000 0.291614 10.630146 131.185925 2.828427 45.000000 
57.000000 217.000000 160.440455 1.000000 27.000000 19.311000 0.898107 0.500000 9.316448 4.097168 -66.877594 0.900000 0.673040 9.486833 -108.434949 4.472136 -26.565051 
25.000000 217.000000 33.649806 1.000000 4.000000 5.053000 0.866025 0.666667 3.651484 1.825742 -71.565051 0.800000 0.748540 3.605551 -123.690068 2.000000 0.000000 
23.000000 220.000000 48.625349 2.000000 11.000000 11.512000 0.926751 0.611111 6.549344 2.460437 67.645420 0.916667 0.643746 6.708204 116.565051 3.000000 0.000000 
33.000000 219.000000 34.218545 1.000000 26.000000 25.836000 0.948830 0.590909 12.289714 3.880922 87.863753 0.702703 0.389098 11.401754 -105.255119 4.000000 0.000000 
61.000000 222.000000 39.525802 1.000000 14.000000 16.838000 0.969999 0.777778 9.331213 2.268512 -2.057045 0.875000 0.440722 9.055385 173.659808 2.000000 -90.000000 
41.000000 221.000000 44.233116 1.000000 22.000000 18.368000 0.935560 0.458333 9.987305 3.527190 -56.019550 0.785714 0.597542 9.433981 -122.005383 4.372865 -38.659808 
14.000000 222.000000 46.106101 1.000000 35.000000 31.898000 0.979346 0.546875 16.455025 3.327073 87.475313 0.760870 0.358228 16.031220 93.576334 3.893037 5.194429 
23.000000 224.000000 24.622300 1.000000 7.000000 10.288000 0.967353 0.583333 6.877645 1.743024 -79.177782 0.875000 0.487733 6.324555 -108.434949 2.000000 0.000000 
48.000000 226.000000 37.381786 1.000000 18.000000 19.402000 0.956412 0.321429 10.254567 2.994548 -53.831433 0.782609 0.445078 10.000000 -126.869898 3.772969 149.036243 
54.000000 224.000000 23.037028 1.000000 4.000000 6.550000 0.946293 0.500000 4.820546 1.558527 72.391204 0.800000 0.535155 4.472136 116.565051 1.897367 -161.565051 
20.000000 229.000000 48.605873 1.000000 108.000000 82.023000 0.993610 0.385714 42.175283 4.760084 -84.838526 0.639053 0.187118 40.607881 -99.926246 5.647093 175.236358 
35.000000 228.000000 22.057715 1.000000 3.000000 3.920000 0.942809 1.000000 3.464102 1.154701 90.000000 1.000000 0.756007 3.162278 108.434949 1.000000 0.000000 
57.000000 229.000000 31.111235 1.000000 11.000000 12.736000 0.959632 0.523810 7.557977 2.125759 68.824403 0.916667 0.548319 7.615773 113.198591 2.683282 26.565051 
4.000000 230.000000 25.070059 1.000000 2.000000 1.960000 0.866025 1.000000 2.309401 1.154701 0.000000 1.000000 0.965669 2.236068 153.434949 1.000000 -90.000000 
19.000000 234.000000 22.399872 1.000000 6.000000 10.958000 0.978582 0.333333 7.387565 1.520781 -69.223693 0.666667 0.379270 6.708204 -116.565051 1.897367 -18.434949 
8.000000 236.000000 44.146444 1.000000 24.000000 20.022000 0.951567 0.600000 10.425838 3.205328 -79.168359 0.857143 0.562094 10.770330 -111.801409 3.676955 -8.130102 
27.000000 235.000000 31.798129 1.000000 16.000000 17.789000 0.963501 0.444444 9.497483 2.542536 -69.922000 0.761905 0.458952 9.848858 -113.962489 3.152963 165.963757 
53.000000 234.000000 24.202554 1.000000 4.000000 5.880000 0.968246 1.000000 4.618802 1.154701 90.000000 1.000000 0.617595 4.123106 104.036243 1.000000 0.000000 
46.000000 235.000000 24.940058 1.000000 1.000000 0.000000 0.000000 1.000000 1.154701 1.154701 0.000000 1.000000 1.000000 1.414214 135.000000 1.000000 -90.000000 
49.000000 236.000000 26.894849 1.000000 5.000000 7.013000 0.931488 0.625000 4.881890 1.775899 -79.099295 0.833333 0.609333 4.472136 -116.565051 2.000000 0.000000 
57.000000 236.000000 26.107905 1.000000 12.000000 11.884000 0.937215 0.666667 7.121793 2.483738 -75.694770 0.857143 0.667925 6.708204 -116.565051 2.910428 165.963757 
