249
32.000000 115.000000 8.086691 1.000000 10255.000000 591.556000 0.962807 0.667643 287.698069 77.732795 -0.056767 0.667643 0.364379 248.386795 165.068583 64.000000 -90.000000 
10.000000 6.000000 26.861635 1.000000 8.000000 8.328000 0.908403 0.800000 5.109174 2.136119 10.900705 1.000000 0.764194 5.385165 158.198591 2.000000 -90.000000 
34.000000 8.000000 20.620273 1.000000 7.000000 8.328000 0.930558 0.700000 5.262061 1.926673 -75.321123 1.000000 0.668670 5.385165 -111.801409 2.000000 0.000000 
18.000000 11.000000 22.547000 1.000000 7.000000 10.404000 0.744562 0.437500 4.660645 3.111230 -51.264404 0.777778 0.479415 5.000000 -126.869898 3.535534 135.000000 
38.000000 16.000000 48.075998 1.000000 105.000000 91.633000 0.996481 0.203488 50.723807 4.251574 75.423298 0.552632 0.146898 44.384682 104.349332 6.074053 12.528808 
13.000000 14.000000 28.328565 1.000000 27.000000 24.521000 0.964689 0.450000 12.915448 3.401843 78.410278 0.729730 0.443392 12.369317 104.036243 3.904748 12.528808 
57.000000 16.000000 23.664491 1.000000 3.000000 3.920000 0.942809 1.000000 3.464102 1.154701 90.000000 1.000000 0.756007 3.162278 108.434949 1.000000 0.000000 
16.000000 20.000000 25.365552 1.000000 12.000000 16.284000 0.914707 0.428571 7.787850 3.147212 85.464772 0.666667 0.399616 7.615773 113.198591 4.000000 0.000000 
46.000000 20.000000 27.573162 1.000000 29.000000 30.376000 0.982547 0.604167 15.399464 2.864557 85.924848 0.852941 0.324386 16.124515 97.125016 3.000000 0.000000 
7.000000 24.000000 22.441526 1.000000 3.000000 3.920000 0.942809 1.000000 3.464102 1.154701 90.000000 1.000000 0.756007 3.162278 108.434949 1.000000 0.000000 
13.000000 25.000000 19.304818 3.000000 1.000000 0.000000 0.000000 1.000000 1.154701 1.154701 0.000000 1.000000 1.000000 1.414214 135.000000 1.000000 -90.000000 
59.000000 26.000000 20.834019 1.000000 4.000000 4.590000 0.731925 0.666667 3.055050 2.081666 90.000000 1.000000 0.840876 3.162278 108.434949 2.000000 0.000000 
17.000000 26.000000 19.555009 3.000000 1.000000 0.000000 0.000000 1.000000 1.154701 1.154701 0.000000 1.000000 1.000000 1.414214 135.000000 1.000000 -90.000000 
9.000000 29.000000 22.453497 2.000000 8.000000 10.222000 0.957752 0.400000 6.704391 1.928161 56.416827 0.800000 0.562929 6.403124 128.659808 2.496151 33.690068 
40.000000 28.000000 36.626084 1.000000 45.000000 38.547000 0.975862 0.473684 19.361991 4.228441 -89.633520 0.703125 0.325378 19.104973 -96.009006 4.659482 176.820170 
56.000000 27.000000 26.818454 1.000000 13.000000 14.878000 0.960113 0.541667 8.276828 2.314313 79.179050 0.866667 0.503110 8.246211 104.036243 2.910428 14.036243 
16.000000 29.000000 21.353228 5.000000 3.000000 4.590000 0.928995 0.500000 3.854129 1.426385 28.154966 0.750000 0.630657 3.605551 146.309932 1.788854 -116.565051 
58.000000 35.000000 40.675877 1.000000 37.000000 28.880000 0.945998 0.406593 13.044074 4.228521 22.786096 0.804348 0.453446 13.928388 158.962489 5.147815 60.945396 
41.000000 33.000000 24.805439 1.000000 3.000000 4.590000 0.928995 0.500000 3.854129 1.426385 61.845034 1.000000 0.630657 3.605551 123.690068 1.788854 26.565051 
23.000000 35.000000 47.887304 1.000000 46.000000 36.240000 0.971342 0.386555 17.008033 4.042580 70.966098 0.766667 0.372719 18.384776 112.380135 5.059644 18.434949 
41.000000 37.000000 34.716123 1.000000 48.000000 44.378000 0.985852 0.300000 22.933357 3.844010 68.436139 0.648649 0.267120 21.189620 109.290046 4.828079 21.801409 
11.000000 35.000000 35.389290 1.000000 23.000000 20.328000 0.969787 0.460000 11.484385 2.801661 66.452615 0.821429 0.524719 11.180340 116.565051 3.528211 21.801409 
29.000000 38.000000 43.770759 1.000000 12.000000 12.918000 0.928215 0.571429 6.943709 2.583370 -84.916112 0.857143 0.584685 7.071068 98.130102 3.000000 0.000000 
12.000000 41.000000 51.285823 1.000000 23.000000 19.749000 0.958039 0.575000 10.896501 3.123339 76.319218 0.851852 0.551599 10.440307 106.699244 3.726207 -168.690068 
52.000000 41.000000 39.465759 1.000000 16.000000 14.440000 0.921226 0.457143 7.820519 3.042393 56.182562 0.842105 0.650449 7.615773 113.198591 3.600000 -143.130102 
31.000000 43.000000 28.059796 1.000000 8.000000 13.770000 0.936314 0.333333 7.804230 2.740559 27.745739 0.615385 0.351504 6.708204 153.434949 3.478505 -108.434949 
44.000000 43.000000 30.588448 1.000000 22.000000 22.098000 0.972810 0.500000 11.777004 2.727621 73.210997 0.814815 0.433978 11.704700 109.983107 3.638034 14.036243 
18.000000 42.000000 20.789770 9.000000 2.000000 2.812000 0.925820 0.500000 3.055050 1.154701 -45.000000 1.000000 0.709058 2.828427 -135.000000 1.414214 -45.000000 
55.000000 45.000000 42.292602 1.000000 22.000000 22.197000 0.963610 0.440000 11.585855 3.097040 21.693987 0.758621 0.430594 11.180340 153.434949 3.676580 66.801409 
27.000000 43.000000 26.488591 1.000000 7.000000 6.922000 0.856222 0.875000 4.312826 2.228038 -81.650378 1.000000 0.868564 4.472136 -116.565051 2.000000 0.000000 
49.000000 45.000000 32.937197 1.000000 10.000000 10.222000 0.873576 0.500000 5.683019 2.765856 40.329987 0.833333 0.703661 5.830952 149.036243 3.328201 56.309932 
16.000000 49.000000 39.172828 1.000000 56.000000 46.594000 0.986988 0.347826 24.041393 3.865669 77.095022 0.708861 0.284488 23.769729 104.620874 4.995754 11.888658 
40.000000 50.000000 23.059121 2.000000 9.000000 17.508000 0.966225 0.333333 10.607886 2.733635 11.981244 0.529412 0.265234 9.219544 167.471192 2.794783 -99.462322 
46.000000 50.000000 25.352240 2.000000 5.000000 5.814000 0.743786 0.555556 3.529850 2.359413 34.099295 0.833333 0.783414 3.605551 123.690068 2.683282 -116.565051 
56.000000 50.000000 27.921303 1.000000 5.000000 5.814000 0.743786 0.555556 3.529850 2.359413 34.099295 0.833333 0.783414 3.605551 123.690068 2.683282 -116.565051 
33.000000 51.000000 22.109650 6.000000 2.000000 1.960000 0.866025 1.000000 2.309401 1.154701 0.000000 1.000000 0.965669 2.236068 153.434949 1.000000 -90.000000 
43.000000 53.000000 24.227681 1.000000 9.000000 17.690000 0.802265 0.360000 7.052182 4.209931 38.582195 0.562500 0.260620 6.403124 128.659808 4.160251 56.309932 
53.000000 52.000000 39.104885 5.000000 12.000000 10.404000 0.491474 0.750000 4.432957 3.860627 61.287029 0.923077 0.821855 5.000000 126.869898 4.000000 -90.000000 
31.000000 55.000000 25.518957 1.000000 6.000000 8.328000 0.953154 0.600000 5.526219 1.671596 -72.391204 0.857143 0.573146 5.385165 -111.801409 2.000000 0.000000 
56.000000 55.000000 36.883856 6.000000 16.000000 13.679000 0.810218 0.666667 6.283220 3.682773 5.140064 0.888889 0.710636 6.708204 153.434949 4.000000 -90.000000 
38.000000 55.000000 27.028006 1.000000 11.000000 12.182000 0.846917 0.458333 6.042314 3.212849 73.475938 0.785714 0.588683 6.082763 99.462322 3.794733 -161.565051 
48.000000 55.000000 29.135355 5.000000 8.000000 12.736000 0.967354 0.444444 8.017958 2.031997 -77.196670 0.615385 0.398777 6.708204 -116.565051 2.353394 -11.309932 
10.000000 56.000000 35.668470 1.000000 18.000000 14.026000 0.878137 0.857143 7.180374 3.435151 89.572982 0.947368 0.767474 7.280110 105.945396 3.000000 0.000000 
6.000000 57.000000 31.892841 2.000000 3.000000 3.920000 0.942809 1.000000 3.464102 1.154701 90.000000 1.000000 0.756007 3.162278 108.434949 1.000000 0.000000 
51.000000 57.000000 22.760472 1.000000 3.000000 3.920000 0.942809 1.000000 3.464102 1.154701 90.000000 1.000000 0.756007 3.162278 108.434949 1.000000 0.000000 
59.000000 58.000000 35.840442 6.000000 13.000000 9.461000 0.505790 0.812500 4.470371 3.856397 -45.000000 1.000000 1.000000 5.000000 -143.130102 4.000000 -90.000000 
44.000000 58.000000 31.276437 2.000000 11.000000 11.512000 0.928023 0.611111 6.609045 2.462025 10.938104 0.846154 0.643746 6.324555 161.565051 2.910428 -104.036243 
26.000000 59.000000 37.053145 1.000000 36.000000 33.494000 0.983072 0.529412 17.309561 3.171452 -83.153697 0.818182 0.337059 17.262677 -100.007980 3.621430 174.805571 
50.000000 61.000000 24.804963 6.000000 12.000000 13.654000 0.945086 0.571429 7.571114 2.474406 -9.630353 0.857143 0.534565 7.615773 -156.801409 2.794783 -80.537678 
39.000000 60.000000 30.525995 1.000000 12.000000 13.935000 0.963113 0.571429 8.381318 2.255405 -80.133655 0.800000 0.517117 7.615773 -113.198591 2.630384 -9.462322 
55.000000 61.000000 26.550383 5.000000 19.000000 19.749000 0.949185 0.422222 10.859229 3.417615 22.415493 0.730769 0.455669 9.848858 156.037511 4.365641 75.963757 
16.000000 61.000000 57.464114 1.000000 22.000000 17.872000 0.893261 0.687500 8.353857 3.755381 86.658992 0.880000 0.626083 8.246211 104.036243 4.000000 0.000000 
44.000000 66.000000 35.898066 5.000000 30.000000 25.191000 0.961979 0.500000 12.369148 3.378324 -14.834070 0.810811 0.469633 12.649111 -161.565051 4.110961 -71.565051 
58.000000 64.000000 52.863961 2.000000 29.000000 20.510000 0.912835 0.805556 10.101827 4.124866 7.176688 0.906250 0.651459 9.848858 156.037511 4.000000 -90.000000 
25.000000 65.000000 28.648415 8.000000 21.000000 25.497000 0.986188 0.238636 14.938439 2.474259 -55.799325 0.750000 0.321755 13.601471 -126.027373 3.487429 144.462322 
9.000000 64.000000 42.218966 1.000000 32.000000 20.113000 0.877986 0.711111 9.520819 4.557485 79.518039 0.914286 0.743605 9.848858 113.962489 4.931970 9.462322 
14.000000 66.000000 28.756985 7.000000 6.000000 6.368000 0.833333 0.750000 4.000000 2.211083 90.000000 1.000000 0.833753 4.123106 104.036243 2.000000 0.000000 
52.000000 66.000000 28.061582 7.000000 3.000000 3.093000 0.730297 0.750000 2.581989 1.763834 -45.000000 1.000000 0.969873 2.828427 -135.000000 2.000000 -90.000000 
53.000000 69.000000 31.273683 7.000000 9.000000 7.683000 0.665812 0.750000 4.053691 3.024539 20.300647 1.000000 0.965227 4.472136 153.434949 3.000000 -90.000000 
17.000000 70.000000 44.723246 1.000000 44.000000 37.232000 0.985840 0.407407 19.270611 3.231476 78.254013 0.785714 0.339209 18.973666 108.434949 3.726207 11.309932 
59.000000 68.000000 31.881152 6.000000 5.000000 7.402000 0.765173 0.555556 3.931770 2.531373 49.065051 0.833333 0.565201 4.242641 135.000000 2.828427 45.000000 
33.000000 70.000000 27.863922 1.000000 12.000000 12.802000 0.955163 0.857143 7.495708 2.219340 85.636361 0.923077 0.593224 7.280110 105.945396 2.000000 0.000000 
56.000000 70.000000 29.257363 1.000000 11.000000 10.032000 0.616057 0.550000 4.536179 3.573154 75.849622 1.000000 0.796515 5.099020 101.309932 4.000000 0.000000 
26.000000 74.000000 23.084437 7.000000 1.000000 0.000000 0.000000 1.000000 1.154701 1.154701 0.000000 1.000000 1.000000 1.414214 135.000000 1.000000 -90.000000 
54.000000 75.000000 44.761735 1.000000 26.000000 22.859000 0.936131 0.520000 10.799255 3.797560 3.806090 0.742857 0.483300 10.198039 -168.690068 4.341216 82.874984 
35.000000 76.000000 26.770870 6.000000 12.000000 17.806000 0.838676 0.500000 7.110463 3.872580 0.537085 0.666667 0.343655 6.708204 -153.434949 4.000000 -90.000000 
43.000000 74.000000 27.843718 10.000000 5.000000 7.220000 0.948099 0.416667 5.066665 1.611077 -54.720017 1.000000 0.585230 5.000000 -126.869898 2.121320 -45.000000 
49.000000 75.000000 28.878732 7.000000 8.000000 9.552000 0.925959 0.533333 5.779562 2.182505 -22.853660 1.000000 0.623923 5.830952 -149.036243 2.683282 -63.434949 
41.000000 77.000000 29.632297 1.000000 8.000000 10.958000 0.957752 0.444444 6.704391 1.928161 70.453071 0.800000 0.505693 6.708204 116.565051 2.425356 -165.963757 
14.000000 78.000000 45.312638 1.000000 35.000000 28.813000 0.958894 0.538462 14.500292 4.114688 -83.129275 0.729167 0.430736 13.601471 -107.102729 5.000000 0.000000 
46.000000 77.000000 31.017183 1.000000 8.000000 8.998000 0.931551 0.533333 5.671347 2.062156 -60.349861 1.000000 0.682168 5.830952 -120.963757 2.683282 -26.565051 
57.000000 80.000000 23.871529 3.000000 2.000000 1.960000 0.866025 1.000000 2.309401 1.154701 0.000000 1.000000 0.965669 2.236068 153.434949 1.000000 -90.000000 
22.000000 81.000000 48.863767 1.000000 18.000000 19.675000 0.894375 0.450000 8.420203 3.766510 -69.282666 0.782609 0.434491 8.602325 -125.537678 4.365641 165.963757 
37.000000 82.000000 31.614929 7.000000 26.000000 21.544000 0.943514 0.412698 10.961338 3.631845 -26.742553 0.812500 0.536162 10.816654 -146.309932 4.341216 119.744881 
51.000000 81.000000 37.689148 1.000000 24.000000 21.850000 0.796447 0.489796 8.226250 4.974482 -37.172450 0.774194 0.482873 8.062258 -150.255119 5.656854 -45.000000 
9.000000 84.000000 19.345441 6.000000 1.000000 0.000000 0.000000 1.000000 1.154701 1.154701 0.000000 1.000000 1.000000 1.414214 135.000000 1.000000 -90.000000 
18.000000 86.000000 41.915397 1.000000 38.000000 35.198000 0.981253 0.319328 18.502988 3.565959 -71.534044 0.703704 0.324862 18.384776 -112.380135 4.558331 162.897271 
33.000000 85.000000 30.146482 1.000000 18.000000 24.430000 0.988488 0.300000 14.379602 2.175594 -73.368593 0.666667 0.297549 13.000000 -112.619865 2.846050 -18.434949 
55.000000 85.000000 30.599902 7.000000 11.000000 16.028000 0.938593 0.305556 8.463307 2.920053 -53.154116 0.647059 0.376164 7.810250 -140.194429 3.535534 -45.000000 
60.000000 86.000000 23.560839 4.000000 3.000000 3.920000 0.942809 1.000000 3.464102 1.154701 0.000000 1.000000 0.756007 3.162278 161.565051 1.000000 -90.000000 
52.000000 87.000000 31.390157 1.000000 10.000000 9.461000 0.825897 0.625000 5.033223 2.837840 -45.000000 0.833333 0.791207 5.656854 -135.000000 3.535534 -45.000000 
45.000000 89.000000 34.241246 1.000000 26.000000 27.912000 0.969611 0.361111 14.325621 3.504782 -75.996006 0.604651 0.338813 12.649111 -108.434949 5.059644 161.565051 
59.000000 88.000000 25.213967 6.000000 5.000000 6.550000 0.889464 0.625000 4.253087 1.943686 5.152423 0.833333 0.668944 4.123106 165.963757 2.000000 -90.000000 
12.000000 91.000000 20.695162 2.000000 2.000000 1.960000 0.866025 1.000000 2.309401 1.154701 90.000000 1.000000 0.965669 2.236068 116.565051 1.000000 0.000000 
40.000000 90.000000 28.550789 7.000000 4.000000 4.408000 0.870424 0.666667 3.435909 1.691507 -31.717474 1.000000 0.881907 3.605551 -146.309932 2.000000 -90.000000 
14.000000 95.000000 39.479749 1.000000 29.000000 32.758000 0.979824 0.453125 17.329759 3.463604 -84.695746 0.617021 0.282767 16.278821 -100.619655 3.893037 -5.194429 
54.000000 93.000000 41.766957 1.000000 19.000000 15.829000 0.939661 0.593750 8.728552 2.986088 -68.113980 0.950000 0.663440 8.944272 -116.565051 3.577709 -26.565051 
42.000000 96.000000 29.264886 1.000000 24.000000 23.090000 0.977786 0.666667 12.631146 2.647586 -81.092684 0.888889 0.438300 12.369317 -104.036243 3.000000 0.000000 
52.000000 95.000000 37.315219 1.000000 9.000000 11.810000 0.958447 0.375000 6.964030 1.986638 -30.694770 0.900000 0.505915 7.211103 -146.309932 2.683282 -63.434949 
29.000000 96.000000 35.735786 1.000000 36.000000 28.441000 0.973027 0.642857 14.859893 3.428043 -83.408606 0.857143 0.453541 14.317821 -102.094757 3.865103 173.659808 
12.000000 106.000000 34.086158 1.000000 78.000000 67.907000 0.964060 0.161491 34.095874 9.058723 43.609273 0.402062 0.194175 29.832868 140.440332 9.328010 -130.601295 
28.000000 102.000000 24.053614 9.000000 7.000000 8.816000 0.955573 0.466667 6.008458 1.771024 -61.845034 0.875000 0.615206 5.830952 -120.963757 2.236068 -26.565051 
51.000000 103.000000 45.595090 1.000000 23.000000 23.024000 0.980442 0.479167 12.991235 2.556795 -75.331597 0.851852 0.422159 12.649111 -108.434949 3.152963 -14.036243 
24.000000 105.000000 21.431426 11.000000 2.000000 1.960000 0.866025 1.000000 2.309401 1.154701 90.000000 1.000000 0.965669 2.236068 116.565051 1.000000 0.000000 
59.000000 106.000000 43.364589 10.000000 12.000000 12.182000 0.930644 0.500000 6.992643 2.558787 -67.234257 0.923077 0.642199 6.708204 -116.565051 3.130495 -26.565051 
30.000000 108.000000 22.994998 1.000000 11.000000 17.508000 0.982624 0.305556 10.387877 1.928045 -70.022732 0.733333 0.324175 9.848858 -113.962489 2.457864 -20.556045 
47.000000 109.000000 34.420531 1.000000 28.000000 31.650000 0.987437 0.266667 18.198714 2.875657 -70.523065 0.636364 0.290683 15.811388 -108.434949 3.478505 -18.434949 
55.000000 107.000000 28.020623 5.000000 6.000000 10.495000 0.937884 0.400000 6.235054 2.163252 13.948636 0.666667 0.405461 5.385165 158.198591 2.425356 75.963757 
36.000000 109.000000 19.345581 2.000000 1.000000 0.000000 0.000000 1.000000 1.154701 1.154701 0.000000 1.000000 1.000000 1.414214 135.000000 1.000000 -90.000000 
13.000000 110.000000 30.246384 1.000000 9.000000 12.182000 0.769893 0.450000 5.575920 3.558398 29.518122 0.692308 0.481650 5.385165 158.198591 3.882901 56.309932 
17.000000 111.000000 32.539546 1.000000 25.000000 25.580000 0.903712 0.347222 10.567874 4.524544 -36.092743 0.675676 0.380831 10.295630 -150.945396 5.505586 -50.194429 
57.000000 111.000000 86.498855 1.000000 11.000000 10.842000 0.936793 0.916667 6.513910 2.279105 -86.942248 1.000000 0.706911 6.324555 -108.434949 2.000000 0.000000 
60.000000 112.000000 60.563366 1.000000 6.000000 6.277000 0.456435 0.666667 3.265986 2.905933 26.565051 1.000000 0.849942 3.605551 123.690068 3.000000 -90.000000 
27.000000 115.000000 32.192808 1.000000 25.000000 24.521000 0.952617 0.568182 12.175179 3.703361 88.789325 0.757576 0.410548 11.180340 100.304846 4.000000 0.000000 
51.000000 116.000000 35.191798 5.000000 12.000000 10.958000 0.693536 0.600000 5.038062 3.629530 20.470327 0.923077 0.758539 5.385165 158.198591 4.000000 -90.000000 
58.000000 116.000000 34.559176 2.000000 15.000000 12.273000 0.789493 0.625000 5.863041 3.598499 2.666079 0.937500 0.793299 6.324555 -161.565051 4.000000 -90.000000 
10.000000 117.000000 21.494996 1.000000 5.000000 8.328000 0.969048 0.500000 6.024504 1.487286 72.856562 0.714286 0.477622 5.385165 111.801409 1.897367 18.434949 
41.000000 117.000000 44.508325 1.000000 54.000000 41.086000 0.983582 0.406015 22.243865 4.014112 -78.868912 0.710526 0.346910 19.416488 -101.888658 4.692204 169.992020 
14.000000 117.000000 19.820667 12.000000 1.000000 0.000000 0.000000 1.000000 1.154701 1.154701 0.000000 1.000000 1.000000 1.414214 135.000000 1.000000 -90.000000 
15.000000 121.000000 49.499163 2.000000 21.000000 18.161000 0.912827 0.525000 9.259982 3.781282 21.162287 0.750000 0.581519 8.602325 144.462322 4.608177 -104.036243 
25.000000 126.000000 57.101961 1.000000 79.000000 56.312000 0.968351 0.256494 25.988191 6.486426 -31.942354 0.560284 0.280854 25.238859 -146.309932 8.675032 -58.570434 
54.000000 119.000000 32.751936 1.000000 12.000000 11.603000 0.906850 0.666667 6.435879 2.712423 82.823229 0.923077 0.693626 6.324555 108.434949 3.000000 0.000000 
51.000000 122.000000 58.845344 5.000000 21.000000 16.375000 0.882456 0.656250 7.882490 3.707888 -5.840332 0.875000 0.692821 8.246211 -165.963757 4.000000 -90.000000 
59.000000 122.000000 72.941821 1.000000 18.000000 16.772000 0.902768 0.642857 8.424297 3.623532 -14.059264 0.818182 0.570405 8.062258 -150.255119 4.000000 -90.000000 
9.000000 123.000000 40.819074 1.000000 16.000000 16.747000 0.943274 0.666667 8.602816 2.856261 -83.192909 0.800000 0.508302 8.544004 -110.556045 3.000000 0.000000 
33.000000 124.000000 21.602076 1.000000 10.000000 13.009000 0.903212 0.416667 6.663826 2.860086 -61.002692 0.769231 0.481762 7.211103 -123.690068 3.429972 -30.963757 
8.000000 129.000000 38.583187 1.000000 21.000000 27.474000 0.963906 0.238636 14.396483 3.832935 -28.927508 0.567568 0.281542 12.529964 -151.389540 5.153734 -51.340192 
14.000000 127.000000 48.867161 1.000000 24.000000 20.510000 0.798517 0.600000 7.830109 4.713509 0.651439 0.827586 0.539138 8.246211 -165.963757 5.000000 -90.000000 
56.000000 127.000000 217.867356 1.000000 22.000000 15.085000 0.748146 0.628571 6.820331 4.525520 71.681446 0.956522 0.832188 7.280110 105.945396 5.000000 0.000000 
42.000000 131.000000 171.896532 1.000000 80.000000 47.289000 0.956150 0.392157 20.234768 5.926282 68.607497 0.740741 0.395286 19.723083 120.465545 7.924240 -151.699244 
35.000000 130.000000 51.288230 1.000000 8.000000 9.089000 0.911321 0.500000 5.503066 2.265598 41.861351 1.000000 0.672055 5.656854 135.000000 2.828427 -135.000000 
54.000000 130.000000 120.656973 1.000000 21.000000 23.703000 0.930707 0.375000 10.603408 3.878358 -40.153041 0.750000 0.366198 9.433981 -147.994617 4.242641 -45.000000 
59.000000 129.000000 86.764828 1.000000 5.000000 7.220000 0.948099 0.416667 5.066665 1.611077 54.720017 0.833333 0.585230 5.000000 126.869898 2.121320 45.000000 
5.000000 132.000000 31.961071 1.000000 5.000000 4.962000 0.765092 0.833333 3.306559 2.129163 -71.565051 1.000000 0.956808 3.605551 -123.690068 2.000000 0.000000 
17.000000 132.000000 41.391923 6.000000 10.000000 14.622000 0.882269 0.416667 6.948838 3.271133 -66.464985 0.714286 0.398243 6.708204 -116.565051 3.800000 -36.869898 
7.000000 138.000000 36.512550 1.000000 22.000000 26.614000 0.933350 0.333333 12.530481 4.498025 -18.516649 0.578947 0.312245 11.401754 -164.744881 5.093248 -75.963757 
14.000000 136.000000 54.781804 1.000000 35.000000 29.054000 0.886612 0.388889 11.524659 5.330306 -29.487390 0.744681 0.424312 10.770330 -158.198591 6.363961 -45.000000 
49.000000 136.000000 39.552499 1.000000 9.000000 9.461000 0.764575 0.750000 4.805881 3.097557 -10.278023 0.818182 0.712086 5.000000 -143.130102 3.000000 -90.000000 
42.000000 137.000000 47.216431 1.000000 34.000000 29.020000 0.935290 0.485714 13.044532 4.616234 66.567450 0.666667 0.413061 12.206556 124.992020 5.692100 18.434949 
26.000000 138.000000 139.751676 1.000000 36.000000 22.933000 0.919573 0.600000 11.353022 4.460832 67.105325 0.900000 0.665392 11.180340 116.565051 5.335784 -165.963757 
33.000000 138.000000 57.195935 1.000000 7.000000 10.495000 0.911963 0.437500 5.985051 2.455505 31.998327 0.700000 0.473038 5.656854 135.000000 3.050851 56.309932 
19.000000 141.000000 116.249935 1.000000 21.000000 15.846000 0.676584 0.500000 6.451949 4.750990 39.066908 0.875000 0.731963 7.615773 156.801409 4.949747 45.000000 
57.000000 141.000000 19.380505 12.000000 2.000000 1.960000 0.866025 1.000000 2.309401 1.154701 90.000000 1.000000 0.965669 2.236068 116.565051 1.000000 0.000000 
59.000000 142.000000 19.804260 12.000000 1.000000 0.000000 0.000000 1.000000 1.154701 1.154701 0.000000 1.000000 1.000000 1.414214 135.000000 1.000000 -90.000000 
14.000000 144.000000 82.542589 3.000000 24.000000 17.897000 0.776278 0.489796 7.584708 4.781327 51.294282 0.827586 0.681377 7.615773 113.198591 5.656854 45.000000 
25.000000 144.000000 101.039056 9.000000 18.000000 15.738000 0.770288 0.600000 6.648234 4.239554 -59.102881 0.857143 0.634596 7.071068 -135.000000 4.919350 -26.565051 
53.000000 146.000000 45.242162 1.000000 1.000000 0.000000 0.000000 1.000000 1.154701 1.154701 0.000000 1.000000 1.000000 1.414214 135.000000 1.000000 -90.000000 
31.000000 146.000000 84.822983 1.000000 23.000000 19.195000 0.904633 0.638889 9.296115 3.961934 -77.068158 0.821429 0.579300 9.486833 -108.434949 4.000000 0.000000 
9.000000 148.000000 106.305608 1.000000 24.000000 16.681000 0.776301 0.571429 7.292172 4.596715 58.926689 0.888889 0.767539 7.615773 113.198591 5.366563 -153.434949 
5.000000 149.000000 39.653071 1.000000 6.000000 6.459000 0.778499 0.666667 3.829708 2.403701 45.000000 1.000000 0.818022 4.242641 135.000000 2.828427 -135.000000 
17.000000 150.000000 55.241908 1.000000 30.000000 21.453000 0.926224 0.600000 10.424970 3.929942 -68.535387 0.909091 0.623235 10.770330 -111.801409 4.919350 -26.565051 
42.000000 149.000000 19.706939 2.000000 3.000000 3.920000 0.942809 1.000000 3.464102 1.154701 90.000000 1.000000 0.756007 3.162278 108.434949 1.000000 0.000000 
24.000000 149.000000 21.658015 2.000000 2.000000 1.960000 0.866025 1.000000 2.309401 1.154701 90.000000 1.000000 0.965669 2.236068 116.565051 1.000000 0.000000 
6.000000 151.000000 58.525284 1.000000 11.000000 9.089000 0.724342 0.687500 4.678064 3.225246 -41.028264 1.000000 0.924076 5.000000 -143.130102 3.535534 -45.000000 
48.000000 154.000000 26.909176 4.000000 5.000000 11.248000 0.989743 0.200000 8.082904 1.154701 -45.000000 1.000000 0.303447 7.071068 -135.000000 1.414214 -45.000000 
24.000000 153.000000 31.408012 11.000000 4.000000 4.408000 0.870424 0.666667 3.435909 1.691507 -58.282526 1.000000 0.881907 3.605551 -123.690068 2.000000 0.000000 
5.000000 153.000000 38.675394 2.000000 5.000000 7.402000 0.765173 0.555556 3.931770 2.531373 -49.065051 0.833333 0.565201 4.242641 -135.000000 2.828427 -45.000000 
22.000000 153.000000 36.367768 10.000000 3.000000 5.624000 0.769800 0.500000 3.464102 2.211083 0.000000 0.750000 0.490646 3.162278 161.565051 2.000000 -90.000000 
31.000000 156.000000 28.264718 1.000000 19.000000 17.996000 0.967450 0.422222 10.188627 2.578374 61.845034 0.904762 0.534383 10.295630 119.054604 3.130495 26.565051 
11.000000 156.000000 92.370505 2.000000 27.000000 18.550000 0.910907 0.562500 9.591770 3.957682 -61.241913 0.900000 0.721092 9.433981 -122.005383 4.828079 -21.801409 
45.000000 158.000000 60.307843 2.000000 25.000000 21.825000 0.854044 0.520833 9.357657 4.867866 -10.474238 0.714286 0.504001 8.602325 -144.462322 5.260768 99.462322 
11.000000 163.000000 65.185066 1.000000 40.000000 32.618000 0.981619 0.296296 17.499219 3.339760 -60.447745 0.888889 0.393083 17.000000 -118.072487 4.024922 -26.565051 
18.000000 160.000000 58.593742 1.000000 25.000000 20.510000 0.920038 0.462963 9.845896 3.857901 -65.893960 0.806452 0.561603 10.000000 -126.869898 4.427189 -18.434949 
58.000000 160.000000 85.343530 1.000000 15.000000 12.554000 0.884878 0.625000 6.877545 3.203719 71.873081 0.882353 0.765148 6.708204 116.565051 3.638034 14.036243 
40.000000 162.000000 71.296955 1.000000 11.000000 11.438000 0.783565 0.550000 5.351344 3.324843 -66.890562 0.846154 0.650297 5.385165 -111.801409 3.794733 -18.434949 
31.000000 162.000000 41.448021 1.000000 12.000000 10.776000 0.818712 0.600000 5.537749 3.179797 63.434949 1.000000 0.778508 5.830952 120.963757 3.577709 26.565051 
37.000000 163.000000 69.203084 1.000000 22.000000 16.193000 0.869778 0.628571 7.896778 3.896614 -65.895124 0.916667 0.739541 8.602325 -125.537678 4.510671 168.690068 
53.000000 162.000000 42.084522 2.000000 1.000000 0.000000 0.000000 1.000000 1.154701 1.154701 0.000000 1.000000 1.000000 1.414214 135.000000 1.000000 -90.000000 
9.000000 168.000000 38.356454 1.000000 33.000000 29.442000 0.975172 0.317308 15.157179 3.356538 -64.579638 0.846154 0.390594 15.264338 -121.607502 4.024922 -26.565051 
20.000000 164.000000 24.885700 2.000000 3.000000 4.590000 0.928995 0.500000 3.854129 1.426385 61.845034 0.750000 0.630657 3.605551 123.690068 1.788854 -153.434949 
29.000000 166.000000 25.508347 10.000000 5.000000 8.717000 0.968023 0.312500 6.215727 1.559295 -49.065051 0.833333 0.446800 5.656854 -135.000000 2.121320 135.000000 
33.000000 166.000000 64.425720 1.000000 11.000000 11.603000 0.901443 0.611111 6.262431 2.710987 2.618738 0.916667 0.635824 6.324555 161.565051 3.000000 -90.000000 
48.000000 163.000000 34.615269 9.000000 5.000000 5.814000 0.901281 0.555556 4.163332 1.803700 -45.000000 1.000000 0.783414 4.242641 -135.000000 2.121320 -45.000000 
43.000000 165.000000 47.111799 1.000000 18.000000 15.366000 0.658959 0.600000 6.218253 4.677237 90.000000 0.782609 0.660363 6.708204 -116.565051 5.000000 0.000000 
57.000000 165.000000 30.097229 1.000000 6.000000 9.825000 0.753009 0.500000 4.592439 3.021874 -69.006394 0.750000 0.448445 4.472136 -116.565051 3.000000 0.000000 
18.000000 167.000000 28.995329 1.000000 4.000000 4.408000 0.870424 0.666667 3.435909 1.691507 58.282526 1.000000 0.881907 3.605551 123.690068 2.000000 0.000000 
55.000000 178.000000 66.334014 1.000000 79.000000 55.311000 0.981667 0.548611 26.037088 4.962831 2.400287 0.647541 0.290556 24.331050 -170.537678 6.000000 -90.000000 
26.000000 168.000000 44.803085 1.000000 17.000000 15.895000 0.943071 0.708333 8.779240 2.919909 -86.707260 0.894737 0.589495 8.246211 104.036243 3.000000 0.000000 
38.000000 168.000000 55.462319 1.000000 23.000000 18.922000 0.865426 0.575000 8.657441 4.337692 81.348770 0.793103 0.593725 8.544004 110.556045 5.000000 0.000000 
44.000000 169.000000 40.773108 6.000000 8.000000 11.140000 0.933915 0.666667 6.132702 2.192405 -84.730408 0.888889 0.492886 6.082763 99.462322 2.000000 0.000000 
4.000000 172.000000 25.993649 8.000000 5.000000 7.840000 0.979796 1.000000 5.773503 1.154701 0.000000 1.000000 0.521014 5.099020 168.690068 1.000000 -90.000000 
50.000000 172.000000 25.760137 1.000000 10.000000 10.495000 0.879248 0.500000 5.807935 2.766688 30.301974 0.909091 0.675769 5.830952 149.036243 3.478505 -108.434949 
35.000000 175.000000 91.351263 1.000000 54.000000 33.453000 0.961729 0.385714 16.494471 4.519540 -28.942483 0.857143 0.506722 16.643317 -147.264774 5.366563 -63.434949 
42.000000 173.000000 57.380915 1.000000 18.000000 15.829000 0.913085 0.514286 8.261701 3.368863 -25.281832 0.782609 0.628522 7.810250 -140.194429 3.899602 -68.198591 
27.000000 174.000000 36.900510 1.000000 16.000000 13.472000 0.913524 0.761905 7.358303 2.993250 82.299457 0.941176 0.728455 7.280110 105.945396 3.000000 0.000000 
46.000000 175.000000 38.831503 2.000000 11.000000 10.586000 0.879635 0.550000 5.801931 2.759680 33.018756 0.916667 0.733523 5.830952 149.036243 3.328201 -123.690068 
16.000000 177.000000 46.862444 1.000000 45.000000 33.312000 0.979720 0.468750 18.013695 3.609400 74.868852 0.762712 0.425541 16.763055 107.354025 4.560702 15.255119 
24.000000 180.000000 34.261046 6.000000 17.000000 16.722000 0.972810 0.944444 9.918294 2.297129 1.227016 1.000000 0.541431 9.219544 167.471192 2.000000 -90.000000 
6.000000 179.000000 43.460744 1.000000 17.000000 12.918000 0.602603 0.680000 5.908523 4.715245 31.493667 0.850000 0.828304 6.403124 141.340192 4.949747 45.000000 
31.000000 182.000000 34.994106 8.000000 13.000000 17.624000 0.936869 0.325000 8.791320 3.074144 -24.820778 0.684211 0.378848 8.544004 -159.443955 4.024922 116.565051 
43.000000 179.000000 41.893372 1.000000 12.000000 12.182000 0.821131 0.600000 6.010180 3.430251 18.513364 0.800000 0.642199 5.830952 149.036243 4.000000 -90.000000 
48.000000 180.000000 51.922872 4.000000 5.000000 8.717000 0.960000 0.312500 5.773503 1.616581 -45.000000 1.000000 0.446800 5.656854 -135.000000 2.121320 135.000000 
13.000000 183.000000 51.796782 1.000000 44.000000 31.162000 0.922353 0.523810 13.689050 5.288743 -83.321914 0.721311 0.469876 12.529964 -118.610460 6.957011 161.565051 
41.000000 183.000000 74.401421 1.000000 10.000000 8.998000 0.741935 0.625000 4.623527 3.099945 39.115856 1.000000 0.852711 5.000000 126.869898 3.535534 45.000000 
45.000000 183.000000 80.349492 1.000000 18.000000 13.770000 0.774372 0.600000 6.334914 4.008291 -65.836298 0.947368 0.790885 6.708204 -116.565051 4.743416 161.565051 
5.000000 183.000000 37.882511 1.000000 9.000000 9.643000 0.594210 0.750000 4.206084 3.382996 -54.217474 0.900000 0.691956 5.000000 -126.869898 3.000000 0.000000 
28.000000 186.000000 25.403794 11.000000 2.000000 2.812000 0.925820 0.500000 3.055050 1.154701 -45.000000 1.000000 0.709058 2.828427 -135.000000 1.414214 -45.000000 
39.000000 188.000000 56.578881 1.000000 38.000000 26.134000 0.943301 0.527778 12.926034 4.290664 -68.049576 0.926829 0.557163 13.000000 -112.619865 5.366563 -26.565051 
50.000000 187.000000 45.380718 1.000000 24.000000 25.861000 0.603447 0.489796 7.686065 6.128891 -36.940922 0.727273 0.358548 8.062258 -119.744881 6.708204 -63.434949 
10.000000 189.000000 75.963351 1.000000 32.000000 26.580000 0.979307 0.492308 14.798442 2.994937 74.873776 0.820513 0.455214 13.928388 111.037511 3.638034 -165.963757 
30.000000 187.000000 27.399614 1.000000 6.000000 9.180000 0.925610 0.600000 5.541822 2.097457 82.160238 0.750000 0.496624 5.385165 111.801409 2.000000 0.000000 
19.000000 189.000000 42.378789 2.000000 7.000000 10.015000 0.939840 0.466667 6.356167 2.171356 -27.718738 0.700000 0.508184 5.830952 -149.036243 2.683282 116.565051 
22.000000 190.000000 38.731757 1.000000 8.000000 9.552000 0.892050 0.500000 5.499108 2.485251 42.914782 0.888889 0.623923 5.656854 135.000000 2.828427 45.000000 
27.000000 192.000000 34.910695 2.000000 14.000000 19.584000 0.953077 0.388889 9.793733 2.964839 13.906773 0.636364 0.340649 9.486833 161.565051 3.638034 75.963757 
33.000000 190.000000 24.534153 6.000000 3.000000 4.590000 0.928995 0.500000 3.854129 1.426385 28.154966 1.000000 0.630657 3.605551 146.309932 1.788854 63.434949 
11.000000 195.000000 84.322174 1.000000 50.000000 38.878000 0.975370 0.326797 19.614364 4.326404 64.359242 0.714286 0.355858 18.384776 112.380135 5.813777 26.565051 
37.000000 193.000000 47.357896 1.000000 21.000000 21.064000 0.951548 0.525000 10.483252 3.223611 -80.022725 0.777778 0.450399 10.198039 -101.309932 4.000000 0.000000 
59.000000 191.000000 34.567084 1.000000 11.000000 13.588000 0.950512 0.392857 7.980740 2.479517 -20.543420 0.785714 0.493892 7.280110 -164.054604 2.971125 111.801409 
48.000000 193.000000 54.914475 2.000000 4.000000 5.905000 0.791649 0.666667 3.586706 2.191393 75.127559 0.800000 0.614186 3.605551 123.690068 2.000000 0.000000 
56.000000 191.000000 57.024671 1.000000 12.000000 15.829000 0.956170 0.342857 9.127005 2.672494 -32.577401 0.666667 0.419015 8.602325 -144.462322 3.577709 -63.434949 
60.000000 196.000000 30.715887 1.000000 8.000000 8.146000 0.649519 0.666667 4.618802 3.511885 0.000000 0.800000 0.789037 4.472136 153.434949 3.000000 -90.000000 
31.000000 197.000000 43.106758 1.000000 33.000000 32.999000 0.818593 0.330000 11.603607 6.664808 -43.459770 0.600000 0.317492 10.770330 -111.801409 7.682213 140.194429 
44.000000 196.000000 49.879241 1.000000 19.000000 22.032000 0.953043 0.339286 11.120642 3.367713 -55.812545 0.633333 0.376767 10.000000 -126.869898 4.372865 -38.659808 
54.000000 196.000000 36.903911 1.000000 15.000000 19.840000 0.974529 0.500000 11.232545 2.519027 -81.191139 0.714286 0.356895 10.198039 -101.309932 3.000000 0.000000 
17.000000 200.000000 54.086064 1.000000 21.000000 24.083000 0.923318 0.375000 9.774141 3.753631 36.823955 0.724138 0.356046 10.630146 138.814075 4.400000 53.130102 
53.000000 201.000000 45.167774 1.000000 27.000000 19.377000 0.890026 0.600000 9.516040 4.338456 -75.203664 0.870968 0.669100 9.486833 -108.434949 4.767571 -9.462322 
40.000000 202.000000 52.684586 1.000000 41.000000 31.253000 0.966104 0.418367 16.174655 4.175531 -78.715665 0.706897 0.435525 14.317821 -102.094757 5.295136 168.690068 
26.000000 201.000000 41.591195 1.000000 3.000000 4.590000 0.928995 0.500000 3.854129 1.426385 28.154966 1.000000 0.630657 3.605551 146.309932 1.788854 63.434949 
48.000000 203.000000 27.073777 5.000000 8.000000 7.501000 0.765333 0.666667 4.260095 2.741945 -24.407037 1.000000 0.887575 4.472136 -153.434949 3.000000 -90.000000 
59.000000 203.000000 68.665067 1.000000 20.000000 13.861000 0.708665 0.666667 6.161733 4.347380 -63.963847 1.000000 0.869380 6.708204 -116.565051 4.919350 -26.565051 
8.000000 203.000000 41.884318 3.000000 20.000000 22.305000 0.789075 0.416667 9.082730 5.579488 23.857153 0.625000 0.388133 8.944272 153.434949 5.753965 80.537678 
14.000000 204.000000 81.157229 1.000000 20.000000 15.920000 0.855403 0.714286 7.569360 3.920646 -86.437492 0.869565 0.691706 7.615773 113.198591 4.000000 0.000000 
30.000000 203.000000 35.479519 3.000000 7.000000 8.626000 0.903393 0.437500 5.256170 2.253920 50.003990 0.875000 0.635232 5.000000 126.869898 2.773501 -146.309932 
56.000000 205.000000 24.706917 1.000000 3.000000 3.093000 0.730297 0.750000 2.581989 1.763834 -45.000000 1.000000 0.969873 2.828427 -135.000000 2.000000 -90.000000 
48.000000 210.000000 81.318010 3.000000 50.000000 32.031000 0.924778 0.510204 13.916416 5.295285 -12.576994 0.781250 0.507892 14.142136 -171.869898 6.182518 -77.471192 
30.000000 208.000000 20.498802 1.000000 5.000000 7.220000 0.948099 0.416667 5.066665 1.611077 -54.720017 0.833333 0.585230 5.000000 -126.869898 2.121320 -45.000000 
37.000000 211.000000 65.465334 1.000000 47.000000 33.925000 0.946357 0.391667 15.373283 4.967455 43.065313 0.824561 0.429875 15.620499 140.194429 5.656854 45.000000 
19.000000 208.000000 106.968889 1.000000 41.000000 32.601000 0.722838 0.455556 11.233331 7.762426 -38.696121 0.683333 0.403294 11.180340 -153.434949 8.538150 -71.565051 
25.000000 210.000000 76.596511 3.000000 6.000000 9.180000 0.852803 0.500000 4.944132 2.581989 26.565051 0.750000 0.496624 5.000000 143.130102 2.846050 -108.434949 
11.000000 208.000000 56.846289 1.000000 13.000000 11.628000 0.867377 0.541667 6.160646 3.065859 63.320966 0.928571 0.748887 6.324555 108.434949 3.577709 26.565051 
57.000000 211.000000 56.826108 1.000000 32.000000 22.305000 0.925230 0.444444 10.786164 4.092335 -48.591497 0.864865 0.621013 11.401754 -127.874984 4.949747 135.000000 
7.000000 213.000000 49.633527 2.000000 19.000000 17.252000 0.945895 0.387755 9.307078 3.019895 46.573557 0.904762 0.574085 9.219544 130.601295 3.535534 45.000000 
12.000000 212.000000 26.613668 1.000000 7.000000 8.328000 0.910849 0.700000 5.125685 2.115574 -85.692176 1.000000 0.668670 5.099020 101.309932 2.000000 0.000000 
28.000000 214.000000 94.575594 1.000000 36.000000 25.679000 0.920934 0.450000 11.806621 4.601261 -57.450252 0.837209 0.544636 11.661904 -120.963757 5.463639 144.462322 
18.000000 217.000000 39.639567 1.000000 10.000000 15.821000 0.695564 0.500000 6.013386 4.320400 19.902786 0.625000 0.349474 6.403124 141.340192 4.000000 -90.000000 
56.000000 217.000000 88.019868 1.000000 25.000000 22.751000 0.974169 0.454545 12.754062 2.880098 -70.407442 0.806452 0.468596 12.083046 -114.443955 3.478505 161.565051 
11.000000 217.000000 55.460805 1.000000 29.000000 22.445000 0.961714 0.659091 11.997558 3.287992 -83.071241 0.878788 0.556651 11.401754 -105.255119 3.818377 -8.130102 
36.000000 218.000000 100.706890 1.000000 17.000000 14.142000 0.871341 0.607143 7.120118 3.493691 71.828776 0.944444 0.715139 7.615773 113.198591 4.000000 0.000000 
43.000000 219.000000 98.995253 1.000000 31.000000 20.212000 0.879082 0.688889 9.610656 4.581120 -84.213983 0.861111 0.714273 9.486833 108.434949 4.767571 -9.462322 
25.000000 220.000000 43.340753 1.000000 19.000000 22.007000 0.950294 0.475000 10.995313 3.423435 82.350001 0.633333 0.377517 10.049876 95.710593 4.000000 0.000000 
14.000000 222.000000 33.197637 2.000000 10.000000 13.034000 0.964820 0.333333 7.685312 2.020557 34.780522 0.833333 0.480274 7.810250 140.194429 2.683282 63.434949 
18.000000 223.000000 41.170071 1.000000 23.000000 28.557000 0.867501 0.365079 10.855444 5.399880 58.029088 0.589744 0.287646 10.295630 119.054604 6.324555 -161.565051 
30.000000 225.000000 74.090133 1.000000 43.000000 26.109000 0.897318 0.597222 11.837507 5.224885 5.670479 0.843137 0.631552 12.369317 165.963757 5.671712 -95.710593 
53.000000 222.000000 101.477701 1.000000 56.000000 30.153000 0.939932 0.571429 14.917949 5.092414 -74.869373 0.875000 0.634820 14.560220 -105.945396 5.494423 -15.945396 
44.000000 224.000000 28.283636 3.000000 7.000000 10.958000 0.953067 0.350000 6.878207 2.082432 36.608678 0.700000 0.442481 6.403124 141.340192 2.600000 -126.869898 
8.000000 226.000000 29.262077 1.000000 12.000000 16.656000 0.978121 0.444444 9.625832 2.002505 75.368068 0.800000 0.384739 9.486833 108.434949 2.549510 -168.690068 
60.000000 224.000000 74.730189 1.000000 6.000000 6.459000 0.778499 0.666667 3.829708 2.403701 45.000000 1.000000 0.818022 4.242641 135.000000 2.828427 45.000000 
19.000000 227.000000 22.835716 1.000000 6.000000 8.998000 0.960280 0.400000 6.023770 1.680865 64.805344 0.750000 0.511626 5.830952 120.963757 2.213594 18.434949 
11.000000 230.000000 55.500444 1.000000 22.000000 18.922000 0.963708 0.488889 10.927612 2.917218 20.899032 0.846154 0.567911 10.295630 150.945396 3.478505 71.565051 
18.000000 233.000000 39.843701 1.000000 38.000000 39.490000 0.987509 0.333333 21.622333 3.406870 75.324802 0.633333 0.262743 19.924859 107.525568 4.400111 12.094757 
55.000000 231.000000 34.443459 1.000000 29.000000 27.796000 0.975143 0.517857 14.301237 3.168818 81.753989 0.783784 0.380746 14.142136 98.130102 3.621430 -174.805571 
43.000000 232.000000 21.891945 1.000000 10.000000 12.248000 0.956947 0.714286 7.275121 2.111699 -86.015195 0.909091 0.530586 7.071068 98.130102 2.000000 0.000000 
31.000000 233.000000 49.935205 7.000000 21.000000 16.218000 0.879972 0.500000 7.991588 3.796204 -33.787069 0.913043 0.704104 7.810250 -140.194429 4.400000 126.869898 
37.000000 233.000000 27.410873 1.000000 8.000000 11.140000 0.950990 0.666667 6.491343 2.007270 80.425931 0.800000 0.492886 6.324555 108.434949 2.000000 0.000000 
8.000000 235.000000 29.821127 2.000000 5.000000 7.402000 0.882464 0.416667 4.587955 2.158086 64.329904 0.833333 0.565201 4.472136 116.565051 2.529822 -161.565051 
41.000000 235.000000 20.731154 1.000000 2.000000 2.812000 0.925820 0.500000 3.055050 1.154701 -45.000000 1.000000 0.709058 2.828427 -135.000000 1.414214 -45.000000 
47.000000 237.000000 25.666375 1.000000 11.000000 16.168000 0.983142 0.611111 9.599377 1.755164 -80.917022 0.846154 0.370729 9.219544 -102.528808 2.000000 0.000000 
10.000000 237.000000 41.851341 6.000000 4.000000 3.556000 0.000000 1.000000 2.309401 2.309401 0.000000 1.000000 1.000000 2.828427 135.000000 2.000000 -90.000000 
34.000000 237.000000 32.984974 7.000000 4.000000 4.590000 0.731925 0.666667 3.055050 2.081666 90.000000 1.000000 0.840876 3.162278 108.434949 2.000000 0.000000 
