190
33.000000 116.000000 11.018685 1.000000 10851.000000 591.556000 0.961295 0.706445 281.509203 77.562227 -0.218074 0.706445 0.385556 248.386795 165.068583 64.000000 -90.000000 
39.000000 5.000000 28.654391 8.000000 1.000000 0.000000 0.000000 1.000000 1.154701 1.154701 0.000000 1.000000 1.000000 1.414214 135.000000 1.000000 -90.000000 
56.000000 5.000000 28.750775 7.000000 1.000000 0.000000 0.000000 1.000000 1.154701 1.154701 0.000000 1.000000 1.000000 1.414214 135.000000 1.000000 -90.000000 
61.000000 6.000000 30.842291 6.000000 3.000000 3.920000 0.942809 1.000000 3.464102 1.154701 0.000000 1.000000 0.756007 3.162278 161.565051 1.000000 -90.000000 
8.000000 7.000000 73.393595 1.000000 32.000000 19.195000 0.852796 0.711111 9.197527 4.803348 -86.264220 0.941176 0.805983 9.219544 102.528808 5.000000 0.000000 
16.000000 8.000000 50.752538 2.000000 3.000000 3.920000 0.942809 1.000000 3.464102 1.154701 0.000000 1.000000 0.756007 3.162278 161.565051 1.000000 -90.000000 
55.000000 7.000000 28.703126 7.000000 1.000000 0.000000 0.000000 1.000000 1.154701 1.154701 0.000000 1.000000 1.000000 1.414214 135.000000 1.000000 -90.000000 
33.000000 10.000000 65.565559 1.000000 134.000000 83.181000 0.988224 0.478571 41.194245 6.303301 -89.366249 0.635071 0.225978 40.049969 92.862405 6.810146 177.878904 
14.000000 9.000000 65.933413 1.000000 11.000000 10.958000 0.809427 0.550000 5.359809 3.147388 -35.146011 0.916667 0.695328 5.830952 -149.036243 3.535534 -45.000000 
12.000000 11.000000 43.503027 1.000000 7.000000 6.368000 0.353094 0.777778 3.236694 3.028212 0.000000 1.000000 0.972712 3.605551 123.690068 3.000000 -90.000000 
52.000000 15.000000 39.164732 1.000000 26.000000 28.416000 0.985825 0.577778 14.830091 2.488111 80.701268 0.812500 0.328077 15.297059 101.309932 3.000000 0.000000 
7.000000 17.000000 44.896608 1.000000 14.000000 14.051000 0.942996 0.500000 7.920751 2.636054 72.294509 0.823529 0.595189 7.615773 113.198591 3.152963 14.036243 
14.000000 19.000000 41.301483 1.000000 11.000000 14.721000 0.978494 0.314286 9.233311 1.904602 57.659843 0.785714 0.433225 8.602325 125.537678 2.496151 33.690068 
36.000000 21.000000 30.626198 2.000000 4.000000 5.880000 0.968246 1.000000 4.618802 1.154701 90.000000 1.000000 0.617595 4.123106 104.036243 1.000000 0.000000 
8.000000 23.000000 56.741150 1.000000 18.000000 16.772000 0.941684 0.562500 8.835906 2.973273 74.118605 0.857143 0.570405 8.544004 110.556045 3.478505 18.434949 
14.000000 24.000000 42.519592 1.000000 11.000000 12.736000 0.960693 0.523810 7.741582 2.149158 -72.661086 0.846154 0.548319 7.615773 -113.198591 2.667892 165.963757 
22.000000 25.000000 31.355384 2.000000 2.000000 1.960000 0.866025 1.000000 2.309401 1.154701 90.000000 1.000000 0.965669 2.236068 116.565051 1.000000 0.000000 
46.000000 29.000000 47.371433 1.000000 40.000000 34.784000 0.984737 0.555556 17.694416 3.079658 79.459905 0.869565 0.349466 18.439089 102.528808 3.922323 11.309932 
16.000000 31.000000 53.684982 1.000000 63.000000 50.861000 0.989975 0.630000 28.454279 4.018949 -88.305779 0.741176 0.271470 25.079872 -94.573921 4.000000 0.000000 
30.000000 31.000000 33.697216 1.000000 7.000000 8.907000 0.719270 0.583333 4.356244 3.026416 -88.092963 0.700000 0.605948 4.472136 -116.565051 3.000000 0.000000 
54.000000 33.000000 37.574689 1.000000 9.000000 10.288000 0.942932 0.750000 6.161450 2.051676 -79.721977 0.900000 0.627085 6.324555 -108.434949 2.000000 0.000000 
16.000000 35.000000 37.806224 1.000000 7.000000 8.328000 0.930558 0.700000 5.262061 1.926673 -75.321123 1.000000 0.668670 5.385165 -111.801409 2.000000 0.000000 
10.000000 37.000000 42.207097 1.000000 6.000000 8.436000 0.790569 0.500000 4.216370 2.581989 -63.434949 0.857143 0.562503 4.472136 -116.565051 2.828427 -45.000000 
35.000000 39.000000 40.333753 1.000000 26.000000 25.381000 0.950998 0.433333 12.417613 3.839498 -76.384779 0.684211 0.401611 12.369317 -104.036243 4.314555 168.690068 
44.000000 37.000000 30.985962 1.000000 9.000000 10.958000 0.927459 0.500000 6.251332 2.337533 75.211081 0.900000 0.568904 6.324555 108.434949 2.846050 -161.565051 
57.000000 43.000000 87.126696 1.000000 51.000000 31.758000 0.950789 0.404762 15.219461 4.715562 30.282889 0.864407 0.526186 15.231546 156.801409 5.633458 -119.054604 
6.000000 39.000000 70.744411 1.000000 21.000000 13.381000 0.734965 0.875000 6.363809 4.315335 82.797502 1.000000 0.966658 6.708204 116.565051 4.000000 0.000000 
11.000000 39.000000 36.278419 1.000000 7.000000 7.683000 0.858872 0.583333 4.935402 2.527866 54.546746 0.875000 0.750732 5.000000 126.869898 2.828427 45.000000 
47.000000 47.000000 35.583886 1.000000 8.000000 13.307000 0.966904 0.266667 8.594108 2.192711 -39.996010 0.666667 0.371571 7.211103 -146.309932 2.800000 126.869898 
29.000000 45.000000 29.654566 1.000000 5.000000 6.368000 0.923687 0.625000 4.492622 1.721341 69.006394 0.833333 0.694794 4.472136 116.565051 2.000000 0.000000 
10.000000 47.000000 52.505751 1.000000 25.000000 20.874000 0.950303 0.625000 10.813288 3.366462 78.663355 0.862069 0.544707 10.440307 106.699244 3.945576 9.462322 
25.000000 46.000000 29.533845 12.000000 1.000000 0.000000 0.000000 1.000000 1.154701 1.154701 0.000000 1.000000 1.000000 1.414214 135.000000 1.000000 -90.000000 
52.000000 50.000000 98.023332 1.000000 20.000000 20.229000 0.858701 0.476190 8.778755 4.498903 -61.554202 0.714286 0.460151 8.062258 -119.744881 5.144958 149.036243 
11.000000 52.000000 62.651457 1.000000 32.000000 31.377000 0.985855 0.304762 16.802678 2.816104 69.386167 0.761905 0.337484 16.552945 115.016893 3.478505 18.434949 
35.000000 51.000000 70.139186 1.000000 61.000000 41.698000 0.984388 0.610000 22.228270 3.912488 83.739503 0.835616 0.381256 20.396078 101.309932 4.371700 -175.601295 
47.000000 50.000000 36.560267 4.000000 4.000000 5.880000 0.968246 1.000000 4.618802 1.154701 90.000000 1.000000 0.617595 4.123106 104.036243 1.000000 0.000000 
58.000000 52.000000 75.092298 2.000000 8.000000 8.626000 0.704561 0.666667 4.191542 2.974499 76.350214 0.888889 0.725980 4.472136 116.565051 3.000000 0.000000 
19.000000 52.000000 35.282275 4.000000 4.000000 4.408000 0.870424 0.666667 3.435909 1.691507 -58.282526 1.000000 0.881907 3.605551 -123.690068 2.000000 0.000000 
46.000000 53.000000 59.823261 1.000000 13.000000 12.273000 0.868494 0.541667 6.371551 3.158375 -72.663627 0.866667 0.687526 6.324555 -108.434949 3.638034 -14.036243 
51.000000 54.000000 178.069248 1.000000 23.000000 14.787000 0.642578 0.766667 6.314355 4.838188 -59.506854 1.000000 0.899177 7.071068 -135.000000 5.000000 0.000000 
16.000000 56.000000 45.901321 1.000000 15.000000 14.696000 0.954516 0.625000 8.349470 2.489469 -74.276095 0.937500 0.592419 8.544004 -110.556045 3.000000 0.000000 
42.000000 58.000000 65.932730 1.000000 28.000000 29.574000 0.986048 0.373333 16.495044 2.745791 77.378736 0.700000 0.328744 15.297059 101.309932 3.522799 12.994617 
56.000000 55.000000 109.378084 1.000000 16.000000 17.988000 0.719039 0.444444 6.798441 4.724708 -46.199211 0.695652 0.450347 7.810250 -140.194429 5.366563 -63.434949 
21.000000 60.000000 77.991586 1.000000 88.000000 67.228000 0.991431 0.250000 38.243432 4.995777 75.448112 0.571429 0.223317 32.984845 104.036243 6.565245 -167.905243 
50.000000 58.000000 85.974788 7.000000 8.000000 9.089000 0.911321 0.500000 5.503066 2.265598 48.138649 1.000000 0.672055 5.656854 135.000000 2.828427 -135.000000 
55.000000 71.000000 171.812348 1.000000 120.000000 64.334000 0.983587 0.307692 32.113652 5.794348 -21.541109 0.750000 0.331206 31.320920 -163.300756 7.391714 -70.820992 
37.000000 62.000000 34.741485 1.000000 10.000000 17.434000 0.981518 0.208333 10.495363 2.008490 -56.775117 0.666667 0.296828 9.433981 -122.005383 2.728764 150.255119 
23.000000 64.000000 36.651051 1.000000 6.000000 8.328000 0.951618 0.600000 5.664082 1.740486 75.344996 0.857143 0.573146 5.385165 111.801409 2.000000 0.000000 
45.000000 66.000000 54.595343 1.000000 19.000000 15.829000 0.936859 0.593750 8.708079 3.045275 72.297691 0.904762 0.663440 8.544004 110.556045 3.478505 18.434949 
28.000000 68.000000 47.068385 1.000000 20.000000 21.064000 0.978495 0.454545 11.779751 2.429840 71.206238 0.800000 0.428952 11.704700 109.983107 3.156821 21.801409 
40.000000 67.000000 37.418016 2.000000 4.000000 6.550000 0.946293 0.500000 4.820546 1.558527 72.391204 0.800000 0.535155 4.472136 116.565051 1.897367 -161.565051 
8.000000 71.000000 45.628836 2.000000 14.000000 17.508000 0.972866 0.388889 9.548495 2.209223 70.263770 0.875000 0.412586 9.848858 113.962489 2.846050 -161.565051 
17.000000 73.000000 46.458421 1.000000 10.000000 11.140000 0.896350 0.555556 5.993772 2.657324 1.907037 0.909091 0.616108 6.082763 170.537678 3.000000 -90.000000 
20.000000 75.000000 66.643187 1.000000 15.000000 11.421000 0.822577 0.750000 5.953002 3.385195 58.206537 1.000000 0.888840 6.403124 128.659808 4.000000 0.000000 
14.000000 76.000000 63.121390 1.000000 22.000000 16.681000 0.862995 0.550000 7.839593 3.960655 -87.929183 0.880000 0.703577 8.246211 -104.036243 4.850713 165.963757 
36.000000 76.000000 51.778547 1.000000 1.000000 0.000000 0.000000 1.000000 1.154701 1.154701 0.000000 1.000000 1.000000 1.414214 135.000000 1.000000 -90.000000 
8.000000 79.000000 50.538123 1.000000 24.000000 19.840000 0.959283 0.600000 10.796403 3.049392 -74.229299 0.857143 0.571033 10.770330 -111.801409 3.638034 165.963757 
6.000000 84.000000 30.756664 12.000000 1.000000 0.000000 0.000000 1.000000 1.154701 1.154701 0.000000 1.000000 1.000000 1.414214 135.000000 1.000000 -90.000000 
14.000000 88.000000 38.651557 1.000000 10.000000 13.588000 0.969662 0.357143 8.026040 1.961975 65.464817 0.769231 0.448993 8.062258 119.744881 2.529822 18.434949 
21.000000 91.000000 31.557312 9.000000 8.000000 11.719000 0.962945 0.320000 7.187429 1.938437 -50.567000 0.800000 0.455227 7.071068 -135.000000 2.496151 -33.690068 
35.000000 91.000000 57.107494 1.000000 28.000000 19.931000 0.912497 0.700000 9.814414 4.014904 80.000973 0.903226 0.660960 10.198039 101.309932 4.000000 0.000000 
29.000000 92.000000 55.587270 1.000000 7.000000 8.328000 0.910849 0.700000 5.125685 2.115574 85.692176 1.000000 0.668670 5.099020 101.309932 2.000000 0.000000 
9.000000 95.000000 56.292736 1.000000 35.000000 27.341000 0.929626 0.416667 13.052982 4.810086 -73.807672 0.729167 0.473341 13.000000 -112.619865 5.700877 164.744881 
26.000000 95.000000 59.703456 1.000000 17.000000 19.749000 0.977233 0.425000 11.248175 2.386502 76.600066 0.772727 0.407704 10.440307 106.699244 2.910428 14.036243 
21.000000 96.000000 51.382256 2.000000 3.000000 3.920000 0.942809 1.000000 3.464102 1.154701 90.000000 1.000000 0.756007 3.162278 108.434949 1.000000 0.000000 
46.000000 99.000000 44.074239 1.000000 46.000000 45.006000 0.993018 0.298701 25.051744 2.955120 -72.928376 0.696970 0.249355 23.086793 -107.650124 4.022870 163.300756 
20.000000 99.000000 30.953613 2.000000 6.000000 12.174000 0.974544 0.250000 8.202724 1.839016 56.677782 0.666667 0.321435 7.211103 123.690068 2.400980 30.963757 
39.000000 104.000000 33.319016 1.000000 6.000000 8.328000 0.953154 0.600000 5.526219 1.671596 -72.391204 0.857143 0.573146 5.385165 -111.801409 2.000000 0.000000 
46.000000 104.000000 34.394971 1.000000 5.000000 8.510000 0.962333 0.500000 5.887652 1.600692 -78.250717 0.833333 0.462817 5.385165 -111.801409 1.940285 -14.036243 
27.000000 105.000000 47.765689 1.000000 24.000000 21.246000 0.961324 0.545455 11.416457 3.144318 79.796211 0.857143 0.507088 11.180340 100.304846 3.616778 -170.537678 
10.000000 106.000000 51.138676 1.000000 23.000000 19.749000 0.950621 0.575000 10.396931 3.226715 -74.390339 0.821429 0.551599 10.440307 -106.699244 3.794733 -18.434949 
17.000000 105.000000 40.691348 1.000000 5.000000 4.962000 0.765092 0.833333 3.306559 2.129163 71.565051 1.000000 0.956808 3.605551 123.690068 2.000000 0.000000 
56.000000 107.000000 34.597484 1.000000 8.000000 10.776000 0.967878 0.444444 7.170532 1.802816 69.183230 0.800000 0.519005 6.708204 116.565051 2.213594 18.434949 
15.000000 108.000000 34.130650 3.000000 3.000000 3.093000 0.730297 0.750000 2.581989 1.763834 -45.000000 1.000000 0.969873 2.828427 -135.000000 2.000000 -90.000000 
20.000000 110.000000 49.243203 1.000000 7.000000 8.998000 0.928683 0.466667 5.674257 2.104437 -69.407037 0.777778 0.596897 5.385165 -111.801409 2.529822 -18.434949 
7.000000 112.000000 50.159096 1.000000 10.000000 11.512000 0.938635 0.555556 6.654252 2.295125 73.611208 0.909091 0.585223 6.708204 116.565051 2.846050 18.434949 
18.000000 113.000000 45.966994 1.000000 17.000000 17.326000 0.951418 0.425000 9.413058 2.898295 65.540876 0.739130 0.509947 8.944272 116.565051 3.577709 26.565051 
35.000000 114.000000 70.023838 1.000000 109.000000 63.845000 0.991058 0.502304 34.104942 4.550575 -82.311765 0.819549 0.305253 31.575307 -100.954063 5.374012 -8.130102 
10.000000 113.000000 34.590116 1.000000 3.000000 5.624000 0.769800 0.500000 3.464102 2.211083 0.000000 0.750000 0.490646 3.162278 161.565051 2.000000 -90.000000 
54.000000 114.000000 30.127788 2.000000 2.000000 1.960000 0.866025 1.000000 2.309401 1.154701 90.000000 1.000000 0.965669 2.236068 116.565051 1.000000 0.000000 
12.000000 116.000000 36.452153 1.000000 9.000000 11.421000 0.947702 0.750000 6.950779 2.218386 84.754261 0.818182 0.533304 6.324555 108.434949 2.000000 0.000000 
53.000000 124.000000 84.930667 1.000000 72.000000 47.720000 0.978884 0.264706 23.248557 4.752352 44.900297 0.774194 0.349754 21.931712 133.152390 6.182518 -130.601295 
24.000000 119.000000 41.043359 1.000000 26.000000 35.272000 0.994154 0.288889 19.406673 2.095444 -77.577061 0.684211 0.221418 18.681542 -105.524111 2.745626 -11.309932 
9.000000 122.000000 53.746732 1.000000 25.000000 23.504000 0.966410 0.454545 11.836421 3.042007 -71.500034 0.806452 0.442486 12.083046 -114.443955 3.794733 -18.434949 
22.000000 129.000000 60.370433 3.000000 31.000000 29.574000 0.981899 0.413333 15.766529 2.986262 14.434518 0.775000 0.363967 15.811388 161.565051 3.638034 -104.036243 
30.000000 126.000000 34.127233 2.000000 3.000000 3.920000 0.942809 1.000000 3.464102 1.154701 90.000000 1.000000 0.756007 3.162278 108.434949 1.000000 0.000000 
38.000000 126.000000 44.608593 1.000000 27.000000 27.498000 0.977745 0.482143 14.548016 3.052121 81.106827 0.771429 0.361416 14.317821 102.094757 3.577709 -169.695154 
57.000000 128.000000 43.070493 2.000000 7.000000 9.180000 0.891997 0.466667 5.314367 2.402314 17.768839 0.777778 0.579394 5.385165 158.198591 2.667892 -104.036243 
11.000000 130.000000 52.709022 1.000000 46.000000 28.325000 0.954249 0.821429 14.490908 4.332987 87.918207 0.978723 0.583806 14.142136 -98.130102 4.000000 0.000000 
29.000000 130.000000 49.296233 5.000000 14.000000 10.751000 0.798804 0.933333 5.570349 3.351077 -7.161360 1.000000 0.911531 5.830952 -149.036243 3.000000 -90.000000 
59.000000 130.000000 37.307644 1.000000 5.000000 4.962000 0.765092 0.833333 3.306559 2.129163 71.565051 1.000000 0.956808 3.605551 123.690068 2.000000 0.000000 
54.000000 134.000000 67.245530 2.000000 27.000000 32.403000 0.825262 0.375000 10.487397 5.922751 26.813515 0.574468 0.268551 9.848858 156.037511 7.273239 -108.434949 
25.000000 135.000000 47.423652 2.000000 12.000000 18.468000 0.928844 0.244898 9.053824 3.354175 46.125517 0.631579 0.322922 8.602325 125.537678 4.160251 -123.690068 
31.000000 137.000000 75.786320 7.000000 21.000000 19.956000 0.958301 0.466667 10.491353 2.998032 -20.914118 0.807692 0.494647 9.848858 -156.037511 3.528211 -68.198591 
42.000000 134.000000 72.373632 1.000000 33.000000 22.214000 0.930455 0.458333 11.192781 4.101096 38.876187 0.868421 0.645025 10.816654 146.309932 4.949747 45.000000 
9.000000 136.000000 72.297679 1.000000 29.000000 24.314000 0.967630 0.604167 12.750873 3.217979 78.431732 0.852941 0.483444 12.649111 108.434949 3.880570 -165.963757 
47.000000 138.000000 101.213482 4.000000 38.000000 47.818000 0.861856 0.487179 13.162531 6.675423 -5.288766 0.622951 0.183883 13.152946 171.253838 6.000000 -90.000000 
22.000000 142.000000 116.923606 1.000000 38.000000 24.612000 0.932917 0.575758 12.241365 4.408018 11.597697 0.844444 0.619948 11.704700 160.016893 4.880935 77.471192 
37.000000 138.000000 55.223416 1.000000 10.000000 10.958000 0.928763 0.555556 6.305808 2.337403 74.563958 0.833333 0.632116 6.324555 108.434949 2.846050 18.434949 
28.000000 139.000000 30.625256 3.000000 1.000000 0.000000 0.000000 1.000000 1.154701 1.154701 0.000000 1.000000 1.000000 1.414214 135.000000 1.000000 -90.000000 
53.000000 141.000000 98.423443 1.000000 23.000000 25.191000 0.400674 0.638889 6.967185 6.383480 13.879270 0.741935 0.360052 7.810250 140.194429 6.000000 -90.000000 
13.000000 140.000000 43.945065 1.000000 5.000000 6.368000 0.923687 0.625000 4.492622 1.721341 69.006394 0.833333 0.694794 4.472136 116.565051 2.000000 0.000000 
41.000000 144.000000 66.148725 1.000000 25.000000 29.227000 0.965038 0.416667 13.623575 3.570894 -11.048828 0.625000 0.299849 12.165525 -170.537678 4.274374 99.462322 
61.000000 141.000000 74.413420 2.000000 3.000000 5.624000 0.769800 0.500000 3.464102 2.211083 0.000000 0.750000 0.490646 3.162278 161.565051 2.000000 -90.000000 
8.000000 141.000000 54.015961 1.000000 10.000000 14.878000 0.974267 0.625000 9.106774 2.052641 83.659808 0.769231 0.387008 8.246211 104.036243 2.000000 0.000000 
57.000000 142.000000 165.133664 1.000000 15.000000 12.273000 0.865051 0.625000 6.490475 3.256167 65.945572 0.937500 0.793299 6.708204 116.565051 3.794733 -161.565051 
12.000000 146.000000 89.655084 6.000000 21.000000 16.590000 0.919171 0.525000 8.670480 3.414935 -21.412042 0.954545 0.677805 8.544004 -159.443955 4.024922 -63.434949 
33.000000 143.000000 73.048670 5.000000 13.000000 11.810000 0.668038 0.650000 5.202385 3.871237 -6.800271 0.866667 0.730766 5.385165 158.198591 4.000000 -90.000000 
55.000000 146.000000 162.722294 1.000000 26.000000 25.952000 0.959883 0.337662 13.043829 3.657495 60.843138 0.722222 0.386001 12.529964 118.610460 4.273658 29.054604 
37.000000 148.000000 62.755729 6.000000 17.000000 20.345000 0.962678 0.265625 10.831077 2.931416 -42.809598 0.739130 0.387274 10.000000 -143.130102 4.184915 -54.462322 
24.000000 147.000000 53.913634 1.000000 8.000000 10.032000 0.814166 0.533333 4.847220 2.814449 80.637106 0.800000 0.579284 5.385165 111.801409 3.000000 0.000000 
33.000000 151.000000 52.395234 2.000000 24.000000 25.075000 0.963299 0.436364 12.517281 3.360043 -13.794128 0.666667 0.378802 11.704700 -160.016893 4.427189 108.434949 
11.000000 149.000000 39.595089 1.000000 4.000000 7.220000 0.966087 0.333333 5.361879 1.384531 -58.282526 0.800000 0.468184 5.000000 -126.869898 1.788854 -26.565051 
47.000000 147.000000 126.125481 1.000000 30.000000 27.085000 0.843960 0.476190 10.365723 5.560237 26.213675 0.714286 0.412622 10.816654 146.309932 6.260990 -116.565051 
61.000000 149.000000 36.895477 10.000000 2.000000 2.812000 0.925820 0.500000 3.055050 1.154701 -45.000000 1.000000 0.709058 2.828427 -135.000000 1.414214 -45.000000 
24.000000 156.000000 91.537391 1.000000 56.000000 47.033000 0.971287 0.235294 22.517095 5.357063 -34.535785 0.565657 0.279531 20.248457 -147.094757 6.913992 -50.194429 
29.000000 153.000000 63.516997 1.000000 37.000000 35.240000 0.977255 0.240260 17.999123 3.817023 -39.351401 0.637931 0.315621 15.652476 -153.434949 4.823819 127.874984 
49.000000 151.000000 187.267285 1.000000 20.000000 17.624000 0.904637 0.500000 8.780798 3.742226 66.331085 0.833333 0.582842 8.944272 116.565051 4.510671 -168.690068 
18.000000 157.000000 112.854652 1.000000 57.000000 41.153000 0.984267 0.257919 22.588100 3.991061 -36.085432 0.740260 0.365076 20.248457 -147.094757 5.121570 -52.431408 
54.000000 152.000000 99.109456 10.000000 11.000000 9.461000 0.786338 0.733333 4.989887 3.082732 87.536445 0.916667 0.870328 5.385165 111.801409 3.000000 0.000000 
7.000000 153.000000 47.147508 1.000000 12.000000 13.290000 0.957038 0.571429 7.828866 2.270089 -71.927950 0.923077 0.558511 7.615773 -113.198591 2.846050 161.565051 
58.000000 154.000000 115.515276 1.000000 21.000000 15.912000 0.827483 0.600000 7.249990 4.070802 90.000000 0.875000 0.726901 7.280110 105.945396 5.000000 0.000000 
14.000000 166.000000 105.396146 1.000000 87.000000 74.052000 0.984370 0.188312 32.401487 5.706308 -49.788745 0.540373 0.183471 29.068884 -139.184916 7.317414 140.710593 
40.000000 155.000000 91.802881 1.000000 33.000000 21.916000 0.797828 0.523810 10.605261 6.393758 61.179682 0.702128 0.660458 10.295630 119.054604 6.656402 -146.309932 
55.000000 156.000000 42.942063 2.000000 5.000000 4.962000 0.765092 0.833333 3.306559 2.129163 -71.565051 1.000000 0.956808 3.605551 -123.690068 2.000000 0.000000 
48.000000 156.000000 133.932902 1.000000 20.000000 14.994000 0.820069 0.555556 7.152222 4.092969 -45.299793 0.909091 0.764146 7.211103 -146.309932 4.949747 135.000000 
52.000000 159.000000 104.607857 1.000000 23.000000 16.673000 0.774900 0.657143 7.126733 4.504689 78.930470 0.920000 0.736152 7.615773 113.198591 5.000000 0.000000 
38.000000 161.000000 120.061720 1.000000 38.000000 26.622000 0.910629 0.431818 12.295489 5.080797 -62.233396 0.808511 0.539042 12.083046 -114.443955 6.260990 -26.565051 
46.000000 161.000000 44.217636 1.000000 10.000000 15.937000 0.891732 0.333333 7.527386 3.406630 63.312870 0.588235 0.345237 6.708204 116.565051 3.577709 26.565051 
46.000000 166.000000 77.596414 1.000000 17.000000 13.869000 0.910143 0.607143 7.530689 3.119926 -67.500000 0.894737 0.738278 7.615773 -113.198591 3.577709 -26.565051 
26.000000 167.000000 74.687046 1.000000 24.000000 23.901000 0.595677 0.571429 7.270848 5.840120 17.951307 0.727273 0.412406 7.810250 129.805571 6.000000 -90.000000 
35.000000 166.000000 78.886617 1.000000 35.000000 33.246000 0.955209 0.324074 16.025380 4.742425 -64.742901 0.593220 0.332178 13.892444 -120.256437 6.841053 164.744881 
5.000000 170.000000 88.885772 1.000000 13.000000 11.231000 0.734583 0.650000 5.305311 3.599752 27.065088 1.000000 0.790830 5.830952 149.036243 4.000000 -90.000000 
35.000000 170.000000 83.419087 1.000000 26.000000 28.929000 0.985090 0.371429 15.187373 2.612843 -75.751344 0.722222 0.317665 14.560220 -105.945396 3.152963 -14.036243 
13.000000 173.000000 149.525026 1.000000 62.000000 34.272000 0.948801 0.484375 16.966309 5.359249 -72.644187 0.826667 0.556599 16.492423 -104.036243 6.034306 163.300756 
32.000000 175.000000 110.778751 1.000000 70.000000 51.217000 0.954998 0.388889 21.467243 6.367429 -82.052554 0.546875 0.297695 20.396078 101.309932 7.731578 -7.594643 
15.000000 177.000000 36.694125 2.000000 7.000000 10.470000 0.960165 0.583333 6.469004 1.807658 88.544581 0.875000 0.474777 6.082763 99.462322 2.000000 0.000000 
42.000000 177.000000 51.174510 1.000000 1.000000 0.000000 0.000000 1.000000 1.154701 1.154701 0.000000 1.000000 1.000000 1.414214 135.000000 1.000000 -90.000000 
7.000000 181.000000 92.044611 1.000000 15.000000 12.918000 0.892751 0.714286 6.753125 3.042618 -77.870794 1.000000 0.730856 7.280110 -105.945396 3.000000 0.000000 
18.000000 179.000000 65.009703 1.000000 14.000000 14.233000 0.899658 0.466667 7.126193 3.111263 37.871482 0.823529 0.582785 7.810250 140.194429 4.024922 63.434949 
23.000000 182.000000 98.987116 1.000000 45.000000 40.640000 0.944710 0.535714 16.553516 5.428036 -3.188699 0.652174 0.295012 14.317821 -167.905243 6.000000 -90.000000 
36.000000 181.000000 92.471683 1.000000 43.000000 25.075000 0.935397 0.716667 12.669252 4.479854 -77.816589 0.955556 0.678686 12.649111 -108.434949 5.000000 0.000000 
30.000000 182.000000 42.888771 1.000000 5.000000 6.550000 0.889464 0.625000 4.253087 1.943686 84.847577 1.000000 0.668944 4.123106 104.036243 2.000000 0.000000 
12.000000 183.000000 112.577973 1.000000 28.000000 18.269000 0.706699 0.583333 7.398401 5.234474 -84.185647 0.848485 0.767557 8.062258 97.125016 6.000000 0.000000 
19.000000 184.000000 136.700743 1.000000 15.000000 14.142000 0.845602 0.625000 6.626709 3.537427 -68.601299 0.833333 0.631005 6.708204 -116.565051 4.000000 0.000000 
7.000000 185.000000 72.111695 2.000000 15.000000 13.381000 0.918946 0.714286 7.406911 2.921169 83.344490 0.937500 0.690470 7.280110 105.945396 3.000000 0.000000 
36.000000 190.000000 81.769994 1.000000 8.000000 8.998000 0.612372 0.500000 4.618802 3.651484 0.000000 0.666667 0.682168 4.472136 153.434949 4.000000 -90.000000 
43.000000 189.000000 55.442362 2.000000 5.000000 7.013000 0.931488 0.625000 4.881890 1.775899 79.099295 0.833333 0.609333 4.472136 116.565051 2.000000 0.000000 
46.000000 189.000000 33.252811 6.000000 4.000000 5.053000 0.866025 0.666667 3.651484 1.825742 -18.434949 1.000000 0.748540 3.605551 -146.309932 2.000000 -90.000000 
7.000000 191.000000 79.420509 1.000000 23.000000 15.829000 0.837457 0.638889 7.709708 4.213381 -48.500634 0.920000 0.803112 7.810250 -140.194429 4.949747 -45.000000 
16.000000 190.000000 113.486633 1.000000 59.000000 36.091000 0.950477 0.561905 16.482648 5.122702 88.303664 0.776316 0.481690 15.297059 -101.309932 6.289113 -175.601295 
29.000000 191.000000 85.840309 1.000000 45.000000 33.999000 0.895879 0.535714 13.166490 5.849858 82.040263 0.725806 0.409944 12.369317 -104.036243 7.000000 0.000000 
39.000000 191.000000 86.029405 1.000000 16.000000 13.588000 0.754369 0.666667 5.943139 3.901380 63.328054 0.888889 0.718388 6.708204 116.565051 4.000000 0.000000 
43.000000 191.000000 43.975216 8.000000 8.000000 8.882000 0.920807 0.800000 5.445698 2.123921 81.322988 0.888889 0.695395 5.385165 111.801409 2.000000 0.000000 
47.000000 196.000000 49.596505 1.000000 9.000000 10.958000 0.909838 0.450000 6.164400 2.558004 57.638861 0.818182 0.568904 6.403124 128.659808 3.130495 26.565051 
12.000000 195.000000 94.357430 1.000000 21.000000 15.341000 0.878174 0.750000 7.710350 3.688178 -84.940852 0.954545 0.772509 7.615773 -113.198591 4.000000 0.000000 
5.000000 196.000000 43.949243 1.000000 7.000000 6.922000 0.856222 0.875000 4.312826 2.228038 -81.650378 1.000000 0.868564 4.472136 -116.565051 2.000000 0.000000 
22.000000 195.000000 38.795606 1.000000 1.000000 0.000000 0.000000 1.000000 1.154701 1.154701 0.000000 1.000000 1.000000 1.414214 135.000000 1.000000 -90.000000 
34.000000 197.000000 71.358778 1.000000 27.000000 38.423000 0.982583 0.317647 21.080967 3.917388 86.296806 0.465517 0.196393 17.117243 96.709837 4.927885 -3.576334 
18.000000 197.000000 78.456129 1.000000 22.000000 15.548000 0.562075 0.611111 6.129008 5.069218 0.000000 0.916667 0.791467 6.708204 153.434949 5.813777 -63.434949 
11.000000 199.000000 73.761055 1.000000 3.000000 3.093000 0.730297 0.750000 2.581989 1.763834 -45.000000 1.000000 0.969873 2.828427 -135.000000 2.000000 -90.000000 
24.000000 199.000000 71.274112 1.000000 27.000000 27.151000 0.920911 0.540000 11.880103 4.630553 81.194506 0.710526 0.369744 10.440307 106.699244 5.000000 0.000000 
37.000000 200.000000 137.558081 1.000000 36.000000 28.631000 0.976387 0.514286 15.555667 3.360481 77.284543 0.782609 0.448133 14.317821 102.094757 3.904748 12.528808 
46.000000 200.000000 55.220234 1.000000 10.000000 13.497000 0.940347 0.333333 7.967376 2.710642 -43.038644 0.666667 0.453917 7.211103 -146.309932 3.400000 126.869898 
53.000000 202.000000 105.181113 1.000000 30.000000 29.690000 0.968151 0.535714 15.622994 3.911501 88.084078 0.625000 0.349742 14.317821 -102.094757 4.000000 0.000000 
27.000000 203.000000 110.211354 1.000000 19.000000 16.772000 0.883029 0.452381 8.112959 3.807563 61.186262 0.826087 0.602094 7.810250 129.805571 4.600000 36.869898 
43.000000 205.000000 142.704202 1.000000 27.000000 25.166000 0.963994 0.490909 13.003882 3.458038 75.027309 0.750000 0.423416 11.704700 109.983107 3.983456 -164.054604 
35.000000 205.000000 98.833234 1.000000 21.000000 13.472000 0.699854 0.840000 6.218253 4.441609 -45.000000 1.000000 0.956097 7.071068 -135.000000 4.949747 -45.000000 
29.000000 206.000000 107.070325 1.000000 2.000000 1.960000 0.866025 1.000000 2.309401 1.154701 90.000000 1.000000 0.965669 2.236068 116.565051 1.000000 0.000000 
53.000000 207.000000 36.076494 1.000000 5.000000 8.328000 0.969048 0.500000 6.024504 1.487286 72.856562 0.714286 0.477622 5.385165 111.801409 1.897367 18.434949 
16.000000 209.000000 133.647537 1.000000 86.000000 46.718000 0.971331 0.434343 22.965108 5.459479 74.764664 0.788991 0.434721 22.360680 100.304846 6.314818 -164.744881 
47.000000 209.000000 63.257654 1.000000 8.000000 12.455000 0.408185 0.500000 4.517579 4.124094 -8.551364 0.615385 0.413276 5.000000 143.130102 4.000000 -90.000000 
22.000000 212.000000 96.832383 1.000000 78.000000 66.442000 0.996264 0.243750 35.841571 3.095215 75.258367 0.780000 0.202437 33.526109 107.354025 3.817399 -165.256437 
42.000000 209.000000 145.013947 1.000000 24.000000 16.565000 0.855164 0.685714 7.999901 4.146809 -75.903746 0.888889 0.776601 8.062258 -119.744881 4.608177 165.963757 
55.000000 210.000000 86.319977 1.000000 28.000000 28.838000 0.975621 0.358974 14.569139 3.197369 72.578666 0.717949 0.344050 13.601471 107.102729 4.110961 18.434949 
48.000000 213.000000 158.990250 1.000000 21.000000 14.324000 0.764730 0.700000 6.639490 4.278161 -49.452778 0.954545 0.865092 7.211103 -123.690068 4.949747 -45.000000 
29.000000 219.000000 150.241265 1.000000 103.000000 79.534000 0.996155 0.185586 43.923893 3.848016 70.314788 0.639752 0.189362 39.217343 109.358994 5.059644 18.434949 
55.000000 215.000000 162.176284 3.000000 24.000000 17.508000 0.893504 0.600000 8.636925 3.878455 -75.061264 0.888889 0.707291 8.544004 -110.556045 4.365641 165.963757 
60.000000 216.000000 84.927234 2.000000 7.000000 6.831000 0.688972 0.777778 3.763583 2.727798 59.527302 1.000000 0.884488 4.242641 135.000000 3.000000 -90.000000 
53.000000 220.000000 116.676056 1.000000 30.000000 22.288000 0.945603 0.500000 11.538817 3.753834 64.311197 0.882353 0.582978 11.661904 120.963757 4.472136 26.565051 
60.000000 220.000000 79.980529 1.000000 12.000000 10.288000 0.764601 0.800000 5.374838 3.464102 0.000000 0.923077 0.836114 5.385165 158.198591 3.000000 -90.000000 
56.000000 223.000000 99.795339 1.000000 17.000000 15.366000 0.942868 0.531250 8.530124 2.841947 69.582336 0.944444 0.623676 8.544004 110.556045 3.478505 -161.565051 
45.000000 225.000000 86.477530 1.000000 35.000000 24.174000 0.873218 0.555556 10.198373 4.969976 30.788907 0.875000 0.589463 10.816654 146.309932 6.101702 -123.690068 
6.000000 225.000000 31.641067 12.000000 3.000000 3.920000 0.942809 1.000000 3.464102 1.154701 90.000000 1.000000 0.756007 3.162278 108.434949 1.000000 0.000000 
53.000000 230.000000 37.334040 1.000000 17.000000 24.629000 0.783461 0.404762 7.929123 4.927484 52.057994 0.586207 0.277006 8.602325 125.537678 5.589566 -170.537678 
34.000000 231.000000 45.680166 1.000000 31.000000 39.060000 0.994255 0.203947 22.107047 2.366360 71.173688 0.688889 0.218733 20.248457 110.224859 3.394193 20.556045 
17.000000 233.000000 57.428241 1.000000 13.000000 14.812000 0.845321 0.541667 7.170864 3.831099 83.447366 0.650000 0.506816 6.708204 116.565051 4.000000 0.000000 
40.000000 233.000000 86.114632 3.000000 25.000000 22.396000 0.945112 0.390625 10.563399 3.451559 37.649940 0.806452 0.481715 11.313708 135.000000 4.160251 56.309932 
9.000000 234.000000 55.414325 1.000000 26.000000 22.660000 0.973924 0.472727 12.657749 2.871735 71.523111 0.838710 0.490784 12.083046 114.443955 3.478505 18.434949 
13.000000 235.000000 57.077888 1.000000 12.000000 12.455000 0.865256 0.500000 6.271830 3.144260 70.332482 0.857143 0.619914 6.708204 116.565051 3.530090 -168.690068 
