207
33.000000 115.000000 9.361725 1.000000 9991.000000 591.556000 0.960743 0.650456 283.904129 78.766299 -0.427631 0.650456 0.354998 248.386795 165.068583 64.000000 -90.000000 
10.000000 5.000000 35.632073 6.000000 6.000000 6.186000 0.833333 0.666667 4.000000 2.211083 36.869898 1.000000 0.866607 4.242641 135.000000 2.683282 63.434949 
45.000000 7.000000 41.174802 7.000000 15.000000 13.960000 0.945423 0.535714 8.015826 2.611914 -26.323841 0.937500 0.644508 8.062258 -150.255119 3.130495 -63.434949 
59.000000 8.000000 46.031027 1.000000 21.000000 19.468000 0.954811 0.525000 10.197691 3.030879 -16.042203 0.875000 0.516231 10.770330 -158.198591 3.616778 -80.537678 
19.000000 7.000000 43.893226 1.000000 38.000000 40.805000 0.979010 0.372549 19.577192 3.990114 -79.658059 0.584615 0.247254 17.464249 -103.240520 4.706787 -11.309932 
9.000000 20.000000 58.799886 1.000000 85.000000 57.684000 0.992518 0.607143 31.842864 3.888054 2.534237 0.745614 0.288706 28.071338 175.914383 4.940530 86.987212 
23.000000 11.000000 44.403842 1.000000 5.000000 6.550000 0.889464 0.625000 4.253087 1.943686 -84.847577 1.000000 0.668944 4.123106 104.036243 2.000000 0.000000 
38.000000 12.000000 36.610294 1.000000 7.000000 7.683000 0.597259 0.777778 3.733974 2.994829 33.400705 0.875000 0.750732 4.242641 135.000000 3.000000 -90.000000 
17.000000 15.000000 31.466688 1.000000 8.000000 10.288000 0.956611 0.666667 6.470141 1.885191 78.474350 0.888889 0.557409 6.324555 108.434949 2.000000 0.000000 
50.000000 14.000000 37.634648 1.000000 15.000000 24.282000 0.982063 0.208333 12.516794 2.360058 -40.614618 0.681818 0.250641 12.041595 -138.366461 3.535534 -45.000000 
19.000000 20.000000 46.934072 1.000000 23.000000 20.758000 0.954031 0.766667 10.602064 3.177507 86.023582 0.884615 0.506007 10.198039 101.309932 3.000000 0.000000 
43.000000 22.000000 31.459334 1.000000 18.000000 16.681000 0.895231 0.450000 7.803594 3.477293 66.105646 0.818182 0.575654 8.944272 116.565051 4.024922 26.565051 
28.000000 26.000000 32.280833 2.000000 4.000000 4.408000 0.870424 0.666667 3.435909 1.691507 58.282526 1.000000 0.881907 3.605551 123.690068 2.000000 0.000000 
21.000000 27.000000 52.597138 1.000000 35.000000 30.591000 0.980900 0.583333 16.692375 3.246891 85.246812 0.777778 0.386526 15.297059 101.309932 3.681432 -175.601295 
44.000000 30.000000 32.727726 1.000000 55.000000 54.599000 0.995946 0.509259 33.752312 3.036013 87.077322 0.670732 0.207305 27.166155 96.340192 3.360167 2.602562 
27.000000 32.000000 38.146297 1.000000 19.000000 20.601000 0.948917 0.633333 10.482713 3.307576 86.733542 0.760000 0.423552 10.049876 95.710593 3.000000 0.000000 
16.000000 34.000000 54.701153 1.000000 38.000000 26.456000 0.967344 0.730769 14.234241 3.607913 88.968452 0.883721 0.545106 13.341664 102.994617 4.000000 0.000000 
59.000000 34.000000 28.112150 12.000000 2.000000 1.960000 0.866025 1.000000 2.309401 1.154701 90.000000 1.000000 0.965669 2.236068 116.565051 1.000000 0.000000 
8.000000 46.000000 82.487934 5.000000 95.000000 51.920000 0.982721 0.633333 26.970425 4.992084 6.034462 0.826087 0.393764 25.179357 173.157227 5.628517 85.914383 
23.000000 35.000000 39.297866 1.000000 7.000000 10.404000 0.864743 0.437500 5.359778 2.691760 35.231673 0.700000 0.479415 5.000000 126.869898 3.050851 56.309932 
36.000000 37.000000 39.104379 1.000000 37.000000 39.424000 0.984623 0.486842 20.688656 3.614216 85.105945 0.660714 0.256622 19.104973 96.009006 3.918588 -175.914383 
46.000000 40.000000 26.604549 10.000000 1.000000 0.000000 0.000000 1.000000 1.154701 1.154701 0.000000 1.000000 1.000000 1.414214 135.000000 1.000000 -90.000000 
18.000000 42.000000 40.960847 1.000000 19.000000 16.838000 0.948418 0.703704 9.068938 2.875050 -78.391690 0.950000 0.598123 9.486833 -108.434949 3.000000 0.000000 
60.000000 45.000000 99.389382 2.000000 11.000000 11.603000 0.906721 0.611111 6.341086 2.674232 10.304846 1.000000 0.635824 6.324555 161.565051 3.000000 -90.000000 
54.000000 46.000000 51.205397 1.000000 23.000000 22.379000 0.972033 0.418182 11.907182 2.796341 -71.898813 0.766667 0.443768 12.083046 -114.443955 3.530090 -11.309932 
30.000000 48.000000 38.895761 1.000000 65.000000 72.504000 0.995566 0.361111 41.038589 3.860345 -88.425097 0.524194 0.142743 36.055513 93.179830 4.631581 177.397438 
60.000000 51.000000 137.214363 1.000000 17.000000 12.554000 0.842477 0.708333 6.537974 3.522215 19.983107 0.944444 0.867168 6.708204 153.434949 4.000000 -90.000000 
24.000000 52.000000 31.498857 1.000000 8.000000 10.288000 0.955077 0.666667 6.262737 1.856014 -76.717474 0.888889 0.557409 6.324555 -108.434949 2.000000 0.000000 
54.000000 51.000000 45.112589 1.000000 17.000000 14.514000 0.922439 0.607143 8.095193 3.125891 -76.412180 0.850000 0.685321 7.615773 -113.198591 3.530090 -11.309932 
50.000000 55.000000 47.436153 1.000000 17.000000 19.650000 0.893575 0.607143 8.413255 3.776827 1.178953 0.739130 0.411253 7.615773 156.801409 4.000000 -90.000000 
24.000000 56.000000 53.751922 1.000000 77.000000 70.701000 0.995343 0.366667 38.460320 3.707471 82.417793 0.631148 0.177454 35.227830 96.519802 4.584964 -173.418055 
58.000000 56.000000 131.818028 1.000000 26.000000 20.138000 0.593459 0.530612 7.029993 5.658188 33.809932 0.838710 0.602882 8.062258 119.744881 6.363961 45.000000 
30.000000 60.000000 32.875122 1.000000 9.000000 12.248000 0.969266 0.642857 7.393691 1.818967 78.690068 0.818182 0.477527 7.280110 105.945396 2.000000 0.000000 
5.000000 67.000000 69.613299 1.000000 56.000000 44.146000 0.987386 0.636364 23.395060 3.704116 3.663991 0.835821 0.314705 22.090722 174.805571 4.000000 -90.000000 
40.000000 60.000000 23.957812 6.000000 1.000000 0.000000 0.000000 1.000000 1.154701 1.154701 0.000000 1.000000 1.000000 1.414214 135.000000 1.000000 -90.000000 
50.000000 61.000000 31.058814 1.000000 5.000000 10.032000 0.979796 0.250000 7.023769 1.404754 54.462322 0.714286 0.362052 6.403124 128.659808 1.941451 33.690068 
55.000000 60.000000 93.051810 1.000000 17.000000 15.085000 0.608424 0.472222 6.671208 5.294352 -49.446274 0.772727 0.643055 6.708204 -153.434949 5.547002 123.690068 
39.000000 62.000000 24.255130 6.000000 1.000000 0.000000 0.000000 1.000000 1.154701 1.154701 0.000000 1.000000 1.000000 1.414214 135.000000 1.000000 -90.000000 
58.000000 66.000000 149.760675 1.000000 53.000000 27.242000 0.882317 0.679487 12.348361 5.811830 -4.316226 0.946429 0.721452 13.152946 171.253838 6.000000 -90.000000 
14.000000 65.000000 33.824793 1.000000 12.000000 13.406000 0.963770 0.428571 8.096789 2.159684 61.845034 0.857143 0.550708 8.062258 119.744881 2.683282 26.565051 
32.000000 65.000000 28.278470 1.000000 6.000000 8.328000 0.953154 0.600000 5.526219 1.671596 72.391204 0.857143 0.573146 5.385165 111.801409 2.000000 0.000000 
28.000000 66.000000 29.843948 1.000000 5.000000 6.368000 0.923687 0.625000 4.492622 1.721341 -69.006394 1.000000 0.694794 4.472136 -116.565051 2.000000 0.000000 
31.000000 67.000000 29.297551 1.000000 3.000000 3.920000 0.942809 1.000000 3.464102 1.154701 90.000000 1.000000 0.756007 3.162278 108.434949 1.000000 0.000000 
23.000000 69.000000 44.005421 1.000000 7.000000 7.501000 0.768010 0.583333 4.518350 2.893723 24.699353 0.777778 0.776628 4.472136 153.434949 3.000000 -90.000000 
25.000000 70.000000 47.535044 1.000000 9.000000 11.810000 0.773748 0.450000 5.485910 3.475288 82.372441 0.692308 0.505915 5.385165 111.801409 3.880570 -165.963757 
19.000000 71.000000 38.474128 1.000000 20.000000 16.838000 0.936548 0.740741 8.817742 3.090969 -81.824194 0.952381 0.629603 9.219544 -102.528808 3.000000 0.000000 
44.000000 72.000000 39.445529 1.000000 62.000000 57.320000 0.993493 0.534483 30.599672 3.485063 89.465299 0.738095 0.213129 29.068884 -93.945186 4.000000 0.000000 
12.000000 74.000000 42.652079 1.000000 18.000000 17.326000 0.952245 0.500000 9.183407 2.804027 -69.791655 0.818182 0.539944 9.486833 -108.434949 3.478505 -18.434949 
29.000000 73.000000 28.318412 1.000000 5.000000 7.402000 0.765173 0.555556 3.931770 2.531373 -40.934949 0.833333 0.565201 4.242641 -135.000000 2.828427 -45.000000 
60.000000 88.000000 72.213347 1.000000 81.000000 73.323000 0.996014 0.476471 43.012819 3.836565 0.656968 0.554795 0.174090 34.132096 174.957549 5.000000 -90.000000 
11.000000 79.000000 27.232864 12.000000 3.000000 4.590000 0.928995 0.500000 3.854129 1.426385 -61.845034 1.000000 0.630657 3.605551 -123.690068 1.788854 -26.565051 
46.000000 78.000000 29.852670 1.000000 11.000000 13.563000 0.956182 0.785714 7.551083 2.210764 86.942248 0.846154 0.495371 7.280110 105.945396 2.000000 0.000000 
20.000000 83.000000 34.538624 1.000000 9.000000 10.288000 0.942932 0.750000 6.161450 2.051676 -79.721977 0.900000 0.627085 6.324555 -108.434949 2.000000 0.000000 
37.000000 84.000000 25.984169 5.000000 3.000000 4.590000 0.928995 0.500000 3.854129 1.426385 28.154966 1.000000 0.630657 3.605551 146.309932 1.788854 63.434949 
54.000000 84.000000 26.805357 10.000000 3.000000 3.093000 0.730297 0.750000 2.581989 1.763834 -45.000000 1.000000 0.969873 2.828427 -135.000000 2.000000 -90.000000 
23.000000 85.000000 28.951431 1.000000 5.000000 6.550000 0.889464 0.625000 4.253087 1.943686 -84.847577 1.000000 0.668944 4.123106 104.036243 2.000000 0.000000 
30.000000 87.000000 31.589191 1.000000 7.000000 10.288000 0.967949 0.583333 6.654453 1.671252 -75.910705 0.777778 0.487733 6.324555 -108.434949 2.000000 0.000000 
38.000000 86.000000 28.905374 1.000000 6.000000 6.368000 0.833333 0.750000 4.000000 2.211083 90.000000 1.000000 0.833753 4.123106 104.036243 2.000000 0.000000 
23.000000 87.000000 26.026471 9.000000 2.000000 2.812000 0.925820 0.500000 3.055050 1.154701 -45.000000 1.000000 0.709058 2.828427 -135.000000 1.414214 -45.000000 
35.000000 88.000000 36.498573 1.000000 9.000000 7.683000 0.665812 0.750000 4.053691 3.024539 69.699353 1.000000 0.965227 4.472136 116.565051 3.000000 0.000000 
13.000000 91.000000 47.997033 1.000000 52.000000 35.661000 0.937945 0.406250 16.938695 5.874067 -76.125171 0.702703 0.434002 17.088007 -110.556045 6.868028 164.054604 
28.000000 90.000000 43.357987 1.000000 23.000000 23.024000 0.981765 0.479167 13.088045 2.488002 74.631525 0.821429 0.422159 12.649111 108.434949 3.152963 -165.963757 
44.000000 94.000000 26.377889 1.000000 4.000000 6.368000 0.958153 0.500000 4.964579 1.421135 -67.500000 0.800000 0.555835 4.472136 -116.565051 1.788854 -26.565051 
10.000000 95.000000 26.955249 1.000000 5.000000 8.328000 0.969048 0.500000 6.024504 1.487286 72.856562 0.833333 0.477622 5.385165 111.801409 1.897367 -161.565051 
49.000000 99.000000 25.760008 8.000000 2.000000 1.960000 0.866025 1.000000 2.309401 1.154701 0.000000 1.000000 0.965669 2.236068 153.434949 1.000000 -90.000000 
30.000000 100.000000 42.012437 1.000000 29.000000 29.756000 0.980049 0.483333 14.838317 2.949221 77.595870 0.763158 0.336728 15.297059 101.309932 3.616778 -170.537678 
14.000000 103.000000 45.229281 1.000000 28.000000 22.098000 0.939122 0.636364 10.984847 3.774214 -88.549045 0.848485 0.552336 11.180340 100.304846 4.000000 0.000000 
7.000000 103.000000 26.468606 12.000000 2.000000 1.960000 0.866025 1.000000 2.309401 1.154701 90.000000 1.000000 0.965669 2.236068 116.565051 1.000000 0.000000 
61.000000 105.000000 29.100334 2.000000 2.000000 1.960000 0.866025 1.000000 2.309401 1.154701 90.000000 1.000000 0.965669 2.236068 116.565051 1.000000 0.000000 
46.000000 114.000000 96.302815 1.000000 83.000000 59.712000 0.990215 0.182018 32.149577 4.486537 49.929669 0.633588 0.264014 28.844410 123.690068 6.273807 39.805571 
21.000000 108.000000 32.957807 1.000000 4.000000 4.590000 0.731925 0.666667 3.055050 2.081666 0.000000 1.000000 0.840876 3.162278 161.565051 2.000000 -90.000000 
10.000000 110.000000 39.399177 1.000000 11.000000 12.736000 0.960693 0.523810 7.741582 2.149158 72.661086 0.846154 0.548319 7.615773 113.198591 2.667892 -165.963757 
19.000000 110.000000 35.097459 1.000000 7.000000 8.328000 0.910849 0.700000 5.125685 2.115574 85.692176 1.000000 0.668670 5.099020 101.309932 2.000000 0.000000 
26.000000 110.000000 45.196447 1.000000 22.000000 19.104000 0.928595 0.611111 9.481087 3.518376 -78.395892 0.814815 0.558656 9.486833 -108.434949 4.000000 0.000000 
37.000000 111.000000 27.183650 1.000000 5.000000 6.550000 0.889464 0.625000 4.253087 1.943686 -84.847577 1.000000 0.668944 4.123106 104.036243 2.000000 0.000000 
57.000000 113.000000 26.459213 8.000000 5.000000 4.962000 0.765092 0.833333 3.306559 2.129163 18.434949 1.000000 0.956808 3.605551 146.309932 2.000000 -90.000000 
60.000000 114.000000 58.206458 3.000000 8.000000 8.626000 0.704561 0.666667 4.191542 2.974499 76.350214 0.888889 0.725980 4.472136 116.565051 3.000000 0.000000 
13.000000 116.000000 49.607589 1.000000 18.000000 19.104000 0.977027 0.450000 11.065214 2.358187 72.611084 0.818182 0.457082 10.770330 111.801409 2.910428 14.036243 
20.000000 121.000000 71.723161 1.000000 24.000000 22.561000 0.973282 0.545455 12.319729 2.828791 14.669229 0.827586 0.456528 11.704700 160.016893 3.530090 -101.309932 
55.000000 121.000000 92.777051 1.000000 50.000000 33.933000 0.969014 0.324675 17.868813 4.413725 34.626353 0.781250 0.457117 16.124515 150.255119 5.440588 -126.027373 
29.000000 118.000000 29.953594 1.000000 9.000000 12.182000 0.965239 0.375000 7.805414 2.040082 -64.392182 0.818182 0.481650 7.211103 -123.690068 2.683282 -26.565051 
43.000000 125.000000 49.518023 2.000000 31.000000 30.360000 0.984662 0.276786 16.611439 2.898279 25.871121 0.775000 0.347089 16.124515 150.255119 3.806987 -114.443955 
25.000000 122.000000 42.589741 1.000000 20.000000 19.286000 0.964850 0.500000 10.525015 2.765995 16.049806 0.869565 0.499660 10.440307 163.300756 3.395499 -104.036243 
9.000000 121.000000 39.116339 1.000000 23.000000 21.800000 0.955339 0.766667 11.015471 3.255209 86.753869 0.851852 0.464611 10.440307 106.699244 3.000000 0.000000 
29.000000 126.000000 33.006181 2.000000 1.000000 0.000000 0.000000 1.000000 1.154701 1.154701 0.000000 1.000000 1.000000 1.414214 135.000000 1.000000 -90.000000 
33.000000 126.000000 49.196979 3.000000 24.000000 22.768000 0.968501 0.333333 12.799009 3.187099 38.187875 0.774194 0.449262 11.401754 142.125016 3.904344 -128.659808 
21.000000 126.000000 44.382483 1.000000 9.000000 8.998000 0.857808 0.600000 5.085275 2.613682 65.816770 0.900000 0.767439 5.385165 111.801409 3.000000 0.000000 
36.000000 132.000000 105.604716 4.000000 54.000000 36.405000 0.969971 0.529412 18.768843 4.564963 9.298914 0.750000 0.433896 17.464249 166.759480 5.445451 -94.398705 
16.000000 128.000000 56.930135 1.000000 9.000000 14.713000 0.698915 0.450000 5.355847 3.830526 65.213039 0.692308 0.354775 5.385165 111.801409 4.000000 0.000000 
61.000000 129.000000 64.737205 2.000000 5.000000 6.550000 0.889464 0.625000 4.253087 1.943686 5.152423 1.000000 0.668944 4.123106 165.963757 2.000000 -90.000000 
24.000000 131.000000 51.792647 6.000000 17.000000 17.301000 0.924156 0.531250 8.781529 3.354674 -4.937030 0.739130 0.511195 8.246211 165.963757 4.000000 -90.000000 
12.000000 130.000000 42.549332 1.000000 12.000000 13.125000 0.881742 0.500000 6.437706 3.036874 77.778023 0.750000 0.569899 6.324555 108.434949 3.638034 14.036243 
49.000000 130.000000 81.142100 2.000000 15.000000 14.622000 0.758737 0.625000 5.985167 3.898718 18.434949 0.833333 0.597365 6.324555 161.565051 4.000000 -90.000000 
19.000000 129.000000 63.660698 5.000000 7.000000 9.089000 0.794238 0.583333 4.533153 2.754375 -20.457192 0.875000 0.588048 4.472136 -153.434949 3.000000 -90.000000 
55.000000 131.000000 66.447872 1.000000 27.000000 23.901000 0.917595 0.500000 10.695351 4.251571 69.560568 0.692308 0.463956 10.295630 119.054604 5.425167 9.462322 
17.000000 137.000000 100.540719 1.000000 38.000000 27.060000 0.958285 0.584615 13.917319 3.977756 9.533514 0.844444 0.523521 13.152946 171.253838 4.525483 -98.130102 
59.000000 137.000000 99.273322 2.000000 40.000000 27.912000 0.952604 0.512821 13.991097 4.256273 18.269803 0.888889 0.521250 13.928388 158.962489 5.266852 69.443955 
30.000000 137.000000 55.629729 1.000000 47.000000 39.391000 0.973637 0.419643 18.856014 4.301154 -7.044700 0.618421 0.326486 16.763055 -162.645975 6.135720 -85.601295 
40.000000 135.000000 32.058721 6.000000 2.000000 1.960000 0.866025 1.000000 2.309401 1.154701 0.000000 1.000000 0.965669 2.236068 153.434949 1.000000 -90.000000 
47.000000 135.000000 74.002442 2.000000 29.000000 19.121000 0.743393 0.517857 7.799689 5.216856 56.526920 0.906250 0.735286 8.544004 110.556045 5.656854 45.000000 
9.000000 138.000000 49.998065 1.000000 23.000000 21.428000 0.960940 0.522727 10.769236 2.980444 70.710530 0.851852 0.478786 11.704700 109.983107 3.794733 18.434949 
25.000000 137.000000 80.231243 5.000000 22.000000 16.284000 0.903783 0.687500 8.375429 3.584612 5.622552 0.916667 0.732629 8.246211 165.963757 4.000000 -90.000000 
55.000000 138.000000 46.944407 3.000000 9.000000 11.421000 0.948721 0.500000 7.033899 2.223515 10.664731 0.750000 0.533304 6.324555 161.565051 2.549510 -101.309932 
42.000000 139.000000 72.632098 3.000000 15.000000 12.091000 0.878583 0.625000 6.552528 3.129420 64.713901 0.937500 0.812369 6.708204 116.565051 3.577709 26.565051 
48.000000 141.000000 83.310722 5.000000 21.000000 15.829000 0.899737 0.656250 8.146292 3.555305 -13.974787 0.875000 0.733276 8.246211 -165.963757 4.000000 -90.000000 
5.000000 151.000000 71.830461 1.000000 37.000000 35.917000 0.987653 0.685185 19.366916 3.033973 -2.060804 0.822222 0.304774 18.110770 -173.659808 3.000000 -90.000000 
14.000000 143.000000 29.571622 3.000000 7.000000 10.214000 0.821206 0.466667 5.161774 2.945475 -9.546746 0.700000 0.493153 5.099020 168.690068 3.000000 -90.000000 
24.000000 147.000000 40.741159 2.000000 19.000000 27.126000 0.988794 0.678571 15.318121 2.286833 -1.151499 0.730769 0.260620 14.142136 171.869898 2.000000 -90.000000 
11.000000 150.000000 100.324786 2.000000 37.000000 30.798000 0.981714 0.411111 16.666507 3.172673 -16.459292 0.804348 0.403644 15.811388 -161.565051 3.896637 -72.897271 
29.000000 146.000000 78.258072 4.000000 30.000000 28.954000 0.915018 0.389610 12.609961 5.087020 -26.970563 0.666667 0.365966 11.704700 -160.016893 6.181225 105.945396 
37.000000 143.000000 90.960459 2.000000 20.000000 17.045000 0.855218 0.555556 7.551734 3.913820 46.099187 0.833333 0.616757 8.485281 135.000000 4.714952 -146.309932 
54.000000 143.000000 104.542970 3.000000 14.000000 11.529000 0.484123 0.560000 4.758094 4.163332 -26.565051 1.000000 0.817415 5.385165 -158.198591 4.242641 -45.000000 
43.000000 144.000000 73.951413 3.000000 22.000000 17.905000 0.942150 0.458333 9.693348 3.249141 -32.113573 0.916667 0.624121 9.433981 -147.994617 3.882901 123.690068 
17.000000 145.000000 58.694358 7.000000 18.000000 13.778000 0.447037 0.600000 5.782745 5.172755 15.082504 0.857143 0.790137 6.403124 141.340192 5.000000 -90.000000 
51.000000 145.000000 109.544883 1.000000 12.000000 13.307000 0.703734 0.480000 5.317955 3.778216 60.520855 0.800000 0.557357 5.385165 111.801409 4.242641 45.000000 
38.000000 149.000000 74.718968 2.000000 38.000000 31.377000 0.920581 0.380000 13.960991 5.452495 -45.616918 0.666667 0.400763 13.453624 -131.987212 6.273807 140.194429 
46.000000 149.000000 95.072753 2.000000 28.000000 21.734000 0.929835 0.444444 10.561371 3.886347 42.833660 0.903226 0.568619 10.816654 146.309932 4.242641 45.000000 
18.000000 155.000000 93.107073 1.000000 53.000000 39.705000 0.982193 0.327160 21.422822 4.024834 -20.597678 0.688312 0.362788 18.973666 -161.565051 4.953911 -68.962489 
21.000000 151.000000 84.007622 7.000000 20.000000 19.104000 0.965886 0.444444 10.690295 2.768439 -20.690026 0.800000 0.507869 10.295630 -150.945396 3.478505 -71.565051 
59.000000 157.000000 96.501806 4.000000 26.000000 24.728000 0.969207 0.433333 12.680612 3.122562 17.938438 0.764706 0.420651 12.369317 165.963757 3.708735 -105.945396 
34.000000 154.000000 103.884943 1.000000 37.000000 28.764000 0.901448 0.420455 12.276643 5.314405 -26.233706 0.698113 0.456749 11.180340 -169.695154 6.260990 -63.434949 
53.000000 156.000000 60.699446 2.000000 19.000000 16.218000 0.937187 0.452381 8.818660 3.076198 39.614807 0.904762 0.637046 8.602325 144.462322 3.535534 45.000000 
27.000000 155.000000 116.575801 3.000000 19.000000 14.440000 0.774412 0.527778 6.609427 4.181663 43.254158 0.904762 0.772408 6.708204 116.565051 4.800000 36.869898 
54.000000 157.000000 61.804463 2.000000 3.000000 3.093000 0.730297 0.750000 2.581989 1.763834 45.000000 1.000000 0.969873 2.828427 135.000000 2.000000 -90.000000 
9.000000 158.000000 34.158982 1.000000 8.000000 10.842000 0.963965 0.666667 7.079519 1.883367 82.534291 0.888889 0.514117 6.324555 108.434949 2.000000 0.000000 
23.000000 158.000000 128.486542 5.000000 20.000000 14.043000 0.572194 0.666667 5.820610 4.773590 5.614446 1.000000 0.851062 6.324555 161.565051 5.000000 -90.000000 
6.000000 162.000000 95.822711 6.000000 19.000000 16.193000 0.922624 0.593750 8.425957 3.249906 -10.081302 0.863636 0.638695 8.246211 -165.963757 3.638034 -75.963757 
16.000000 162.000000 88.512820 8.000000 20.000000 22.495000 0.972567 0.277778 12.198933 2.837727 -36.464796 0.714286 0.382401 11.401754 -142.125016 3.591997 -51.340192 
28.000000 163.000000 99.585278 5.000000 28.000000 31.667000 0.923761 0.280000 13.357297 5.115432 -53.607830 0.560000 0.290399 12.206556 -145.007980 5.824352 -33.690068 
39.000000 158.000000 59.538117 4.000000 12.000000 21.470000 0.914944 0.250000 10.455020 4.219440 25.061583 0.480000 0.248950 8.944272 153.434949 4.743416 -108.434949 
35.000000 163.000000 58.723587 3.000000 31.000000 25.191000 0.895815 0.516667 10.881273 4.835940 13.902183 0.704545 0.485287 10.770330 158.198591 6.000000 -90.000000 
47.000000 164.000000 70.862338 1.000000 44.000000 39.648000 0.838682 0.400000 13.049728 7.107163 43.427847 0.676923 0.301986 13.601471 143.972627 8.184272 48.814075 
54.000000 165.000000 66.140002 1.000000 2.000000 1.960000 0.866025 1.000000 2.309401 1.154701 90.000000 1.000000 0.965669 2.236068 116.565051 1.000000 0.000000 
60.000000 162.000000 28.619110 1.000000 3.000000 3.093000 0.730297 0.750000 2.581989 1.763834 -45.000000 1.000000 0.969873 2.828427 -135.000000 2.000000 -90.000000 
14.000000 169.000000 86.630922 1.000000 39.000000 36.464000 0.947590 0.309524 17.469686 5.581394 -63.957553 0.582090 0.312436 15.231546 -113.198591 6.896349 -16.699244 
24.000000 167.000000 122.518581 5.000000 36.000000 32.246000 0.876308 0.363636 12.669768 6.103668 -61.988272 0.666667 0.361252 11.704700 -109.983107 7.071068 -45.000000 
59.000000 168.000000 28.725691 2.000000 3.000000 5.624000 0.970143 0.333333 4.760952 1.154701 45.000000 1.000000 0.490646 4.242641 135.000000 1.414214 45.000000 
6.000000 168.000000 38.357980 6.000000 7.000000 6.922000 0.856222 0.875000 4.312826 2.228038 8.349622 1.000000 0.868564 4.472136 153.434949 2.000000 -90.000000 
5.000000 170.000000 33.390361 10.000000 3.000000 3.093000 0.730297 0.750000 2.581989 1.763834 -45.000000 1.000000 0.969873 2.828427 -135.000000 2.000000 -90.000000 
24.000000 171.000000 65.288509 5.000000 2.000000 1.960000 0.866025 1.000000 2.309401 1.154701 0.000000 1.000000 0.965669 2.236068 153.434949 1.000000 -90.000000 
57.000000 171.000000 34.775943 1.000000 8.000000 10.288000 0.955077 0.666667 6.262737 1.856014 -76.717474 0.888889 0.557409 6.324555 -108.434949 2.000000 0.000000 
11.000000 176.000000 67.999450 1.000000 56.000000 43.121000 0.950266 0.333333 18.120787 5.643549 -56.266402 0.700000 0.328805 16.643317 -122.735226 7.149479 138.814075 
39.000000 170.000000 73.354668 1.000000 1.000000 0.000000 0.000000 1.000000 1.154701 1.154701 0.000000 1.000000 1.000000 1.414214 135.000000 1.000000 -90.000000 
47.000000 173.000000 46.503087 1.000000 28.000000 27.366000 0.951153 0.311111 14.157700 4.370783 48.786456 0.636364 0.378052 12.806248 128.659808 5.456181 48.814075 
20.000000 175.000000 112.222100 1.000000 24.000000 17.045000 0.860185 0.750000 8.028568 4.094425 11.520424 0.960000 0.740108 8.544004 159.443955 4.000000 -90.000000 
30.000000 174.000000 77.772739 1.000000 31.000000 23.694000 0.889593 0.620000 10.127892 4.625952 7.209086 0.837838 0.540940 10.440307 163.300756 5.000000 -90.000000 
41.000000 174.000000 91.965703 3.000000 8.000000 8.998000 0.888746 0.533333 5.352293 2.453492 22.500000 0.888889 0.682168 5.385165 158.198591 2.846050 -108.434949 
51.000000 174.000000 32.356623 1.000000 13.000000 19.493000 0.973551 0.361111 10.443573 2.386028 20.978005 0.722222 0.318866 9.848858 156.037511 2.971125 -111.801409 
25.000000 178.000000 87.105666 1.000000 25.000000 19.840000 0.922897 0.694444 9.872976 3.801553 -78.836839 0.925926 0.594826 9.848858 -113.962489 4.000000 0.000000 
40.000000 179.000000 49.985600 1.000000 20.000000 15.937000 0.812286 0.571429 7.076187 4.127256 16.094606 0.909091 0.690474 7.280110 164.054604 4.919350 63.434949 
55.000000 179.000000 25.938485 1.000000 3.000000 4.590000 0.928995 0.500000 3.854129 1.426385 61.845034 1.000000 0.630657 3.605551 123.690068 1.788854 26.565051 
32.000000 180.000000 54.774536 3.000000 11.000000 13.034000 0.833084 0.458333 6.236780 3.449852 -72.687922 0.785714 0.528302 6.324555 -108.434949 4.000000 0.000000 
22.000000 182.000000 62.677547 1.000000 23.000000 18.459000 0.921500 0.479167 9.430851 3.662743 -65.649084 0.851852 0.619450 8.944272 -116.565051 4.472136 -26.565051 
29.000000 183.000000 83.866031 5.000000 13.000000 11.975000 0.794311 0.650000 5.833912 3.544169 71.261910 0.866667 0.714900 5.830952 120.963757 4.000000 0.000000 
37.000000 182.000000 51.623810 1.000000 9.000000 8.237000 0.759113 0.750000 4.430771 2.884248 83.952621 1.000000 0.873525 4.472136 116.565051 3.000000 0.000000 
10.000000 186.000000 45.707535 1.000000 1.000000 0.000000 0.000000 1.000000 1.154701 1.154701 0.000000 1.000000 1.000000 1.414214 135.000000 1.000000 -90.000000 
18.000000 184.000000 72.546334 1.000000 17.000000 20.138000 0.756970 0.404762 7.770119 5.077382 -35.666543 0.629630 0.394192 7.280110 -164.054604 5.400000 126.869898 
42.000000 190.000000 83.941216 1.000000 51.000000 37.282000 0.980776 0.404762 19.997997 3.902327 -17.570843 0.739130 0.392202 18.681542 -164.475889 4.999231 -74.744881 
22.000000 187.000000 97.487058 1.000000 20.000000 18.360000 0.917866 0.500000 8.748220 3.472077 58.664051 0.909091 0.543624 8.944272 116.565051 4.242641 45.000000 
29.000000 186.000000 54.779674 1.000000 13.000000 14.605000 0.700364 0.650000 5.842081 4.169992 -68.187417 0.812500 0.518708 5.830952 -120.963757 4.000000 0.000000 
15.000000 189.000000 101.742155 1.000000 22.000000 17.252000 0.760842 0.628571 7.026887 4.560007 85.944320 0.814815 0.664730 7.280110 105.945396 5.000000 0.000000 
32.000000 191.000000 52.026842 1.000000 14.000000 12.273000 0.896281 0.583333 6.631481 2.940971 -22.312762 0.933333 0.740413 6.708204 -153.434949 3.478505 108.434949 
10.000000 192.000000 62.267901 1.000000 16.000000 13.588000 0.907446 0.571429 7.250715 3.046522 65.421770 0.941176 0.718388 7.615773 113.198591 3.577709 26.565051 
20.000000 193.000000 82.927947 1.000000 22.000000 15.920000 0.883858 0.628571 8.059247 3.769758 -21.787250 0.880000 0.760877 8.062258 -150.255119 4.427189 -71.565051 
35.000000 194.000000 48.820121 1.000000 7.000000 10.958000 0.868721 0.466667 5.566323 2.757006 62.954862 0.777778 0.442481 5.385165 111.801409 3.000000 0.000000 
27.000000 196.000000 93.889878 1.000000 34.000000 27.035000 0.929135 0.515152 12.692504 4.692948 75.687034 0.739130 0.469190 11.704700 109.983107 5.692100 18.434949 
13.000000 198.000000 108.281603 1.000000 63.000000 39.837000 0.975365 0.552632 19.939553 4.398574 80.817478 0.863014 0.428594 19.646883 104.743563 5.091169 -171.869898 
35.000000 200.000000 49.188198 1.000000 23.000000 20.320000 0.951983 0.460000 10.707813 3.278209 -14.752463 0.793103 0.525077 10.198039 -168.690068 3.794733 -71.565051 
48.000000 201.000000 45.020293 1.000000 14.000000 14.622000 0.953133 0.388889 8.374079 2.533580 -44.082113 0.933333 0.557540 7.810250 -140.194429 2.828427 -45.000000 
28.000000 202.000000 110.245554 1.000000 19.000000 23.049000 0.756898 0.395833 8.733882 5.707878 80.837653 0.612903 0.348075 8.246211 104.036243 5.798276 -8.130102 
45.000000 202.000000 55.290898 3.000000 1.000000 0.000000 0.000000 1.000000 1.154701 1.154701 0.000000 1.000000 1.000000 1.414214 135.000000 1.000000 -90.000000 
18.000000 203.000000 99.433278 1.000000 46.000000 37.811000 0.961976 0.438095 17.477183 4.773626 77.397154 0.666667 0.344671 15.297059 101.309932 6.184165 -173.659808 
7.000000 205.000000 55.167438 1.000000 11.000000 13.381000 0.965294 0.523810 8.085835 2.111751 77.273674 0.785714 0.506345 7.615773 113.198591 2.549510 -168.690068 
31.000000 207.000000 106.273456 1.000000 22.000000 19.286000 0.762036 0.550000 7.749928 5.018346 73.260400 0.814815 0.549626 8.246211 104.036243 5.000000 0.000000 
39.000000 207.000000 72.375771 1.000000 21.000000 18.178000 0.937376 0.428571 9.588454 3.339838 -44.330899 0.840000 0.580592 9.219544 -139.398705 4.242641 135.000000 
10.000000 207.000000 37.442099 7.000000 4.000000 5.880000 0.968246 1.000000 4.618802 1.154701 0.000000 1.000000 0.617595 4.123106 165.963757 1.000000 -90.000000 
18.000000 207.000000 77.268873 1.000000 38.000000 36.885000 0.987883 0.319328 19.646618 3.049190 74.636915 0.690909 0.298055 17.720045 106.389540 3.823116 17.102729 
45.000000 208.000000 53.051089 1.000000 2.000000 1.960000 0.866025 1.000000 2.309401 1.154701 90.000000 1.000000 0.965669 2.236068 116.565051 1.000000 0.000000 
51.000000 208.000000 39.055105 1.000000 26.000000 25.390000 0.817356 0.412698 9.552176 5.503317 -11.689851 0.650000 0.401357 9.486833 -161.565051 6.864065 -78.690068 
8.000000 210.000000 36.039666 1.000000 8.000000 10.958000 0.956096 0.444444 6.947741 2.036067 75.047031 0.727273 0.505693 6.324555 108.434949 2.425356 -165.963757 
26.000000 210.000000 116.414221 1.000000 17.000000 20.990000 0.939595 0.303571 10.079705 3.450158 45.389022 0.629630 0.366849 8.944272 116.565051 4.242641 45.000000 
36.000000 211.000000 115.912949 1.000000 21.000000 20.419000 0.949677 0.525000 10.304009 3.227534 80.652090 0.750000 0.475397 10.049876 95.710593 3.616778 9.462322 
10.000000 216.000000 38.674160 2.000000 34.000000 28.234000 0.968190 0.607143 14.191317 3.550890 5.434593 0.829268 0.434015 14.317821 167.905243 4.000000 -90.000000 
18.000000 213.000000 55.477483 1.000000 16.000000 18.153000 0.970018 0.444444 10.173076 2.472385 -79.625136 0.727273 0.443395 9.486833 -108.434949 3.111270 -8.130102 
27.000000 214.000000 76.327700 1.000000 30.000000 34.305000 0.956454 0.303030 15.498726 4.523832 61.646406 0.566038 0.268848 13.038405 122.471192 5.085424 29.744881 
57.000000 212.000000 35.328935 1.000000 15.000000 15.548000 0.877448 0.428571 7.401004 3.550059 -66.338312 0.714286 0.539637 8.062258 -119.744881 4.427189 -18.434949 
41.000000 214.000000 55.031069 2.000000 16.000000 21.362000 0.897769 0.380952 9.190577 4.048142 42.181341 0.592593 0.334865 8.062258 150.255119 4.800000 -126.869898 
36.000000 215.000000 132.393374 2.000000 20.000000 15.366000 0.886861 0.571429 7.665654 3.541809 -52.114336 0.909091 0.733736 8.602325 -125.537678 4.242641 -45.000000 
49.000000 215.000000 40.841162 1.000000 3.000000 3.093000 0.730297 0.750000 2.581989 1.763834 -45.000000 1.000000 0.969873 2.828427 -135.000000 2.000000 -90.000000 
59.000000 216.000000 32.597191 4.000000 7.000000 8.055000 0.909717 0.583333 5.175277 2.148922 -67.500000 0.875000 0.701675 5.000000 -126.869898 2.529822 161.565051 
25.000000 221.000000 59.967501 1.000000 1.000000 0.000000 0.000000 1.000000 1.154701 1.154701 0.000000 1.000000 1.000000 1.414214 135.000000 1.000000 -90.000000 
44.000000 218.000000 86.106096 2.000000 10.000000 13.770000 0.890026 0.416667 6.688011 3.049126 62.813954 0.769231 0.439381 6.324555 108.434949 3.577709 26.565051 
19.000000 219.000000 117.426819 2.000000 27.000000 20.436000 0.925022 0.421875 10.043656 3.815732 43.090055 0.900000 0.610344 10.000000 143.130102 4.242641 45.000000 
55.000000 219.000000 48.012328 1.000000 1.000000 0.000000 0.000000 1.000000 1.154701 1.154701 0.000000 1.000000 1.000000 1.414214 135.000000 1.000000 -90.000000 
32.000000 226.000000 84.341785 1.000000 80.000000 62.416000 0.990264 0.183066 30.651251 4.266732 51.628882 0.683761 0.233913 29.206164 128.047043 6.466659 41.987212 
46.000000 222.000000 124.418766 1.000000 31.000000 22.933000 0.947554 0.620000 11.673122 3.730670 -71.315539 0.837838 0.572976 11.180340 -116.565051 4.427189 -18.434949 
59.000000 224.000000 55.642393 2.000000 11.000000 12.091000 0.897044 0.440000 6.586609 2.910898 52.913077 0.785714 0.595737 6.403124 128.659808 3.535534 45.000000 
12.000000 228.000000 67.588123 2.000000 41.000000 29.318000 0.931992 0.379630 13.704313 4.967539 31.756345 0.759259 0.488999 13.000000 157.380135 5.696134 -125.537678 
55.000000 226.000000 119.717945 1.000000 11.000000 12.844000 0.849328 0.440000 5.965917 3.149202 -50.944329 0.785714 0.540935 6.403124 -141.340192 3.535534 -45.000000 
46.000000 229.000000 67.855834 1.000000 23.000000 19.675000 0.885076 0.410714 8.838235 4.113730 40.478352 0.793103 0.555183 9.899495 135.000000 4.919350 -116.565051 
51.000000 229.000000 70.429888 1.000000 24.000000 28.210000 0.921529 0.300000 12.400972 4.815403 30.250754 0.600000 0.306833 11.180340 153.434949 6.171402 66.801409 
59.000000 228.000000 83.059340 9.000000 14.000000 11.421000 0.769507 0.700000 5.619760 3.588994 -77.612430 0.875000 0.829584 5.830952 -120.963757 3.880570 165.963757 
60.000000 235.000000 61.218288 6.000000 14.000000 12.620000 0.913884 0.777778 7.111668 2.887170 8.079167 0.933333 0.708170 6.708204 153.434949 3.000000 -90.000000 
9.000000 235.000000 41.936754 4.000000 17.000000 13.861000 0.750902 0.566667 6.258846 4.133425 -25.042052 0.850000 0.738973 6.708204 -153.434949 4.608177 104.036243 
27.000000 236.000000 48.119065 1.000000 16.000000 16.656000 0.964644 0.592593 9.229678 2.432532 74.847393 0.842105 0.512985 9.486833 108.434949 3.000000 0.000000 
38.000000 236.000000 34.068296 1.000000 16.000000 19.468000 0.963195 0.533333 10.066974 2.706048 -89.390562 0.888889 0.393318 10.049876 95.710593 3.000000 0.000000 
45.000000 234.000000 56.581343 4.000000 20.000000 14.324000 0.596319 0.666667 6.027714 4.838733 14.036243 1.000000 0.823898 6.403124 128.659808 5.000000 -90.000000 
