236
30.000000 117.000000 14.178252 1.000000 10905.000000 591.556000 0.963554 0.709961 282.896136 75.678540 0.596857 0.709961 0.387475 248.386795 165.068583 64.000000 -90.000000 
16.000000 5.000000 54.883845 3.000000 16.000000 11.694000 0.585014 0.800000 5.172572 4.195076 -66.255224 1.000000 0.913524 5.830952 -120.963757 4.000000 0.000000 
43.000000 5.000000 67.250318 1.000000 10.000000 13.100000 0.954612 0.476190 7.280407 2.168488 -73.997308 0.769231 0.476379 7.615773 -113.198591 2.667892 165.963757 
53.000000 5.000000 85.331585 1.000000 34.000000 31.782000 0.976391 0.453333 17.197261 3.714805 82.074437 0.708333 0.350309 15.524175 104.931417 5.000000 0.000000 
37.000000 7.000000 42.201512 6.000000 3.000000 3.920000 0.942809 1.000000 3.464102 1.154701 0.000000 1.000000 0.756007 3.162278 161.565051 1.000000 -90.000000 
12.000000 13.000000 46.504101 3.000000 21.000000 28.284000 0.960729 0.403846 14.087883 3.909235 -6.338254 0.525000 0.267216 13.038405 175.601295 4.000000 -90.000000 
33.000000 7.000000 35.787830 1.000000 1.000000 0.000000 0.000000 1.000000 1.154701 1.154701 0.000000 1.000000 1.000000 1.414214 135.000000 1.000000 -90.000000 
14.000000 8.000000 46.172251 4.000000 8.000000 7.220000 0.547723 0.666667 3.651484 3.055050 0.000000 1.000000 0.936369 4.123106 165.963757 3.000000 -90.000000 
25.000000 8.000000 35.869515 1.000000 1.000000 0.000000 0.000000 1.000000 1.154701 1.154701 0.000000 1.000000 1.000000 1.414214 135.000000 1.000000 -90.000000 
42.000000 9.000000 141.086111 1.000000 23.000000 19.840000 0.964041 0.575000 11.052603 2.937282 77.249953 0.851852 0.547240 10.440307 106.699244 3.395499 14.036243 
53.000000 9.000000 45.641953 7.000000 3.000000 3.920000 0.942809 1.000000 3.464102 1.154701 0.000000 1.000000 0.756007 3.162278 161.565051 1.000000 -90.000000 
17.000000 9.000000 46.402664 7.000000 6.000000 6.459000 0.778499 0.666667 3.829708 2.403701 -45.000000 1.000000 0.818022 4.242641 -135.000000 2.828427 135.000000 
52.000000 10.000000 36.790931 9.000000 2.000000 2.812000 0.925820 0.500000 3.055050 1.154701 -45.000000 1.000000 0.709058 2.828427 -135.000000 1.414214 -45.000000 
59.000000 10.000000 50.554616 1.000000 6.000000 9.362000 0.604556 0.500000 4.039153 3.217438 76.717474 0.750000 0.482271 4.242641 135.000000 3.000000 0.000000 
28.000000 12.000000 61.399061 1.000000 28.000000 36.612000 0.993110 0.222222 19.826366 2.323404 70.365801 0.700000 0.222646 19.313208 111.250506 3.027028 -160.346176 
37.000000 12.000000 43.989779 7.000000 6.000000 7.774000 0.833348 0.500000 4.481684 2.477243 11.239717 0.750000 0.632800 4.472136 153.434949 2.846050 -108.434949 
43.000000 13.000000 68.666736 1.000000 24.000000 22.561000 0.963970 0.545455 11.360540 3.022014 74.867483 0.857143 0.456528 11.704700 109.983107 3.638034 14.036243 
54.000000 12.000000 47.274693 4.000000 5.000000 7.402000 0.882464 0.416667 4.587955 2.158086 -25.670096 0.833333 0.565201 4.472136 -153.434949 2.529822 -71.565051 
58.000000 15.000000 56.312727 1.000000 22.000000 26.506000 0.958266 0.271605 14.379174 4.110687 40.608337 0.578947 0.314524 12.727922 135.000000 4.609532 48.814075 
35.000000 17.000000 56.616802 4.000000 4.000000 7.402000 0.752083 0.444444 3.886558 2.561510 -34.721977 0.800000 0.452160 3.605551 -146.309932 2.683282 -63.434949 
38.000000 18.000000 54.351204 6.000000 12.000000 13.588000 0.918847 0.571429 7.111240 2.806192 -1.043992 0.857143 0.538791 7.071068 171.869898 3.000000 -90.000000 
46.000000 18.000000 93.289408 1.000000 45.000000 35.578000 0.982440 0.351562 19.318015 3.604314 70.562139 0.725806 0.377191 17.888544 116.565051 4.357224 19.983107 
18.000000 17.000000 37.908404 3.000000 1.000000 0.000000 0.000000 1.000000 1.154701 1.154701 0.000000 1.000000 1.000000 1.414214 135.000000 1.000000 -90.000000 
28.000000 20.000000 64.149515 1.000000 36.000000 30.658000 0.973561 0.321429 15.208207 3.473969 63.037410 0.782609 0.395995 15.231546 113.198591 4.024922 26.565051 
58.000000 21.000000 35.694805 7.000000 2.000000 1.960000 0.866025 1.000000 2.309401 1.154701 0.000000 1.000000 0.965669 2.236068 153.434949 1.000000 -90.000000 
45.000000 24.000000 65.899137 1.000000 21.000000 21.982000 0.970696 0.636364 12.214314 2.935219 -87.883441 0.724138 0.418086 11.180340 -100.304846 3.000000 0.000000 
21.000000 25.000000 45.359318 2.000000 5.000000 4.962000 0.765092 0.833333 3.306559 2.129163 -71.565051 1.000000 0.956808 3.605551 -123.690068 2.000000 0.000000 
56.000000 25.000000 67.277669 1.000000 31.000000 25.075000 0.954485 0.645833 12.140459 3.620982 88.635493 0.815789 0.489286 12.369317 104.036243 4.000000 0.000000 
7.000000 29.000000 47.170458 3.000000 17.000000 17.533000 0.970765 0.354167 10.252912 2.461010 34.931848 0.850000 0.499787 10.000000 143.130102 3.258473 59.036243 
40.000000 25.000000 55.975804 6.000000 10.000000 10.404000 0.925369 0.500000 6.130731 2.323962 -36.322988 0.909091 0.684879 6.403124 -141.340192 2.828427 -45.000000 
20.000000 29.000000 38.858033 3.000000 6.000000 8.998000 0.954236 0.375000 6.092968 1.822136 43.869749 0.857143 0.511626 5.656854 135.000000 2.121320 45.000000 
46.000000 29.000000 63.546320 2.000000 15.000000 20.626000 0.980540 0.234375 11.410511 2.240094 45.585898 0.789474 0.333680 11.313708 135.000000 2.828427 45.000000 
28.000000 29.000000 45.001110 1.000000 7.000000 8.328000 0.930558 0.700000 5.262061 1.926673 75.321123 1.000000 0.668670 5.385165 111.801409 2.000000 0.000000 
48.000000 33.000000 74.601352 1.000000 25.000000 23.239000 0.975869 0.378788 13.437947 2.934256 68.332413 0.735294 0.451420 12.083046 114.443955 3.794733 18.434949 
55.000000 34.000000 51.527672 1.000000 17.000000 25.373000 0.898028 0.269841 11.650406 5.125460 42.242743 0.485714 0.262739 10.295630 119.054604 5.249512 -129.805571 
13.000000 36.000000 42.546793 7.000000 9.000000 10.776000 0.957335 0.500000 6.851564 1.979967 -22.127970 0.900000 0.583881 6.708204 -153.434949 2.529822 108.434949 
39.000000 34.000000 56.236780 1.000000 9.000000 9.180000 0.478091 0.750000 3.944053 3.464102 90.000000 0.900000 0.744936 4.472136 116.565051 3.000000 0.000000 
9.000000 40.000000 41.739196 8.000000 5.000000 8.328000 0.969048 0.500000 6.024504 1.487286 -17.143438 0.833333 0.477622 5.385165 -158.198591 1.897367 108.434949 
37.000000 37.000000 47.058435 1.000000 11.000000 10.776000 0.913430 0.550000 6.266526 2.550443 58.696185 0.846154 0.713632 6.403124 128.659808 3.130495 -153.434949 
42.000000 37.000000 63.894610 1.000000 13.000000 16.491000 0.896538 0.464286 7.817479 3.462884 -13.776406 0.650000 0.423836 7.280110 -164.054604 4.000000 -90.000000 
47.000000 40.000000 84.995028 1.000000 38.000000 33.726000 0.957126 0.301587 15.871384 4.597501 64.607248 0.622951 0.351321 14.866069 109.653824 6.101702 -146.309932 
16.000000 41.000000 37.011018 5.000000 2.000000 2.812000 0.925820 0.500000 3.055050 1.154701 45.000000 1.000000 0.709058 2.828427 135.000000 1.414214 45.000000 
59.000000 41.000000 50.480232 1.000000 6.000000 8.436000 0.790569 0.500000 4.216370 2.581989 63.434949 0.857143 0.562503 4.472136 116.565051 2.828427 45.000000 
56.000000 43.000000 50.835253 1.000000 1.000000 0.000000 0.000000 1.000000 1.154701 1.154701 0.000000 1.000000 1.000000 1.414214 135.000000 1.000000 -90.000000 
13.000000 45.000000 50.750203 1.000000 9.000000 11.421000 0.955935 0.500000 6.896054 2.024541 -71.565051 0.818182 0.533304 6.708204 -116.565051 2.529822 161.565051 
8.000000 52.000000 50.073325 5.000000 19.000000 26.944000 0.991617 0.339286 15.354507 1.984001 13.792029 0.730769 0.263783 14.560220 164.054604 2.667892 75.963757 
14.000000 60.000000 47.545152 1.000000 60.000000 71.884000 0.974325 0.153061 36.028988 8.111777 13.317135 0.326087 0.133950 30.870698 155.095231 9.689045 -113.498566 
41.000000 47.000000 61.361313 1.000000 12.000000 16.863000 0.912254 0.333333 8.356872 3.423191 36.094280 0.571429 0.376818 7.810250 129.805571 3.944467 59.036243 
56.000000 49.000000 58.265054 1.000000 9.000000 12.248000 0.969266 0.642857 7.393691 1.818967 78.690068 0.900000 0.477527 7.280110 105.945396 2.000000 0.000000 
44.000000 50.000000 123.499544 1.000000 33.000000 21.916000 0.925057 0.600000 10.937841 4.154500 -11.309932 0.916667 0.660458 11.180340 -169.695154 4.850713 -75.963757 
34.000000 54.000000 45.294720 1.000000 12.000000 16.011000 0.862871 0.500000 6.770854 3.422148 -63.397647 0.750000 0.411089 6.708204 -116.565051 4.000000 0.000000 
58.000000 55.000000 47.569025 2.000000 7.000000 7.592000 0.891825 0.583333 4.776412 2.160759 60.128219 0.875000 0.763515 5.000000 126.869898 2.683282 -153.434949 
47.000000 56.000000 57.659715 1.000000 6.000000 6.459000 0.778499 0.666667 3.829708 2.403701 45.000000 1.000000 0.818022 4.242641 135.000000 2.828427 -135.000000 
5.000000 57.000000 55.611010 7.000000 3.000000 3.920000 0.942809 1.000000 3.464102 1.154701 0.000000 1.000000 0.756007 3.162278 161.565051 1.000000 -90.000000 
41.000000 56.000000 78.206738 1.000000 27.000000 18.525000 0.922256 0.750000 9.825039 3.798170 -86.314010 0.900000 0.722757 9.219544 102.528808 4.000000 0.000000 
21.000000 59.000000 44.701251 11.000000 5.000000 10.032000 0.979796 0.250000 7.023769 1.404754 -54.462322 0.714286 0.362052 6.403124 -128.659808 1.941451 -33.690068 
51.000000 59.000000 55.148443 1.000000 5.000000 7.840000 0.979796 1.000000 5.773503 1.154701 0.000000 1.000000 0.521014 5.099020 168.690068 1.000000 -90.000000 
36.000000 58.000000 47.965938 2.000000 2.000000 2.812000 0.925820 0.500000 3.055050 1.154701 45.000000 1.000000 0.709058 2.828427 135.000000 1.414214 45.000000 
59.000000 58.000000 46.714879 1.000000 8.000000 8.882000 0.920807 0.800000 5.445698 2.123921 -81.322988 1.000000 0.695395 5.385165 -111.801409 2.000000 0.000000 
6.000000 61.000000 77.193000 5.000000 15.000000 11.603000 0.844847 0.833333 6.093009 3.259808 -5.413727 1.000000 0.867033 6.324555 -161.565051 3.000000 -90.000000 
44.000000 62.000000 91.918097 3.000000 22.000000 15.366000 0.838033 0.785714 7.475416 4.078732 -1.738494 0.916667 0.807110 7.280110 164.054604 4.000000 -90.000000 
5.000000 64.000000 82.093946 1.000000 6.000000 7.683000 0.778097 0.500000 4.516264 2.836865 -74.871781 0.750000 0.643484 4.472136 -116.565051 3.000000 0.000000 
51.000000 65.000000 108.013422 1.000000 44.000000 27.614000 0.946668 0.676923 13.699012 4.413965 82.454672 0.862745 0.584540 13.601471 107.102729 5.000000 0.000000 
29.000000 65.000000 35.663148 1.000000 2.000000 1.960000 0.866025 1.000000 2.309401 1.154701 90.000000 1.000000 0.965669 2.236068 116.565051 1.000000 0.000000 
57.000000 65.000000 46.383597 12.000000 1.000000 0.000000 0.000000 1.000000 1.154701 1.154701 0.000000 1.000000 1.000000 1.414214 135.000000 1.000000 -90.000000 
7.000000 70.000000 97.191448 1.000000 33.000000 23.487000 0.957138 0.600000 12.587862 3.645857 -13.080235 0.846154 0.584827 11.704700 -160.016893 4.118439 -78.690068 
45.000000 71.000000 82.678298 1.000000 30.000000 23.421000 0.946256 0.545455 11.764142 3.804745 -14.221916 0.833333 0.534306 12.083046 -155.556045 4.365641 -75.963757 
54.000000 71.000000 81.440579 1.000000 23.000000 29.624000 0.992222 0.205357 16.990397 2.115000 59.362654 0.793103 0.269216 16.124515 119.744881 2.915476 30.963757 
30.000000 71.000000 59.868166 1.000000 23.000000 29.880000 0.992334 0.255556 17.242869 2.130976 70.468575 0.741935 0.265058 16.155494 111.801409 2.846050 18.434949 
22.000000 72.000000 49.717747 1.000000 9.000000 8.882000 0.907936 0.900000 5.399179 2.262845 4.731161 1.000000 0.782319 5.385165 158.198591 2.000000 -90.000000 
59.000000 73.000000 44.976120 1.000000 6.000000 8.998000 0.965254 0.400000 6.286764 1.642810 -59.829555 0.750000 0.511626 5.830952 -120.963757 2.218801 -33.690068 
22.000000 75.000000 44.123781 2.000000 3.000000 3.093000 0.730297 0.750000 2.581989 1.763834 -45.000000 1.000000 0.969873 2.828427 -135.000000 2.000000 -90.000000 
44.000000 76.000000 50.232927 6.000000 9.000000 10.404000 0.628547 0.450000 4.829412 3.756179 74.518122 0.750000 0.616391 5.099020 101.309932 3.882901 -146.309932 
32.000000 78.000000 52.359001 1.000000 15.000000 18.616000 0.981109 0.500000 10.691124 2.068249 75.839590 0.833333 0.398180 10.440307 106.699244 2.667892 14.036243 
53.000000 79.000000 112.095093 1.000000 27.000000 23.669000 0.973118 0.562500 12.997612 2.993423 -78.011572 0.818182 0.472020 12.649111 -108.434949 3.452379 170.537678 
8.000000 79.000000 66.003738 3.000000 26.000000 17.880000 0.828364 0.742857 8.049518 4.509265 20.816770 0.896552 0.739353 8.602325 144.462322 4.850713 75.963757 
45.000000 84.000000 86.361970 5.000000 55.000000 34.528000 0.964137 0.611111 17.237600 4.574950 7.238197 0.808824 0.487069 15.811388 161.565051 5.373201 -95.710593 
30.000000 86.000000 48.122244 1.000000 27.000000 35.422000 0.983822 0.173077 17.948813 3.215498 -44.080356 0.658537 0.228149 17.029386 -139.763642 3.535534 -45.000000 
36.000000 83.000000 35.678287 11.000000 2.000000 2.812000 0.925820 0.500000 3.055050 1.154701 -45.000000 1.000000 0.709058 2.828427 -135.000000 1.414214 -45.000000 
53.000000 83.000000 53.078105 1.000000 14.000000 16.656000 0.976865 0.518519 9.845183 2.105451 -75.190280 0.823529 0.448862 9.486833 -108.434949 2.667892 165.963757 
9.000000 83.000000 41.623564 6.000000 4.000000 4.590000 0.731925 0.666667 3.055050 2.081666 90.000000 1.000000 0.840876 3.162278 108.434949 2.000000 0.000000 
7.000000 84.000000 35.910902 4.000000 1.000000 0.000000 0.000000 1.000000 1.154701 1.154701 0.000000 1.000000 1.000000 1.414214 135.000000 1.000000 -90.000000 
17.000000 86.000000 39.244985 7.000000 5.000000 6.550000 0.889464 0.625000 4.253087 1.943686 -5.152423 1.000000 0.668944 4.123106 165.963757 2.000000 -90.000000 
7.000000 93.000000 94.473381 1.000000 32.000000 39.714000 0.985477 0.209150 21.667672 3.679407 21.784212 0.542373 0.218950 19.235384 152.102729 4.809826 -113.629378 
50.000000 87.000000 36.988061 12.000000 3.000000 4.590000 0.928995 0.500000 3.854129 1.426385 -61.845034 1.000000 0.630657 3.605551 -123.690068 1.788854 -26.565051 
26.000000 90.000000 55.058135 9.000000 11.000000 17.252000 0.986042 0.224490 10.665881 1.775832 -44.040860 0.916667 0.332365 9.899495 -135.000000 2.121320 -45.000000 
58.000000 89.000000 54.263720 3.000000 7.000000 10.495000 0.901428 0.350000 6.028639 2.609975 35.982857 0.636364 0.473038 5.830952 149.036243 3.130495 -116.565051 
23.000000 92.000000 51.238701 7.000000 19.000000 25.688000 0.986046 0.190000 13.323449 2.218034 -44.735158 0.791667 0.287267 14.142136 -135.000000 2.828427 -45.000000 
19.000000 93.000000 58.366906 6.000000 20.000000 21.064000 0.974841 0.454545 11.326621 2.524744 -20.504543 0.869565 0.428952 11.704700 -160.016893 3.130495 -63.434949 
39.000000 92.000000 35.703578 2.000000 2.000000 2.812000 0.925820 0.500000 3.055050 1.154701 45.000000 1.000000 0.709058 2.828427 135.000000 1.414214 45.000000 
52.000000 92.000000 121.547610 1.000000 36.000000 24.802000 0.947922 0.654545 13.016084 4.145660 80.908157 0.818182 0.579359 11.704700 109.983107 4.589285 7.125016 
59.000000 93.000000 74.087247 1.000000 12.000000 10.313000 0.434445 0.600000 4.423683 3.984403 86.544386 0.923077 0.833010 5.099020 101.309932 4.000000 0.000000 
10.000000 98.000000 138.600317 1.000000 45.000000 32.394000 0.965558 0.428571 16.286080 4.237417 17.723083 0.725806 0.447812 15.524175 165.068583 5.385165 68.198591 
44.000000 95.000000 80.523469 1.000000 26.000000 19.286000 0.893062 0.812500 9.268945 4.170417 1.306673 0.866667 0.649558 8.544004 159.443955 4.000000 -90.000000 
41.000000 96.000000 42.706960 11.000000 1.000000 0.000000 0.000000 1.000000 1.154701 1.154701 0.000000 1.000000 1.000000 1.414214 135.000000 1.000000 -90.000000 
39.000000 99.000000 48.762652 7.000000 10.000000 13.588000 0.974565 0.357143 8.458901 1.895697 -59.429036 0.833333 0.448993 8.062258 -119.744881 2.496151 -33.690068 
52.000000 98.000000 80.394365 1.000000 30.000000 26.183000 0.963326 0.576923 13.180065 3.536679 83.382634 0.810811 0.438397 13.152946 98.746162 3.845077 -172.874984 
30.000000 104.000000 46.450311 1.000000 29.000000 43.576000 0.994148 0.145000 24.650491 2.662951 -62.845009 0.517857 0.166973 21.931712 -114.227745 3.379189 -27.897271 
22.000000 105.000000 60.821859 9.000000 29.000000 36.290000 0.994441 0.164773 20.476972 2.156205 -58.248432 0.743590 0.234379 19.416488 -124.508523 2.915476 -30.963757 
54.000000 102.000000 75.389249 1.000000 12.000000 10.015000 0.821945 0.800000 5.418787 3.086363 -85.163322 0.923077 0.871173 5.385165 111.801409 3.000000 0.000000 
44.000000 106.000000 95.142943 5.000000 43.000000 28.507000 0.968826 0.767857 15.560955 3.855113 3.853109 0.914894 0.539473 14.317821 167.905243 4.000000 -90.000000 
5.000000 103.000000 60.218489 8.000000 4.000000 7.402000 0.752083 0.444444 3.886558 2.561510 -55.278023 0.800000 0.452160 3.605551 -146.309932 2.683282 -26.565051 
58.000000 104.000000 124.535714 1.000000 21.000000 15.548000 0.829436 0.600000 7.239854 4.044193 -87.460196 0.875000 0.755491 7.280110 105.945396 4.743416 -18.434949 
53.000000 105.000000 49.077751 4.000000 1.000000 0.000000 0.000000 1.000000 1.154701 1.154701 0.000000 1.000000 1.000000 1.414214 135.000000 1.000000 -90.000000 
6.000000 112.000000 102.987225 5.000000 46.000000 37.621000 0.982572 0.511111 19.693205 3.660617 8.884679 0.793103 0.347892 18.248288 170.537678 4.345716 84.805571 
14.000000 108.000000 38.418706 7.000000 6.000000 8.328000 0.953154 0.600000 5.526219 1.671596 -17.608796 0.857143 0.573146 5.385165 -158.198591 2.000000 -90.000000 
59.000000 109.000000 75.035632 1.000000 7.000000 7.774000 0.613667 0.583333 3.862352 3.049577 -72.231161 0.875000 0.738267 4.242641 -135.000000 3.000000 0.000000 
53.000000 109.000000 128.948854 1.000000 26.000000 19.766000 0.886182 0.722222 8.953030 4.148269 88.318667 0.896552 0.622622 9.219544 -102.528808 4.000000 0.000000 
38.000000 112.000000 45.217225 12.000000 4.000000 6.368000 0.958153 0.500000 4.964579 1.421135 -67.500000 0.800000 0.555835 4.472136 -116.565051 1.788854 -26.565051 
48.000000 111.000000 68.085229 2.000000 9.000000 13.026000 0.783236 0.360000 5.617433 3.492496 45.000000 0.750000 0.432675 5.830952 120.963757 4.024922 63.434949 
58.000000 112.000000 59.007421 1.000000 10.000000 10.495000 0.849596 0.500000 5.500110 2.900941 -22.351567 0.833333 0.675769 5.385165 -158.198591 3.478505 -71.565051 
27.000000 114.000000 49.453344 1.000000 14.000000 14.696000 0.964092 0.583333 8.634331 2.293001 -74.072434 0.875000 0.552924 8.544004 -110.556045 2.846050 -18.434949 
42.000000 114.000000 42.741665 1.000000 1.000000 0.000000 0.000000 1.000000 1.154701 1.154701 0.000000 1.000000 1.000000 1.414214 135.000000 1.000000 -90.000000 
54.000000 115.000000 68.505926 1.000000 17.000000 18.914000 0.926898 0.425000 9.393161 3.525375 66.967353 0.680000 0.439159 8.544004 110.556045 4.024922 26.565051 
60.000000 114.000000 93.429800 1.000000 6.000000 6.186000 0.833333 0.666667 4.000000 2.211083 53.130102 0.857143 0.866607 4.242641 135.000000 2.683282 -153.434949 
45.000000 115.000000 93.908917 6.000000 13.000000 10.495000 0.486713 0.650000 4.565475 3.988226 28.764404 0.928571 0.878499 5.099020 168.690068 4.000000 -90.000000 
49.000000 118.000000 122.298425 1.000000 15.000000 13.770000 0.920583 0.535714 7.316070 2.857274 -67.944610 0.882353 0.659071 7.615773 -113.198591 3.478505 -18.434949 
19.000000 119.000000 49.318500 1.000000 32.000000 27.771000 0.975438 0.761905 14.124007 3.111126 -87.354959 0.888889 0.420813 14.142136 -98.130102 3.000000 0.000000 
56.000000 119.000000 122.797796 1.000000 25.000000 16.772000 0.856121 0.625000 8.170582 4.222351 -78.219641 0.925926 0.792229 8.246211 -104.036243 4.608177 -14.036243 
44.000000 122.000000 80.700569 1.000000 36.000000 26.018000 0.943146 0.500000 12.546401 4.170166 -9.413170 0.800000 0.532046 12.369317 -165.963757 5.096369 99.462322 
5.000000 121.000000 38.543169 7.000000 4.000000 5.905000 0.926289 0.444444 4.355771 1.641317 50.309828 0.800000 0.614186 4.242641 135.000000 2.121320 45.000000 
60.000000 121.000000 72.848108 1.000000 8.000000 7.865000 0.717406 0.666667 4.136643 2.881814 17.296144 1.000000 0.829839 4.472136 153.434949 3.000000 -90.000000 
17.000000 128.000000 49.200331 5.000000 12.000000 19.311000 0.984770 0.266667 11.638767 2.023527 22.637070 0.631579 0.299129 10.295630 150.945396 2.599735 68.198591 
5.000000 130.000000 69.739655 5.000000 27.000000 23.760000 0.966031 0.613636 12.490876 3.227960 -11.284022 0.818182 0.468832 11.704700 -160.016893 3.676955 98.130102 
52.000000 127.000000 119.423850 1.000000 67.000000 39.035000 0.932697 0.563025 17.501205 6.312023 85.034726 0.779070 0.473306 17.720045 106.389540 6.809729 -175.236358 
60.000000 128.000000 104.343344 1.000000 7.000000 8.419000 0.853277 0.583333 4.811222 2.508849 27.231161 0.875000 0.658185 5.000000 143.130102 3.000000 -90.000000 
38.000000 134.000000 60.324747 1.000000 19.000000 17.326000 0.955537 0.527778 9.642395 2.843280 -17.525418 0.863636 0.569941 9.486833 -161.565051 3.478505 108.434949 
29.000000 132.000000 50.978085 1.000000 13.000000 14.696000 0.965043 0.541667 8.492728 2.225858 72.841397 0.866667 0.513429 8.544004 110.556045 2.846050 -161.565051 
55.000000 134.000000 164.047904 1.000000 73.000000 49.431000 0.930482 0.429412 18.923119 6.932247 -73.547872 0.682243 0.331905 18.788294 -115.201124 9.285623 149.743563 
44.000000 135.000000 89.913288 1.000000 23.000000 18.641000 0.805359 0.479167 8.754236 5.189396 26.083912 0.741935 0.609142 8.544004 159.443955 5.659453 59.036243 
31.000000 141.000000 65.541656 1.000000 22.000000 23.802000 0.978762 0.333333 13.302228 2.726976 -28.618288 0.733333 0.380822 12.529964 -151.389540 3.577709 -63.434949 
37.000000 138.000000 46.201659 1.000000 6.000000 6.186000 0.833333 0.666667 4.000000 2.211083 -53.130102 0.857143 0.866607 4.242641 -135.000000 2.683282 153.434949 
50.000000 139.000000 109.189302 1.000000 31.000000 25.530000 0.966406 0.596154 12.958527 3.330596 -82.562894 0.911765 0.473880 13.341664 -102.994617 3.959798 -8.130102 
42.000000 141.000000 114.460953 5.000000 18.000000 19.121000 0.948106 0.375000 10.154178 3.228551 -33.671281 0.720000 0.456385 8.944272 -153.434949 4.115966 -59.036243 
46.000000 142.000000 125.281064 5.000000 11.000000 9.461000 0.786338 0.733333 4.989887 3.082732 -2.463555 1.000000 0.870328 5.385165 -158.198591 3.000000 -90.000000 
13.000000 142.000000 35.302299 6.000000 1.000000 0.000000 0.000000 1.000000 1.154701 1.154701 0.000000 1.000000 1.000000 1.414214 135.000000 1.000000 -90.000000 
37.000000 144.000000 45.454117 4.000000 6.000000 7.865000 0.881691 0.750000 4.591736 2.166504 6.264404 0.857143 0.622380 4.472136 153.434949 2.000000 -90.000000 
56.000000 143.000000 68.640243 4.000000 7.000000 10.404000 0.956720 0.350000 6.587829 1.917116 31.296212 0.777778 0.479415 6.403124 141.340192 2.496151 -123.690068 
53.000000 144.000000 47.136368 1.000000 3.000000 3.920000 0.942809 1.000000 3.464102 1.154701 90.000000 1.000000 0.756007 3.162278 108.434949 1.000000 0.000000 
60.000000 144.000000 93.539109 4.000000 14.000000 16.102000 0.954240 0.583333 8.667848 2.592055 -9.541776 0.777778 0.475079 8.246211 -165.963757 2.959182 99.462322 
12.000000 148.000000 41.823188 8.000000 8.000000 12.844000 0.832704 0.320000 5.944185 3.291403 -45.000000 0.666667 0.393407 5.830952 -149.036243 4.024922 116.565051 
46.000000 148.000000 122.074930 1.000000 22.000000 20.436000 0.799454 0.458333 8.321502 4.998951 -18.400712 0.785714 0.497317 8.246211 -165.963757 5.687368 101.309932 
53.000000 146.000000 55.860460 1.000000 3.000000 4.590000 0.928995 0.500000 3.854129 1.426385 61.845034 0.750000 0.630657 3.605551 123.690068 1.788854 -153.434949 
57.000000 148.000000 68.453046 1.000000 9.000000 9.552000 0.866173 0.600000 5.206419 2.601874 -77.962251 0.900000 0.701913 5.385165 -111.801409 3.000000 0.000000 
40.000000 149.000000 108.950207 1.000000 25.000000 19.865000 0.902874 0.520833 9.366253 4.026609 -61.924674 0.833333 0.593534 8.944272 -116.565051 4.630462 149.036243 
53.000000 152.000000 149.230454 1.000000 30.000000 24.546000 0.944767 0.454545 11.691645 3.831869 -65.139014 0.789474 0.491769 11.704700 -109.983107 4.472136 -26.565051 
60.000000 150.000000 99.332522 6.000000 5.000000 4.962000 0.765092 0.833333 3.306559 2.129163 18.434949 1.000000 0.956808 3.605551 146.309932 2.000000 -90.000000 
15.000000 152.000000 46.555185 1.000000 17.000000 14.142000 0.831333 0.708333 6.607471 3.672262 -23.764151 0.850000 0.715139 7.211103 -146.309932 4.000000 -90.000000 
33.000000 150.000000 61.850440 2.000000 8.000000 12.736000 0.890121 0.400000 6.940011 3.162738 29.196249 0.615385 0.398777 6.403124 141.340192 3.577709 63.434949 
27.000000 153.000000 53.186238 1.000000 15.000000 15.920000 0.961227 0.468750 9.188285 2.533746 72.024715 0.833333 0.518779 8.544004 110.556045 3.162278 -161.565051 
36.000000 153.000000 116.676191 1.000000 16.000000 20.039000 0.942639 0.444444 9.505204 3.172973 -7.212855 0.761905 0.374180 9.219544 -167.471192 4.000000 -90.000000 
33.000000 155.000000 79.683538 1.000000 12.000000 12.455000 0.910276 0.500000 6.598316 2.731708 -62.799610 0.857143 0.619914 7.211103 -123.690068 3.395499 165.963757 
40.000000 157.000000 131.634498 1.000000 24.000000 23.322000 0.763377 0.500000 8.959930 5.787696 -7.150139 0.666667 0.430649 8.544004 159.443955 6.000000 -90.000000 
44.000000 156.000000 126.045139 1.000000 21.000000 21.064000 0.957129 0.700000 11.073718 3.207626 -1.110544 0.807692 0.450399 10.198039 168.690068 3.000000 -90.000000 
26.000000 159.000000 46.766139 2.000000 17.000000 29.054000 0.947071 0.202381 13.726792 4.406621 62.672837 0.447368 0.206094 12.649111 108.434949 5.375872 18.434949 
47.000000 157.000000 71.084892 1.000000 9.000000 12.827000 0.831195 0.600000 6.011480 3.342267 2.268886 0.692308 0.443526 5.385165 158.198591 3.000000 -90.000000 
16.000000 162.000000 64.477991 1.000000 26.000000 22.586000 0.970633 0.393939 12.501848 3.007495 24.758788 0.838710 0.493611 12.083046 155.556045 3.676580 -113.198591 
55.000000 157.000000 70.524704 1.000000 16.000000 16.590000 0.565471 0.533333 5.781671 4.768537 39.607851 0.695652 0.516423 7.211103 123.690068 4.919350 -116.565051 
59.000000 160.000000 102.921008 1.000000 27.000000 31.005000 0.864623 0.450000 11.030859 5.542131 2.991478 0.627907 0.290991 10.770330 158.198591 6.000000 -90.000000 
35.000000 161.000000 68.255553 1.000000 27.000000 24.174000 0.932262 0.350649 11.605147 4.198550 64.539634 0.771429 0.454729 11.704700 109.983107 5.366563 -153.434949 
50.000000 162.000000 229.929091 1.000000 41.000000 24.918000 0.930364 0.569444 12.370947 4.535658 -69.627014 0.911111 0.654381 12.649111 -108.434949 5.199469 158.198591 
32.000000 169.000000 121.037656 1.000000 39.000000 29.698000 0.979134 0.397959 16.205927 3.293313 -66.297867 0.847826 0.454443 15.652476 -116.565051 4.024922 -26.565051 
47.000000 166.000000 160.385271 1.000000 31.000000 29.426000 0.946825 0.281818 12.767427 4.107903 -47.077690 0.704545 0.367283 13.038405 -147.528808 5.613171 -37.874984 
19.000000 169.000000 66.810392 1.000000 20.000000 17.434000 0.946226 0.416667 9.229895 2.985918 -53.162553 0.952381 0.593656 9.433981 -122.005383 3.535534 -45.000000 
42.000000 167.000000 71.981507 3.000000 1.000000 0.000000 0.000000 1.000000 1.154701 1.154701 0.000000 1.000000 1.000000 1.414214 135.000000 1.000000 -90.000000 
58.000000 167.000000 235.331946 2.000000 21.000000 15.829000 0.908247 0.600000 8.252000 3.452917 -65.116006 0.913043 0.733276 8.602325 -125.537678 4.024922 -26.565051 
12.000000 169.000000 76.186627 1.000000 12.000000 11.330000 0.906481 0.666667 6.404669 2.704356 14.169566 0.857143 0.720043 6.324555 161.565051 3.000000 -90.000000 
8.000000 171.000000 47.728276 1.000000 8.000000 10.288000 0.955077 0.666667 6.262737 1.856014 -76.717474 0.888889 0.557409 6.324555 -108.434949 2.000000 0.000000 
56.000000 172.000000 175.921082 1.000000 1.000000 0.000000 0.000000 1.000000 1.154701 1.154701 0.000000 1.000000 1.000000 1.414214 135.000000 1.000000 -90.000000 
10.000000 173.000000 57.626601 4.000000 5.000000 5.814000 0.901281 0.555556 4.163332 1.803700 45.000000 1.000000 0.783414 4.242641 135.000000 2.121320 45.000000 
23.000000 174.000000 83.762172 9.000000 13.000000 10.867000 0.650259 0.650000 5.045993 3.833504 -11.930088 0.928571 0.832462 5.385165 158.198591 4.000000 -90.000000 
49.000000 175.000000 296.570550 1.000000 61.000000 39.035000 0.978759 0.423611 20.334061 4.168765 -72.074114 0.824324 0.430920 19.313208 -111.250506 5.059644 -18.434949 
18.000000 177.000000 45.629268 4.000000 9.000000 18.261000 0.973139 0.281250 9.523609 2.192497 24.084747 0.600000 0.246899 8.944272 153.434949 2.683282 63.434949 
60.000000 175.000000 91.389288 1.000000 4.000000 5.905000 0.926289 0.444444 4.355771 1.641317 50.309828 0.800000 0.614186 4.242641 135.000000 2.121320 45.000000 
26.000000 176.000000 123.080676 1.000000 11.000000 10.032000 0.616057 0.550000 4.536179 3.573154 -75.849622 0.916667 0.796515 5.099020 101.309932 4.000000 0.000000 
38.000000 177.000000 128.179373 5.000000 19.000000 19.013000 0.898421 0.593750 9.123378 4.006388 6.908114 0.760000 0.486447 8.544004 159.443955 4.000000 -90.000000 
32.000000 179.000000 189.436557 1.000000 35.000000 22.288000 0.916808 0.583333 11.099315 4.432260 -74.251643 0.875000 0.680141 10.770330 -111.801409 4.850713 165.963757 
59.000000 179.000000 224.382567 1.000000 11.000000 10.776000 0.830836 0.550000 5.541601 3.083997 -61.646782 0.846154 0.713632 5.656854 -135.000000 3.577709 153.434949 
14.000000 183.000000 147.562943 1.000000 67.000000 43.418000 0.986158 0.455782 23.780996 3.943028 -75.904521 0.848101 0.388388 22.135944 -108.434949 4.608177 -14.036243 
48.000000 183.000000 298.026100 1.000000 64.000000 36.339000 0.952855 0.533333 17.781806 5.395439 -74.959690 0.800000 0.515968 16.552945 -115.016893 6.181225 164.054604 
58.000000 185.000000 191.061656 1.000000 18.000000 15.730000 0.727998 0.600000 6.306694 4.323742 37.949324 0.900000 0.635134 7.211103 146.309932 4.949747 -135.000000 
25.000000 184.000000 89.468137 1.000000 3.000000 3.920000 0.942809 1.000000 3.464102 1.154701 0.000000 1.000000 0.756007 3.162278 161.565051 1.000000 -90.000000 
37.000000 183.000000 68.011506 1.000000 10.000000 9.643000 0.849208 0.666667 5.266245 2.780887 -10.304846 0.909091 0.768840 5.385165 -158.198591 3.000000 -90.000000 
40.000000 183.000000 147.310596 1.000000 2.000000 1.960000 0.866025 1.000000 2.309401 1.154701 90.000000 1.000000 0.965669 2.236068 116.565051 1.000000 0.000000 
60.000000 186.000000 156.796551 1.000000 4.000000 7.402000 0.965676 0.333333 5.615939 1.458730 53.909444 0.800000 0.452160 5.000000 126.869898 1.941451 -146.309932 
33.000000 187.000000 150.722028 1.000000 50.000000 37.505000 0.982748 0.462963 19.961412 3.691817 -81.176671 0.746269 0.380305 18.248288 -99.462322 4.510671 168.690068 
13.000000 191.000000 76.905374 1.000000 28.000000 21.461000 0.927967 0.560000 10.708000 3.990460 -77.321279 0.823529 0.581308 10.440307 -106.699244 4.510671 -11.309932 
46.000000 190.000000 211.874173 1.000000 63.000000 30.261000 0.835365 0.692308 12.420979 6.827756 75.685867 0.940299 0.709562 13.601471 107.102729 7.000000 0.000000 
59.000000 189.000000 234.704141 1.000000 18.000000 13.356000 0.866025 1.000000 6.928203 3.464102 90.000000 1.000000 0.831077 6.708204 116.565051 3.000000 0.000000 
22.000000 192.000000 97.936845 1.000000 43.000000 25.530000 0.928220 0.716667 12.480025 4.642959 85.327756 0.934783 0.657317 12.369317 104.036243 5.000000 0.000000 
35.000000 192.000000 124.007002 1.000000 39.000000 28.193000 0.956108 0.600000 13.960336 4.090594 88.348158 0.780000 0.499145 13.152946 98.746162 5.000000 0.000000 
52.000000 191.000000 245.904493 1.000000 16.000000 17.045000 0.961989 0.380952 9.866328 2.694389 49.450148 0.800000 0.493405 9.219544 130.601295 3.535534 45.000000 
6.000000 195.000000 40.527517 1.000000 6.000000 8.328000 0.953154 0.600000 5.526219 1.671596 72.391204 0.857143 0.573146 5.385165 111.801409 2.000000 0.000000 
31.000000 196.000000 68.966606 1.000000 15.000000 17.996000 0.954275 0.312500 9.666716 2.889663 -59.331979 0.681818 0.421881 8.944272 -116.565051 3.600000 143.130102 
11.000000 198.000000 48.580612 1.000000 22.000000 33.180000 0.991757 0.183333 19.685308 2.522283 63.590988 0.550000 0.209557 16.552945 115.016893 3.272156 28.610460 
25.000000 199.000000 42.936145 9.000000 13.000000 22.876000 0.954771 0.232143 10.436411 3.103169 -37.822872 0.565217 0.241334 9.433981 -147.994617 3.535534 -45.000000 
56.000000 198.000000 72.464261 1.000000 16.000000 15.341000 0.937533 0.666667 8.350297 2.905031 -84.115856 0.888889 0.588578 8.246211 -104.036243 3.000000 0.000000 
43.000000 199.000000 109.832300 1.000000 66.000000 38.241000 0.974077 0.868421 19.613923 4.437009 -88.686728 0.970588 0.484304 19.235384 -98.972627 4.000000 0.000000 
61.000000 199.000000 74.277857 1.000000 6.000000 5.516000 0.745356 1.000000 3.464102 2.309401 0.000000 1.000000 1.000000 3.605551 146.309932 2.000000 -90.000000 
34.000000 202.000000 64.397367 5.000000 12.000000 14.622000 0.908506 0.428571 7.053804 2.947592 12.311782 0.800000 0.477892 7.071068 171.869898 3.530090 -101.309932 
56.000000 204.000000 87.532382 1.000000 25.000000 24.083000 0.927492 0.390625 10.673583 3.990249 42.902809 0.735294 0.423865 10.630146 131.185925 4.949747 -135.000000 
39.000000 205.000000 55.548943 1.000000 7.000000 10.933000 0.973565 0.583333 7.351929 1.679251 84.488272 0.777778 0.444054 6.324555 108.434949 2.000000 0.000000 
30.000000 204.000000 93.568945 1.000000 12.000000 11.810000 0.915965 0.500000 6.533240 2.621514 -61.549197 0.923077 0.674553 6.708204 -116.565051 3.130495 -26.565051 
60.000000 206.000000 145.072954 1.000000 8.000000 8.237000 0.760668 0.666667 4.391892 2.850957 -82.203595 0.888889 0.776467 4.472136 116.565051 3.000000 0.000000 
23.000000 206.000000 49.003699 1.000000 27.000000 26.432000 0.971276 0.281250 13.925315 3.313603 -57.726057 0.692308 0.387941 13.416408 -116.565051 4.160251 -33.690068 
14.000000 210.000000 52.598970 1.000000 34.000000 31.096000 0.980348 0.323810 15.873700 3.131534 -63.774213 0.829268 0.364487 16.552945 -115.016893 4.024922 -26.565051 
58.000000 208.000000 144.283111 1.000000 12.000000 16.838000 0.901443 0.571429 7.316073 3.167118 -79.208015 0.750000 0.377762 7.280110 -105.945396 3.000000 0.000000 
42.000000 210.000000 171.939225 1.000000 65.000000 35.206000 0.944331 0.580357 16.690433 5.491124 75.641862 0.890411 0.555453 17.088007 110.556045 6.417436 -163.300756 
32.000000 211.000000 66.511975 1.000000 17.000000 14.051000 0.881974 0.607143 7.268319 3.425551 -74.332787 0.894737 0.722730 7.280110 -105.945396 3.880570 -14.036243 
50.000000 211.000000 117.005845 2.000000 8.000000 11.810000 0.916351 0.444444 6.656815 2.665235 19.089424 0.666667 0.449702 6.324555 161.565051 2.910428 -104.036243 
53.000000 210.000000 136.936482 1.000000 14.000000 14.696000 0.886408 0.666667 7.065930 3.270853 -3.947021 0.777778 0.552924 7.615773 -156.801409 3.000000 -90.000000 
60.000000 213.000000 122.019753 1.000000 6.000000 6.459000 0.778499 0.666667 3.829708 2.403701 -45.000000 1.000000 0.818022 4.242641 -135.000000 2.828427 135.000000 
57.000000 214.000000 202.025203 1.000000 20.000000 14.233000 0.785307 0.714286 6.633348 4.106745 81.249932 0.909091 0.832551 7.071068 98.130102 4.000000 0.000000 
34.000000 216.000000 57.692695 1.000000 13.000000 17.533000 0.851238 0.433333 7.291244 3.826293 36.717816 0.684211 0.382190 6.708204 153.434949 4.242641 45.000000 
52.000000 215.000000 229.080971 1.000000 15.000000 10.867000 0.461880 0.750000 4.760952 4.222690 -75.963757 0.937500 0.960533 5.385165 -111.801409 4.000000 0.000000 
16.000000 217.000000 40.684460 1.000000 5.000000 6.368000 0.923687 0.625000 4.492622 1.721341 -69.006394 1.000000 0.694794 4.472136 -116.565051 2.000000 0.000000 
47.000000 217.000000 319.845651 1.000000 22.000000 16.474000 0.914728 0.687500 8.757320 3.538568 81.090556 0.880000 0.718505 8.246211 104.036243 3.880570 14.036243 
31.000000 219.000000 52.173868 1.000000 8.000000 10.495000 0.517238 0.500000 4.190092 3.586056 12.600562 0.727273 0.540615 4.472136 153.434949 4.000000 -90.000000 
39.000000 219.000000 209.756843 1.000000 33.000000 20.808000 0.793024 0.611111 8.867141 5.401772 81.089398 0.891892 0.722982 9.219544 102.528808 6.000000 0.000000 
43.000000 220.000000 78.492403 1.000000 4.000000 4.590000 0.731925 0.666667 3.055050 2.081666 90.000000 1.000000 0.840876 3.162278 108.434949 2.000000 0.000000 
34.000000 222.000000 184.775660 1.000000 19.000000 13.315000 0.736161 0.633333 6.198973 4.195507 61.506822 0.904762 0.881624 6.403124 128.659808 4.472136 26.565051 
59.000000 224.000000 47.434278 1.000000 9.000000 10.495000 0.914936 0.450000 6.022083 2.430506 62.465469 0.818182 0.608192 5.830952 120.963757 3.050851 33.690068 
28.000000 223.000000 131.057258 1.000000 23.000000 16.681000 0.692367 0.657143 6.763948 4.880498 86.594304 0.958333 0.735558 7.615773 -113.198591 5.000000 0.000000 
46.000000 225.000000 94.137833 1.000000 35.000000 28.168000 0.977090 0.500000 15.204079 3.235863 76.577959 0.833333 0.448666 14.866069 109.653824 3.922323 11.309932 
12.000000 228.000000 48.272918 1.000000 23.000000 22.768000 0.969174 0.418182 11.645663 2.869207 67.827060 0.821429 0.430543 12.083046 114.443955 3.794733 -161.565051 
24.000000 228.000000 91.877739 1.000000 29.000000 20.345000 0.630386 0.517857 7.393041 5.739083 41.680265 0.878788 0.660645 8.062258 172.874984 6.363961 45.000000 
59.000000 229.000000 45.576775 1.000000 5.000000 7.840000 0.979796 1.000000 5.773503 1.154701 90.000000 1.000000 0.521014 5.099020 101.309932 1.000000 0.000000 
20.000000 232.000000 81.287486 2.000000 31.000000 20.618000 0.796612 0.574074 8.482016 5.127298 22.603422 0.911765 0.690071 9.219544 167.471192 5.813777 63.434949 
34.000000 230.000000 48.872055 7.000000 6.000000 5.905000 0.632456 0.666667 3.333333 2.581989 45.000000 1.000000 0.921279 3.605551 123.690068 2.828427 45.000000 
39.000000 231.000000 61.876068 1.000000 25.000000 22.280000 0.948812 0.454545 11.329531 3.578323 78.290701 0.781250 0.486121 11.180340 100.304846 4.341216 7.125016 
56.000000 233.000000 45.758814 1.000000 4.000000 4.590000 0.731925 0.666667 3.055050 2.081666 90.000000 1.000000 0.840876 3.162278 108.434949 2.000000 0.000000 
35.000000 234.000000 54.141750 2.000000 10.000000 10.495000 0.764450 0.666667 4.948611 3.190285 5.152423 0.909091 0.675769 5.385165 158.198591 3.000000 -90.000000 
49.000000 234.000000 86.030093 1.000000 27.000000 28.747000 0.949779 0.450000 13.637482 4.267448 84.959537 0.600000 0.333659 12.369317 -104.036243 4.979466 174.805571 
58.000000 234.000000 77.341117 1.000000 21.000000 15.275000 0.829079 0.600000 7.302848 4.083252 63.355561 0.954545 0.778056 8.062258 119.744881 4.743416 -161.565051 
18.000000 236.000000 70.336789 5.000000 7.000000 8.419000 0.853277 0.583333 4.811222 2.508849 -62.768839 0.875000 0.658185 5.000000 -126.869898 3.000000 0.000000 
46.000000 237.000000 45.351826 1.000000 4.000000 5.880000 0.968246 1.000000 4.618802 1.154701 90.000000 1.000000 0.617595 4.123106 104.036243 1.000000 0.000000 
