207
33.000000 115.000000 11.832423 1.000000 10758.000000 591.556000 0.961275 0.700391 281.146375 77.481453 -0.312843 0.700391 0.382251 248.386795 165.068583 64.000000 -90.000000 
44.000000 6.000000 39.446611 1.000000 10.000000 9.552000 0.891930 0.666667 5.559436 2.513829 -25.670096 0.909091 0.779903 5.830952 -149.036243 3.000000 -90.000000 
54.000000 4.000000 32.534982 1.000000 7.000000 10.288000 0.967949 0.583333 6.654453 1.671252 75.910705 0.875000 0.487733 6.324555 108.434949 2.000000 0.000000 
61.000000 6.000000 35.130716 5.000000 3.000000 3.920000 0.942809 1.000000 3.464102 1.154701 0.000000 1.000000 0.756007 3.162278 161.565051 1.000000 -90.000000 
14.000000 7.000000 40.564767 2.000000 6.000000 6.459000 0.778499 0.666667 3.829708 2.403701 -45.000000 1.000000 0.818022 4.242641 -135.000000 2.828427 135.000000 
9.000000 8.000000 78.686788 1.000000 35.000000 23.024000 0.927021 0.636364 11.665503 4.374677 89.443241 0.875000 0.642417 11.180340 100.304846 5.000000 0.000000 
30.000000 10.000000 62.181812 1.000000 94.000000 62.026000 0.990964 0.626667 33.596432 4.506205 87.972200 0.764228 0.278147 30.066593 93.814075 4.992302 3.179830 
48.000000 10.000000 43.039246 2.000000 14.000000 17.715000 0.928455 0.437500 8.472489 3.147063 -67.500000 0.700000 0.404437 8.544004 -110.556045 3.713907 158.198591 
14.000000 12.000000 35.195489 2.000000 3.000000 3.093000 0.730297 0.750000 2.581989 1.763834 -45.000000 1.000000 0.969873 2.828427 -135.000000 2.000000 -90.000000 
53.000000 13.000000 29.624317 12.000000 1.000000 0.000000 0.000000 1.000000 1.154701 1.154701 0.000000 1.000000 1.000000 1.414214 135.000000 1.000000 -90.000000 
10.000000 17.000000 51.115588 1.000000 28.000000 23.024000 0.965972 0.583333 12.321387 3.186883 79.223451 0.903226 0.513933 12.369317 104.036243 3.726207 -168.690068 
56.000000 17.000000 32.671984 1.000000 4.000000 6.368000 0.958153 0.500000 4.964579 1.421135 67.500000 0.800000 0.555835 4.472136 116.565051 1.788854 26.565051 
43.000000 19.000000 33.366776 2.000000 5.000000 8.717000 0.960000 0.312500 5.773503 1.616581 45.000000 1.000000 0.446800 5.656854 135.000000 2.121320 -135.000000 
11.000000 23.000000 68.313322 1.000000 31.000000 24.339000 0.964832 0.516667 13.072996 3.436454 74.943860 0.794872 0.515845 12.649111 108.434949 4.123106 -165.963757 
33.000000 24.000000 31.896493 2.000000 2.000000 1.960000 0.866025 1.000000 2.309401 1.154701 90.000000 1.000000 0.965669 2.236068 116.565051 1.000000 0.000000 
29.000000 25.000000 29.569701 1.000000 1.000000 0.000000 0.000000 1.000000 1.154701 1.154701 0.000000 1.000000 1.000000 1.414214 135.000000 1.000000 -90.000000 
5.000000 25.000000 36.765419 1.000000 4.000000 5.905000 0.791649 0.666667 3.586706 2.191393 -14.872441 0.800000 0.614186 3.605551 -146.309932 2.000000 -90.000000 
25.000000 27.000000 35.458181 2.000000 6.000000 9.180000 0.873278 0.500000 5.155515 2.511882 -26.062508 0.750000 0.496624 5.000000 -143.130102 3.000000 -90.000000 
56.000000 27.000000 39.268194 1.000000 18.000000 16.565000 0.949066 0.750000 9.187513 2.894776 -81.541661 0.900000 0.582451 8.544004 -110.556045 3.000000 0.000000 
15.000000 29.000000 67.436892 1.000000 56.000000 45.006000 0.989909 0.424242 24.613576 3.487847 78.103150 0.736842 0.303563 22.561028 102.804266 4.361495 -169.380345 
46.000000 28.000000 31.948895 11.000000 4.000000 5.880000 0.968246 1.000000 4.618802 1.154701 90.000000 1.000000 0.617595 4.123106 104.036243 1.000000 0.000000 
50.000000 29.000000 42.850894 1.000000 12.000000 12.736000 0.942204 0.571429 7.425861 2.487955 75.321123 0.857143 0.598166 7.280110 105.945396 2.910428 14.036243 
30.000000 30.000000 45.693052 1.000000 24.000000 19.443000 0.926882 0.888889 9.433448 3.540880 87.916404 0.960000 0.591285 9.486833 108.434949 3.000000 0.000000 
47.000000 31.000000 31.836754 2.000000 2.000000 1.960000 0.866025 1.000000 2.309401 1.154701 0.000000 1.000000 0.965669 2.236068 153.434949 1.000000 -90.000000 
58.000000 32.000000 36.952288 1.000000 8.000000 8.882000 0.920807 0.800000 5.445698 2.123921 -81.322988 1.000000 0.695395 5.385165 -111.801409 2.000000 0.000000 
19.000000 34.000000 47.736982 1.000000 14.000000 15.639000 0.908094 0.666667 7.503551 3.142228 81.515293 0.823529 0.498792 7.615773 113.198591 3.000000 0.000000 
36.000000 37.000000 43.561175 1.000000 47.000000 55.666000 0.996207 0.290123 31.501641 2.741133 82.561815 0.580247 0.170782 27.658633 102.528808 3.603019 -172.234834 
10.000000 37.000000 77.832809 1.000000 45.000000 29.367000 0.964056 0.642857 15.198102 4.038141 81.664921 0.865385 0.535089 14.317821 102.094757 4.465250 7.125016 
58.000000 45.000000 97.126147 2.000000 35.000000 30.707000 0.962896 0.448718 14.748293 3.980184 20.901206 0.729167 0.383881 13.601471 162.897271 5.059644 -108.434949 
38.000000 43.000000 31.600046 2.000000 3.000000 3.920000 0.942809 1.000000 3.464102 1.154701 90.000000 1.000000 0.756007 3.162278 108.434949 1.000000 0.000000 
51.000000 45.000000 55.741788 1.000000 30.000000 23.603000 0.913906 0.476190 10.438456 4.237240 -63.014098 0.769231 0.527059 11.401754 -127.874984 4.919350 153.434949 
11.000000 45.000000 63.465833 1.000000 25.000000 24.678000 0.977119 0.641026 12.954666 2.755377 81.413638 0.892857 0.405927 13.341664 102.994617 3.000000 0.000000 
18.000000 49.000000 57.680064 1.000000 28.000000 26.787000 0.948814 0.430769 13.379602 4.225753 82.394077 0.682927 0.392822 13.038405 94.398705 4.577171 -174.289407 
34.000000 50.000000 47.923827 1.000000 33.000000 22.445000 0.939854 0.750000 11.497722 3.927349 80.185211 0.970588 0.633430 11.704700 109.983107 4.000000 0.000000 
42.000000 49.000000 40.493964 1.000000 11.000000 12.736000 0.948546 0.523810 7.596538 2.405353 -76.847988 0.846154 0.548319 7.280110 -105.945396 2.745626 168.690068 
41.000000 51.000000 29.936045 1.000000 1.000000 0.000000 0.000000 1.000000 1.154701 1.154701 0.000000 1.000000 1.000000 1.414214 135.000000 1.000000 -90.000000 
50.000000 51.000000 80.949887 1.000000 27.000000 22.743000 0.936674 0.613636 10.572527 3.702517 88.742970 0.843750 0.506397 11.180340 100.304846 4.000000 0.000000 
10.000000 52.000000 58.270665 1.000000 17.000000 15.548000 0.926124 0.708333 8.125259 3.065001 81.881101 0.944444 0.611588 8.246211 104.036243 3.000000 0.000000 
38.000000 52.000000 33.225721 1.000000 5.000000 4.962000 0.765092 0.833333 3.306559 2.129163 71.565051 1.000000 0.956808 3.605551 123.690068 2.000000 0.000000 
44.000000 52.000000 40.743706 7.000000 4.000000 4.590000 0.731925 0.666667 3.055050 2.081666 90.000000 1.000000 0.840876 3.162278 108.434949 2.000000 0.000000 
17.000000 54.000000 49.017040 1.000000 13.000000 15.060000 0.957593 0.541667 8.353071 2.406716 -79.870822 0.866667 0.493099 8.246211 -104.036243 3.000000 0.000000 
45.000000 56.000000 62.803194 5.000000 16.000000 13.935000 0.934286 0.761905 7.967030 2.840440 10.096470 0.888889 0.689489 7.615773 156.801409 3.000000 -90.000000 
54.000000 58.000000 153.885414 1.000000 54.000000 33.726000 0.947492 0.482143 16.378963 5.237679 13.976120 0.750000 0.499245 14.866069 160.346176 6.290983 -102.528808 
22.000000 58.000000 72.363142 1.000000 65.000000 53.425000 0.992047 0.312500 30.467477 3.834995 77.084145 0.625000 0.255272 26.305893 98.746162 4.919988 -167.195734 
7.000000 58.000000 48.334528 1.000000 12.000000 14.878000 0.970952 0.500000 8.907649 2.131356 -79.557622 0.800000 0.464410 8.246211 -104.036243 2.549510 168.690068 
7.000000 63.000000 81.163240 1.000000 22.000000 17.235000 0.905875 0.550000 8.593527 3.639741 68.760136 0.916667 0.665839 8.944272 116.565051 4.110961 -161.565051 
44.000000 65.000000 65.095206 1.000000 46.000000 41.409000 0.971297 0.425926 18.842296 4.481989 78.659970 0.666667 0.291247 18.439089 102.528808 5.432145 -174.805571 
12.000000 65.000000 35.615943 2.000000 1.000000 0.000000 0.000000 1.000000 1.154701 1.154701 0.000000 1.000000 1.000000 1.414214 135.000000 1.000000 -90.000000 
28.000000 66.000000 41.285571 1.000000 12.000000 13.290000 0.957038 0.571429 7.828866 2.270089 71.927950 0.923077 0.558511 7.615773 113.198591 2.846050 -161.565051 
56.000000 76.000000 168.212253 5.000000 110.000000 53.384000 0.974622 0.416667 26.199206 5.864910 -19.358033 0.839695 0.432626 24.738634 -165.963757 6.457659 109.653824 
8.000000 69.000000 48.376418 2.000000 14.000000 17.442000 0.976426 0.291667 9.939728 2.145499 58.615626 0.823529 0.415237 10.000000 126.869898 2.683282 26.565051 
16.000000 71.000000 42.263113 1.000000 17.000000 20.527000 0.892095 0.425000 8.794319 3.973699 -15.844267 0.653846 0.381341 8.944272 -153.434949 4.510671 101.309932 
24.000000 69.000000 39.067266 1.000000 6.000000 5.516000 0.745356 1.000000 3.464102 2.309401 90.000000 1.000000 1.000000 3.605551 123.690068 2.000000 0.000000 
27.000000 70.000000 41.616084 1.000000 7.000000 8.328000 0.910849 0.700000 5.125685 2.115574 -85.692176 1.000000 0.668670 5.099020 101.309932 2.000000 0.000000 
40.000000 74.000000 46.709488 1.000000 56.000000 44.154000 0.986399 0.636364 23.034899 3.786239 89.071795 0.811594 0.314598 22.090722 -95.194429 4.000000 0.000000 
13.000000 74.000000 49.910697 1.000000 20.000000 16.400000 0.843375 0.500000 7.436425 3.995780 -75.922628 0.909091 0.658143 8.246211 -104.036243 4.743416 161.565051 
22.000000 75.000000 71.511879 1.000000 28.000000 24.521000 0.971222 0.583333 13.388542 3.188842 -82.343631 0.777778 0.459814 12.165525 -99.462322 3.721042 -7.125016 
8.000000 77.000000 56.861340 1.000000 16.000000 16.656000 0.964644 0.592593 9.229678 2.432532 -74.847393 0.941176 0.512985 9.486833 -108.434949 3.000000 0.000000 
28.000000 77.000000 33.208517 1.000000 3.000000 3.093000 0.730297 0.750000 2.581989 1.763834 45.000000 1.000000 0.969873 2.828427 135.000000 2.000000 -90.000000 
6.000000 82.000000 37.175320 1.000000 5.000000 8.328000 0.969048 0.500000 6.024504 1.487286 -72.856562 0.714286 0.477622 5.385165 -111.801409 1.897367 -18.434949 
14.000000 86.000000 32.108926 1.000000 3.000000 3.920000 0.942809 1.000000 3.464102 1.154701 90.000000 1.000000 0.756007 3.162278 108.434949 1.000000 0.000000 
43.000000 86.000000 34.673782 1.000000 9.000000 10.842000 0.952175 0.750000 6.686870 2.043198 82.372441 0.900000 0.578382 6.324555 108.434949 2.000000 0.000000 
52.000000 88.000000 31.712566 10.000000 5.000000 7.220000 0.948099 0.416667 5.066665 1.611077 -54.720017 1.000000 0.585230 5.000000 -126.869898 2.121320 -45.000000 
61.000000 87.000000 44.047930 11.000000 3.000000 3.093000 0.730297 0.750000 2.581989 1.763834 45.000000 1.000000 0.969873 2.828427 135.000000 2.000000 -90.000000 
34.000000 90.000000 51.497555 1.000000 47.000000 39.399000 0.974002 0.494737 18.287118 4.142757 -87.732024 0.723077 0.326363 19.235384 -98.972627 4.927885 -176.423666 
21.000000 92.000000 36.959902 1.000000 11.000000 14.622000 0.963021 0.314286 8.190610 2.206771 -58.663749 0.785714 0.438067 8.062258 -119.744881 2.773501 -33.690068 
60.000000 95.000000 57.137695 1.000000 40.000000 25.811000 0.957728 0.769231 13.587770 3.908859 -6.970528 0.952381 0.599646 13.341664 -167.005383 4.000000 -90.000000 
9.000000 92.000000 56.653981 1.000000 28.000000 20.485000 0.932862 0.700000 10.549237 3.800197 -87.545986 0.903226 0.630327 10.198039 -101.309932 4.000000 0.000000 
26.000000 92.000000 44.611472 1.000000 8.000000 7.501000 0.765333 0.666667 4.260095 2.741945 65.592963 0.888889 0.887575 4.472136 116.565051 3.000000 0.000000 
44.000000 95.000000 38.588456 1.000000 16.000000 21.428000 0.975903 0.484848 11.071591 2.415894 84.068309 0.695652 0.333069 11.180340 100.304846 2.786104 5.710593 
25.000000 95.000000 32.126246 11.000000 3.000000 5.624000 0.970143 0.333333 4.760952 1.154701 -45.000000 1.000000 0.490646 4.242641 -135.000000 1.414214 -45.000000 
41.000000 99.000000 33.481693 8.000000 5.000000 8.510000 0.962333 0.500000 5.887652 1.600692 -11.749283 0.714286 0.462817 5.385165 -158.198591 1.940285 104.036243 
5.000000 102.000000 32.837220 1.000000 1.000000 0.000000 0.000000 1.000000 1.154701 1.154701 0.000000 1.000000 1.000000 1.414214 135.000000 1.000000 -90.000000 
7.000000 103.000000 33.557357 11.000000 2.000000 1.960000 0.866025 1.000000 2.309401 1.154701 0.000000 1.000000 0.965669 2.236068 153.434949 1.000000 -90.000000 
15.000000 103.000000 39.448832 1.000000 5.000000 7.774000 0.799510 0.416667 4.346387 2.610668 -73.997308 0.625000 0.527333 4.472136 -116.565051 2.846050 -18.434949 
27.000000 103.000000 55.896332 1.000000 41.000000 35.454000 0.977654 0.569444 17.281134 3.632827 -84.075252 0.759259 0.345874 18.110770 -96.340192 4.000000 0.000000 
60.000000 105.000000 39.131306 6.000000 9.000000 17.202000 0.964712 0.375000 9.391783 2.472935 -9.697075 0.600000 0.273273 8.246211 -165.963757 3.000000 -90.000000 
11.000000 105.000000 58.754253 1.000000 14.000000 15.548000 0.960033 0.437500 8.720989 2.440893 69.294053 0.933333 0.503661 8.544004 110.556045 3.130495 26.565051 
41.000000 107.000000 30.657987 5.000000 2.000000 1.960000 0.866025 1.000000 2.309401 1.154701 0.000000 1.000000 0.965669 2.236068 153.434949 1.000000 -90.000000 
7.000000 111.000000 48.058950 1.000000 10.000000 10.842000 0.940913 0.833333 6.448130 2.183642 83.978712 1.000000 0.642647 6.324555 108.434949 2.000000 0.000000 
27.000000 113.000000 49.780597 1.000000 115.000000 86.117000 0.984132 0.311653 43.332379 7.688908 -83.996997 0.506608 0.181388 41.048752 -92.792702 8.300745 176.729512 
61.000000 110.000000 36.153565 8.000000 4.000000 3.556000 0.000000 1.000000 2.309401 2.309401 0.000000 1.000000 1.000000 2.828427 135.000000 2.000000 -90.000000 
54.000000 117.000000 103.445976 1.000000 42.000000 38.060000 0.986940 0.233333 20.188891 3.252153 54.127442 0.763636 0.310907 18.601075 126.253838 4.200000 36.869898 
51.000000 113.000000 31.645996 1.000000 1.000000 0.000000 0.000000 1.000000 1.154701 1.154701 0.000000 1.000000 1.000000 1.414214 135.000000 1.000000 -90.000000 
53.000000 114.000000 29.767809 12.000000 1.000000 0.000000 0.000000 1.000000 1.154701 1.154701 0.000000 1.000000 1.000000 1.414214 135.000000 1.000000 -90.000000 
7.000000 119.000000 33.080277 1.000000 5.000000 6.368000 0.923687 0.625000 4.492622 1.721341 -69.006394 0.833333 0.694794 4.472136 -116.565051 2.000000 0.000000 
16.000000 120.000000 34.891046 12.000000 5.000000 6.368000 0.923687 0.625000 4.492622 1.721341 -69.006394 1.000000 0.694794 4.472136 -116.565051 2.000000 0.000000 
20.000000 124.000000 51.454693 1.000000 12.000000 15.366000 0.974808 0.375000 9.236418 2.060133 26.455109 0.750000 0.440242 8.944272 153.434949 2.683282 -116.565051 
52.000000 124.000000 39.721636 2.000000 13.000000 17.996000 0.838552 0.371429 8.389791 4.570936 74.067011 0.590909 0.365630 7.615773 113.198591 4.603172 9.462322 
31.000000 125.000000 46.298940 1.000000 4.000000 5.053000 0.866025 0.666667 3.651484 1.825742 71.565051 1.000000 0.748540 3.605551 123.690068 2.000000 0.000000 
44.000000 124.000000 110.398082 1.000000 20.000000 15.275000 0.867151 0.571429 7.796677 3.883103 68.954219 0.869565 0.741005 7.615773 113.198591 4.427189 -161.565051 
28.000000 126.000000 48.646189 1.000000 7.000000 8.328000 0.910849 0.700000 5.125685 2.115574 85.692176 1.000000 0.668670 5.099020 101.309932 2.000000 0.000000 
60.000000 127.000000 47.143732 2.000000 7.000000 7.501000 0.755897 0.583333 4.172402 2.731631 33.400705 0.875000 0.776628 4.472136 153.434949 3.000000 -90.000000 
9.000000 128.000000 63.975680 1.000000 30.000000 22.263000 0.961034 0.681818 12.133487 3.354042 -78.534480 0.882353 0.584126 11.704700 -109.983107 3.922323 168.690068 
15.000000 128.000000 33.559102 1.000000 2.000000 2.812000 0.925820 0.500000 3.055050 1.154701 45.000000 1.000000 0.709058 2.828427 135.000000 1.414214 45.000000 
39.000000 129.000000 67.369969 1.000000 22.000000 23.430000 0.912362 0.349206 9.949886 4.073335 28.027473 0.628571 0.391559 9.219544 167.471192 4.919350 -116.565051 
49.000000 131.000000 77.947183 1.000000 33.000000 33.817000 0.926815 0.362637 14.163725 5.318722 12.773468 0.540984 0.303594 13.601471 162.897271 5.813777 79.695154 
31.000000 133.000000 66.011888 2.000000 26.000000 21.709000 0.964956 0.590909 11.902473 3.123333 -13.510104 0.866667 0.529066 11.704700 -160.016893 3.846096 -74.054604 
18.000000 130.000000 62.532633 5.000000 15.000000 11.603000 0.844847 0.833333 6.093009 3.259808 5.413727 1.000000 0.867033 6.324555 161.565051 3.000000 -90.000000 
42.000000 133.000000 78.775993 2.000000 21.000000 25.580000 0.879567 0.420000 9.843965 4.683519 -5.073060 0.677419 0.319898 10.049876 174.289407 5.000000 -90.000000 
57.000000 129.000000 46.375549 11.000000 7.000000 8.882000 0.942088 0.700000 5.788786 1.941356 -80.384664 0.875000 0.608470 5.385165 -111.801409 2.000000 0.000000 
21.000000 132.000000 57.877727 3.000000 11.000000 14.531000 0.941451 0.305556 7.949009 2.680001 47.437993 0.733333 0.442590 7.810250 129.805571 3.535534 -135.000000 
26.000000 134.000000 80.791816 2.000000 22.000000 19.840000 0.954434 0.550000 10.272917 3.065667 -11.112907 0.846154 0.523446 10.198039 -168.690068 3.638034 -75.963757 
60.000000 131.000000 61.958985 4.000000 4.000000 5.624000 0.000000 0.444444 3.055050 3.055050 0.000000 0.800000 0.654195 3.162278 108.434949 2.828427 -45.000000 
7.000000 133.000000 34.765365 1.000000 1.000000 0.000000 0.000000 1.000000 1.154701 1.154701 0.000000 1.000000 1.000000 1.414214 135.000000 1.000000 -90.000000 
18.000000 136.000000 124.709584 2.000000 22.000000 15.159000 0.831968 0.785714 7.371355 4.089803 12.144872 0.916667 0.825472 7.615773 156.801409 4.000000 -90.000000 
57.000000 137.000000 70.007182 1.000000 27.000000 28.400000 0.971622 0.306818 14.367521 3.398479 31.821365 0.642857 0.341041 12.529964 151.389540 4.451991 57.994617 
5.000000 135.000000 32.528872 1.000000 4.000000 4.590000 0.731925 0.666667 3.055050 2.081666 90.000000 1.000000 0.840876 3.162278 108.434949 2.000000 0.000000 
37.000000 135.000000 57.056316 2.000000 13.000000 12.554000 0.840560 0.541667 6.217643 3.368213 30.029029 0.928571 0.663129 6.403124 141.340192 4.000000 -90.000000 
7.000000 139.000000 72.044677 2.000000 20.000000 21.544000 0.808337 0.416667 8.079659 4.756657 -14.592535 0.645161 0.412432 8.246211 165.963757 5.687368 101.309932 
47.000000 137.000000 62.919122 6.000000 5.000000 6.368000 0.796217 0.833333 3.759433 2.274496 90.000000 0.833333 0.694794 3.605551 123.690068 2.000000 0.000000 
59.000000 140.000000 65.314073 2.000000 8.000000 13.026000 0.872202 0.320000 6.234356 3.049504 43.060738 0.666667 0.384600 6.403124 128.659808 3.400000 36.869898 
24.000000 139.000000 38.567463 1.000000 4.000000 5.053000 0.866025 0.666667 3.651484 1.825742 71.565051 1.000000 0.748540 3.605551 123.690068 2.000000 0.000000 
35.000000 141.000000 91.397923 1.000000 20.000000 17.326000 0.927764 0.555556 8.802136 3.284672 -13.251788 0.869565 0.599938 9.219544 -167.471192 3.794733 108.434949 
48.000000 140.000000 49.004109 6.000000 4.000000 5.905000 0.791649 0.666667 3.586706 2.191393 -75.127559 0.800000 0.614186 3.605551 -123.690068 2.000000 0.000000 
28.000000 141.000000 95.629713 6.000000 17.000000 15.176000 0.878173 0.607143 7.254721 3.470246 -10.973268 0.944444 0.636681 7.280110 -164.054604 4.000000 -90.000000 
18.000000 141.000000 68.948772 6.000000 12.000000 16.102000 0.457541 0.600000 5.056164 4.495885 20.816770 0.800000 0.407210 5.385165 158.198591 4.000000 -90.000000 
13.000000 142.000000 56.301509 6.000000 9.000000 17.508000 0.917069 0.321429 8.733235 3.482193 -86.284296 0.529412 0.265234 7.280110 105.945396 3.945576 9.462322 
32.000000 146.000000 60.972429 7.000000 17.000000 21.652000 0.943073 0.303571 10.045067 3.340841 -45.989903 0.653846 0.347520 9.433981 -122.005383 4.216692 -38.659808 
40.000000 144.000000 58.625813 1.000000 32.000000 30.335000 0.849045 0.400000 11.219976 5.927747 48.684869 0.666667 0.358821 12.206556 145.007980 7.071068 45.000000 
49.000000 144.000000 79.862556 1.000000 1.000000 0.000000 0.000000 1.000000 1.154701 1.154701 0.000000 1.000000 1.000000 1.414214 135.000000 1.000000 -90.000000 
58.000000 144.000000 74.674040 2.000000 23.000000 18.542000 0.933724 0.469388 9.695340 3.470881 -47.646990 0.884615 0.614717 9.899495 -135.000000 4.097180 140.194429 
12.000000 154.000000 120.850511 1.000000 79.000000 59.802000 0.988913 0.197500 30.653711 4.551882 -29.304760 0.598485 0.250573 28.301943 -147.994617 6.131790 -60.524111 
22.000000 151.000000 88.261088 1.000000 38.000000 44.519000 0.988183 0.191919 22.269584 3.413497 -26.668876 0.542857 0.210220 19.697716 -156.037511 5.308070 114.775141 
18.000000 154.000000 103.768664 4.000000 48.000000 38.597000 0.982364 0.333333 20.343493 3.803771 -18.888954 0.716418 0.346239 19.313208 -158.749494 4.670259 -74.054604 
28.000000 149.000000 57.183398 1.000000 24.000000 26.324000 0.969045 0.400000 13.526252 3.339406 -11.981244 0.648649 0.347369 12.369317 -165.963757 4.123106 -75.963757 
56.000000 150.000000 111.182024 1.000000 39.000000 34.124000 0.962028 0.272727 15.773352 4.305346 -43.795586 0.672414 0.352905 14.764823 -151.699244 5.652700 -55.007980 
47.000000 150.000000 107.937744 1.000000 40.000000 37.125000 0.928177 0.307692 14.959744 5.567112 -53.847202 0.625000 0.310013 13.928388 -111.037511 7.107423 156.037511 
34.000000 153.000000 89.969133 1.000000 47.000000 25.398000 0.871292 0.522222 11.372336 5.581150 49.815938 0.921569 0.725124 12.041595 131.633539 6.363961 45.000000 
5.000000 155.000000 37.927896 9.000000 5.000000 8.717000 0.960000 0.312500 5.773503 1.616581 -45.000000 0.714286 0.446800 5.656854 -135.000000 2.121320 -45.000000 
41.000000 155.000000 123.722349 3.000000 32.000000 24.083000 0.902733 0.400000 11.497256 4.946125 -40.059799 0.761905 0.542547 11.180340 -153.434949 6.101702 -56.309932 
55.000000 156.000000 86.442914 3.000000 19.000000 16.028000 0.895667 0.452381 7.894242 3.510763 -47.951328 0.904762 0.649737 8.062258 -119.744881 4.200000 143.130102 
10.000000 167.000000 100.310046 1.000000 48.000000 44.610000 0.955406 0.263736 18.885018 5.576660 -45.803715 0.600000 0.264530 17.804494 -128.157227 6.984539 -53.972627 
32.000000 161.000000 134.062625 1.000000 38.000000 27.730000 0.939408 0.395833 13.426632 4.602657 -57.820287 0.745098 0.501043 12.649111 -108.434949 5.813777 153.434949 
48.000000 161.000000 68.364257 1.000000 24.000000 16.011000 0.840121 0.685714 7.772983 4.216061 -70.262075 1.000000 0.822178 8.062258 -119.744881 4.919350 -26.565051 
41.000000 161.000000 62.210283 1.000000 14.000000 14.051000 0.914350 0.666667 7.389887 2.992356 85.369889 0.823529 0.595189 7.280110 105.945396 3.000000 0.000000 
28.000000 165.000000 91.628404 2.000000 35.000000 33.180000 0.932943 0.299145 15.583255 5.610363 -58.985633 0.593220 0.333387 13.928388 -111.037511 7.273239 161.565051 
41.000000 166.000000 126.157369 1.000000 23.000000 20.510000 0.960841 0.460000 11.122430 3.082021 -69.432731 0.851852 0.516674 10.770330 -111.801409 4.024922 -26.565051 
8.000000 172.000000 96.287592 1.000000 28.000000 22.768000 0.945195 0.444444 11.272087 3.680420 -63.484393 0.800000 0.524139 10.816654 -123.690068 4.456688 158.198591 
21.000000 170.000000 98.869752 1.000000 28.000000 18.186000 0.869623 0.583333 8.903031 4.395574 24.017993 0.903226 0.773543 8.602325 144.462322 4.828079 -111.801409 
29.000000 170.000000 107.902093 1.000000 24.000000 24.273000 0.969736 0.363636 12.657019 3.090285 -68.519905 0.685714 0.401289 11.704700 -109.983107 4.022870 -16.699244 
39.000000 171.000000 69.410954 2.000000 12.000000 13.960000 0.965849 0.428571 8.506707 2.204121 -68.133552 0.800000 0.515606 8.062258 -119.744881 2.785430 -21.801409 
35.000000 172.000000 72.931021 1.000000 11.000000 9.089000 0.724342 0.687500 4.678064 3.225246 -48.971736 1.000000 0.924076 5.000000 -143.130102 3.535534 -45.000000 
15.000000 175.000000 57.624388 1.000000 23.000000 22.677000 0.930890 0.511111 10.230461 3.737181 69.718005 0.793103 0.433583 10.295630 119.054604 4.123106 14.036243 
30.000000 177.000000 156.228453 1.000000 58.000000 39.308000 0.978914 0.402778 19.803097 4.045208 -75.176309 0.816901 0.404474 19.697716 -113.962489 4.608177 -14.036243 
47.000000 190.000000 51.148107 1.000000 76.000000 72.869000 0.977028 0.153226 37.034938 7.892612 -26.842022 0.370732 0.165301 33.615473 -157.249024 8.972910 -65.095231 
9.000000 178.000000 63.091214 2.000000 9.000000 10.288000 0.629814 0.750000 4.376940 3.399771 -58.948636 0.818182 0.627085 5.000000 -126.869898 3.000000 0.000000 
19.000000 177.000000 65.950280 1.000000 15.000000 13.679000 0.814468 0.625000 6.339843 3.678428 14.171077 0.937500 0.666221 6.708204 153.434949 4.000000 -90.000000 
23.000000 178.000000 84.281012 1.000000 18.000000 22.677000 0.895401 0.450000 9.605933 4.277142 -23.622606 0.692308 0.339326 9.433981 -147.994617 4.919350 -63.434949 
14.000000 179.000000 162.126071 1.000000 20.000000 14.671000 0.900405 0.952381 7.816768 3.400707 -87.080254 1.000000 0.792110 7.615773 -113.198591 3.000000 0.000000 
18.000000 181.000000 130.329767 1.000000 8.000000 9.552000 0.814812 0.500000 5.056906 2.931616 38.186503 0.800000 0.623923 5.000000 126.869898 3.328201 -123.690068 
5.000000 183.000000 49.822234 3.000000 6.000000 6.459000 0.778499 0.666667 3.829708 2.403701 45.000000 1.000000 0.818022 4.242641 135.000000 2.828427 -135.000000 
32.000000 183.000000 99.551917 1.000000 40.000000 28.094000 0.906451 0.555556 11.562567 4.883001 -82.961005 0.833333 0.515193 12.165525 -99.462322 5.589566 170.537678 
22.000000 183.000000 68.206760 1.000000 24.000000 20.783000 0.872513 0.533333 9.053272 4.423352 82.465282 0.800000 0.526905 9.219544 102.528808 4.808326 -171.869898 
11.000000 184.000000 144.648502 1.000000 1.000000 0.000000 0.000000 1.000000 1.154701 1.154701 0.000000 1.000000 1.000000 1.414214 135.000000 1.000000 -90.000000 
37.000000 185.000000 47.622025 1.000000 4.000000 4.408000 0.870424 0.666667 3.435909 1.691507 58.282526 1.000000 0.881907 3.605551 123.690068 2.000000 0.000000 
5.000000 188.000000 67.807116 1.000000 5.000000 4.962000 0.765092 0.833333 3.306559 2.129163 -71.565051 1.000000 0.956808 3.605551 -123.690068 2.000000 0.000000 
18.000000 188.000000 76.678770 1.000000 23.000000 15.548000 0.615102 0.766667 6.443659 5.080486 2.097825 0.958333 0.827443 6.708204 153.434949 5.000000 -90.000000 
37.000000 190.000000 56.737786 1.000000 8.000000 9.552000 0.924086 0.533333 5.864558 2.241345 74.643586 0.800000 0.623923 5.385165 111.801409 2.529822 18.434949 
11.000000 192.000000 117.907311 1.000000 55.000000 30.145000 0.930945 0.785714 14.253186 5.204699 -89.759021 0.932203 0.623783 14.142136 -98.130102 5.000000 0.000000 
29.000000 192.000000 104.269514 1.000000 54.000000 33.006000 0.965471 0.675000 17.135954 4.464119 -89.939125 0.843750 0.519332 16.124515 -97.125016 5.000000 0.000000 
39.000000 194.000000 56.879224 1.000000 18.000000 14.051000 0.864072 0.642857 7.098744 3.573280 -73.092394 0.900000 0.765243 7.280110 -105.945396 4.000000 0.000000 
21.000000 195.000000 75.113287 1.000000 21.000000 15.085000 0.881993 0.600000 7.739201 3.647198 -33.154655 0.954545 0.794361 8.062258 -150.255119 4.242641 -45.000000 
5.000000 196.000000 72.035093 1.000000 17.000000 19.468000 0.847285 0.607143 8.149865 4.328709 -15.516105 0.772727 0.417901 8.062258 -150.255119 4.000000 -90.000000 
10.000000 197.000000 88.157308 1.000000 19.000000 14.605000 0.777595 0.633333 6.616318 4.160110 -69.740977 0.904762 0.758112 6.708204 -116.565051 4.919350 -26.565051 
17.000000 198.000000 47.053989 1.000000 16.000000 16.011000 0.896710 0.571429 7.911493 3.501778 82.662623 0.761905 0.548119 7.280110 105.945396 4.000000 0.000000 
35.000000 198.000000 73.367123 1.000000 24.000000 35.429000 0.990766 0.375000 20.553087 2.786584 -84.218952 0.545455 0.202726 16.492423 -104.036243 3.283623 -5.710593 
44.000000 199.000000 58.765998 1.000000 6.000000 8.328000 0.707457 0.666667 4.037534 2.853553 30.321123 0.750000 0.573146 4.242641 135.000000 3.000000 -90.000000 
25.000000 199.000000 82.807201 1.000000 16.000000 11.901000 0.370218 0.640000 4.851837 4.507088 -29.232604 1.000000 0.888555 5.385165 158.198591 4.919350 -63.434949 
14.000000 201.000000 78.396732 1.000000 16.000000 11.330000 0.695608 0.800000 5.450535 3.915780 -18.434949 0.941176 0.960057 5.830952 -149.036243 4.000000 -90.000000 
19.000000 201.000000 84.282060 1.000000 22.000000 17.301000 0.903157 0.687500 8.591926 3.688604 86.023917 0.880000 0.661547 8.246211 104.036243 3.959798 -171.869898 
27.000000 202.000000 77.804512 1.000000 14.000000 11.628000 0.432234 0.560000 4.766664 4.298394 45.000000 0.933333 0.806493 5.385165 111.801409 4.242641 45.000000 
37.000000 202.000000 179.202373 1.000000 21.000000 20.394000 0.971491 0.525000 11.635826 2.758589 80.057092 0.777778 0.476408 10.440307 106.699244 3.452379 -170.537678 
8.000000 202.000000 98.071016 1.000000 31.000000 19.567000 0.880749 0.688889 9.451042 4.475861 -86.577520 0.885714 0.755425 9.486833 -108.434949 5.000000 0.000000 
43.000000 202.000000 66.150327 1.000000 6.000000 6.186000 0.833333 0.666667 4.000000 2.211083 -53.130102 0.857143 0.866607 4.242641 -135.000000 2.683282 153.434949 
50.000000 204.000000 138.698847 1.000000 24.000000 18.732000 0.915302 0.666667 9.228097 3.716779 79.169719 0.888889 0.630349 9.219544 102.528808 4.000000 0.000000 
59.000000 203.000000 59.811385 1.000000 13.000000 11.909000 0.913264 0.541667 6.792268 2.766951 -63.801486 0.866667 0.721184 6.708204 -116.565051 3.130495 -26.565051 
30.000000 204.000000 115.568461 1.000000 13.000000 10.495000 0.647467 0.650000 4.846357 3.693376 78.690068 0.928571 0.878499 5.385165 111.801409 4.000000 0.000000 
22.000000 206.000000 197.410273 1.000000 27.000000 21.825000 0.949821 0.450000 11.231144 3.513048 72.201615 0.794118 0.544321 10.440307 106.699244 4.110961 -161.565051 
33.000000 207.000000 111.121990 1.000000 16.000000 13.034000 0.525026 0.640000 5.198762 4.424594 18.579148 0.888889 0.768439 5.830952 120.963757 4.919350 -116.565051 
42.000000 206.000000 163.775158 1.000000 28.000000 21.337000 0.940125 0.560000 10.926553 3.724103 77.433646 0.823529 0.587212 10.440307 106.699244 4.427189 18.434949 
56.000000 208.000000 60.851348 1.000000 8.000000 8.882000 0.920807 0.800000 5.445698 2.123921 81.322988 1.000000 0.695395 5.385165 111.801409 2.000000 0.000000 
26.000000 210.000000 154.234467 1.000000 31.000000 23.206000 0.961192 0.645833 12.388801 3.417845 80.367676 0.911765 0.561164 12.165525 99.462322 3.922323 -168.690068 
36.000000 209.000000 124.307609 1.000000 18.000000 13.588000 0.703226 0.600000 5.946484 4.227753 -20.897392 0.947368 0.808187 6.708204 -153.434949 4.919350 -63.434949 
49.000000 209.000000 86.638118 1.000000 20.000000 19.170000 0.970655 0.666667 10.968562 2.637674 82.891159 0.869565 0.504869 10.198039 101.309932 3.000000 0.000000 
11.000000 212.000000 137.797612 1.000000 61.000000 36.447000 0.970406 0.369697 18.624792 4.497530 61.540042 0.897059 0.489102 18.027756 123.690068 5.366563 26.565051 
26.000000 214.000000 108.748110 1.000000 53.000000 44.477000 0.986813 0.331250 22.989906 3.721222 75.654691 0.654321 0.293719 20.396078 101.309932 4.702343 14.931417 
41.000000 211.000000 152.846638 1.000000 24.000000 16.193000 0.856747 0.750000 7.909211 4.079071 -89.930677 0.960000 0.806772 8.246211 104.036243 4.000000 0.000000 
57.000000 211.000000 57.457129 1.000000 5.000000 6.550000 0.889464 0.625000 4.253087 1.943686 84.847577 0.833333 0.668944 4.123106 104.036243 2.000000 0.000000 
53.000000 213.000000 81.577536 1.000000 1.000000 0.000000 0.000000 1.000000 1.154701 1.154701 0.000000 1.000000 1.000000 1.414214 135.000000 1.000000 -90.000000 
17.000000 212.000000 74.166673 1.000000 11.000000 13.034000 0.899058 0.440000 6.596602 2.888182 45.000000 0.846154 0.528302 6.403124 128.659808 3.535534 45.000000 
45.000000 213.000000 124.869025 1.000000 10.000000 8.626000 0.592258 0.625000 4.163332 3.354599 45.000000 1.000000 0.907475 4.472136 116.565051 3.535534 45.000000 
48.000000 215.000000 180.921170 1.000000 22.000000 14.233000 0.666588 0.733333 6.282952 4.683479 77.514385 1.000000 0.915806 6.708204 116.565051 5.000000 0.000000 
12.000000 218.000000 101.383199 1.000000 26.000000 26.208000 0.983381 0.400000 14.402329 2.614809 72.206012 0.787879 0.379297 13.928388 111.037511 3.162278 18.434949 
30.000000 220.000000 167.974716 1.000000 94.000000 66.310000 0.994296 0.233251 37.341876 3.982669 69.143355 0.681159 0.244891 32.893768 109.536655 5.268970 -160.201124 
56.000000 217.000000 222.273264 1.000000 25.000000 19.749000 0.920640 0.555556 9.766834 3.813085 -76.579550 0.833333 0.599564 9.486833 -108.434949 4.642383 158.198591 
60.000000 220.000000 94.368773 1.000000 5.000000 4.962000 0.765092 0.833333 3.306559 2.129163 71.565051 1.000000 0.956808 3.605551 123.690068 2.000000 0.000000 
52.000000 223.000000 89.559011 1.000000 31.000000 24.364000 0.965791 0.430556 12.831503 3.327503 65.019696 0.885714 0.514908 13.000000 112.619865 4.024922 26.565051 
54.000000 226.000000 80.446588 1.000000 36.000000 32.808000 0.973624 0.321429 17.215184 3.927794 69.227141 0.642857 0.350045 14.866069 109.653824 5.350054 15.255119 
35.000000 225.000000 31.790290 1.000000 6.000000 10.288000 0.976006 0.500000 7.105970 1.547283 -76.835853 0.750000 0.418057 6.324555 -108.434949 1.940285 165.963757 
44.000000 226.000000 33.797259 2.000000 3.000000 3.093000 0.730297 0.750000 2.581989 1.763834 45.000000 1.000000 0.969873 2.828427 135.000000 2.000000 -90.000000 
11.000000 230.000000 45.322929 1.000000 21.000000 25.960000 0.985989 0.250000 15.050956 2.510616 63.778541 0.656250 0.311599 13.416408 116.565051 3.399501 29.054604 
46.000000 231.000000 104.811713 1.000000 31.000000 21.751000 0.895487 0.430556 10.165431 4.524506 36.084684 0.861111 0.628682 9.848858 156.037511 4.997560 51.340192 
35.000000 232.000000 34.663952 1.000000 9.000000 12.248000 0.960737 0.642857 7.261589 2.014808 -88.371389 0.900000 0.477527 7.071068 98.130102 2.000000 0.000000 
10.000000 236.000000 38.362391 2.000000 11.000000 15.548000 0.971667 0.458333 8.981782 2.122889 73.955133 0.733333 0.395734 8.544004 110.556045 2.667892 -165.963757 
19.000000 236.000000 47.855517 1.000000 14.000000 16.656000 0.972870 0.518519 9.388955 2.172159 73.388187 0.875000 0.448862 9.486833 108.434949 2.846050 -161.565051 
43.000000 236.000000 67.752477 2.000000 10.000000 9.643000 0.475794 0.625000 4.254684 3.742236 -25.670096 0.909091 0.768840 5.000000 -143.130102 4.000000 -90.000000 
