227
31.000000 116.000000 11.480573 1.000000 10239.000000 591.556000 0.960849 0.666602 282.541192 78.284306 0.639170 0.666602 0.363810 248.386795 165.068583 64.000000 -90.000000 
17.000000 4.000000 34.506859 1.000000 11.000000 12.802000 0.960985 0.785714 7.631749 2.110954 84.041162 0.916667 0.543789 7.280110 105.945396 2.000000 0.000000 
23.000000 4.000000 35.063457 1.000000 7.000000 6.922000 0.856222 0.875000 4.312826 2.228038 81.650378 1.000000 0.868564 4.472136 116.565051 2.000000 0.000000 
30.000000 4.000000 34.019803 1.000000 8.000000 10.288000 0.956611 0.666667 6.470141 1.885191 78.474350 0.888889 0.557409 6.324555 108.434949 2.000000 0.000000 
38.000000 6.000000 104.116137 8.000000 9.000000 8.882000 0.907936 0.900000 5.399179 2.262845 4.731161 1.000000 0.782319 5.385165 158.198591 2.000000 -90.000000 
54.000000 6.000000 92.940605 1.000000 23.000000 18.269000 0.892978 0.479167 8.770087 3.947418 -57.953980 0.884615 0.630493 8.944272 -116.565051 4.949747 135.000000 
13.000000 5.000000 29.544945 12.000000 1.000000 0.000000 0.000000 1.000000 1.154701 1.154701 0.000000 1.000000 1.000000 1.414214 135.000000 1.000000 -90.000000 
20.000000 9.000000 33.260626 1.000000 11.000000 17.508000 0.973633 0.611111 9.736106 2.220982 1.940688 0.687500 0.324175 9.219544 167.471192 2.000000 -90.000000 
8.000000 13.000000 94.009391 1.000000 44.000000 29.980000 0.961329 0.366667 15.348480 4.227017 -39.812560 0.916667 0.504011 15.000000 -143.130102 4.891749 -48.814075 
44.000000 8.000000 36.827744 1.000000 10.000000 14.696000 0.967816 0.625000 9.061275 2.280341 87.613230 0.714286 0.394946 8.062258 97.125016 2.000000 0.000000 
40.000000 11.000000 106.004921 7.000000 17.000000 15.366000 0.917537 0.531250 8.004103 3.182832 -16.339343 0.850000 0.623676 8.246211 -165.963757 3.794733 108.434949 
58.000000 9.000000 106.248966 1.000000 20.000000 13.497000 0.649623 0.666667 5.971362 4.539769 85.719555 0.952381 0.907834 6.324555 108.434949 5.000000 0.000000 
50.000000 12.000000 123.665102 1.000000 39.000000 26.390000 0.950554 0.750000 13.426388 4.169686 83.915406 0.906977 0.561954 13.341664 102.994617 4.000000 0.000000 
38.000000 14.000000 43.340835 1.000000 9.000000 11.140000 0.937614 0.500000 6.359595 2.211083 -71.565051 0.818182 0.554497 6.708204 -116.565051 2.667892 165.963757 
58.000000 14.000000 72.269823 1.000000 14.000000 14.812000 0.794409 0.583333 6.431605 3.906445 80.130906 0.736842 0.545802 6.403124 128.659808 4.000000 0.000000 
27.000000 16.000000 65.161355 1.000000 48.000000 38.390000 0.987624 0.360902 20.725144 3.250479 71.293816 0.827586 0.349699 19.924859 107.525568 3.794733 18.434949 
54.000000 16.000000 93.216671 1.000000 9.000000 8.882000 0.907936 0.900000 5.399179 2.262845 85.268839 1.000000 0.782319 5.385165 111.801409 2.000000 0.000000 
36.000000 15.000000 40.155309 1.000000 3.000000 3.093000 0.730297 0.750000 2.581989 1.763834 45.000000 1.000000 0.969873 2.828427 135.000000 2.000000 -90.000000 
48.000000 16.000000 77.893023 1.000000 27.000000 21.635000 0.940726 0.675000 10.857940 3.682651 -81.297103 0.843750 0.552701 10.440307 -106.699244 4.000000 0.000000 
43.000000 18.000000 79.485838 6.000000 10.000000 10.495000 0.865132 0.666667 5.512146 2.764582 -22.357474 0.909091 0.675769 5.830952 -149.036243 3.000000 -90.000000 
14.000000 19.000000 88.554235 1.000000 13.000000 13.034000 0.803245 0.541667 6.075260 3.618724 -85.193943 0.812500 0.624357 6.324555 108.434949 4.000000 0.000000 
35.000000 21.000000 48.383611 1.000000 23.000000 27.614000 0.986295 0.410714 15.123748 2.495246 75.742011 0.741935 0.305555 14.560220 105.945396 3.253957 -167.471192 
52.000000 21.000000 93.544153 1.000000 31.000000 21.982000 0.927023 0.704545 10.860167 4.072600 -85.596866 0.911765 0.617175 11.045361 95.194429 4.000000 0.000000 
14.000000 23.000000 50.424899 1.000000 12.000000 20.527000 0.985239 0.214286 12.376513 2.118632 55.578698 0.600000 0.269182 10.630146 131.185925 3.022439 35.537678 
21.000000 22.000000 64.491272 1.000000 20.000000 18.459000 0.954171 0.416667 10.054502 3.008928 -55.505347 0.833333 0.538652 10.000000 -126.869898 4.024922 153.434949 
44.000000 24.000000 79.845760 1.000000 28.000000 21.271000 0.903414 0.500000 9.777590 4.192327 -30.195406 0.848485 0.590391 9.433981 -147.994617 4.801960 -59.036243 
6.000000 24.000000 30.975716 8.000000 4.000000 4.408000 0.870424 0.666667 3.435909 1.691507 -31.717474 1.000000 0.881907 3.605551 -146.309932 2.000000 -90.000000 
59.000000 23.000000 87.062178 1.000000 13.000000 11.330000 0.884107 0.722222 6.184232 2.889799 -77.042082 0.928571 0.780047 6.324555 -108.434949 3.000000 0.000000 
36.000000 25.000000 33.335700 2.000000 2.000000 1.960000 0.866025 1.000000 2.309401 1.154701 90.000000 1.000000 0.965669 2.236068 116.565051 1.000000 0.000000 
8.000000 27.000000 30.034230 10.000000 1.000000 0.000000 0.000000 1.000000 1.154701 1.154701 0.000000 1.000000 1.000000 1.414214 135.000000 1.000000 -90.000000 
53.000000 28.000000 91.314800 1.000000 37.000000 24.587000 0.955299 0.770833 13.163592 3.891718 -84.917268 0.925000 0.604722 12.369317 -104.036243 4.000000 0.000000 
60.000000 27.000000 44.261594 2.000000 4.000000 4.590000 0.731925 0.666667 3.055050 2.081666 90.000000 1.000000 0.840876 3.162278 108.434949 2.000000 0.000000 
24.000000 29.000000 32.709847 1.000000 4.000000 5.880000 0.968246 1.000000 4.618802 1.154701 90.000000 1.000000 0.617595 4.123106 104.036243 1.000000 0.000000 
47.000000 32.000000 74.629025 1.000000 19.000000 17.045000 0.927297 0.593750 8.612695 3.223969 -10.250064 0.826087 0.585919 8.246211 -165.963757 3.726207 -78.690068 
59.000000 32.000000 36.943083 7.000000 5.000000 7.840000 0.979796 1.000000 5.773503 1.154701 0.000000 1.000000 0.521014 5.099020 168.690068 1.000000 -90.000000 
43.000000 35.000000 44.747116 1.000000 14.000000 17.326000 0.978492 0.388889 10.230441 2.110385 -67.632017 0.777778 0.419957 9.848858 -113.962489 2.785430 -21.801409 
56.000000 34.000000 28.979539 2.000000 1.000000 0.000000 0.000000 1.000000 1.154701 1.154701 0.000000 1.000000 1.000000 1.414214 135.000000 1.000000 -90.000000 
10.000000 36.000000 31.684364 5.000000 3.000000 4.590000 0.928995 0.500000 3.854129 1.426385 28.154966 1.000000 0.630657 3.605551 146.309932 1.788854 63.434949 
59.000000 36.000000 47.647431 2.000000 7.000000 10.586000 0.599053 0.437500 4.328509 3.465878 59.527302 0.777778 0.466787 4.472136 116.565051 3.535534 45.000000 
50.000000 38.000000 63.328138 7.000000 21.000000 15.548000 0.894490 0.656250 7.963821 3.560524 -14.638710 0.954545 0.755491 8.246211 -165.963757 4.000000 -90.000000 
10.000000 38.000000 31.684321 1.000000 4.000000 4.590000 0.731925 0.666667 3.055050 2.081666 90.000000 1.000000 0.840876 3.162278 108.434949 2.000000 0.000000 
8.000000 39.000000 34.108321 1.000000 7.000000 8.626000 0.757460 0.583333 4.284108 2.797014 -86.437492 0.875000 0.635232 4.472136 -116.565051 3.000000 0.000000 
18.000000 40.000000 40.633282 11.000000 7.000000 9.180000 0.935083 0.466667 5.601610 1.985369 -64.116913 0.875000 0.579394 5.830952 -120.963757 2.529822 -18.434949 
56.000000 39.000000 41.821070 2.000000 9.000000 8.717000 0.852803 0.562500 4.944132 2.581989 45.000000 1.000000 0.804241 5.000000 126.869898 2.828427 45.000000 
32.000000 42.000000 39.156468 2.000000 14.000000 16.028000 0.784132 0.466667 7.022018 4.357819 65.534912 0.636364 0.478754 7.211103 123.690068 4.743416 -161.565051 
25.000000 43.000000 46.952202 1.000000 21.000000 21.916000 0.964562 0.381818 11.486106 3.030681 -71.138261 0.724138 0.420291 11.401754 -105.255119 3.794733 -18.434949 
49.000000 42.000000 37.295589 1.000000 3.000000 3.093000 0.730297 0.750000 2.581989 1.763834 -45.000000 1.000000 0.969873 2.828427 -135.000000 2.000000 -90.000000 
55.000000 44.000000 62.363666 1.000000 28.000000 25.282000 0.958127 0.466667 13.012826 3.726131 -80.036723 0.717949 0.435522 12.165525 -99.462322 4.807620 -15.945396 
4.000000 47.000000 40.808938 7.000000 9.000000 10.288000 0.942932 0.750000 6.161450 2.051676 -10.278023 1.000000 0.627085 6.324555 -161.565051 2.000000 -90.000000 
17.000000 50.000000 54.643452 4.000000 36.000000 31.840000 0.986582 0.375000 17.473696 2.852909 19.326930 0.857143 0.369686 17.088007 159.443955 3.478505 71.565051 
7.000000 47.000000 41.548907 1.000000 5.000000 6.368000 0.923687 0.625000 4.492622 1.721341 20.993606 0.833333 0.694794 4.472136 153.434949 2.000000 -90.000000 
30.000000 48.000000 35.298520 1.000000 12.000000 21.180000 0.943787 0.214286 11.441918 3.782161 -34.824211 0.461538 0.254922 10.000000 -143.130102 4.217181 -60.255119 
49.000000 49.000000 32.779155 4.000000 3.000000 4.590000 0.928995 0.500000 3.854129 1.426385 28.154966 1.000000 0.630657 3.605551 146.309932 1.788854 63.434949 
54.000000 54.000000 46.569553 1.000000 21.000000 21.130000 0.975533 0.636364 11.820801 2.598830 -9.439930 0.875000 0.447953 11.401754 -164.744881 3.000000 -90.000000 
5.000000 53.000000 60.666106 2.000000 19.000000 17.326000 0.945583 0.527778 9.170098 2.983764 19.076716 0.863636 0.569941 9.486833 161.565051 3.577709 63.434949 
36.000000 56.000000 47.898709 1.000000 20.000000 21.064000 0.976997 0.454545 11.680008 2.490797 18.070621 0.869565 0.428952 11.704700 160.016893 3.162278 -108.434949 
21.000000 55.000000 36.256051 5.000000 9.000000 11.421000 0.955935 0.500000 6.896054 2.024541 18.434949 0.818182 0.533304 6.708204 153.434949 2.529822 71.565051 
59.000000 55.000000 40.909453 1.000000 9.000000 10.685000 0.929086 0.450000 6.203865 2.294591 57.673088 0.818182 0.591592 6.403124 128.659808 2.683282 26.565051 
45.000000 56.000000 37.924317 1.000000 12.000000 13.588000 0.945910 0.571429 7.435822 2.412399 71.976852 0.857143 0.538791 7.615773 113.198591 3.000000 0.000000 
11.000000 64.000000 63.602281 3.000000 49.000000 33.188000 0.965928 0.765625 16.025150 4.147469 -5.619652 0.907407 0.466536 16.278821 -169.380345 4.000000 -90.000000 
28.000000 56.000000 28.603522 6.000000 1.000000 0.000000 0.000000 1.000000 1.154701 1.154701 0.000000 1.000000 1.000000 1.414214 135.000000 1.000000 -90.000000 
27.000000 58.000000 29.780113 6.000000 1.000000 0.000000 0.000000 1.000000 1.154701 1.154701 0.000000 1.000000 1.000000 1.414214 135.000000 1.000000 -90.000000 
52.000000 58.000000 38.630585 1.000000 5.000000 6.368000 0.923687 0.625000 4.492622 1.721341 -69.006394 0.833333 0.694794 4.472136 -116.565051 2.000000 0.000000 
58.000000 60.000000 56.823555 1.000000 11.000000 11.330000 0.939671 0.611111 6.813534 2.330774 -71.565051 0.846154 0.660039 6.708204 -116.565051 2.846050 -18.434949 
5.000000 69.000000 64.182496 5.000000 35.000000 31.509000 0.984686 0.729167 17.094838 2.980297 -0.956248 0.875000 0.366317 16.124515 172.874984 3.000000 -90.000000 
56.000000 66.000000 49.813845 1.000000 31.000000 28.574000 0.957199 0.476923 13.554964 3.923219 -2.524878 0.688889 0.387281 13.152946 -171.253838 4.776179 95.710593 
25.000000 64.000000 29.146379 8.000000 1.000000 0.000000 0.000000 1.000000 1.154701 1.154701 0.000000 1.000000 1.000000 1.414214 135.000000 1.000000 -90.000000 
28.000000 66.000000 37.734730 6.000000 9.000000 14.622000 0.713304 0.450000 5.465416 3.830462 -4.486313 0.692308 0.358419 5.385165 158.198591 4.000000 -90.000000 
35.000000 65.000000 29.099533 2.000000 1.000000 0.000000 0.000000 1.000000 1.154701 1.154701 0.000000 1.000000 1.000000 1.414214 135.000000 1.000000 -90.000000 
33.000000 66.000000 29.072015 2.000000 1.000000 0.000000 0.000000 1.000000 1.154701 1.154701 0.000000 1.000000 1.000000 1.414214 135.000000 1.000000 -90.000000 
33.000000 71.000000 36.647692 1.000000 15.000000 17.789000 0.975644 0.416667 10.079683 2.211083 -71.565051 0.833333 0.430267 9.848858 -113.962489 2.846050 161.565051 
25.000000 70.000000 40.418302 1.000000 5.000000 7.774000 0.799510 0.416667 4.346387 2.610668 -16.002692 0.714286 0.527333 4.472136 -153.434949 2.846050 108.434949 
59.000000 72.000000 36.563886 1.000000 7.000000 9.180000 0.895136 0.700000 5.118152 2.281640 87.322087 0.875000 0.579394 5.099020 101.309932 2.000000 0.000000 
29.000000 73.000000 42.925864 5.000000 10.000000 10.288000 0.933821 0.833333 6.150265 2.200207 -7.018122 1.000000 0.696762 6.324555 -161.565051 2.000000 -90.000000 
55.000000 75.000000 58.123249 3.000000 9.000000 8.882000 0.907936 0.900000 5.399179 2.262845 4.731161 1.000000 0.782319 5.385165 158.198591 2.000000 -90.000000 
9.000000 76.000000 49.120873 1.000000 11.000000 14.994000 0.951699 0.392857 8.094159 2.485167 73.225789 0.687500 0.420280 8.062258 119.744881 2.910428 -165.963757 
59.000000 78.000000 55.929024 1.000000 11.000000 12.157000 0.925087 0.611111 6.714886 2.550017 -77.859270 0.846154 0.590608 6.708204 -116.565051 3.000000 0.000000 
5.000000 80.000000 71.415270 2.000000 16.000000 14.696000 0.913147 0.761905 7.863225 3.205287 1.946310 0.842105 0.631913 7.280110 164.054604 3.000000 -90.000000 
35.000000 78.000000 29.792100 3.000000 1.000000 0.000000 0.000000 1.000000 1.154701 1.154701 0.000000 1.000000 1.000000 1.414214 135.000000 1.000000 -90.000000 
15.000000 80.000000 40.321333 1.000000 18.000000 22.536000 0.983757 0.500000 12.774435 2.293088 79.788030 0.782609 0.343063 12.369317 104.036243 2.928561 12.528808 
54.000000 80.000000 54.568768 5.000000 12.000000 11.330000 0.906481 0.666667 6.404669 2.704356 14.169566 0.857143 0.720043 6.324555 161.565051 3.000000 -90.000000 
42.000000 85.000000 33.671716 9.000000 15.000000 27.747000 0.993453 0.136364 16.257902 1.857286 -48.444337 0.625000 0.197563 14.866069 -132.273689 2.811128 141.340192 
58.000000 83.000000 45.872254 1.000000 13.000000 13.290000 0.954577 0.619048 7.913389 2.357910 -74.077921 0.866667 0.605054 7.615773 -113.198591 2.846050 -18.434949 
10.000000 85.000000 68.097797 1.000000 22.000000 21.271000 0.942789 0.392857 10.375889 3.459229 -45.633437 0.733333 0.463879 10.000000 -126.869898 4.242641 -45.000000 
23.000000 85.000000 35.098538 1.000000 12.000000 13.497000 0.958773 0.400000 8.028768 2.281567 49.042260 0.857143 0.544701 7.810250 129.805571 2.828427 45.000000 
52.000000 85.000000 48.432909 1.000000 10.000000 10.214000 0.891649 0.500000 5.664760 2.564597 39.027911 1.000000 0.704504 5.830952 149.036243 2.828427 45.000000 
57.000000 88.000000 71.932494 1.000000 20.000000 17.764000 0.961875 0.740741 10.032840 2.743862 -80.447887 0.869565 0.575062 9.486833 -108.434949 3.000000 0.000000 
7.000000 89.000000 74.822404 2.000000 11.000000 11.810000 0.946752 0.458333 6.993079 2.251509 54.873418 0.916667 0.618340 7.211103 123.690068 2.828427 45.000000 
19.000000 91.000000 48.970388 1.000000 33.000000 33.090000 0.980947 0.230769 17.066920 3.315702 -51.100869 0.702128 0.315900 15.620499 -129.805571 4.980071 -41.987212 
49.000000 91.000000 61.632660 1.000000 21.000000 20.626000 0.944132 0.388889 9.868026 3.252185 26.766220 0.840000 0.467153 9.486833 161.565051 3.577709 63.434949 
55.000000 96.000000 61.415622 1.000000 31.000000 24.984000 0.971364 0.596154 13.240587 3.145904 -76.650420 0.885714 0.492457 13.601471 -107.102729 3.880570 165.963757 
46.000000 99.000000 78.220032 2.000000 21.000000 16.383000 0.925255 0.656250 8.842980 3.354543 15.061164 0.913043 0.692254 8.544004 159.443955 3.880570 -104.036243 
9.000000 98.000000 32.988316 5.000000 4.000000 7.220000 0.866025 0.500000 4.618802 2.309401 90.000000 0.666667 0.468184 4.123106 104.036243 2.000000 0.000000 
13.000000 103.000000 55.765352 5.000000 34.000000 24.637000 0.911923 0.618182 11.121160 4.563694 8.739566 0.871795 0.553692 11.401754 164.744881 5.000000 -90.000000 
34.000000 100.000000 40.111086 1.000000 15.000000 21.552000 0.990075 0.272727 13.037484 1.832304 -64.902786 0.789474 0.309124 12.083046 -114.443955 2.236068 -26.565051 
6.000000 103.000000 40.788813 5.000000 13.000000 17.144000 0.981594 0.361111 10.417809 1.989577 22.243240 0.812500 0.396988 9.848858 156.037511 2.599735 -111.801409 
43.000000 105.000000 127.774980 2.000000 17.000000 16.011000 0.940901 0.531250 8.734748 2.958289 13.450546 0.809524 0.582376 8.246211 165.963757 3.478505 71.565051 
59.000000 103.000000 42.946466 1.000000 11.000000 10.842000 0.936793 0.916667 6.513910 2.279105 -86.942248 1.000000 0.706911 6.324555 -108.434949 2.000000 0.000000 
52.000000 106.000000 52.833579 1.000000 20.000000 21.552000 0.981218 0.363636 12.222433 2.357711 -68.328264 0.833333 0.412165 12.083046 -114.443955 3.130495 -26.565051 
33.000000 107.000000 43.804386 1.000000 26.000000 27.101000 0.980590 0.619048 14.422067 2.827739 -83.084662 0.838710 0.357228 14.317821 -102.094757 3.000000 0.000000 
10.000000 109.000000 51.734231 4.000000 12.000000 12.273000 0.900563 0.666667 6.499195 2.825366 11.452885 0.857143 0.634639 6.324555 161.565051 3.000000 -90.000000 
14.000000 109.000000 59.322452 1.000000 14.000000 11.421000 0.829234 0.700000 5.884389 3.288791 23.889583 0.933333 0.829584 6.403124 141.340192 3.794733 71.565051 
28.000000 109.000000 30.374127 2.000000 4.000000 4.590000 0.731925 0.666667 3.055050 2.081666 90.000000 1.000000 0.840876 3.162278 108.434949 2.000000 0.000000 
59.000000 109.000000 51.607758 1.000000 8.000000 8.882000 0.920807 0.800000 5.445698 2.123921 81.322988 0.888889 0.695395 5.385165 111.801409 2.000000 0.000000 
40.000000 114.000000 99.934506 4.000000 30.000000 20.882000 0.949548 0.600000 11.289949 3.540769 19.911297 0.909091 0.653214 11.180340 153.434949 4.110961 71.565051 
52.000000 111.000000 49.460505 1.000000 27.000000 23.024000 0.965929 0.750000 12.293845 3.181725 -88.661870 0.870968 0.495579 12.041595 94.763642 3.000000 0.000000 
16.000000 115.000000 61.544658 4.000000 20.000000 18.732000 0.943789 0.444444 9.789557 3.235931 -17.433326 0.769231 0.525291 9.219544 -167.471192 4.070499 113.198591 
10.000000 114.000000 57.977095 2.000000 21.000000 13.472000 0.489649 0.840000 5.687677 4.959198 -50.392149 1.000000 0.956097 6.403124 -141.340192 5.000000 -90.000000 
33.000000 115.000000 35.004643 6.000000 5.000000 7.013000 0.931488 0.625000 4.881890 1.775899 10.900705 0.833333 0.609333 4.472136 153.434949 2.000000 -90.000000 
8.000000 116.000000 54.044101 1.000000 5.000000 5.814000 0.743786 0.555556 3.529850 2.359413 -55.900705 0.833333 0.783414 3.605551 -146.309932 2.683282 153.434949 
48.000000 118.000000 55.229360 4.000000 5.000000 6.550000 0.889464 0.625000 4.253087 1.943686 5.152423 1.000000 0.668944 4.123106 165.963757 2.000000 -90.000000 
10.000000 119.000000 86.568283 1.000000 19.000000 12.645000 0.741885 0.791667 6.117888 4.102212 5.582440 0.950000 0.958047 6.324555 161.565051 4.000000 -90.000000 
19.000000 118.000000 39.164413 1.000000 3.000000 3.920000 0.942809 1.000000 3.464102 1.154701 90.000000 1.000000 0.756007 3.162278 108.434949 1.000000 0.000000 
43.000000 119.000000 75.815524 1.000000 15.000000 18.542000 0.958237 0.555556 9.135143 2.612417 -82.414412 0.750000 0.400902 9.055385 96.340192 3.000000 0.000000 
56.000000 121.000000 54.211519 1.000000 34.000000 24.339000 0.961809 0.566667 12.901367 3.531363 -72.193442 0.918919 0.565766 13.000000 -112.619865 4.110961 -18.434949 
60.000000 119.000000 31.624046 12.000000 1.000000 0.000000 0.000000 1.000000 1.154701 1.154701 0.000000 1.000000 1.000000 1.414214 135.000000 1.000000 -90.000000 
7.000000 121.000000 43.353242 7.000000 13.000000 15.366000 0.935318 0.371429 8.487597 3.002981 -26.961000 0.722222 0.476929 7.615773 -156.801409 3.899602 111.801409 
18.000000 121.000000 77.600417 8.000000 15.000000 12.273000 0.700153 0.750000 5.522441 3.942980 -19.798104 0.937500 0.793299 5.830952 -149.036243 4.000000 -90.000000 
37.000000 121.000000 74.001287 4.000000 13.000000 11.810000 0.785374 0.541667 5.587761 3.458945 15.047121 0.866667 0.730766 6.082763 170.537678 4.000000 -90.000000 
48.000000 124.000000 84.352591 1.000000 29.000000 20.601000 0.923354 0.580000 10.395949 3.991513 -18.986257 0.852941 0.646475 10.440307 -163.300756 4.743416 -71.565051 
39.000000 123.000000 42.587935 1.000000 6.000000 6.922000 0.894483 0.750000 4.513541 2.018017 77.066822 0.857143 0.744483 4.472136 116.565051 2.000000 0.000000 
12.000000 131.000000 116.361047 1.000000 79.000000 47.099000 0.963797 0.377990 21.880539 5.834138 -22.267145 0.686957 0.393303 20.615528 -157.166346 7.256551 -69.443955 
34.000000 127.000000 82.496385 1.000000 37.000000 28.648000 0.936045 0.420455 13.181792 4.638403 22.372483 0.725490 0.460089 12.529964 151.389540 5.383564 66.801409 
24.000000 129.000000 69.317404 1.000000 63.000000 36.745000 0.917436 0.403846 15.368490 6.114882 -40.964360 0.807692 0.497619 15.000000 -126.869898 7.488453 123.690068 
61.000000 127.000000 30.007736 4.000000 1.000000 0.000000 0.000000 1.000000 1.154701 1.154701 0.000000 1.000000 1.000000 1.414214 135.000000 1.000000 -90.000000 
42.000000 130.000000 71.028738 1.000000 37.000000 24.959000 0.957207 0.770833 13.334569 3.859075 85.605357 0.902439 0.588817 12.369317 104.036243 4.000000 0.000000 
52.000000 131.000000 77.103791 1.000000 15.000000 13.125000 0.916930 0.500000 7.353487 2.934396 -37.938407 0.937500 0.712374 7.211103 -146.309932 3.535534 -45.000000 
35.000000 135.000000 179.671188 1.000000 24.000000 17.235000 0.911948 0.571429 8.996151 3.691181 -55.698715 0.960000 0.726370 9.219544 -130.601295 4.437602 146.309932 
46.000000 136.000000 120.516120 1.000000 39.000000 33.800000 0.972381 0.520000 17.805915 4.155903 83.776812 0.661017 0.359123 15.524175 104.931417 4.707859 -174.805571 
56.000000 136.000000 117.313707 1.000000 22.000000 17.715000 0.811518 0.523810 7.725189 4.514039 -61.370509 0.880000 0.635544 7.810250 -140.194429 5.491252 168.690068 
32.000000 138.000000 100.073579 1.000000 33.000000 32.510000 0.938761 0.330000 13.888580 4.785566 -44.955431 0.660000 0.326262 12.806248 -141.340192 5.656854 135.000000 
47.000000 141.000000 219.424497 1.000000 36.000000 31.650000 0.973922 0.400000 15.778168 3.579781 -69.871882 0.720000 0.373735 15.524175 -104.931417 4.569058 -23.962489 
60.000000 141.000000 92.133681 2.000000 18.000000 16.102000 0.881211 0.642857 7.744629 3.661071 3.532368 0.857143 0.610816 7.280110 164.054604 4.000000 -90.000000 
39.000000 142.000000 166.220375 1.000000 20.000000 16.590000 0.810659 0.555556 7.130065 4.174787 -55.085327 0.833333 0.645529 7.211103 -123.690068 4.949747 -45.000000 
22.000000 145.000000 116.806901 1.000000 56.000000 33.090000 0.943353 0.430769 15.421646 5.116771 -56.986784 0.861538 0.536072 14.764823 -118.300756 5.953667 -29.744881 
46.000000 145.000000 139.136743 2.000000 22.000000 23.413000 0.933235 0.392857 10.878188 3.908176 -60.858533 0.666667 0.392061 10.000000 -126.869898 4.837355 150.255119 
56.000000 144.000000 213.338056 1.000000 21.000000 14.903000 0.788663 0.600000 6.856373 4.215471 79.072892 0.913043 0.810466 7.280110 105.945396 4.743416 -161.565051 
35.000000 146.000000 74.565414 1.000000 34.000000 31.352000 0.965185 0.485714 15.382133 4.023448 -85.046446 0.653846 0.359097 14.317821 -102.094757 4.899683 -175.236358 
60.000000 146.000000 113.776568 11.000000 8.000000 8.237000 0.760668 0.666667 4.391892 2.850957 -82.203595 0.888889 0.776467 4.472136 116.565051 3.000000 0.000000 
45.000000 149.000000 61.932190 1.000000 6.000000 6.368000 0.833333 0.750000 4.000000 2.211083 90.000000 1.000000 0.833753 4.123106 104.036243 2.000000 0.000000 
54.000000 148.000000 74.816802 1.000000 24.000000 31.931000 0.937434 0.400000 13.608473 4.737969 -80.372746 0.571429 0.245180 12.649111 -108.434949 5.000000 0.000000 
39.000000 152.000000 80.407467 1.000000 81.000000 58.148000 0.934102 0.368182 22.954187 8.194816 -71.568698 0.609023 0.270970 20.615528 -104.036243 9.337286 -10.619655 
15.000000 156.000000 49.072766 2.000000 29.000000 26.432000 0.980166 0.290000 14.664988 2.906312 44.820623 0.852941 0.416677 14.142136 135.000000 3.535534 45.000000 
25.000000 154.000000 35.387680 3.000000 2.000000 1.960000 0.866025 1.000000 2.309401 1.154701 90.000000 1.000000 0.965669 2.236068 116.565051 1.000000 0.000000 
54.000000 154.000000 79.431427 1.000000 1.000000 0.000000 0.000000 1.000000 1.154701 1.154701 0.000000 1.000000 1.000000 1.414214 135.000000 1.000000 -90.000000 
49.000000 157.000000 65.379625 1.000000 20.000000 16.011000 0.901490 0.625000 8.269116 3.578880 -78.831244 0.909091 0.685149 8.246211 -104.036243 3.922323 168.690068 
58.000000 159.000000 34.619857 1.000000 8.000000 14.051000 0.977196 0.380952 8.974153 1.905585 71.863068 0.615385 0.340108 7.615773 113.198591 2.425356 -165.963757 
51.000000 163.000000 57.566101 2.000000 8.000000 13.034000 0.839130 0.400000 5.788275 3.148419 31.445939 0.727273 0.384220 5.830952 149.036243 3.478505 -108.434949 
35.000000 161.000000 111.541942 1.000000 32.000000 24.174000 0.803668 0.571429 9.320534 5.546447 34.010410 0.761905 0.538938 10.000000 143.130102 6.260990 -116.565051 
55.000000 164.000000 59.005648 1.000000 11.000000 13.406000 0.971066 0.392857 8.400928 2.006230 61.087163 0.916667 0.504816 8.062258 119.744881 2.683282 26.565051 
20.000000 164.000000 111.158418 1.000000 63.000000 40.036000 0.968382 0.529412 19.092613 4.763093 -84.360272 0.768293 0.424652 17.720045 -106.389540 5.333494 -7.125016 
8.000000 164.000000 72.270805 1.000000 33.000000 21.618000 0.830282 0.611111 9.450761 5.267318 80.574998 0.825000 0.676452 9.486833 -108.434949 5.692100 18.434949 
31.000000 166.000000 106.450914 1.000000 25.000000 17.434000 0.498361 0.595238 6.344438 5.500434 -64.902786 0.892857 0.742070 7.211103 -123.690068 5.656854 -45.000000 
43.000000 164.000000 136.605752 1.000000 1.000000 0.000000 0.000000 1.000000 1.154701 1.154701 0.000000 1.000000 1.000000 1.414214 135.000000 1.000000 -90.000000 
4.000000 166.000000 44.198420 2.000000 3.000000 3.093000 0.730297 0.750000 2.581989 1.763834 -45.000000 1.000000 0.969873 2.828427 -135.000000 2.000000 -90.000000 
27.000000 171.000000 82.638600 3.000000 39.000000 23.694000 0.818368 0.650000 9.758097 5.607926 16.467558 0.906977 0.680538 10.440307 163.300756 6.000000 -90.000000 
36.000000 167.000000 119.005934 1.000000 7.000000 8.146000 0.874319 0.583333 4.881485 2.369237 -37.732772 0.875000 0.690407 5.000000 -143.130102 2.828427 -45.000000 
52.000000 168.000000 88.004096 1.000000 21.000000 15.085000 0.776827 0.583333 6.822168 4.296016 -44.481878 0.913043 0.794361 7.211103 -123.690068 4.949747 -45.000000 
57.000000 169.000000 35.961126 1.000000 5.000000 7.683000 0.840982 0.555556 4.346853 2.351922 36.650378 0.714286 0.536237 4.242641 135.000000 2.683282 -116.565051 
20.000000 169.000000 29.672581 4.000000 1.000000 0.000000 0.000000 1.000000 1.154701 1.154701 0.000000 1.000000 1.000000 1.414214 135.000000 1.000000 -90.000000 
12.000000 171.000000 43.494350 1.000000 24.000000 26.415000 0.942208 0.400000 12.401333 4.154816 79.296282 0.685714 0.345233 12.165525 99.462322 5.000000 0.000000 
43.000000 172.000000 50.535877 3.000000 6.000000 6.922000 0.894483 0.750000 4.513541 2.018017 12.933178 1.000000 0.744483 4.472136 153.434949 2.000000 -90.000000 
15.000000 174.000000 33.868961 7.000000 2.000000 1.960000 0.866025 1.000000 2.309401 1.154701 0.000000 1.000000 0.965669 2.236068 153.434949 1.000000 -90.000000 
45.000000 174.000000 100.949366 1.000000 6.000000 6.368000 0.877058 0.750000 4.163332 2.000000 71.565051 1.000000 0.833753 4.472136 116.565051 2.000000 0.000000 
39.000000 175.000000 155.831127 1.000000 33.000000 22.305000 0.889245 0.660000 10.180075 4.656685 -80.162032 0.891892 0.640419 10.440307 -106.699244 5.000000 0.000000 
52.000000 174.000000 41.809648 1.000000 4.000000 5.053000 0.866025 0.666667 3.651484 1.825742 71.565051 0.800000 0.748540 3.605551 123.690068 2.000000 0.000000 
31.000000 175.000000 178.799834 1.000000 28.000000 17.508000 0.824953 0.700000 8.149279 4.605986 68.186101 1.000000 0.825173 8.602325 125.537678 5.000000 0.000000 
7.000000 175.000000 57.471479 2.000000 15.000000 13.588000 0.773751 0.500000 6.117624 3.875451 34.977375 0.833333 0.673489 6.403124 128.659808 4.400000 53.130102 
34.000000 179.000000 79.545197 1.000000 17.000000 18.269000 0.899786 0.485714 8.380692 3.656754 21.711001 0.772727 0.466017 8.062258 150.255119 4.472136 63.434949 
44.000000 176.000000 41.262178 9.000000 7.000000 7.402000 0.800314 0.583333 4.163332 2.496256 59.036243 1.000000 0.791281 4.472136 116.565051 2.828427 45.000000 
14.000000 185.000000 142.877176 1.000000 95.000000 62.970000 0.987053 0.196687 33.085250 5.306648 52.711989 0.650685 0.273136 31.144823 132.397438 6.723167 -139.899092 
48.000000 181.000000 90.535760 1.000000 29.000000 19.584000 0.903555 0.517857 9.745137 4.175525 43.537204 0.935484 0.705631 9.899495 135.000000 4.949747 45.000000 
52.000000 186.000000 65.775370 1.000000 36.000000 38.986000 0.910784 0.266667 16.955390 7.000612 18.781402 0.493151 0.254905 16.155494 158.198591 7.719754 72.897271 
28.000000 181.000000 102.349898 1.000000 2.000000 1.960000 0.866025 1.000000 2.309401 1.154701 90.000000 1.000000 0.965669 2.236068 116.565051 1.000000 0.000000 
36.000000 182.000000 44.109461 1.000000 8.000000 6.831000 0.580948 0.888889 3.651484 2.972092 45.000000 1.000000 1.000000 4.242641 135.000000 3.000000 -90.000000 
42.000000 182.000000 42.287912 1.000000 8.000000 11.140000 0.913992 0.444444 6.175626 2.505656 -80.853612 0.800000 0.492886 6.324555 -108.434949 2.745626 168.690068 
40.000000 187.000000 114.131654 2.000000 28.000000 25.117000 0.948122 0.400000 12.018181 3.820645 61.580269 0.756757 0.440623 11.180340 116.565051 5.269652 -146.309932 
17.000000 190.000000 94.231283 1.000000 60.000000 45.470000 0.989148 0.230769 24.486448 3.597606 60.743365 0.769231 0.319067 22.825424 118.810794 4.563181 -149.534455 
33.000000 186.000000 95.767712 7.000000 32.000000 18.178000 0.180891 0.653061 6.691551 6.581161 -3.676190 0.941176 0.884712 7.615773 156.801409 6.933752 123.690068 
27.000000 191.000000 42.195221 5.000000 16.000000 15.986000 0.961676 0.666667 9.271170 2.542060 -5.071839 0.842105 0.549553 8.544004 -159.443955 2.969848 -81.869898 
35.000000 191.000000 139.133010 5.000000 22.000000 15.846000 0.643590 0.523810 6.375208 4.879397 -55.409706 0.916667 0.766819 7.615773 -113.198591 4.949747 -45.000000 
58.000000 197.000000 121.682452 2.000000 42.000000 25.952000 0.913665 0.477273 12.118454 4.925775 34.970056 0.913043 0.623540 12.529964 151.389540 5.656854 45.000000 
52.000000 193.000000 80.629737 1.000000 13.000000 14.605000 0.953501 0.464286 8.375052 2.524147 72.517927 0.764706 0.518708 8.062258 119.744881 3.137858 11.309932 
32.000000 195.000000 51.496332 2.000000 9.000000 12.844000 0.919866 0.375000 6.741797 2.644355 61.845034 0.750000 0.442583 6.324555 108.434949 3.130495 26.565051 
45.000000 195.000000 102.990102 1.000000 36.000000 22.214000 0.835127 0.500000 9.854513 5.420553 45.125327 0.878049 0.703663 9.848858 156.037511 5.656854 45.000000 
38.000000 197.000000 138.662986 2.000000 32.000000 21.081000 0.798508 0.571429 8.847096 5.325815 -27.587755 0.842105 0.685360 8.602325 -144.462322 6.127946 111.801409 
27.000000 196.000000 41.412940 7.000000 6.000000 6.186000 0.833333 0.666667 4.000000 2.211083 53.130102 1.000000 0.866607 4.242641 135.000000 2.683282 26.565051 
6.000000 198.000000 56.485571 1.000000 6.000000 11.529000 0.982369 0.240000 8.052622 1.505451 41.942248 0.857143 0.350321 7.071068 135.000000 2.121320 -135.000000 
14.000000 203.000000 61.769875 1.000000 40.000000 32.709000 0.976158 0.307692 16.905373 3.669472 -33.479025 0.769231 0.391090 15.264338 -148.392498 4.669622 -55.007980 
19.000000 198.000000 31.781597 8.000000 1.000000 0.000000 0.000000 1.000000 1.154701 1.154701 0.000000 1.000000 1.000000 1.414214 135.000000 1.000000 -90.000000 
26.000000 204.000000 94.120371 2.000000 44.000000 35.388000 0.982557 0.392857 18.592460 3.457462 16.842279 0.814815 0.372455 17.464249 156.370622 4.110961 71.565051 
52.000000 202.000000 189.698503 2.000000 24.000000 18.840000 0.877846 0.500000 8.628437 4.132535 61.402616 0.827586 0.624170 8.544004 110.556045 4.919350 -153.434949 
57.000000 204.000000 101.026998 2.000000 23.000000 20.345000 0.910044 0.479167 9.472227 3.926343 59.565810 0.821429 0.523959 9.433981 122.005383 4.919350 -153.434949 
5.000000 203.000000 34.531604 4.000000 2.000000 2.812000 0.925820 0.500000 3.055050 1.154701 45.000000 1.000000 0.709058 2.828427 135.000000 1.414214 45.000000 
32.000000 211.000000 68.394595 1.000000 49.000000 51.532000 0.973249 0.291667 25.200018 5.789787 10.859097 0.441441 0.205992 22.135944 161.565051 6.872513 -97.594643 
40.000000 203.000000 135.436119 1.000000 36.000000 23.115000 0.679598 0.562500 9.963016 7.308715 64.027483 0.705882 0.656199 9.433981 122.005383 7.589466 18.434949 
47.000000 205.000000 164.809469 1.000000 20.000000 16.400000 0.843620 0.476190 7.395755 3.971079 -57.360843 0.869565 0.658143 7.810250 -140.194429 4.472136 -26.565051 
37.000000 210.000000 151.883873 2.000000 29.000000 22.950000 0.889884 0.483333 9.748057 4.446935 6.234551 0.805556 0.535312 10.198039 -168.690068 5.059644 71.565051 
53.000000 209.000000 104.258063 4.000000 24.000000 19.774000 0.840714 0.489796 8.728638 4.726379 -36.404091 0.750000 0.574327 8.602325 -144.462322 5.400000 126.869898 
44.000000 209.000000 93.439674 1.000000 19.000000 15.085000 0.837718 0.678571 7.060444 3.855731 -9.309294 0.950000 0.718708 7.280110 -164.054604 4.000000 -90.000000 
20.000000 209.000000 55.921054 10.000000 11.000000 15.656000 0.911393 0.305556 7.639897 3.144109 -48.446212 0.687500 0.391199 7.810250 -140.194429 3.535534 -45.000000 
49.000000 212.000000 87.467856 1.000000 34.000000 24.637000 0.869702 0.566667 10.237862 5.053169 87.435841 0.772727 0.553692 10.440307 106.699244 6.000000 0.000000 
59.000000 213.000000 144.676872 1.000000 16.000000 16.028000 0.873232 0.444444 7.360475 3.586792 -53.806289 0.800000 0.547147 7.211103 -146.309932 4.400000 143.130102 
35.000000 215.000000 91.624747 4.000000 15.000000 16.309000 0.838686 0.500000 6.992384 3.808165 -26.873081 0.750000 0.498236 7.211103 -146.309932 4.365641 104.036243 
43.000000 214.000000 50.610132 5.000000 6.000000 7.402000 0.795357 0.500000 4.379109 2.654360 30.778536 0.857143 0.678241 4.472136 153.434949 2.828427 45.000000 
21.000000 214.000000 29.140554 2.000000 1.000000 0.000000 0.000000 1.000000 1.154701 1.154701 0.000000 1.000000 1.000000 1.414214 135.000000 1.000000 -90.000000 
24.000000 221.000000 67.307665 1.000000 48.000000 33.560000 0.976415 0.750000 17.967560 3.879268 -1.360481 0.872727 0.447797 16.278821 169.380345 4.000000 -90.000000 
43.000000 217.000000 124.174312 2.000000 28.000000 20.527000 0.732023 0.571429 7.721715 5.260649 49.761244 0.848485 0.628092 8.485281 135.000000 5.656854 45.000000 
13.000000 219.000000 36.056830 1.000000 18.000000 21.089000 0.979039 0.300000 11.585947 2.359726 -57.741600 0.782609 0.385260 11.661904 -120.963757 3.130495 -26.565051 
57.000000 217.000000 109.011140 1.000000 30.000000 25.026000 0.917895 0.428571 11.727814 4.653857 -24.263160 0.652174 0.475151 10.770330 -158.198591 5.383564 113.198591 
49.000000 222.000000 63.752891 1.000000 29.000000 25.282000 0.945190 0.659091 12.090061 3.947643 87.710377 0.743590 0.451076 11.401754 105.255119 4.000000 0.000000 
60.000000 222.000000 74.105736 1.000000 6.000000 6.186000 0.784465 0.666667 4.163332 2.581989 45.000000 0.857143 0.866607 4.242641 135.000000 2.828427 45.000000 
36.000000 221.000000 113.948710 1.000000 35.000000 26.804000 0.755500 0.437500 11.235823 7.361129 -85.273961 0.648148 0.490470 10.440307 -106.699244 8.000000 0.000000 
33.000000 226.000000 118.639416 6.000000 20.000000 15.267000 0.812054 0.571429 7.030775 4.103031 -25.538332 0.952381 0.741649 7.615773 -156.801409 4.919350 116.565051 
58.000000 226.000000 87.855286 1.000000 13.000000 13.216000 0.866767 0.722222 6.292010 3.137915 0.912045 0.866667 0.610540 6.324555 161.565051 3.000000 -90.000000 
42.000000 227.000000 87.193623 1.000000 29.000000 32.039000 0.948803 0.557692 13.499279 4.263996 2.648349 0.707317 0.294443 13.341664 167.005383 4.000000 -90.000000 
39.000000 227.000000 43.730018 1.000000 13.000000 13.588000 0.770143 0.541667 6.017922 3.838660 -2.528624 0.866667 0.583690 6.324555 -161.565051 4.000000 -90.000000 
47.000000 231.000000 65.096826 1.000000 28.000000 28.375000 0.965059 0.358974 13.645103 3.575466 70.200388 0.666667 0.354233 14.317821 114.775141 4.919350 -153.434949 
28.000000 231.000000 47.237290 8.000000 24.000000 24.935000 0.968940 0.311688 12.673653 3.134159 -25.881078 0.774194 0.382589 12.529964 -151.389540 4.024922 -63.434949 
38.000000 230.000000 62.271881 1.000000 17.000000 14.622000 0.916356 0.472222 7.766574 3.109469 -48.515901 0.944444 0.677013 7.810250 -140.194429 3.535534 -45.000000 
59.000000 230.000000 108.183483 1.000000 9.000000 9.180000 0.836258 0.600000 4.952447 2.715603 7.338197 0.900000 0.744936 5.099020 168.690068 3.000000 -90.000000 
20.000000 234.000000 39.890948 1.000000 10.000000 13.770000 0.932431 0.476190 7.464061 2.697122 6.490216 0.714286 0.439381 7.071068 171.869898 3.000000 -90.000000 
36.000000 233.000000 62.485602 4.000000 21.000000 18.550000 0.928790 0.525000 9.372090 3.473349 -19.038551 0.777778 0.560849 9.433981 -147.994617 4.427189 108.434949 
57.000000 232.000000 41.723189 2.000000 3.000000 3.920000 0.942809 1.000000 3.464102 1.154701 90.000000 1.000000 0.756007 3.162278 108.434949 1.000000 0.000000 
60.000000 234.000000 68.954140 7.000000 14.000000 11.975000 0.893150 0.777778 6.641620 2.987122 -4.807643 0.933333 0.769892 6.324555 161.565051 3.000000 -90.000000 
16.000000 237.000000 36.790214 1.000000 18.000000 18.128000 0.976617 0.900000 10.590080 2.276740 -87.855423 1.000000 0.499993 10.198039 -101.309932 2.000000 0.000000 
45.000000 236.000000 68.453276 8.000000 23.000000 20.874000 0.896955 0.638889 8.961429 3.962050 -75.001138 0.851852 0.501131 9.848858 -113.962489 4.000000 0.000000 
