251
31.000000 122.000000 8.689488 1.000000 11090.000000 591.556000 0.963920 0.722005 282.281688 75.140645 -0.549695 0.722005 0.394048 248.386795 165.068583 64.000000 -90.000000 
8.000000 5.000000 43.576220 5.000000 7.000000 8.419000 0.853277 0.583333 4.811222 2.508849 -62.768839 0.875000 0.658185 5.000000 -126.869898 3.000000 0.000000 
32.000000 5.000000 53.814313 1.000000 27.000000 33.701000 0.988413 0.562500 18.289163 2.776112 86.969715 0.692308 0.249962 16.031220 93.576334 3.000000 0.000000 
58.000000 8.000000 154.856690 1.000000 38.000000 21.337000 0.877823 0.703704 10.230366 4.900186 27.320840 0.974359 0.796931 10.816654 146.309932 5.813777 63.434949 
20.000000 7.000000 77.350817 1.000000 46.000000 25.381000 0.869538 0.597403 11.293503 5.577485 74.469968 0.884615 0.710542 11.180340 100.304846 5.942251 21.801409 
8.000000 8.000000 86.525809 6.000000 24.000000 19.005000 0.897549 0.666667 8.837167 3.896442 -10.585957 0.888889 0.614904 9.219544 -167.471192 4.000000 -90.000000 
43.000000 9.000000 39.311645 1.000000 25.000000 24.711000 0.980032 0.416667 13.534204 2.691170 75.982883 0.757576 0.404966 13.000000 112.619865 3.333974 11.309932 
13.000000 10.000000 56.762721 1.000000 22.000000 18.550000 0.917188 0.458333 9.296873 3.704379 62.079847 0.814815 0.587557 9.433981 122.005383 4.333112 -156.801409 
35.000000 11.000000 34.588870 1.000000 8.000000 12.844000 0.832704 0.320000 5.944185 3.291403 -45.000000 0.666667 0.393407 5.830952 -149.036243 4.024922 116.565051 
26.000000 13.000000 28.754738 1.000000 21.000000 20.783000 0.900429 0.375000 9.667567 4.205419 48.824514 0.724138 0.461042 9.899495 135.000000 4.949747 -135.000000 
59.000000 12.000000 69.964608 7.000000 13.000000 13.770000 0.927834 0.433333 7.551719 2.816747 37.740695 0.866667 0.571195 7.211103 146.309932 3.535534 45.000000 
51.000000 13.000000 30.113584 1.000000 13.000000 13.770000 0.568015 0.520000 5.428854 4.468046 -27.363789 0.764706 0.571195 5.830952 -149.036243 4.743416 108.434949 
39.000000 15.000000 41.889504 5.000000 22.000000 18.550000 0.819219 0.523810 7.742353 4.440086 -35.030570 0.814815 0.587557 7.810250 -140.194429 4.919350 -63.434949 
56.000000 17.000000 113.574226 1.000000 48.000000 23.066000 0.459815 0.592593 8.565234 7.606053 -42.341242 0.923077 0.878207 9.486833 -161.565051 7.778175 -45.000000 
9.000000 18.000000 35.332155 4.000000 4.000000 4.408000 0.870424 0.666667 3.435909 1.691507 -31.717474 1.000000 0.881907 3.605551 -146.309932 2.000000 -90.000000 
16.000000 19.000000 21.590880 5.000000 4.000000 4.408000 0.870424 0.666667 3.435909 1.691507 31.717474 1.000000 0.881907 3.605551 146.309932 2.000000 -90.000000 
25.000000 22.000000 31.773780 1.000000 9.000000 12.918000 0.959682 0.642857 7.599840 2.136216 -85.513687 0.818182 0.438514 7.071068 98.130102 2.000000 0.000000 
45.000000 20.000000 47.482543 1.000000 26.000000 19.749000 0.873435 0.541667 9.004212 4.384514 -68.050406 0.812500 0.623547 9.433981 -122.005383 5.120951 -23.198591 
52.000000 21.000000 84.049894 1.000000 17.000000 13.100000 0.792494 0.708333 6.179102 3.768505 86.552345 0.944444 0.809844 6.324555 108.434949 4.000000 0.000000 
12.000000 24.000000 27.805112 1.000000 21.000000 27.242000 0.912047 0.350000 11.007877 4.514162 84.332900 0.552632 0.285858 10.295630 119.054604 5.692100 -161.565051 
42.000000 23.000000 40.488465 1.000000 19.000000 20.328000 0.944264 0.527778 10.596836 3.488373 -6.784367 0.703704 0.433463 9.486833 -161.565051 3.721042 97.125016 
50.000000 25.000000 38.012357 2.000000 10.000000 12.091000 0.915720 0.416667 6.687708 2.687234 -26.662825 0.714286 0.541579 6.324555 -161.565051 3.130495 116.565051 
56.000000 24.000000 217.911684 4.000000 19.000000 12.736000 0.689145 0.760000 5.910749 4.283068 41.779200 1.000000 0.947096 6.403124 128.659808 4.919350 63.434949 
38.000000 26.000000 40.778957 1.000000 13.000000 17.508000 0.952153 0.406250 8.808878 2.692183 -66.354695 0.722222 0.383116 8.944272 -116.565051 3.130495 -26.565051 
6.000000 27.000000 27.598693 1.000000 13.000000 19.584000 0.772041 0.433333 7.281111 4.627677 -30.872875 0.619048 0.316317 6.708204 -153.434949 5.000000 -90.000000 
59.000000 28.000000 43.044045 6.000000 10.000000 14.440000 0.945375 0.333333 8.100251 2.640567 -54.143321 0.714286 0.406531 7.211103 -123.690068 3.258473 149.036243 
23.000000 29.000000 33.842094 1.000000 12.000000 16.400000 0.975952 0.300000 9.297728 2.026774 58.524566 0.800000 0.394886 9.433981 122.005383 2.683282 26.565051 
53.000000 27.000000 188.344701 3.000000 7.000000 7.683000 0.771307 0.583333 4.207199 2.677728 75.127559 0.875000 0.750732 4.472136 116.565051 3.000000 0.000000 
46.000000 28.000000 45.403634 1.000000 22.000000 17.690000 0.908336 0.611111 8.705707 3.641085 85.375901 0.846154 0.637071 9.055385 96.340192 4.000000 0.000000 
54.000000 32.000000 237.670225 3.000000 35.000000 21.172000 0.879883 0.583333 9.965361 4.735438 20.039874 0.921053 0.744011 10.440307 163.300756 5.335784 -104.036243 
32.000000 34.000000 24.521472 1.000000 11.000000 14.622000 0.798802 0.366667 6.507564 3.914913 24.881821 0.647059 0.438067 6.708204 153.434949 4.270993 68.198591 
19.000000 33.000000 28.746584 1.000000 8.000000 8.328000 0.894059 0.800000 5.033223 2.254625 90.000000 1.000000 0.764194 5.099020 101.309932 2.000000 0.000000 
39.000000 31.000000 44.637362 1.000000 11.000000 10.106000 0.852822 0.733333 5.528432 2.886956 17.412245 1.000000 0.787642 5.830952 149.036243 3.000000 -90.000000 
42.000000 30.000000 37.157966 2.000000 7.000000 6.368000 0.353094 0.777778 3.236694 3.028212 0.000000 1.000000 0.972712 3.605551 123.690068 3.000000 -90.000000 
60.000000 34.000000 26.866987 1.000000 8.000000 7.476000 0.866025 1.000000 4.618802 2.309401 90.000000 1.000000 0.891759 4.472136 116.565051 2.000000 0.000000 
16.000000 34.000000 26.103457 1.000000 6.000000 5.905000 0.632456 0.666667 3.333333 2.581989 45.000000 1.000000 0.921279 3.605551 123.690068 2.828427 45.000000 
18.000000 37.000000 22.148936 8.000000 4.000000 6.368000 0.958153 0.500000 4.964579 1.421135 -22.500000 0.800000 0.555835 4.472136 -153.434949 1.788854 -63.434949 
46.000000 37.000000 64.475420 1.000000 31.000000 30.914000 0.975362 0.369048 16.674354 3.678537 76.204548 0.632653 0.335888 14.560220 105.945396 5.174193 -174.289407 
55.000000 37.000000 92.228775 7.000000 3.000000 3.093000 0.730297 0.750000 2.581989 1.763834 45.000000 1.000000 0.969873 2.828427 135.000000 2.000000 -90.000000 
10.000000 42.000000 47.159127 4.000000 14.000000 15.184000 0.959450 0.437500 8.772684 2.472820 20.092980 0.823529 0.523868 8.544004 159.443955 3.130495 63.434949 
52.000000 43.000000 211.266407 1.000000 59.000000 26.969000 0.854209 0.702381 12.198281 6.342258 5.394759 0.921875 0.817755 12.369317 165.963757 6.904757 -99.462322 
59.000000 38.000000 27.565071 1.000000 7.000000 6.922000 0.856222 0.875000 4.312826 2.228038 81.650378 1.000000 0.868564 4.472136 116.565051 2.000000 0.000000 
40.000000 42.000000 24.132248 5.000000 5.000000 6.277000 0.847117 0.555556 4.006661 2.129163 -45.000000 0.833333 0.708285 4.242641 -135.000000 2.683282 -63.434949 
59.000000 42.000000 33.135050 3.000000 6.000000 8.328000 0.951618 0.600000 5.664082 1.740486 14.655004 0.857143 0.573146 5.385165 158.198591 2.000000 -90.000000 
20.000000 43.000000 30.969782 1.000000 31.000000 40.838000 0.985772 0.407895 21.638077 3.637063 -88.821343 0.484375 0.201404 19.104973 96.009006 4.000000 0.000000 
34.000000 48.000000 26.443122 1.000000 18.000000 22.578000 0.972492 0.250000 11.661040 2.716277 44.658970 0.750000 0.341943 12.041595 131.633539 3.386595 41.185925 
61.000000 44.000000 27.222289 2.000000 2.000000 1.960000 0.866025 1.000000 2.309401 1.154701 90.000000 1.000000 0.965669 2.236068 116.565051 1.000000 0.000000 
58.000000 45.000000 26.604395 1.000000 3.000000 3.920000 0.942809 1.000000 3.464102 1.154701 90.000000 1.000000 0.756007 3.162278 108.434949 1.000000 0.000000 
11.000000 47.000000 27.075063 2.000000 7.000000 8.237000 0.774059 0.583333 4.429339 2.804273 0.000000 0.777778 0.679408 4.472136 153.434949 3.000000 -90.000000 
8.000000 48.000000 63.826386 2.000000 23.000000 15.275000 0.726892 0.657143 6.827641 4.688893 -20.209072 0.958333 0.852156 7.615773 -156.801409 5.000000 -90.000000 
47.000000 48.000000 60.088276 1.000000 17.000000 17.053000 0.902958 0.607143 8.373032 3.598131 -87.332447 0.739130 0.523828 7.615773 -113.198591 4.000000 0.000000 
28.000000 52.000000 25.244411 1.000000 7.000000 8.626000 0.903393 0.437500 5.256170 2.253920 -50.003990 0.875000 0.635232 5.000000 -143.130102 2.773501 -33.690068 
43.000000 50.000000 26.164680 1.000000 4.000000 4.590000 0.731925 0.666667 3.055050 2.081666 90.000000 1.000000 0.840876 3.162278 108.434949 2.000000 0.000000 
51.000000 53.000000 200.162978 1.000000 36.000000 19.377000 0.731894 0.750000 8.453438 5.760327 -6.865741 0.947368 0.892134 8.544004 159.443955 6.000000 -90.000000 
58.000000 51.000000 34.113907 1.000000 2.000000 1.960000 0.866025 1.000000 2.309401 1.154701 0.000000 1.000000 0.965669 2.236068 153.434949 1.000000 -90.000000 
6.000000 53.000000 55.663335 3.000000 14.000000 15.829000 0.911123 0.400000 7.758673 3.197617 27.220281 0.736842 0.488851 7.810250 140.194429 3.794733 71.565051 
21.000000 61.000000 41.797468 2.000000 45.000000 38.440000 0.987090 0.234375 20.818666 3.334435 33.515989 0.750000 0.327055 20.000000 143.130102 4.326061 57.264774 
59.000000 64.000000 39.715806 1.000000 46.000000 46.726000 0.994615 0.479167 26.554641 2.752162 -3.619243 0.696970 0.232451 24.083189 -175.236358 3.602746 -84.559668 
31.000000 55.000000 26.588029 8.000000 6.000000 9.643000 0.950897 0.400000 6.207344 1.921224 -33.352718 0.750000 0.461304 5.830952 -149.036243 2.496151 123.690068 
49.000000 59.000000 234.670302 5.000000 26.000000 20.783000 0.855754 0.541667 8.803189 4.554613 11.100385 0.764706 0.570813 8.544004 159.443955 5.491252 78.690068 
40.000000 59.000000 28.424938 1.000000 10.000000 12.736000 0.969399 0.476190 7.891366 1.937269 -69.495457 0.909091 0.498472 7.615773 -113.198591 2.529822 161.565051 
54.000000 58.000000 85.904184 6.000000 11.000000 11.719000 0.649716 0.550000 4.793350 3.643794 -12.933178 0.846154 0.625937 5.385165 -158.198591 4.000000 -90.000000 
53.000000 62.000000 186.670369 2.000000 23.000000 18.840000 0.690517 0.479167 6.892096 4.985165 -10.403396 0.851852 0.598163 8.544004 -159.443955 5.656854 -45.000000 
7.000000 64.000000 29.572424 7.000000 16.000000 18.939000 0.978682 0.285714 11.100408 2.279826 -39.690172 0.800000 0.412390 10.630146 -138.814075 3.123475 -51.340192 
50.000000 65.000000 188.399018 2.000000 29.000000 18.451000 0.821199 0.604167 8.339685 4.758974 -63.709194 0.935484 0.781625 8.944272 -116.565051 5.547002 -33.690068 
40.000000 66.000000 24.687177 2.000000 6.000000 8.998000 0.965254 0.400000 6.286764 1.642810 59.829555 0.857143 0.511626 5.830952 120.963757 2.218801 -146.309932 
35.000000 69.000000 26.220105 1.000000 2.000000 1.960000 0.866025 1.000000 2.309401 1.154701 90.000000 1.000000 0.965669 2.236068 116.565051 1.000000 0.000000 
47.000000 68.000000 36.283378 1.000000 16.000000 13.125000 0.680263 0.533333 5.637411 4.132041 -88.538399 0.842105 0.759865 6.324555 -108.434949 4.919350 153.434949 
14.000000 73.000000 41.386694 6.000000 12.000000 11.603000 0.900617 0.666667 6.324555 2.748737 -20.556045 0.923077 0.693626 6.708204 -153.434949 3.000000 -90.000000 
33.000000 70.000000 33.407209 1.000000 6.000000 5.905000 0.632456 0.666667 3.333333 2.581989 -45.000000 1.000000 0.921279 3.605551 -146.309932 2.828427 -45.000000 
52.000000 71.000000 238.223289 1.000000 27.000000 16.011000 0.715754 0.750000 7.183198 5.016408 -37.197201 0.964286 0.924950 7.810250 -140.194429 5.656854 -45.000000 
27.000000 73.000000 23.763159 2.000000 6.000000 7.220000 0.869227 0.500000 4.472136 2.211083 30.963757 1.000000 0.702276 4.472136 153.434949 2.683282 63.434949 
39.000000 71.000000 69.593625 1.000000 35.000000 24.546000 0.935286 0.530303 11.924504 4.219997 75.729822 0.813953 0.573730 11.401754 105.255119 5.059644 -161.565051 
33.000000 74.000000 40.286686 2.000000 8.000000 7.476000 0.866025 1.000000 4.618802 2.309401 90.000000 1.000000 0.891759 4.472136 116.565051 2.000000 0.000000 
12.000000 75.000000 33.404205 1.000000 10.000000 13.026000 0.917508 0.400000 6.498246 2.584466 -49.010345 0.833333 0.480750 6.403124 -141.340192 2.828427 -45.000000 
51.000000 74.000000 115.879699 1.000000 14.000000 13.216000 0.574451 0.466667 5.547897 4.541168 -14.415484 0.823529 0.657505 6.082763 170.537678 4.949747 45.000000 
53.000000 78.000000 170.953109 5.000000 38.000000 22.123000 0.782997 0.703704 9.122977 5.674725 15.039108 0.904762 0.748116 9.848858 156.037511 6.000000 -90.000000 
17.000000 78.000000 43.649886 1.000000 14.000000 18.823000 0.886980 0.466667 8.399870 3.879126 -59.036243 0.666667 0.364663 7.810250 -129.805571 4.472136 -26.565051 
41.000000 82.000000 32.882254 1.000000 70.000000 76.152000 0.988375 0.218750 38.358179 5.831862 -78.892683 0.434783 0.139905 32.984845 -104.036243 7.194015 -7.125016 
15.000000 83.000000 41.444027 1.000000 1.000000 0.000000 0.000000 1.000000 1.154701 1.154701 0.000000 1.000000 1.000000 1.414214 135.000000 1.000000 -90.000000 
30.000000 88.000000 41.568893 1.000000 20.000000 29.716000 0.989437 0.165289 16.174336 2.344682 -44.154238 0.625000 0.232792 14.866069 -132.273689 3.535534 -45.000000 
55.000000 84.000000 85.986093 2.000000 21.000000 16.954000 0.662944 0.600000 7.069305 5.292572 -25.315341 0.807692 0.653473 7.280110 -164.054604 5.000000 -90.000000 
5.000000 91.000000 42.139312 1.000000 18.000000 16.565000 0.934707 0.750000 8.633374 3.068463 9.148775 0.857143 0.582451 8.544004 159.443955 3.000000 -90.000000 
24.000000 90.000000 35.988417 5.000000 7.000000 10.958000 0.969785 0.388889 6.937487 1.692475 21.915430 0.777778 0.442481 6.708204 153.434949 2.213594 -108.434949 
17.000000 88.000000 34.127100 6.000000 8.000000 8.998000 0.580609 0.500000 4.205954 3.424415 -61.511934 0.888889 0.682168 4.472136 -153.434949 3.794733 161.565051 
54.000000 89.000000 155.713996 2.000000 30.000000 19.402000 0.699466 0.714286 7.639060 5.459374 -31.861072 0.882353 0.741797 8.485281 -135.000000 6.000000 -90.000000 
10.000000 92.000000 45.553069 1.000000 14.000000 12.273000 0.864168 0.583333 6.378865 3.209871 75.891322 0.875000 0.740413 6.324555 108.434949 3.638034 -165.963757 
26.000000 93.000000 31.124828 1.000000 6.000000 6.368000 0.877058 0.750000 4.163332 2.000000 -71.565051 1.000000 0.833753 4.472136 -116.565051 2.000000 0.000000 
15.000000 95.000000 39.518791 1.000000 19.000000 14.812000 0.882712 0.542857 7.506716 3.527507 27.224438 0.904762 0.740731 7.615773 156.801409 4.024922 63.434949 
52.000000 92.000000 53.744389 2.000000 5.000000 10.214000 0.601547 0.416667 4.246964 3.392633 -84.345034 0.714286 0.352252 4.242641 -135.000000 3.000000 0.000000 
22.000000 95.000000 26.813701 6.000000 12.000000 12.918000 0.922568 0.571429 6.855857 2.645226 0.477421 0.800000 0.584685 7.071068 171.869898 3.000000 -90.000000 
45.000000 97.000000 68.649835 1.000000 106.000000 49.464000 0.973349 0.438017 25.314926 5.805430 -69.359132 0.848000 0.481340 23.769729 -112.249024 6.959241 -23.198591 
57.000000 96.000000 169.513945 2.000000 40.000000 21.916000 0.829378 0.634921 9.837627 5.496158 -21.428640 0.930233 0.800555 10.295630 -150.945396 6.008328 -71.565051 
28.000000 99.000000 35.141228 1.000000 38.000000 38.242000 0.985535 0.211111 20.016382 3.392192 36.494274 0.622951 0.278828 18.027756 146.309932 4.600000 -126.869898 
7.000000 96.000000 54.554470 1.000000 17.000000 16.400000 0.790125 0.472222 6.629692 4.063638 -32.337909 0.809524 0.559421 6.708204 -153.434949 4.600000 126.869898 
10.000000 99.000000 47.489571 1.000000 10.000000 11.810000 0.916369 0.555556 6.417626 2.569192 78.853185 0.833333 0.562128 6.324555 108.434949 3.000000 0.000000 
16.000000 101.000000 45.834619 5.000000 13.000000 12.364000 0.863884 0.650000 6.279478 3.162918 -30.150423 0.866667 0.679480 6.403124 -141.340192 3.794733 108.434949 
8.000000 102.000000 107.011895 2.000000 12.000000 10.776000 0.818712 0.600000 5.537749 3.179797 -26.565051 0.857143 0.778508 5.830952 -149.036243 3.577709 116.565051 
58.000000 103.000000 181.615811 1.000000 20.000000 13.472000 0.588979 0.800000 5.756882 4.652416 63.753910 0.952381 0.910569 6.403124 128.659808 5.000000 -90.000000 
40.000000 104.000000 21.462788 7.000000 2.000000 1.960000 0.866025 1.000000 2.309401 1.154701 0.000000 1.000000 0.965669 2.236068 153.434949 1.000000 -90.000000 
12.000000 104.000000 39.736028 1.000000 13.000000 14.994000 0.794201 0.541667 6.409588 3.894823 76.998327 0.764706 0.496695 6.324555 108.434949 4.000000 0.000000 
19.000000 105.000000 29.947025 1.000000 10.000000 14.531000 0.784749 0.400000 5.786485 3.586539 -41.658068 0.625000 0.402355 5.830952 -149.036243 4.160251 -33.690068 
51.000000 105.000000 44.109165 1.000000 23.000000 22.354000 0.975291 0.696970 12.566743 2.776277 85.598852 0.821429 0.444639 11.180340 100.304846 3.000000 0.000000 
8.000000 108.000000 50.440413 1.000000 22.000000 20.320000 0.889901 0.488889 9.390695 4.283606 17.273817 0.785714 0.502247 9.486833 161.565051 5.000000 -90.000000 
14.000000 107.000000 25.518612 1.000000 8.000000 13.100000 0.964791 0.380952 7.762008 2.041545 8.288461 0.615385 0.381103 7.280110 164.054604 2.465985 -99.462322 
32.000000 107.000000 32.249651 1.000000 12.000000 14.696000 0.969031 0.500000 8.463569 2.089977 70.315341 0.857143 0.473935 8.544004 110.556045 2.683282 26.565051 
59.000000 109.000000 125.291547 6.000000 39.000000 22.280000 0.787901 0.722222 9.302329 5.728393 -2.448907 0.906977 0.758349 9.486833 161.565051 6.000000 -90.000000 
21.000000 110.000000 31.470332 5.000000 13.000000 15.548000 0.874066 0.464286 7.270813 3.532210 -16.472520 0.722222 0.467685 7.211103 -146.309932 4.000000 -90.000000 
43.000000 110.000000 36.161291 1.000000 26.000000 24.058000 0.973328 0.541667 12.957210 2.972632 -82.717183 0.764706 0.441630 12.165525 -99.462322 3.535534 -8.130102 
6.000000 114.000000 47.342134 1.000000 6.000000 6.368000 0.877058 0.750000 4.163332 2.000000 -71.565051 1.000000 0.833753 4.472136 -116.565051 2.000000 0.000000 
13.000000 115.000000 33.941344 1.000000 25.000000 25.191000 0.978079 0.347222 14.113400 2.938881 -68.899401 0.694444 0.391361 12.649111 -108.434949 3.713907 -21.801409 
33.000000 114.000000 27.726734 7.000000 4.000000 5.053000 0.866025 0.666667 3.651484 1.825742 -18.434949 1.000000 0.748540 3.605551 -146.309932 2.000000 -90.000000 
45.000000 114.000000 28.496649 1.000000 11.000000 14.051000 0.945468 0.523810 7.900901 2.573439 90.000000 0.687500 0.467649 7.280110 -105.945396 3.000000 0.000000 
53.000000 113.000000 37.659444 1.000000 34.000000 23.694000 0.930716 0.618182 11.658379 4.263964 -81.665539 0.809524 0.593289 11.180340 -100.304846 4.808326 -8.130102 
60.000000 116.000000 68.989896 1.000000 19.000000 19.559000 0.936619 0.527778 9.681028 3.391742 -7.370209 0.791667 0.463329 9.219544 -167.471192 4.000000 -90.000000 
6.000000 117.000000 26.195801 10.000000 7.000000 8.626000 0.949328 0.437500 5.773503 1.814529 -45.000000 1.000000 0.635232 5.656854 -135.000000 2.121320 -45.000000 
22.000000 117.000000 35.566953 1.000000 11.000000 11.512000 0.917223 0.611111 6.551963 2.610139 82.574831 0.846154 0.643746 6.324555 108.434949 2.941742 11.309932 
42.000000 119.000000 53.339002 1.000000 114.000000 79.278000 0.995187 0.440154 41.965939 4.112458 -84.647098 0.690909 0.210889 37.215588 -96.170175 5.023275 175.763605 
19.000000 119.000000 26.381853 1.000000 4.000000 4.590000 0.731925 0.666667 3.055050 2.081666 90.000000 1.000000 0.840876 3.162278 108.434949 2.000000 0.000000 
12.000000 121.000000 34.098550 2.000000 5.000000 5.814000 0.743786 0.555556 3.529850 2.359413 34.099295 1.000000 0.783414 3.605551 123.690068 2.683282 63.434949 
17.000000 122.000000 31.457438 1.000000 8.000000 8.436000 0.787839 0.500000 4.396969 2.708013 -45.000000 1.000000 0.750004 4.472136 -153.434949 2.828427 -45.000000 
23.000000 124.000000 34.255208 5.000000 30.000000 21.916000 0.952223 0.545455 11.694264 3.571455 17.077420 0.882353 0.600416 11.401754 164.744881 4.110961 71.565051 
9.000000 122.000000 32.827016 4.000000 10.000000 8.791000 0.630126 0.833333 4.258325 3.306559 63.434949 1.000000 0.882552 5.000000 126.869898 3.000000 0.000000 
14.000000 122.000000 45.652607 1.000000 9.000000 9.362000 0.781039 0.600000 4.760952 2.973131 90.000000 1.000000 0.723407 5.099020 101.309932 3.000000 0.000000 
61.000000 123.000000 26.841050 6.000000 6.000000 6.922000 0.894483 0.750000 4.513541 2.018017 -12.933178 0.857143 0.744483 4.472136 -153.434949 2.000000 -90.000000 
32.000000 125.000000 25.387402 1.000000 9.000000 12.918000 0.968133 0.428571 7.584708 1.899477 72.572772 0.818182 0.438514 7.615773 113.198591 2.425356 14.036243 
8.000000 126.000000 59.729737 1.000000 22.000000 15.457000 0.702972 0.611111 6.610716 4.701659 34.034150 0.916667 0.799231 7.211103 123.690068 4.919350 63.434949 
45.000000 126.000000 37.887626 1.000000 17.000000 18.128000 0.976439 0.850000 10.327390 2.228607 -86.623213 1.000000 0.472216 10.198039 -101.309932 2.000000 0.000000 
40.000000 129.000000 32.215906 10.000000 5.000000 7.220000 0.948099 0.416667 5.066665 1.611077 -54.720017 1.000000 0.585230 5.000000 -126.869898 2.121320 -45.000000 
12.000000 130.000000 51.794349 1.000000 18.000000 18.269000 0.896149 0.514286 8.220769 3.647992 -74.196249 0.750000 0.493429 7.615773 -113.198591 4.314555 168.690068 
21.000000 130.000000 27.651037 3.000000 4.000000 4.408000 0.870424 0.666667 3.435909 1.691507 -58.282526 1.000000 0.881907 3.605551 -123.690068 2.000000 0.000000 
6.000000 131.000000 56.613487 1.000000 26.000000 20.047000 0.873020 0.577778 9.018552 4.398207 -11.270387 0.838710 0.607623 9.219544 -167.471192 5.000000 -90.000000 
61.000000 131.000000 23.899197 4.000000 3.000000 3.920000 0.942809 1.000000 3.464102 1.154701 0.000000 1.000000 0.756007 3.162278 161.565051 1.000000 -90.000000 
44.000000 131.000000 52.678792 1.000000 19.000000 15.341000 0.920894 0.791667 8.177759 3.187806 -88.566561 0.950000 0.698936 8.246211 104.036243 3.000000 0.000000 
19.000000 132.000000 57.746356 1.000000 20.000000 19.104000 0.927139 0.500000 9.705657 3.636879 -72.519062 0.714286 0.507869 8.602325 -125.537678 4.314555 -11.309932 
37.000000 134.000000 32.489504 1.000000 11.000000 16.011000 0.978493 0.343750 9.819129 2.025491 73.997308 0.687500 0.376832 8.544004 110.556045 2.472490 15.945396 
52.000000 135.000000 54.782973 1.000000 36.000000 25.679000 0.964645 0.428571 13.732030 3.619119 -64.247746 0.900000 0.544636 13.416408 -116.565051 4.456688 158.198591 
60.000000 133.000000 21.316251 5.000000 2.000000 2.812000 0.925820 0.500000 3.055050 1.154701 45.000000 1.000000 0.709058 2.828427 135.000000 1.414214 45.000000 
18.000000 139.000000 30.427082 5.000000 17.000000 31.179000 0.978467 0.163462 17.748366 3.663327 -35.686068 0.425000 0.181363 15.264338 -148.392498 4.587699 -55.007980 
43.000000 135.000000 27.451707 1.000000 16.000000 17.392000 0.971272 0.592593 10.009037 2.381880 83.813684 0.800000 0.476870 9.219544 102.528808 2.828427 -171.869898 
60.000000 137.000000 26.135257 1.000000 3.000000 4.590000 0.928995 0.500000 3.854129 1.426385 28.154966 1.000000 0.630657 3.605551 146.309932 1.788854 63.434949 
27.000000 135.000000 51.989936 1.000000 35.000000 23.272000 0.943621 0.795455 12.137068 4.017701 -85.485509 0.945946 0.630410 11.401754 -105.255119 4.000000 0.000000 
37.000000 136.000000 24.774147 2.000000 1.000000 0.000000 0.000000 1.000000 1.154701 1.154701 0.000000 1.000000 1.000000 1.414214 135.000000 1.000000 -90.000000 
33.000000 137.000000 26.101772 11.000000 4.000000 4.408000 0.870424 0.666667 3.435909 1.691507 58.282526 1.000000 0.881907 3.605551 123.690068 2.000000 0.000000 
13.000000 138.000000 21.833295 3.000000 1.000000 0.000000 0.000000 1.000000 1.154701 1.154701 0.000000 1.000000 1.000000 1.414214 135.000000 1.000000 -90.000000 
9.000000 139.000000 30.587147 1.000000 4.000000 4.590000 0.731925 0.666667 3.055050 2.081666 90.000000 1.000000 0.840876 3.162278 108.434949 2.000000 0.000000 
7.000000 141.000000 38.853497 1.000000 16.000000 11.719000 0.650580 0.640000 5.363247 4.073051 -37.411137 0.941176 0.910453 5.830952 -149.036243 4.242641 -45.000000 
11.000000 142.000000 27.987784 1.000000 12.000000 10.015000 0.821945 0.800000 5.418787 3.086363 -85.163322 1.000000 0.871173 5.385165 111.801409 3.000000 0.000000 
44.000000 142.000000 35.735831 1.000000 44.000000 35.942000 0.978507 0.517647 19.090574 3.936702 85.887836 0.676923 0.361971 17.117243 -96.709837 4.567501 4.763642 
58.000000 141.000000 31.614388 7.000000 12.000000 14.233000 0.733179 0.600000 5.853650 3.980690 2.769319 0.750000 0.499530 5.830952 -149.036243 4.000000 -90.000000 
4.000000 142.000000 31.059149 1.000000 6.000000 8.510000 0.934353 0.600000 5.291503 1.885618 0.000000 0.857143 0.555380 5.099020 168.690068 2.000000 -90.000000 
60.000000 143.000000 31.462115 1.000000 6.000000 6.277000 0.456435 0.666667 3.265986 2.905933 26.565051 1.000000 0.849942 3.605551 123.690068 3.000000 -90.000000 
29.000000 147.000000 31.560720 1.000000 1.000000 0.000000 0.000000 1.000000 1.154701 1.154701 0.000000 1.000000 1.000000 1.414214 135.000000 1.000000 -90.000000 
20.000000 149.000000 31.592782 1.000000 8.000000 8.998000 0.580609 0.500000 4.205954 3.424415 28.488066 0.888889 0.682168 4.472136 116.565051 3.794733 -108.434949 
11.000000 151.000000 27.127843 1.000000 9.000000 7.683000 0.665812 0.750000 4.053691 3.024539 69.699353 1.000000 0.965227 4.472136 116.565051 3.000000 0.000000 
16.000000 152.000000 49.429914 1.000000 26.000000 15.986000 0.823113 0.928571 7.742693 4.396902 -82.086923 1.000000 0.893023 8.062258 -119.744881 4.000000 0.000000 
42.000000 152.000000 64.474825 1.000000 102.000000 51.143000 0.963263 0.492754 23.999709 6.445355 77.708039 0.822581 0.434968 23.769729 104.620874 7.940191 -165.256437 
23.000000 152.000000 32.000916 1.000000 16.000000 15.341000 0.940436 0.666667 8.370676 2.845779 -82.757633 0.941176 0.588578 8.246211 -104.036243 3.000000 0.000000 
58.000000 152.000000 54.251629 1.000000 27.000000 17.971000 0.830234 0.675000 8.263037 4.605938 -86.464005 0.900000 0.761185 8.246211 104.036243 5.000000 0.000000 
12.000000 160.000000 59.398343 1.000000 56.000000 42.749000 0.982230 0.235294 22.003146 4.129620 -56.626620 0.708861 0.334157 21.260292 -131.185925 5.299989 -32.005383 
12.000000 153.000000 29.649287 1.000000 5.000000 5.905000 0.631142 0.555556 3.585155 2.780887 -45.000000 0.833333 0.767732 3.605551 -146.309932 2.828427 -45.000000 
54.000000 154.000000 36.302625 1.000000 7.000000 7.220000 0.692996 0.583333 3.827022 2.759060 10.900705 0.875000 0.819322 4.123106 165.963757 3.000000 -90.000000 
48.000000 158.000000 30.975060 1.000000 27.000000 23.719000 0.967557 0.337500 12.953823 3.272843 58.064144 0.771429 0.470265 12.206556 124.992020 4.079401 -150.945396 
30.000000 157.000000 46.721314 1.000000 16.000000 12.455000 0.785748 0.666667 5.974667 3.695609 80.397151 1.000000 0.826552 6.324555 108.434949 4.000000 0.000000 
57.000000 157.000000 36.566143 1.000000 13.000000 12.802000 0.954127 0.928571 7.642111 2.288059 -87.855423 1.000000 0.642659 7.280110 -105.945396 2.000000 0.000000 
24.000000 159.000000 31.988552 1.000000 19.000000 17.326000 0.939738 0.703704 9.050509 3.094334 -89.684043 0.863636 0.569941 9.055385 96.340192 3.000000 0.000000 
37.000000 160.000000 33.492689 1.000000 24.000000 22.404000 0.965510 0.436364 11.625151 3.026782 -70.969991 0.774194 0.462157 11.704700 -109.983107 3.794733 -18.434949 
6.000000 162.000000 21.651794 5.000000 2.000000 1.960000 0.866025 1.000000 2.309401 1.154701 0.000000 1.000000 0.965669 2.236068 153.434949 1.000000 -90.000000 
28.000000 161.000000 21.923824 1.000000 2.000000 1.960000 0.866025 1.000000 2.309401 1.154701 0.000000 1.000000 0.965669 2.236068 153.434949 1.000000 -90.000000 
36.000000 166.000000 45.655009 1.000000 58.000000 42.004000 0.981369 0.552381 20.753224 3.987355 -79.697371 0.816901 0.357608 21.587033 -103.392498 5.000000 0.000000 
21.000000 165.000000 34.673735 1.000000 7.000000 8.998000 0.761824 0.583333 4.399925 2.850202 27.231161 0.777778 0.596897 4.472136 153.434949 3.000000 -90.000000 
10.000000 168.000000 32.858689 1.000000 32.000000 28.077000 0.976645 0.457143 14.432106 3.100864 -73.663659 0.820513 0.412604 14.866069 -109.653824 3.794733 -18.434949 
57.000000 167.000000 43.859034 1.000000 24.000000 19.931000 0.956802 0.600000 10.805945 3.141725 73.357305 0.888889 0.566537 10.770330 111.801409 3.880570 -165.963757 
19.000000 168.000000 25.847148 1.000000 5.000000 5.814000 0.743786 0.555556 3.529850 2.359413 55.900705 1.000000 0.783414 3.605551 123.690068 2.683282 26.565051 
23.000000 169.000000 32.141229 1.000000 12.000000 12.918000 0.937458 0.571429 7.254203 2.525181 -83.332447 0.800000 0.584685 7.071068 98.130102 2.941742 -11.309932 
27.000000 170.000000 24.117762 1.000000 5.000000 4.962000 0.765092 0.833333 3.306559 2.129163 18.434949 1.000000 0.956808 3.605551 146.309932 2.000000 -90.000000 
58.000000 172.000000 30.941904 1.000000 15.000000 13.290000 0.928246 0.714286 7.395324 2.750810 -74.666401 0.937500 0.698139 7.615773 -113.198591 3.000000 0.000000 
23.000000 177.000000 34.441928 1.000000 47.000000 37.158000 0.975537 0.522222 17.944280 3.944780 89.337700 0.758065 0.363669 18.027756 93.179830 4.773552 -175.914383 
46.000000 178.000000 29.737724 1.000000 12.000000 16.011000 0.973836 0.375000 9.745951 2.214799 -70.780471 0.750000 0.411089 8.944272 -116.565051 2.846050 161.565051 
54.000000 179.000000 44.736601 1.000000 9.000000 12.827000 0.888889 0.450000 6.633250 3.038843 -45.000000 0.692308 0.443526 6.403124 -141.340192 3.535534 135.000000 
10.000000 179.000000 29.679924 1.000000 5.000000 6.277000 0.847117 0.555556 4.006661 2.129163 -45.000000 0.833333 0.708285 4.242641 -135.000000 2.683282 116.565051 
34.000000 178.000000 27.050977 1.000000 8.000000 8.328000 0.894059 0.800000 5.033223 2.254625 90.000000 1.000000 0.764194 5.099020 101.309932 2.000000 0.000000 
57.000000 180.000000 41.734343 1.000000 13.000000 11.975000 0.798511 0.650000 5.871935 3.534789 55.075874 0.928571 0.714900 6.403124 128.659808 4.000000 0.000000 
32.000000 182.000000 29.301127 1.000000 14.000000 15.432000 0.919524 0.500000 8.050918 3.164277 12.137221 0.736842 0.509972 7.615773 156.801409 3.794733 71.565051 
14.000000 180.000000 41.833943 1.000000 13.000000 17.326000 0.799257 0.520000 6.672738 4.010245 53.915929 0.722222 0.389960 6.403124 128.659808 4.427189 18.434949 
51.000000 182.000000 51.589440 1.000000 16.000000 15.457000 0.892504 0.571429 7.703500 3.474587 -85.742109 0.800000 0.581259 7.280110 105.945396 4.000000 0.000000 
9.000000 182.000000 39.615175 1.000000 18.000000 14.696000 0.879648 0.642857 7.279997 3.462556 79.188980 0.900000 0.710902 7.615773 113.198591 4.000000 0.000000 
17.000000 183.000000 52.885938 7.000000 5.000000 6.550000 0.889464 0.625000 4.253087 1.943686 5.152423 1.000000 0.668944 4.123106 165.963757 2.000000 -90.000000 
20.000000 183.000000 24.335376 1.000000 2.000000 1.960000 0.866025 1.000000 2.309401 1.154701 90.000000 1.000000 0.965669 2.236068 116.565051 1.000000 0.000000 
26.000000 184.000000 23.621203 1.000000 7.000000 10.288000 0.967949 0.583333 6.654453 1.671252 -75.910705 0.875000 0.487733 6.324555 -108.434949 2.000000 0.000000 
58.000000 183.000000 42.921830 1.000000 9.000000 11.140000 0.913918 0.500000 6.017270 2.442398 -73.362556 0.818182 0.554497 6.324555 -108.434949 3.000000 0.000000 
18.000000 187.000000 63.303074 1.000000 18.000000 15.176000 0.883487 0.642857 7.404823 3.468832 -8.590249 0.900000 0.674133 7.280110 -164.054604 4.000000 -90.000000 
46.000000 187.000000 26.765672 12.000000 3.000000 4.590000 0.928995 0.500000 3.854129 1.426385 -61.845034 1.000000 0.630657 3.605551 -123.690068 1.788854 -26.565051 
57.000000 186.000000 28.056544 7.000000 7.000000 8.816000 0.955573 0.466667 6.008458 1.771024 -28.154966 0.875000 0.615206 5.830952 -149.036243 2.236068 -63.434949 
51.000000 188.000000 29.709027 1.000000 5.000000 4.962000 0.765092 0.833333 3.306559 2.129163 -71.565051 1.000000 0.956808 3.605551 -123.690068 2.000000 0.000000 
55.000000 190.000000 41.414983 1.000000 14.000000 13.472000 0.935559 0.666667 7.493500 2.646492 85.605213 0.823529 0.637398 7.280110 105.945396 3.000000 0.000000 
60.000000 189.000000 31.932486 1.000000 4.000000 5.053000 0.866025 0.666667 3.651484 1.825742 71.565051 0.800000 0.748540 3.605551 123.690068 2.000000 0.000000 
12.000000 192.000000 50.479954 1.000000 31.000000 23.024000 0.952194 0.563636 11.778404 3.598237 74.575350 0.885714 0.568998 12.083046 114.443955 4.314555 -168.690068 
21.000000 191.000000 45.821557 1.000000 5.000000 5.814000 0.743786 0.555556 3.529850 2.359413 -55.900705 1.000000 0.783414 3.605551 -146.309932 2.683282 -26.565051 
36.000000 193.000000 61.285267 1.000000 34.000000 25.720000 0.966581 0.708333 14.091998 3.612634 -84.516877 0.809524 0.512918 12.369317 -104.036243 4.000000 0.000000 
47.000000 194.000000 58.584029 1.000000 33.000000 24.910000 0.938088 0.500000 11.796288 4.086195 77.212468 0.785714 0.526998 11.704700 109.983107 4.555540 12.528808 
20.000000 193.000000 54.927040 7.000000 9.000000 10.958000 0.908061 0.500000 6.210281 2.601103 -13.282526 0.750000 0.568904 6.324555 -161.565051 2.910428 104.036243 
26.000000 195.000000 51.633950 1.000000 21.000000 22.106000 0.980769 0.381818 12.862163 2.510326 71.774061 0.750000 0.413989 11.704700 109.983107 3.160111 20.556045 
42.000000 196.000000 32.144152 1.000000 7.000000 7.683000 0.597259 0.777778 3.733974 2.994829 -56.599295 0.875000 0.750732 4.242641 -135.000000 3.000000 -90.000000 
16.000000 199.000000 54.696531 1.000000 25.000000 19.774000 0.961524 0.462963 11.240683 3.088058 59.383393 0.892857 0.598257 10.816654 123.690068 3.772969 -149.036243 
35.000000 201.000000 54.650708 1.000000 25.000000 23.512000 0.974890 0.378788 12.844509 2.860289 67.612448 0.806452 0.442220 12.529964 118.610460 3.577709 26.565051 
9.000000 202.000000 32.283918 1.000000 12.000000 14.622000 0.959508 0.342857 8.727995 2.458522 -54.045245 0.800000 0.477892 8.062258 -119.744881 3.258473 -30.963757 
51.000000 201.000000 35.825659 1.000000 12.000000 12.182000 0.935726 0.500000 6.965556 2.456946 -62.655607 0.923077 0.642199 7.211103 -123.690068 3.130495 -26.565051 
58.000000 202.000000 64.093723 1.000000 28.000000 18.252000 0.903157 0.700000 9.310706 3.997176 67.336300 0.933333 0.768777 9.433981 122.005383 4.472136 26.565051 
44.000000 203.000000 28.316472 1.000000 4.000000 6.550000 0.946293 0.500000 4.820546 1.558527 -72.391204 0.800000 0.535155 4.472136 -116.565051 1.897367 -18.434949 
27.000000 204.000000 33.040604 1.000000 10.000000 14.605000 0.939260 0.476190 8.102674 2.780887 86.987212 0.666667 0.399006 7.280110 105.945396 3.000000 0.000000 
12.000000 205.000000 25.759549 8.000000 5.000000 7.402000 0.882464 0.416667 4.587955 2.158086 -64.329904 0.833333 0.565201 4.472136 -116.565051 2.529822 161.565051 
41.000000 205.000000 34.122365 1.000000 10.000000 11.810000 0.875505 0.555556 5.881342 2.841916 78.264503 0.833333 0.562128 6.324555 108.434949 3.000000 0.000000 
50.000000 205.000000 62.599679 1.000000 26.000000 19.261000 0.937294 0.722222 10.145004 3.535951 -83.833204 0.896552 0.651008 9.848858 -113.962489 3.959798 -8.130102 
6.000000 206.000000 22.373939 4.000000 3.000000 5.624000 0.769800 0.500000 3.464102 2.211083 90.000000 0.750000 0.490646 3.162278 108.434949 2.000000 0.000000 
35.000000 207.000000 47.392634 1.000000 1.000000 0.000000 0.000000 1.000000 1.154701 1.154701 0.000000 1.000000 1.000000 1.414214 135.000000 1.000000 -90.000000 
46.000000 206.000000 31.933524 12.000000 1.000000 0.000000 0.000000 1.000000 1.154701 1.154701 0.000000 1.000000 1.000000 1.414214 135.000000 1.000000 -90.000000 
21.000000 211.000000 34.698810 1.000000 14.000000 15.937000 0.892677 0.388889 7.838994 3.533008 55.501611 0.736842 0.483332 7.810250 140.194429 4.242641 -135.000000 
57.000000 210.000000 67.136964 1.000000 1.000000 0.000000 0.000000 1.000000 1.154701 1.154701 0.000000 1.000000 1.000000 1.414214 135.000000 1.000000 -90.000000 
15.000000 212.000000 36.334010 1.000000 19.000000 19.840000 0.962709 0.475000 10.477525 2.834598 77.309104 0.826087 0.452067 10.198039 101.309932 3.478505 18.434949 
39.000000 214.000000 33.569784 1.000000 43.000000 42.856000 0.992155 0.511905 22.998193 2.875018 -84.692220 0.728814 0.255392 21.213203 -98.130102 3.349823 -5.194429 
52.000000 213.000000 25.845221 3.000000 2.000000 2.812000 0.925820 0.500000 3.055050 1.154701 45.000000 1.000000 0.709058 2.828427 135.000000 1.414214 45.000000 
18.000000 215.000000 31.894431 3.000000 7.000000 10.032000 0.964597 0.350000 6.447571 1.700416 39.155315 1.000000 0.506873 6.403124 141.340192 2.121320 45.000000 
53.000000 215.000000 29.358618 1.000000 7.000000 7.220000 0.692996 0.583333 3.827022 2.759060 10.900705 1.000000 0.819322 4.123106 165.963757 3.000000 -90.000000 
20.000000 217.000000 21.051884 11.000000 1.000000 0.000000 0.000000 1.000000 1.154701 1.154701 0.000000 1.000000 1.000000 1.414214 135.000000 1.000000 -90.000000 
60.000000 217.000000 28.683835 2.000000 4.000000 6.550000 0.946293 0.500000 4.820546 1.558527 72.391204 0.800000 0.535155 4.472136 116.565051 1.897367 -161.565051 
15.000000 219.000000 24.423113 11.000000 4.000000 6.368000 0.958153 0.500000 4.964579 1.421135 -67.500000 0.800000 0.555835 4.472136 -116.565051 1.788854 -26.565051 
22.000000 218.000000 24.199148 12.000000 1.000000 0.000000 0.000000 1.000000 1.154701 1.154701 0.000000 1.000000 1.000000 1.414214 135.000000 1.000000 -90.000000 
41.000000 219.000000 37.716477 1.000000 19.000000 21.064000 0.981206 0.431818 11.968248 2.309441 -72.169083 0.826087 0.407504 11.704700 -109.983107 2.846050 -18.434949 
6.000000 221.000000 41.712115 1.000000 9.000000 8.237000 0.759113 0.750000 4.430771 2.884248 -83.952621 0.900000 0.873525 4.472136 116.565051 3.000000 0.000000 
37.000000 223.000000 27.677111 1.000000 10.000000 10.776000 0.923421 0.500000 6.267445 2.405368 24.922000 0.833333 0.648756 6.403124 141.340192 2.846050 71.565051 
50.000000 222.000000 21.619570 4.000000 2.000000 2.812000 0.925820 0.500000 3.055050 1.154701 45.000000 1.000000 0.709058 2.828427 135.000000 1.414214 45.000000 
18.000000 224.000000 57.643549 1.000000 66.000000 47.454000 0.988902 0.358696 25.876591 3.844527 -77.107571 0.733333 0.323988 23.537205 -102.264774 4.580787 -13.240520 
7.000000 224.000000 23.710796 1.000000 3.000000 3.093000 0.730297 0.750000 2.581989 1.763834 -45.000000 1.000000 0.969873 2.828427 -135.000000 2.000000 -90.000000 
31.000000 225.000000 40.062935 1.000000 19.000000 13.307000 0.432519 0.633333 5.348600 4.822429 58.282526 0.950000 0.882482 6.082763 99.462322 4.949747 45.000000 
38.000000 225.000000 34.165760 1.000000 3.000000 3.920000 0.942809 1.000000 3.464102 1.154701 90.000000 1.000000 0.756007 3.162278 108.434949 1.000000 0.000000 
43.000000 225.000000 32.788290 1.000000 5.000000 7.840000 0.979796 1.000000 5.773503 1.154701 90.000000 1.000000 0.521014 5.099020 101.309932 1.000000 0.000000 
48.000000 226.000000 30.254693 1.000000 11.000000 12.364000 0.924161 0.611111 6.829191 2.608769 82.889615 0.785714 0.574944 6.324555 108.434949 3.000000 0.000000 
61.000000 227.000000 43.838793 1.000000 4.000000 4.590000 0.731925 0.666667 3.055050 2.081666 0.000000 1.000000 0.840876 3.162278 161.565051 2.000000 -90.000000 
59.000000 228.000000 23.730483 9.000000 2.000000 2.812000 0.925820 0.500000 3.055050 1.154701 -45.000000 1.000000 0.709058 2.828427 -135.000000 1.414214 -45.000000 
29.000000 228.000000 27.297980 1.000000 3.000000 3.093000 0.730297 0.750000 2.581989 1.763834 45.000000 1.000000 0.969873 2.828427 135.000000 2.000000 -90.000000 
34.000000 227.000000 33.270183 1.000000 7.000000 6.186000 0.779484 0.777778 3.879126 2.429972 45.000000 1.000000 1.000000 4.242641 135.000000 2.828427 45.000000 
44.000000 228.000000 33.149005 1.000000 7.000000 7.501000 0.755897 0.583333 4.172402 2.731631 33.400705 0.875000 0.776628 4.472136 153.434949 3.000000 -90.000000 
7.000000 232.000000 29.862560 5.000000 12.000000 12.918000 0.942949 0.571429 7.260340 2.417232 20.433241 1.000000 0.584685 7.615773 156.801409 3.000000 -90.000000 
39.000000 230.000000 48.000774 1.000000 20.000000 17.789000 0.942799 0.740741 9.574884 3.191907 85.139379 0.909091 0.573689 9.219544 102.528808 3.000000 0.000000 
60.000000 231.000000 60.289571 1.000000 18.000000 14.142000 0.783767 0.600000 6.525823 4.052897 25.526520 0.900000 0.757206 6.708204 153.434949 4.714952 56.309932 
47.000000 231.000000 34.733606 1.000000 11.000000 13.472000 0.964050 0.523810 8.243264 2.190415 -80.213437 0.733333 0.500813 7.280110 -105.945396 2.549510 -11.309932 
40.000000 235.000000 32.270786 1.000000 17.000000 17.971000 0.958281 0.472222 9.545275 2.728308 74.375079 0.772727 0.479265 9.848858 113.962489 3.296654 15.945396 
53.000000 233.000000 23.584855 1.000000 11.000000 9.370000 0.617849 0.687500 4.750382 3.735208 36.060652 0.916667 0.883034 5.000000 126.869898 4.000000 -90.000000 
19.000000 236.000000 25.979669 1.000000 11.000000 16.168000 0.984301 0.611111 10.267999 1.812303 83.719506 0.846154 0.370729 9.219544 102.528808 2.000000 0.000000 
59.000000 235.000000 39.480774 4.000000 13.000000 16.193000 0.719850 0.520000 6.304821 4.376366 80.615970 0.684211 0.437002 6.403124 128.659808 5.000000 -90.000000 
