240
31.000000 122.000000 9.030384 1.000000 11167.000000 591.556000 0.963804 0.727018 282.783278 75.393369 -0.034492 0.727018 0.396784 248.386795 165.068583 64.000000 -90.000000 
21.000000 5.000000 35.453437 5.000000 3.000000 3.920000 0.942809 1.000000 3.464102 1.154701 0.000000 1.000000 0.756007 3.162278 161.565051 1.000000 -90.000000 
46.000000 6.000000 24.358952 6.000000 5.000000 6.368000 0.923687 0.625000 4.492622 1.721341 20.993606 1.000000 0.694794 4.472136 153.434949 2.000000 -90.000000 
53.000000 5.000000 38.741561 5.000000 10.000000 9.825000 0.794719 0.625000 5.033223 3.055050 45.000000 1.000000 0.747409 5.656854 135.000000 3.535534 -135.000000 
8.000000 6.000000 25.964197 7.000000 5.000000 7.013000 0.931488 0.625000 4.881890 1.775899 -10.900705 0.833333 0.609333 4.472136 -153.434949 2.000000 -90.000000 
15.000000 6.000000 22.023864 8.000000 1.000000 0.000000 0.000000 1.000000 1.154701 1.154701 0.000000 1.000000 1.000000 1.414214 135.000000 1.000000 -90.000000 
24.000000 6.000000 26.455321 1.000000 7.000000 9.825000 0.932707 0.700000 5.693029 2.053112 83.303751 0.777778 0.523186 5.385165 111.801409 2.000000 0.000000 
32.000000 10.000000 35.116987 1.000000 23.000000 23.388000 0.932205 0.425926 10.989733 3.977512 20.232592 0.657143 0.410654 10.816654 146.309932 4.919350 -116.565051 
56.000000 7.000000 130.620030 3.000000 20.000000 16.400000 0.534962 0.476190 6.366579 5.378971 3.366461 0.800000 0.658143 7.071068 171.869898 6.000000 -90.000000 
20.000000 10.000000 43.990887 3.000000 22.000000 18.178000 0.909408 0.488889 8.865247 3.687102 12.839418 0.846154 0.608240 9.055385 173.659808 4.110961 71.565051 
52.000000 10.000000 51.415199 1.000000 16.000000 13.406000 0.651542 0.533333 5.691859 4.317918 84.498230 0.888889 0.734277 6.324555 108.434949 4.919350 26.565051 
38.000000 13.000000 27.497416 3.000000 6.000000 6.922000 0.894483 0.750000 4.513541 2.018017 12.933178 0.857143 0.744483 4.472136 153.434949 2.000000 -90.000000 
54.000000 13.000000 125.032837 4.000000 24.000000 17.806000 0.884884 0.489796 8.406347 3.915780 45.000000 0.923077 0.687310 9.219544 130.601295 4.242641 45.000000 
12.000000 14.000000 33.443868 1.000000 34.000000 28.954000 0.971378 0.404762 15.273157 3.627955 74.572496 0.739130 0.414761 14.317821 102.094757 4.365641 -165.963757 
26.000000 16.000000 33.046790 1.000000 20.000000 22.768000 0.975247 0.303030 12.141617 2.684736 62.087576 0.689655 0.374385 12.083046 114.443955 3.577709 -153.434949 
45.000000 16.000000 38.711369 1.000000 20.000000 24.058000 0.972073 0.555556 12.118526 2.843942 -88.579107 0.666667 0.339715 12.165525 -99.462322 3.000000 0.000000 
56.000000 16.000000 128.754052 1.000000 17.000000 17.806000 0.569079 0.404762 6.168967 5.072635 4.392649 0.739130 0.486845 7.071068 171.869898 6.000000 -90.000000 
37.000000 16.000000 23.147489 6.000000 3.000000 3.093000 0.730297 0.750000 2.581989 1.763834 45.000000 1.000000 0.969873 2.828427 135.000000 2.000000 -90.000000 
37.000000 20.000000 28.557534 1.000000 18.000000 18.252000 0.972986 0.500000 10.815515 2.496900 -73.459682 0.782609 0.494214 9.848858 -113.962489 3.021932 -15.945396 
49.000000 18.000000 46.600153 1.000000 8.000000 7.683000 0.856680 0.666667 4.653433 2.400464 54.645023 1.000000 0.857979 5.000000 126.869898 2.828427 45.000000 
19.000000 20.000000 23.653936 3.000000 1.000000 0.000000 0.000000 1.000000 1.154701 1.154701 0.000000 1.000000 1.000000 1.414214 135.000000 1.000000 -90.000000 
54.000000 21.000000 178.060507 1.000000 42.000000 21.891000 0.827105 0.777778 10.019014 5.631168 -12.451526 0.933333 0.842263 10.295630 -150.945396 5.918364 99.462322 
58.000000 24.000000 31.176627 2.000000 1.000000 0.000000 0.000000 1.000000 1.154701 1.154701 0.000000 1.000000 1.000000 1.414214 135.000000 1.000000 -90.000000 
15.000000 26.000000 29.042571 1.000000 12.000000 14.630000 0.973775 0.342857 9.030847 2.054649 -58.871602 0.857143 0.477462 8.602325 -125.537678 2.683282 -26.565051 
28.000000 25.000000 32.118819 1.000000 11.000000 16.772000 0.939347 0.343750 9.281842 3.183380 -69.969608 0.647059 0.348581 8.544004 -110.556045 3.478505 161.565051 
7.000000 29.000000 29.849270 1.000000 10.000000 16.309000 0.959156 0.285714 9.401781 2.659545 -27.467049 0.588235 0.332158 8.602325 -144.462322 3.478505 108.434949 
44.000000 26.000000 29.874999 7.000000 8.000000 12.736000 0.979832 0.380952 8.214169 1.641371 -68.907778 0.727273 0.398777 7.615773 -113.198591 2.213594 -18.434949 
50.000000 25.000000 47.330231 1.000000 8.000000 11.992000 0.926993 0.444444 6.631699 2.487415 81.142104 0.666667 0.438951 6.324555 108.434949 3.000000 0.000000 
52.000000 34.000000 186.493894 1.000000 84.000000 39.424000 0.950106 0.777778 19.282152 6.014642 2.720405 0.893617 0.582602 18.248288 170.537678 6.000000 -90.000000 
5.000000 37.000000 46.459705 1.000000 34.000000 35.611000 0.987005 0.629630 17.947527 2.884033 -2.418863 0.829268 0.284503 18.110770 -173.659808 3.000000 -90.000000 
29.000000 29.000000 35.671700 1.000000 8.000000 7.865000 0.717406 0.666667 4.136643 2.881814 -72.703856 1.000000 0.829839 4.472136 -116.565051 3.000000 0.000000 
21.000000 35.000000 37.335920 1.000000 30.000000 33.553000 0.967906 0.250000 15.505621 3.896741 35.559434 0.612245 0.279980 14.422205 146.309932 5.269652 56.309932 
35.000000 32.000000 48.823570 1.000000 37.000000 31.559000 0.950320 0.373737 14.571690 4.535811 -59.136897 0.725490 0.386134 13.453624 -131.987212 5.812382 144.462322 
60.000000 32.000000 29.301155 1.000000 7.000000 11.603000 0.956698 0.583333 7.323428 2.131731 -1.907037 0.636364 0.404615 6.324555 -161.565051 2.000000 -90.000000 
44.000000 34.000000 29.538723 1.000000 20.000000 18.360000 0.907735 0.476190 9.085071 3.811582 57.378156 0.800000 0.543624 9.219544 130.601295 4.743416 18.434949 
10.000000 34.000000 29.529434 1.000000 11.000000 13.472000 0.919070 0.458333 7.130021 2.809907 -24.622805 0.733333 0.500813 7.211103 -146.309932 3.429972 120.963757 
57.000000 34.000000 25.469916 1.000000 2.000000 1.960000 0.866025 1.000000 2.309401 1.154701 0.000000 1.000000 0.965669 2.236068 153.434949 1.000000 -90.000000 
26.000000 35.000000 22.726917 11.000000 2.000000 1.960000 0.866025 1.000000 2.309401 1.154701 90.000000 1.000000 0.965669 2.236068 116.565051 1.000000 0.000000 
35.000000 39.000000 38.939890 1.000000 18.000000 17.880000 0.885798 0.562500 8.542556 3.964353 -87.774118 0.750000 0.511860 8.544004 -110.556045 4.000000 0.000000 
14.000000 40.000000 37.585794 1.000000 23.000000 19.956000 0.940441 0.575000 10.083442 3.427944 -77.950272 0.851852 0.541757 10.440307 -106.699244 4.000000 0.000000 
57.000000 43.000000 73.865957 2.000000 20.000000 26.614000 0.939703 0.277778 11.629625 3.977245 63.154773 0.540541 0.283859 10.816654 123.690068 5.200000 -143.130102 
28.000000 43.000000 29.015808 1.000000 11.000000 16.218000 0.982006 0.275000 9.747497 1.840788 59.503208 0.733333 0.368816 9.433981 122.005383 2.496151 33.690068 
40.000000 39.000000 38.155903 2.000000 4.000000 4.590000 0.731925 0.666667 3.055050 2.081666 90.000000 1.000000 0.840876 3.162278 108.434949 2.000000 0.000000 
10.000000 44.000000 30.399345 4.000000 6.000000 7.220000 0.683813 0.500000 4.030109 2.940597 10.278023 0.750000 0.702276 4.123106 165.963757 3.000000 -90.000000 
23.000000 41.000000 28.416816 11.000000 6.000000 7.501000 0.932940 0.500000 5.134278 1.848505 -60.767396 0.857143 0.665681 5.000000 -126.869898 2.236068 -26.565051 
47.000000 44.000000 85.559878 1.000000 35.000000 27.168000 0.901067 0.530303 11.191097 4.853348 -80.486957 0.813953 0.478760 11.180340 -100.304846 6.000000 0.000000 
21.000000 44.000000 31.429551 8.000000 13.000000 13.497000 0.932799 0.433333 7.504778 2.704696 -33.153621 0.866667 0.590092 7.211103 -146.309932 3.328201 123.690068 
40.000000 45.000000 41.769769 1.000000 17.000000 15.341000 0.926193 0.708333 8.125712 3.063800 82.696631 1.000000 0.625364 8.246211 104.036243 3.000000 0.000000 
11.000000 60.000000 38.968874 1.000000 63.000000 68.030000 0.997178 0.212121 39.330999 2.952761 -13.083081 0.552632 0.156292 33.955854 -166.373005 4.314555 -78.690068 
31.000000 47.000000 24.076038 1.000000 3.000000 5.624000 0.970143 0.333333 4.760952 1.154701 -45.000000 1.000000 0.490646 4.242641 -135.000000 1.414214 -45.000000 
53.000000 48.000000 228.055739 5.000000 29.000000 16.193000 0.386970 0.805556 6.445341 5.943200 -54.272886 1.000000 0.974850 7.211103 -146.309932 6.000000 -90.000000 
20.000000 48.000000 23.830702 5.000000 2.000000 1.960000 0.866025 1.000000 2.309401 1.154701 0.000000 1.000000 0.965669 2.236068 153.434949 1.000000 -90.000000 
24.000000 48.000000 31.963038 7.000000 6.000000 9.180000 0.933428 0.400000 5.716842 2.051001 -17.093061 0.750000 0.496624 5.385165 -158.198591 2.425356 -75.963757 
17.000000 52.000000 26.552614 2.000000 12.000000 17.624000 0.966843 0.244898 10.294541 2.628938 -47.573942 0.666667 0.349705 9.219544 -139.398705 3.456996 129.805571 
37.000000 51.000000 40.332759 5.000000 9.000000 10.313000 0.902846 0.600000 5.795884 2.492026 21.915430 0.900000 0.624757 5.830952 149.036243 3.000000 -90.000000 
28.000000 54.000000 29.995460 1.000000 14.000000 19.377000 0.944434 0.350000 9.667790 3.177809 23.055430 0.608696 0.346941 8.944272 153.434949 4.365641 -104.036243 
40.000000 53.000000 44.992486 1.000000 14.000000 12.827000 0.818817 0.583333 6.217803 3.569354 30.183512 0.875000 0.689929 6.708204 153.434949 4.000000 -90.000000 
48.000000 50.000000 57.311029 1.000000 7.000000 8.237000 0.741154 0.583333 4.300534 2.887099 22.500000 0.875000 0.679408 4.472136 153.434949 3.000000 -90.000000 
53.000000 54.000000 213.078668 1.000000 44.000000 23.206000 0.588670 0.785714 8.643340 6.987048 1.537157 0.916667 0.796491 9.433981 147.994617 7.000000 -90.000000 
60.000000 55.000000 24.953032 1.000000 5.000000 8.510000 0.962333 0.500000 5.887652 1.600692 11.749283 0.714286 0.462817 5.385165 158.198591 1.940285 -104.036243 
15.000000 55.000000 28.124171 1.000000 9.000000 12.918000 0.968133 0.428571 7.584708 1.899477 -72.572772 0.750000 0.438514 7.615773 -113.198591 2.425356 165.963757 
21.000000 55.000000 42.881974 1.000000 14.000000 12.273000 0.864168 0.583333 6.378865 3.209871 -75.891322 0.875000 0.740413 6.324555 -108.434949 3.638034 165.963757 
37.000000 58.000000 40.303631 1.000000 45.000000 26.572000 0.850545 0.625000 11.184133 5.881766 4.020478 0.865385 0.640490 12.165525 170.537678 6.000000 -90.000000 
24.000000 64.000000 34.931815 4.000000 37.000000 33.709000 0.976122 0.578125 17.361772 3.771357 -5.112175 0.698113 0.342391 16.278821 -169.380345 4.000000 -90.000000 
28.000000 58.000000 28.003145 1.000000 3.000000 4.590000 0.928995 0.500000 3.854129 1.426385 -61.845034 0.750000 0.630657 3.605551 -123.690068 1.788854 153.434949 
49.000000 62.000000 141.362203 1.000000 36.000000 25.952000 0.940336 0.750000 12.273813 4.176115 -1.859881 0.878049 0.534463 12.165525 -170.537678 4.000000 -90.000000 
54.000000 62.000000 265.020168 2.000000 28.000000 19.286000 0.874964 0.700000 9.053280 4.383492 2.014263 0.823529 0.699524 8.544004 159.443955 5.000000 -90.000000 
34.000000 66.000000 28.766162 1.000000 9.000000 9.552000 0.878639 0.600000 5.462501 2.608267 78.916827 0.818182 0.701913 5.385165 111.801409 2.910428 -165.963757 
38.000000 65.000000 25.075128 2.000000 2.000000 1.960000 0.866025 1.000000 2.309401 1.154701 90.000000 1.000000 0.965669 2.236068 116.565051 1.000000 0.000000 
36.000000 69.000000 24.333325 1.000000 6.000000 8.998000 0.965254 0.400000 6.286764 1.642810 -59.829555 0.857143 0.511626 5.830952 -120.963757 2.218801 146.309932 
7.000000 69.000000 35.799506 1.000000 17.000000 13.472000 0.897927 0.809524 7.188425 3.163939 83.628239 1.000000 0.773983 7.280110 105.945396 3.000000 0.000000 
40.000000 69.000000 23.826962 2.000000 2.000000 1.960000 0.866025 1.000000 2.309401 1.154701 90.000000 1.000000 0.965669 2.236068 116.565051 1.000000 0.000000 
53.000000 70.000000 205.912009 1.000000 55.000000 27.151000 0.541706 0.679012 10.141512 8.524629 35.636461 0.846154 0.753182 11.401754 142.125016 8.944272 26.565051 
10.000000 78.000000 35.435685 1.000000 27.000000 25.216000 0.782161 0.337500 9.582106 5.970387 31.246894 0.642857 0.421925 10.440307 163.300756 6.945945 60.255119 
41.000000 73.000000 31.360685 1.000000 9.000000 14.440000 0.942635 0.375000 7.559013 2.523388 -55.486747 0.692308 0.365878 7.211103 -123.690068 3.328201 -33.690068 
21.000000 78.000000 28.548345 2.000000 7.000000 13.406000 0.986944 0.250000 9.029462 1.454329 63.152249 0.700000 0.321246 8.062258 119.744881 1.788854 26.565051 
39.000000 77.000000 32.828379 1.000000 17.000000 12.736000 0.716061 0.680000 6.120022 4.272009 -40.187376 0.894737 0.847402 6.403124 -141.340192 4.714952 123.690068 
17.000000 79.000000 34.087935 1.000000 5.000000 4.962000 0.765092 0.833333 3.306559 2.129163 18.434949 1.000000 0.956808 3.605551 146.309932 2.000000 -90.000000 
55.000000 78.000000 187.693922 1.000000 52.000000 29.020000 0.800495 0.577778 11.544965 6.919357 -20.924565 0.812500 0.631740 12.727922 -135.000000 8.049845 116.565051 
26.000000 80.000000 25.767773 12.000000 2.000000 1.960000 0.866025 1.000000 2.309401 1.154701 90.000000 1.000000 0.965669 2.236068 116.565051 1.000000 0.000000 
6.000000 81.000000 40.750640 2.000000 6.000000 6.368000 0.833333 0.750000 4.000000 2.211083 90.000000 1.000000 0.833753 4.123106 104.036243 2.000000 0.000000 
19.000000 84.000000 48.968656 2.000000 15.000000 16.491000 0.949466 0.357143 8.789765 2.758830 -34.968464 0.789474 0.489042 8.602325 -144.462322 3.328201 123.690068 
27.000000 82.000000 21.845992 8.000000 1.000000 0.000000 0.000000 1.000000 1.154701 1.154701 0.000000 1.000000 1.000000 1.414214 135.000000 1.000000 -90.000000 
6.000000 85.000000 45.199764 2.000000 21.000000 19.675000 0.950290 0.466667 9.910352 3.085755 28.323978 0.807692 0.506906 10.295630 150.945396 3.882901 56.309932 
52.000000 83.000000 82.800797 1.000000 1.000000 0.000000 0.000000 1.000000 1.154701 1.154701 0.000000 1.000000 1.000000 1.414214 135.000000 1.000000 -90.000000 
36.000000 85.000000 41.570310 1.000000 34.000000 37.191000 0.964094 0.285714 19.029927 5.053605 78.569459 0.500000 0.262649 17.464249 103.240520 5.687368 -168.690068 
47.000000 83.000000 31.598535 1.000000 11.000000 10.495000 0.770518 0.550000 5.205350 3.317984 -68.166110 0.916667 0.743346 5.385165 -111.801409 3.794733 161.565051 
56.000000 87.000000 226.120162 1.000000 32.000000 18.244000 0.651488 0.761905 7.551813 5.729249 -13.183284 0.969697 0.879260 8.062258 -150.255119 6.000000 -90.000000 
10.000000 91.000000 37.026411 2.000000 17.000000 19.675000 0.700118 0.404762 7.036229 5.024061 9.589504 0.680000 0.410353 7.615773 156.801409 5.316456 59.036243 
22.000000 88.000000 28.142141 6.000000 5.000000 4.962000 0.765092 0.833333 3.306559 2.129163 18.434949 1.000000 0.956808 3.605551 146.309932 2.000000 -90.000000 
17.000000 89.000000 25.001991 4.000000 1.000000 0.000000 0.000000 1.000000 1.154701 1.154701 0.000000 1.000000 1.000000 1.414214 135.000000 1.000000 -90.000000 
25.000000 89.000000 56.941082 1.000000 13.000000 10.776000 0.774611 0.650000 5.406071 3.419003 77.547616 0.928571 0.843383 5.385165 111.801409 3.794733 -161.565051 
53.000000 90.000000 39.252778 1.000000 13.000000 12.182000 0.855998 0.722222 6.063711 3.134815 88.186714 0.928571 0.695716 6.324555 -108.434949 3.000000 0.000000 
18.000000 92.000000 49.721056 1.000000 26.000000 26.068000 0.949298 0.295455 12.238484 3.847512 61.303021 0.666667 0.382941 11.401754 105.255119 5.366563 26.565051 
45.000000 92.000000 29.822322 1.000000 11.000000 19.675000 0.598026 0.366667 6.269265 5.024668 -84.027911 0.578947 0.265522 6.403124 128.659808 5.000000 0.000000 
39.000000 92.000000 41.780395 1.000000 31.000000 26.341000 0.851696 0.492063 10.459997 5.481421 69.013541 0.720930 0.448167 10.630146 131.185925 7.000000 0.000000 
57.000000 95.000000 143.729635 2.000000 40.000000 20.601000 0.721660 0.740741 8.709922 6.029422 10.407869 0.952381 0.891689 9.486833 161.565051 6.000000 -90.000000 
31.000000 93.000000 50.807288 1.000000 26.000000 17.715000 0.872432 0.541667 8.540322 4.173952 -57.200750 0.928571 0.751098 8.602325 -125.537678 4.714952 146.309932 
6.000000 96.000000 55.236970 1.000000 11.000000 15.085000 0.806424 0.458333 6.354600 3.757717 85.363699 0.687500 0.416094 6.324555 108.434949 4.000000 0.000000 
13.000000 99.000000 54.549361 2.000000 28.000000 22.652000 0.912020 0.560000 10.961258 4.495705 12.515869 0.756757 0.528864 10.440307 163.300756 4.949747 81.869898 
8.000000 99.000000 70.309139 1.000000 26.000000 21.842000 0.797485 0.541667 8.292213 5.003013 16.199920 0.838710 0.523448 8.944272 153.434949 5.813777 63.434949 
46.000000 101.000000 77.129081 1.000000 80.000000 55.005000 0.989512 0.290909 29.579854 4.272753 -69.873323 0.727273 0.297339 26.570661 -109.798876 5.238414 -19.290046 
18.000000 100.000000 29.757710 1.000000 5.000000 4.962000 0.765092 0.833333 3.306559 2.129163 71.565051 1.000000 0.956808 3.605551 123.690068 2.000000 0.000000 
55.000000 99.000000 33.514731 4.000000 5.000000 7.402000 0.765173 0.555556 3.931770 2.531373 -40.934949 0.833333 0.565201 4.242641 -135.000000 2.828427 -45.000000 
59.000000 101.000000 184.017614 1.000000 25.000000 17.508000 0.734590 0.714286 7.237521 4.910740 -5.481962 0.892857 0.736761 7.615773 156.801409 5.000000 -90.000000 
29.000000 103.000000 45.951523 1.000000 39.000000 43.452000 0.974293 0.240741 21.291463 4.796623 -70.860184 0.527027 0.225747 18.973666 -108.434949 5.920397 154.983107 
20.000000 104.000000 29.249741 2.000000 5.000000 5.814000 0.901281 0.555556 4.163332 1.803700 -45.000000 1.000000 0.783414 4.242641 -135.000000 2.121320 -45.000000 
23.000000 106.000000 34.149763 1.000000 11.000000 13.290000 0.482119 0.687500 4.984918 4.367317 -52.972698 0.785714 0.511968 5.656854 -135.000000 4.000000 -90.000000 
9.000000 105.000000 84.738403 5.000000 22.000000 19.766000 0.528288 0.628571 6.285501 5.336802 -56.283505 0.785714 0.526834 8.062258 -119.744881 5.000000 0.000000 
60.000000 107.000000 190.198439 6.000000 24.000000 17.301000 0.821911 0.685714 7.845725 4.469046 -7.273402 0.857143 0.721687 7.615773 156.801409 5.000000 -90.000000 
30.000000 107.000000 62.664106 1.000000 21.000000 18.542000 0.927447 0.583333 9.113751 3.408119 -71.483583 0.875000 0.561263 9.486833 -108.434949 4.000000 0.000000 
43.000000 109.000000 79.655277 1.000000 66.000000 36.331000 0.948025 0.515625 17.268395 5.494714 -81.537256 0.795181 0.532307 16.278821 -100.619655 6.305926 -14.036243 
10.000000 109.000000 123.174721 6.000000 5.000000 5.814000 0.743786 0.555556 3.529850 2.359413 -55.900705 1.000000 0.783414 3.605551 -146.309932 2.683282 -26.565051 
54.000000 110.000000 47.230036 1.000000 14.000000 16.656000 0.938223 0.437500 8.994355 3.112333 -68.452255 0.700000 0.448862 8.544004 -110.556045 3.794733 -18.434949 
21.000000 109.000000 43.092752 1.000000 17.000000 25.282000 0.823373 0.354167 9.018395 5.117944 88.215421 0.515152 0.264424 8.544004 110.556045 5.820855 -14.036243 
27.000000 109.000000 49.588492 1.000000 8.000000 7.683000 0.856680 0.666667 4.653433 2.400464 -54.645023 1.000000 0.857979 5.000000 -126.869898 2.828427 -45.000000 
8.000000 111.000000 124.129739 4.000000 18.000000 13.588000 0.765312 0.600000 6.320188 4.068052 -22.414484 0.900000 0.808187 6.708204 -153.434949 4.714952 -56.309932 
15.000000 111.000000 40.383979 2.000000 14.000000 14.415000 0.830659 0.583333 6.445399 3.588676 35.008447 0.823529 0.570765 7.211103 146.309932 4.000000 -90.000000 
5.000000 113.000000 85.035017 1.000000 11.000000 10.495000 0.643954 0.687500 4.604344 3.522617 -66.890562 0.846154 0.743346 5.000000 -143.130102 4.000000 -90.000000 
52.000000 112.000000 92.001091 1.000000 18.000000 14.051000 0.880790 0.642857 7.327380 3.469568 -76.914938 0.900000 0.765243 7.280110 -105.945396 3.880570 165.963757 
60.000000 112.000000 151.799778 6.000000 1.000000 0.000000 0.000000 1.000000 1.154701 1.154701 0.000000 1.000000 1.000000 1.414214 135.000000 1.000000 -90.000000 
33.000000 113.000000 23.395321 1.000000 2.000000 1.960000 0.866025 1.000000 2.309401 1.154701 90.000000 1.000000 0.965669 2.236068 116.565051 1.000000 0.000000 
57.000000 114.000000 66.785996 1.000000 10.000000 9.370000 0.772817 0.625000 4.890284 3.103513 -49.836678 0.909091 0.802758 5.000000 -143.130102 3.535534 -45.000000 
9.000000 116.000000 80.429214 1.000000 16.000000 12.645000 0.810342 0.640000 6.194200 3.629539 -49.567594 0.941176 0.806776 6.403124 -141.340192 4.242641 -45.000000 
17.000000 119.000000 32.899092 7.000000 15.000000 15.548000 0.894454 0.535714 7.421839 3.318747 -19.618684 0.750000 0.539637 8.062258 -150.255119 4.000000 -90.000000 
53.000000 117.000000 35.130998 1.000000 1.000000 0.000000 0.000000 1.000000 1.154701 1.154701 0.000000 1.000000 1.000000 1.414214 135.000000 1.000000 -90.000000 
60.000000 119.000000 51.258029 1.000000 26.000000 18.153000 0.917918 0.722222 9.406255 3.732116 11.295939 0.962963 0.720518 9.486833 161.565051 4.000000 -90.000000 
34.000000 119.000000 27.660734 1.000000 4.000000 5.880000 0.968246 1.000000 4.618802 1.154701 90.000000 1.000000 0.617595 4.123106 104.036243 1.000000 0.000000 
38.000000 119.000000 22.370912 1.000000 1.000000 0.000000 0.000000 1.000000 1.154701 1.154701 0.000000 1.000000 1.000000 1.414214 135.000000 1.000000 -90.000000 
7.000000 121.000000 53.103657 1.000000 15.000000 19.030000 0.893827 0.416667 8.249703 3.699272 52.581555 0.681818 0.383449 8.485281 135.000000 4.456688 -158.198591 
13.000000 122.000000 49.783127 1.000000 26.000000 21.271000 0.882218 0.464286 9.553159 4.498025 -54.368410 0.764706 0.548221 9.433981 -122.005383 5.656854 -45.000000 
47.000000 122.000000 35.237296 1.000000 19.000000 16.954000 0.929599 0.452381 8.874121 3.270750 55.575017 0.904762 0.591237 9.219544 130.601295 4.000000 36.869898 
32.000000 123.000000 23.108334 1.000000 2.000000 1.960000 0.866025 1.000000 2.309401 1.154701 90.000000 1.000000 0.965669 2.236068 116.565051 1.000000 0.000000 
38.000000 124.000000 50.533214 1.000000 19.000000 18.062000 0.963579 0.527778 10.112211 2.704238 -76.597860 0.826087 0.531061 9.486833 -108.434949 3.152963 -14.036243 
51.000000 123.000000 28.798274 1.000000 3.000000 3.093000 0.730297 0.750000 2.581989 1.763834 -45.000000 1.000000 0.969873 2.828427 -135.000000 2.000000 -90.000000 
61.000000 123.000000 27.539521 1.000000 3.000000 3.093000 0.730297 0.750000 2.581989 1.763834 45.000000 1.000000 0.969873 2.828427 135.000000 2.000000 -90.000000 
20.000000 124.000000 33.531929 1.000000 21.000000 20.626000 0.889944 0.375000 9.093890 4.147456 -55.110862 0.777778 0.467153 9.219544 -130.601295 5.366563 153.434949 
58.000000 124.000000 26.045742 1.000000 5.000000 4.962000 0.765092 0.833333 3.306559 2.129163 -71.565051 1.000000 0.956808 3.605551 -123.690068 2.000000 0.000000 
6.000000 130.000000 33.241256 8.000000 12.000000 13.770000 0.958183 0.428571 7.947415 2.274189 -31.864763 0.857143 0.527257 8.062258 -150.255119 3.000000 -53.130102 
26.000000 127.000000 21.970851 1.000000 1.000000 0.000000 0.000000 1.000000 1.154701 1.154701 0.000000 1.000000 1.000000 1.414214 135.000000 1.000000 -90.000000 
46.000000 128.000000 40.208652 1.000000 21.000000 20.047000 0.965002 0.388889 10.952189 2.872124 -58.565500 0.807692 0.490773 10.816654 -123.690068 3.772969 149.036243 
61.000000 130.000000 27.674381 7.000000 11.000000 15.060000 0.966847 0.687500 8.173516 2.087144 -5.988066 0.846154 0.417238 8.246211 -165.963757 2.000000 -90.000000 
16.000000 131.000000 40.980628 1.000000 30.000000 27.126000 0.971697 0.535714 13.640424 3.222308 78.767672 0.833333 0.411505 14.317821 102.094757 3.781177 -170.537678 
53.000000 134.000000 30.615851 1.000000 15.000000 20.990000 0.919456 0.416667 9.629264 3.786166 -11.142005 0.652174 0.323690 9.219544 -167.471192 4.000000 -90.000000 
42.000000 132.000000 31.893490 1.000000 8.000000 10.288000 0.955077 0.666667 6.262737 1.856014 -76.717474 0.888889 0.557409 6.324555 -108.434949 2.000000 0.000000 
21.000000 135.000000 84.954374 1.000000 65.000000 55.319000 0.978806 0.268595 25.546459 5.231594 70.292717 0.528455 0.238999 23.769729 112.249024 7.155418 26.565051 
12.000000 136.000000 25.399294 6.000000 2.000000 2.812000 0.925820 0.500000 3.055050 1.154701 -45.000000 1.000000 0.709058 2.828427 -135.000000 1.414214 -45.000000 
38.000000 138.000000 22.061273 9.000000 1.000000 0.000000 0.000000 1.000000 1.154701 1.154701 0.000000 1.000000 1.000000 1.414214 135.000000 1.000000 -90.000000 
57.000000 139.000000 56.963766 1.000000 23.000000 18.641000 0.888509 0.718750 8.775432 4.026689 80.566183 0.821429 0.609142 8.944272 116.565051 4.000000 0.000000 
30.000000 140.000000 30.155437 2.000000 3.000000 3.920000 0.942809 1.000000 3.464102 1.154701 90.000000 1.000000 0.756007 3.162278 108.434949 1.000000 0.000000 
46.000000 140.000000 35.913322 1.000000 11.000000 10.106000 0.852822 0.733333 5.528432 2.886956 72.587755 0.916667 0.787642 5.830952 120.963757 3.000000 0.000000 
4.000000 142.000000 29.415568 8.000000 6.000000 8.328000 0.951618 0.600000 5.664082 1.740486 -14.655004 0.857143 0.573146 5.385165 -158.198591 2.000000 -90.000000 
22.000000 142.000000 46.919253 1.000000 23.000000 19.931000 0.960517 0.575000 10.884462 3.028295 81.835651 0.851852 0.542931 10.198039 101.309932 3.452379 9.462322 
41.000000 140.000000 48.306805 1.000000 15.000000 13.497000 0.827891 0.625000 6.367343 3.571375 78.554724 0.833333 0.680876 6.403124 128.659808 4.000000 0.000000 
32.000000 143.000000 37.977311 1.000000 28.000000 29.508000 0.986409 0.285714 16.806238 2.761377 66.276656 0.700000 0.330075 15.231546 113.198591 3.615385 -157.380135 
46.000000 145.000000 39.319073 1.000000 31.000000 23.694000 0.930844 0.442857 11.744063 4.291493 -61.484159 0.775000 0.540940 11.661904 -120.963757 5.405989 -32.005383 
40.000000 149.000000 36.686377 1.000000 39.000000 33.453000 0.973723 0.278571 17.275900 3.934317 -56.522106 0.735849 0.365966 16.401219 -127.568592 5.200000 -36.869898 
11.000000 144.000000 35.565316 1.000000 24.000000 27.077000 0.790691 0.380952 9.074961 5.555835 78.571178 0.615385 0.330273 9.219544 102.528808 6.573841 -172.874984 
57.000000 150.000000 28.898841 1.000000 14.000000 15.829000 0.969625 0.437500 9.207513 2.252120 70.743411 0.823529 0.488851 8.944272 116.565051 2.846050 -161.565051 
21.000000 150.000000 47.711703 1.000000 35.000000 27.375000 0.928572 0.388889 11.924394 4.425758 -49.752234 0.833333 0.472287 11.661904 -120.963757 4.949747 -45.000000 
7.000000 153.000000 25.404512 11.000000 2.000000 2.812000 0.925820 0.500000 3.055050 1.154701 -45.000000 1.000000 0.709058 2.828427 -135.000000 1.414214 -45.000000 
50.000000 152.000000 21.958628 2.000000 1.000000 0.000000 0.000000 1.000000 1.154701 1.154701 0.000000 1.000000 1.000000 1.414214 135.000000 1.000000 -90.000000 
30.000000 155.000000 60.405274 1.000000 50.000000 34.528000 0.971601 0.490196 17.623351 4.170103 -79.859065 0.847458 0.442790 17.262677 -100.007980 5.333494 172.874984 
16.000000 156.000000 30.086724 1.000000 6.000000 6.368000 0.877058 0.750000 4.163332 2.000000 71.565051 1.000000 0.833753 4.472136 116.565051 2.000000 0.000000 
53.000000 157.000000 41.369177 1.000000 27.000000 35.760000 0.993651 0.250000 19.287138 2.169937 73.586100 0.675000 0.224202 18.973666 108.434949 2.910428 -165.963757 
11.000000 158.000000 28.744567 7.000000 10.000000 9.370000 0.862427 0.666667 5.313460 2.689574 -17.692715 0.909091 0.802758 5.385165 -158.198591 3.000000 -90.000000 
22.000000 156.000000 23.306803 1.000000 4.000000 4.590000 0.731925 0.666667 3.055050 2.081666 90.000000 1.000000 0.840876 3.162278 108.434949 2.000000 0.000000 
16.000000 161.000000 25.520724 1.000000 5.000000 8.510000 0.962333 0.500000 5.887652 1.600692 -78.250717 0.833333 0.462817 5.385165 -111.801409 1.940285 -14.036243 
40.000000 164.000000 27.065077 8.000000 12.000000 18.468000 0.987522 0.214286 10.975293 1.728406 -42.150096 0.923077 0.322922 10.630146 -138.814075 2.121320 -45.000000 
13.000000 163.000000 28.815839 1.000000 11.000000 12.736000 0.949096 0.523810 7.375218 2.323100 -16.887920 0.785714 0.548319 7.280110 -164.054604 2.846050 -71.565051 
26.000000 162.000000 34.810441 1.000000 9.000000 13.770000 0.828189 0.375000 6.221447 3.486802 71.735572 0.642857 0.395443 6.708204 116.565051 3.713907 21.801409 
51.000000 163.000000 43.736578 1.000000 26.000000 22.743000 0.948354 0.590909 11.273233 3.576030 -89.833893 0.812500 0.487641 11.180340 100.304846 3.975535 173.659808 
30.000000 163.000000 40.268696 1.000000 15.000000 20.047000 0.837968 0.416667 8.366498 4.565759 -36.936212 0.625000 0.350552 7.810250 -140.194429 5.144958 -59.036243 
24.000000 165.000000 22.933386 5.000000 1.000000 0.000000 0.000000 1.000000 1.154701 1.154701 0.000000 1.000000 1.000000 1.414214 135.000000 1.000000 -90.000000 
58.000000 165.000000 52.633130 1.000000 20.000000 14.696000 0.836160 0.714286 7.148098 3.920633 -86.139087 0.952381 0.789891 7.280110 105.945396 4.000000 0.000000 
55.000000 167.000000 30.145200 2.000000 3.000000 3.093000 0.730297 0.750000 2.581989 1.763834 -45.000000 1.000000 0.969873 2.828427 -135.000000 2.000000 -90.000000 
25.000000 168.000000 24.095601 1.000000 2.000000 1.960000 0.866025 1.000000 2.309401 1.154701 90.000000 1.000000 0.965669 2.236068 116.565051 1.000000 0.000000 
6.000000 171.000000 37.454938 1.000000 6.000000 6.368000 0.833333 0.750000 4.000000 2.211083 0.000000 1.000000 0.833753 4.123106 165.963757 2.000000 -90.000000 
42.000000 170.000000 27.683836 1.000000 9.000000 12.364000 0.898317 0.500000 6.191102 2.720047 -77.535763 0.692308 0.470409 6.082763 99.462322 3.000000 0.000000 
18.000000 174.000000 31.657916 3.000000 19.000000 18.087000 0.933486 0.475000 8.862756 3.178303 22.604937 0.863636 0.529811 9.433981 147.994617 3.794733 -108.434949 
52.000000 172.000000 55.809844 1.000000 51.000000 38.522000 0.982990 0.671053 20.370447 3.741232 86.689246 0.761194 0.369204 19.235384 98.972627 4.000000 0.000000 
7.000000 179.000000 40.206942 1.000000 43.000000 47.727000 0.821268 0.275641 16.983680 9.689924 -56.294446 0.452632 0.208823 15.811388 -124.695154 10.553963 -39.289407 
10.000000 173.000000 38.103910 1.000000 19.000000 15.829000 0.919257 0.593750 8.213945 3.233480 -73.303208 0.904762 0.663440 8.544004 -110.556045 3.794733 161.565051 
61.000000 176.000000 49.900664 1.000000 3.000000 3.093000 0.730297 0.750000 2.581989 1.763834 45.000000 1.000000 0.969873 2.828427 135.000000 2.000000 -90.000000 
41.000000 178.000000 39.570187 1.000000 97.000000 93.345000 0.996736 0.307937 51.914813 4.191362 88.961445 0.459716 0.130933 45.177428 95.079608 5.361001 -176.987212 
54.000000 182.000000 32.087509 1.000000 10.000000 15.341000 0.982406 0.416667 9.580469 1.789213 76.694334 0.714286 0.367861 8.544004 110.556045 2.182821 14.036243 
30.000000 183.000000 35.480625 1.000000 19.000000 20.576000 0.976476 0.575758 11.101884 2.393872 77.268327 0.863636 0.424446 11.401754 105.255119 3.000000 0.000000 
60.000000 184.000000 24.615434 6.000000 7.000000 11.140000 0.951644 0.583333 6.782259 2.083531 4.509661 0.700000 0.431275 6.324555 161.565051 2.000000 -90.000000 
42.000000 184.000000 35.979855 1.000000 22.000000 21.064000 0.960650 0.666667 10.986071 3.051515 85.732935 0.846154 0.471847 11.180340 100.304846 3.000000 0.000000 
18.000000 188.000000 30.713608 2.000000 7.000000 7.220000 0.692996 0.583333 3.827022 2.759060 -10.900705 1.000000 0.819322 4.123106 165.963757 3.000000 -90.000000 
53.000000 187.000000 21.650093 12.000000 1.000000 0.000000 0.000000 1.000000 1.154701 1.154701 0.000000 1.000000 1.000000 1.414214 135.000000 1.000000 -90.000000 
6.000000 188.000000 23.484461 1.000000 1.000000 0.000000 0.000000 1.000000 1.154701 1.154701 0.000000 1.000000 1.000000 1.414214 135.000000 1.000000 -90.000000 
49.000000 188.000000 22.901326 1.000000 1.000000 0.000000 0.000000 1.000000 1.154701 1.154701 0.000000 1.000000 1.000000 1.414214 135.000000 1.000000 -90.000000 
20.000000 189.000000 30.415002 1.000000 3.000000 3.093000 0.730297 0.750000 2.581989 1.763834 45.000000 1.000000 0.969873 2.828427 135.000000 2.000000 -90.000000 
41.000000 189.000000 34.781712 1.000000 11.000000 14.878000 0.973870 0.458333 8.859250 2.011996 77.719059 0.785714 0.425709 8.246211 104.036243 2.425356 14.036243 
14.000000 190.000000 43.574335 1.000000 22.000000 15.920000 0.885995 0.687500 8.007479 3.713032 82.306432 0.916667 0.760877 8.246211 104.036243 4.000000 0.000000 
54.000000 192.000000 22.038143 9.000000 1.000000 0.000000 0.000000 1.000000 1.154701 1.154701 0.000000 1.000000 1.000000 1.414214 135.000000 1.000000 -90.000000 
20.000000 195.000000 48.732581 1.000000 28.000000 23.694000 0.971002 0.466667 12.756681 3.049770 72.797745 0.875000 0.488591 12.649111 108.434949 3.638034 14.036243 
59.000000 194.000000 25.573127 1.000000 4.000000 6.368000 0.958153 0.500000 4.964579 1.421135 -67.500000 0.800000 0.555835 4.472136 -116.565051 1.788854 -26.565051 
8.000000 197.000000 29.379348 7.000000 7.000000 7.592000 0.904042 0.583333 4.933730 2.108892 -33.400705 0.875000 0.763515 5.000000 -143.130102 2.683282 116.565051 
12.000000 195.000000 25.187631 1.000000 8.000000 14.142000 0.947717 0.380952 8.162807 2.604852 11.300727 0.615385 0.336536 7.071068 171.869898 3.000000 -90.000000 
36.000000 198.000000 39.698711 1.000000 26.000000 20.047000 0.912832 0.577778 9.671235 3.949104 70.074936 0.866667 0.607623 9.848858 113.962489 4.743416 18.434949 
46.000000 197.000000 28.313103 1.000000 5.000000 8.328000 0.969048 0.500000 6.024504 1.487286 72.856562 0.833333 0.477622 5.385165 111.801409 1.897367 -161.565051 
28.000000 199.000000 30.141252 1.000000 22.000000 16.582000 0.872795 0.687500 7.838953 3.826091 -77.106541 0.956522 0.710658 8.246211 -104.036243 4.000000 0.000000 
10.000000 200.000000 29.505523 1.000000 8.000000 10.032000 0.819178 0.533333 5.033223 2.886751 -14.036243 0.800000 0.579284 5.385165 -158.198591 3.000000 -90.000000 
18.000000 203.000000 34.983381 1.000000 25.000000 23.984000 0.944307 0.324675 11.570834 3.807582 62.090377 0.806452 0.426964 12.083046 114.443955 4.642383 21.801409 
31.000000 202.000000 25.706608 1.000000 8.000000 14.713000 0.982362 0.222222 9.763879 1.825742 45.000000 0.666667 0.315355 8.485281 135.000000 2.811128 -141.340192 
51.000000 201.000000 36.130575 1.000000 12.000000 15.250000 0.975471 0.500000 9.435024 2.076934 75.910705 0.800000 0.445813 8.544004 110.556045 2.549510 -168.690068 
58.000000 201.000000 42.345034 1.000000 23.000000 15.920000 0.836185 0.657143 7.590897 4.163207 80.401664 0.884615 0.795462 7.615773 113.198591 4.608177 -165.963757 
9.000000 205.000000 34.688402 1.000000 10.000000 10.032000 0.727636 0.500000 4.966089 3.406557 -63.013687 0.909091 0.724105 5.385165 -111.801409 3.535534 -45.000000 
40.000000 205.000000 31.649641 1.000000 18.000000 21.064000 0.982169 0.409091 11.775180 2.213753 70.670096 0.818182 0.386057 11.704700 109.983107 2.846050 18.434949 
49.000000 205.000000 37.237590 1.000000 24.000000 27.457000 0.984822 0.307692 14.810938 2.570668 67.835898 0.774194 0.322120 13.928388 111.037511 3.249108 -156.037511 
6.000000 206.000000 28.090470 1.000000 10.000000 11.628000 0.798457 0.500000 5.457939 3.285965 64.593759 0.769231 0.576067 5.830952 120.963757 3.638034 -165.963757 
14.000000 205.000000 35.360004 1.000000 10.000000 11.140000 0.830662 0.555556 6.110101 3.401960 90.000000 0.833333 0.616108 6.082763 99.462322 3.000000 0.000000 
25.000000 207.000000 30.182434 1.000000 12.000000 19.030000 0.974604 0.214286 10.919821 2.445347 51.145521 0.666667 0.306759 10.000000 126.869898 3.138686 -144.462322 
32.000000 207.000000 43.527971 1.000000 10.000000 10.958000 0.910045 0.555556 6.112811 2.533813 -69.281634 0.909091 0.632116 6.324555 -108.434949 3.000000 0.000000 
57.000000 208.000000 23.279719 1.000000 2.000000 1.960000 0.866025 1.000000 2.309401 1.154701 90.000000 1.000000 0.965669 2.236068 116.565051 1.000000 0.000000 
39.000000 212.000000 53.131235 1.000000 52.000000 26.514000 0.889137 0.590909 12.405319 5.677178 -62.928867 0.896552 0.743019 12.806248 -128.659808 6.127946 -21.801409 
60.000000 217.000000 86.780599 1.000000 26.000000 24.405000 0.862545 0.520000 10.152417 5.136925 12.060251 0.764706 0.430574 10.198039 -168.690068 5.000000 -90.000000 
7.000000 216.000000 24.585277 6.000000 9.000000 16.656000 0.990132 0.333333 10.848448 1.520256 -16.845034 0.692308 0.288554 9.486833 -161.565051 1.897367 -71.565051 
47.000000 215.000000 57.952478 1.000000 29.000000 18.343000 0.640305 0.690476 7.274108 5.587391 -88.189892 0.852941 0.789503 8.062258 119.744881 5.687368 -11.309932 
54.000000 215.000000 43.698841 1.000000 3.000000 3.093000 0.730297 0.750000 2.581989 1.763834 -45.000000 1.000000 0.969873 2.828427 -135.000000 2.000000 -90.000000 
53.000000 217.000000 38.729240 1.000000 10.000000 13.588000 0.923832 0.416667 7.221188 2.764255 -68.738450 0.714286 0.448993 6.403124 -128.659808 3.395499 165.963757 
10.000000 221.000000 22.763188 6.000000 4.000000 3.556000 0.000000 1.000000 2.309401 2.309401 0.000000 1.000000 1.000000 2.828427 135.000000 2.000000 -90.000000 
26.000000 223.000000 31.856411 1.000000 30.000000 36.083000 0.975422 0.209790 19.448841 4.285417 40.062247 0.545455 0.245027 16.401219 142.431408 4.949747 45.000000 
43.000000 222.000000 49.146276 1.000000 81.000000 58.412000 0.987610 0.324000 28.153316 4.418080 -76.978307 0.648000 0.268651 26.925824 -111.801409 5.621488 -12.994617 
55.000000 221.000000 37.652675 1.000000 10.000000 10.313000 0.868724 0.500000 5.675030 2.810819 49.545138 0.833333 0.694175 5.830952 120.963757 3.535534 -135.000000 
8.000000 223.000000 26.474650 5.000000 8.000000 8.328000 0.894059 0.800000 5.033223 2.254625 0.000000 1.000000 0.764194 5.099020 168.690068 2.000000 -90.000000 
59.000000 224.000000 131.664716 1.000000 36.000000 21.155000 0.839380 0.800000 9.416368 5.118224 9.647161 0.947368 0.766340 9.486833 161.565051 5.000000 -90.000000 
33.000000 228.000000 35.742464 1.000000 31.000000 28.904000 0.983467 0.688889 16.248914 2.942482 -87.145075 0.861111 0.379346 15.132746 -97.594643 3.000000 0.000000 
26.000000 229.000000 28.726429 1.000000 7.000000 7.592000 0.815930 0.583333 4.429339 2.560825 -71.565051 0.875000 0.763515 4.472136 -116.565051 2.846050 161.565051 
44.000000 230.000000 43.836803 1.000000 18.000000 15.176000 0.854294 0.642857 7.037836 3.658203 85.757839 0.900000 0.674133 7.280110 105.945396 4.000000 0.000000 
52.000000 230.000000 48.166278 1.000000 24.000000 20.576000 0.937054 0.666667 10.554163 3.685358 86.377952 0.800000 0.536142 9.848858 113.962489 3.969112 7.125016 
24.000000 232.000000 34.063256 1.000000 15.000000 16.747000 0.928221 0.535714 8.954024 3.331150 78.485897 0.714286 0.476533 8.062258 119.744881 4.000000 0.000000 
32.000000 232.000000 28.869842 1.000000 17.000000 19.170000 0.980048 0.566667 11.617570 2.309102 -82.702946 0.772727 0.429139 10.198039 -101.309932 2.687006 171.869898 
41.000000 231.000000 25.992718 1.000000 5.000000 7.402000 0.765173 0.555556 3.931770 2.531373 -40.934949 0.833333 0.565201 4.242641 -135.000000 2.828427 -45.000000 
47.000000 233.000000 30.217285 3.000000 6.000000 8.328000 0.953154 0.600000 5.526219 1.671596 17.608796 0.857143 0.573146 5.385165 158.198591 2.000000 -90.000000 
54.000000 234.000000 34.998010 1.000000 7.000000 9.180000 0.935083 0.466667 5.601610 1.985369 25.883087 0.875000 0.579394 5.830952 149.036243 2.529822 -108.434949 
58.000000 233.000000 111.094057 1.000000 33.000000 22.561000 0.899287 0.733333 10.225220 4.472082 14.556312 0.846154 0.627726 10.295630 150.945396 5.000000 -90.000000 
29.000000 237.000000 26.353972 1.000000 4.000000 5.880000 0.968246 1.000000 4.618802 1.154701 90.000000 1.000000 0.617595 4.123106 104.036243 1.000000 0.000000 
