259
31.000000 120.000000 7.960078 1.000000 10818.000000 591.556000 0.962851 0.704297 283.180152 76.468219 -0.499609 0.704297 0.384383 248.386795 165.068583 64.000000 -90.000000 
9.000000 5.000000 20.623496 3.000000 4.000000 7.220000 0.966087 0.333333 5.361879 1.384531 58.282526 0.800000 0.468184 5.000000 126.869898 1.788854 26.565051 
16.000000 11.000000 47.029790 1.000000 42.000000 33.221000 0.966855 0.525000 15.825027 4.040531 -7.320710 0.777778 0.399162 16.124515 -172.874984 4.858987 96.340192 
41.000000 4.000000 22.117285 1.000000 5.000000 6.550000 0.889464 0.625000 4.253087 1.943686 -84.847577 0.833333 0.668944 4.123106 104.036243 2.000000 0.000000 
59.000000 5.000000 19.356527 7.000000 3.000000 3.920000 0.942809 1.000000 3.464102 1.154701 0.000000 1.000000 0.756007 3.162278 161.565051 1.000000 -90.000000 
34.000000 6.000000 31.455541 1.000000 12.000000 11.421000 0.848868 0.666667 5.893886 3.115534 81.747819 0.857143 0.711072 6.082763 99.462322 3.000000 0.000000 
61.000000 6.000000 42.741992 6.000000 4.000000 4.590000 0.731925 0.666667 3.055050 2.081666 0.000000 1.000000 0.840876 3.162278 161.565051 2.000000 -90.000000 
46.000000 6.000000 38.453981 1.000000 35.000000 25.373000 0.928736 0.583333 11.771898 4.364339 84.710941 0.795455 0.540933 12.041595 94.763642 5.000000 0.000000 
23.000000 7.000000 19.770761 6.000000 1.000000 0.000000 0.000000 1.000000 1.154701 1.154701 0.000000 1.000000 1.000000 1.414214 135.000000 1.000000 -90.000000 
30.000000 8.000000 43.798466 1.000000 16.000000 15.366000 0.838702 0.533333 6.864927 3.738575 71.446226 0.842105 0.586989 7.211103 123.690068 4.427189 18.434949 
39.000000 9.000000 44.402224 1.000000 20.000000 17.144000 0.920053 0.625000 9.059189 3.549332 81.012038 0.800000 0.610751 8.246211 104.036243 3.922323 11.309932 
60.000000 9.000000 78.210430 2.000000 20.000000 15.548000 0.601124 0.666667 6.062495 4.844876 -16.414271 0.909091 0.719516 6.708204 -153.434949 5.000000 -90.000000 
5.000000 15.000000 31.853139 3.000000 25.000000 23.024000 0.963905 0.520833 11.626054 3.095406 14.981092 0.833333 0.458869 12.369317 165.963757 3.794733 71.565051 
26.000000 16.000000 23.329297 2.000000 16.000000 22.578000 0.973311 0.228571 12.658120 2.904939 -35.782526 0.666667 0.303950 11.661904 -149.036243 3.815992 -57.994617 
33.000000 10.000000 31.229198 1.000000 14.000000 13.679000 0.554397 0.466667 6.016898 5.007579 82.777982 0.700000 0.621807 6.324555 -108.434949 4.850713 -165.963757 
54.000000 12.000000 36.550438 1.000000 15.000000 18.178000 0.853884 0.428571 7.575023 3.942520 67.775452 0.652174 0.414709 7.280110 105.945396 4.743416 18.434949 
31.000000 15.000000 28.500279 3.000000 17.000000 17.690000 0.943276 0.629630 9.185989 3.049847 -0.422505 0.772727 0.492282 9.219544 -167.471192 3.000000 -90.000000 
41.000000 14.000000 24.620993 2.000000 7.000000 10.776000 0.974383 0.388889 7.315132 1.645152 66.979187 0.875000 0.454129 6.708204 116.565051 2.213594 -161.565051 
50.000000 14.000000 25.818950 1.000000 6.000000 8.973000 0.866025 0.500000 5.163978 2.581989 -63.434949 0.750000 0.513740 5.000000 -126.869898 3.000000 0.000000 
58.000000 15.000000 133.068166 2.000000 36.000000 22.677000 0.705024 0.642857 8.384414 5.946085 21.110972 0.857143 0.678652 9.219544 130.601295 6.640783 -108.434949 
44.000000 19.000000 25.478493 1.000000 9.000000 15.366000 0.984904 0.281250 9.448576 1.635552 67.315177 0.750000 0.330181 8.944272 116.565051 2.213594 18.434949 
19.000000 20.000000 32.120743 1.000000 16.000000 15.548000 0.948981 0.500000 8.585575 2.707317 -71.133477 0.842105 0.575612 8.544004 -110.556045 3.342516 -21.801409 
52.000000 21.000000 29.434565 1.000000 12.000000 13.588000 0.959000 0.428571 7.933750 2.248468 64.226855 0.857143 0.538791 8.062258 119.744881 2.846050 18.434949 
32.000000 22.000000 27.004884 7.000000 14.000000 17.897000 0.924992 0.333333 8.636574 3.281787 -34.310238 0.777778 0.397470 8.485281 -135.000000 4.024922 -63.434949 
43.000000 24.000000 26.027672 2.000000 9.000000 14.440000 0.984036 0.257143 9.277082 1.651024 -55.850268 0.818182 0.365878 8.602325 -125.537678 2.218801 -33.690068 
56.000000 24.000000 131.679378 2.000000 42.000000 23.231000 0.886703 0.600000 11.049535 5.108646 23.786680 0.933333 0.758846 11.180340 153.434949 5.570860 -111.801409 
15.000000 26.000000 21.634639 6.000000 3.000000 4.590000 0.928995 0.500000 3.854129 1.426385 28.154966 0.750000 0.630657 3.605551 146.309932 1.788854 -116.565051 
26.000000 26.000000 20.785227 6.000000 2.000000 1.960000 0.866025 1.000000 2.309401 1.154701 0.000000 1.000000 0.965669 2.236068 153.434949 1.000000 -90.000000 
7.000000 27.000000 20.825235 8.000000 5.000000 8.717000 0.968023 0.312500 6.215727 1.559295 -40.934949 0.833333 0.446800 5.656854 -135.000000 2.121320 135.000000 
51.000000 26.000000 19.848545 2.000000 1.000000 0.000000 0.000000 1.000000 1.154701 1.154701 0.000000 1.000000 1.000000 1.414214 135.000000 1.000000 -90.000000 
25.000000 28.000000 20.265036 6.000000 1.000000 0.000000 0.000000 1.000000 1.154701 1.154701 0.000000 1.000000 1.000000 1.414214 135.000000 1.000000 -90.000000 
30.000000 32.000000 45.528736 1.000000 65.000000 53.963000 0.989847 0.300926 25.926770 3.685145 71.341949 0.730337 0.250485 25.632011 110.556045 4.738524 21.037511 
10.000000 36.000000 32.201258 3.000000 30.000000 33.155000 0.989935 0.267857 18.070058 2.557279 20.347259 0.731707 0.286154 17.464249 156.370622 3.246559 -109.983107 
48.000000 31.000000 50.966262 2.000000 28.000000 34.595000 0.980424 0.222222 17.871395 3.518800 63.373247 0.595745 0.247083 15.652476 116.565051 4.769990 32.005383 
59.000000 31.000000 51.289141 7.000000 12.000000 14.721000 0.945759 0.400000 7.906543 2.568598 -50.498666 0.800000 0.472609 7.810250 -129.805571 3.200000 143.130102 
53.000000 35.000000 148.825434 1.000000 54.000000 28.656000 0.858190 0.545455 12.542590 6.438506 27.783191 0.843750 0.671143 12.206556 145.007980 7.905694 -108.434949 
17.000000 34.000000 22.508373 8.000000 4.000000 6.368000 0.958153 0.500000 4.964579 1.421135 -22.500000 0.800000 0.555835 4.472136 -153.434949 1.788854 -63.434949 
60.000000 38.000000 21.668946 1.000000 6.000000 10.288000 0.976006 0.500000 7.105970 1.547283 13.164147 0.750000 0.418057 6.324555 161.565051 1.940285 -104.036243 
34.000000 41.000000 36.412281 1.000000 58.000000 40.591000 0.976294 0.276190 20.468899 4.430462 40.739814 0.783784 0.381090 19.209373 141.340192 5.461148 -130.236358 
44.000000 37.000000 50.802893 1.000000 10.000000 10.842000 0.940913 0.833333 6.448130 2.183642 -83.978712 1.000000 0.642647 6.324555 -108.434949 2.000000 0.000000 
15.000000 42.000000 30.017505 1.000000 17.000000 22.032000 0.982021 0.242857 12.182333 2.299687 32.847725 0.739130 0.337107 11.661904 149.036243 2.915476 59.036243 
20.000000 39.000000 23.899858 6.000000 13.000000 12.554000 0.890908 0.541667 6.618719 3.006117 -20.402175 0.866667 0.663129 6.403124 -141.340192 3.478505 108.434949 
45.000000 40.000000 33.596530 1.000000 15.000000 19.303000 0.852021 0.357143 8.168619 4.276329 53.978083 0.576923 0.374177 8.602325 125.537678 4.919350 -153.434949 
24.000000 43.000000 22.318303 1.000000 6.000000 6.368000 0.877058 0.750000 4.163332 2.000000 -71.565051 1.000000 0.833753 4.472136 -116.565051 2.000000 0.000000 
51.000000 46.000000 151.891142 2.000000 65.000000 33.155000 0.907762 0.663265 14.815867 6.215029 2.572888 0.844156 0.620000 14.317821 -167.905243 7.000000 -90.000000 
59.000000 44.000000 23.007416 1.000000 3.000000 3.920000 0.942809 1.000000 3.464102 1.154701 0.000000 1.000000 0.756007 3.162278 161.565051 1.000000 -90.000000 
7.000000 45.000000 38.718556 11.000000 6.000000 6.368000 0.877058 0.750000 4.163332 2.000000 -71.565051 1.000000 0.833753 4.472136 -116.565051 2.000000 0.000000 
58.000000 45.000000 22.664185 10.000000 2.000000 2.812000 0.925820 0.500000 3.055050 1.154701 -45.000000 1.000000 0.709058 2.828427 -135.000000 1.414214 -45.000000 
20.000000 46.000000 24.852179 1.000000 8.000000 16.119000 0.921557 0.444444 7.836462 3.042454 -2.199353 0.500000 0.270995 6.324555 161.565051 3.000000 -90.000000 
10.000000 46.000000 65.596992 1.000000 11.000000 9.461000 0.812170 0.733333 5.104959 2.978342 -74.744881 0.916667 0.870328 5.385165 -111.801409 3.000000 0.000000 
16.000000 47.000000 44.089859 1.000000 16.000000 13.472000 0.913524 0.761905 7.358303 2.993250 -82.299457 0.941176 0.728455 7.280110 -105.945396 3.000000 0.000000 
58.000000 49.000000 24.764930 1.000000 1.000000 0.000000 0.000000 1.000000 1.154701 1.154701 0.000000 1.000000 1.000000 1.414214 135.000000 1.000000 -90.000000 
36.000000 50.000000 37.890971 1.000000 24.000000 23.115000 0.971797 0.545455 12.693436 2.993328 -83.350992 0.705882 0.437466 11.180340 100.304846 3.533809 -6.340192 
45.000000 51.000000 51.772634 1.000000 21.000000 21.155000 0.928846 0.525000 9.886045 3.662446 -68.110179 0.724138 0.447032 9.433981 -122.005383 4.427189 161.565051 
22.000000 53.000000 33.144009 1.000000 24.000000 21.130000 0.970682 0.727273 11.645141 2.799133 8.390186 0.923077 0.511946 11.401754 164.744881 3.000000 -90.000000 
10.000000 52.000000 19.614740 1.000000 2.000000 1.960000 0.866025 1.000000 2.309401 1.154701 90.000000 1.000000 0.965669 2.236068 116.565051 1.000000 0.000000 
29.000000 52.000000 40.319604 1.000000 14.000000 20.047000 0.421227 0.466667 5.913204 5.363013 0.000000 0.700000 0.327182 6.403124 -141.340192 5.000000 -90.000000 
41.000000 54.000000 28.290722 1.000000 16.000000 14.051000 0.909740 0.571429 7.426894 3.083490 14.405397 0.888889 0.680216 7.280110 164.054604 3.478505 71.565051 
57.000000 58.000000 43.704421 1.000000 25.000000 21.709000 0.966046 0.757576 11.856824 3.063461 -4.773434 0.892857 0.508717 11.180340 -169.695154 3.000000 -90.000000 
47.000000 55.000000 35.329919 1.000000 10.000000 12.091000 0.919437 0.555556 6.930960 2.725520 -83.858022 0.769231 0.541579 6.324555 -108.434949 3.000000 0.000000 
29.000000 56.000000 38.037397 3.000000 17.000000 13.588000 0.866742 0.566667 6.855813 3.419382 30.149845 0.944444 0.763287 7.211103 146.309932 4.024922 63.434949 
50.000000 58.000000 168.814553 1.000000 35.000000 22.098000 0.856895 0.777778 9.607078 4.952355 13.440554 0.921053 0.690420 10.295630 150.945396 5.000000 -90.000000 
15.000000 59.000000 30.085538 1.000000 23.000000 23.024000 0.981039 0.479167 13.016491 2.522754 75.861858 0.851852 0.422159 12.649111 108.434949 3.137858 -168.690068 
21.000000 61.000000 31.580627 1.000000 10.000000 10.197000 0.884897 0.666667 5.671656 2.641777 13.608056 0.909091 0.706301 5.830952 149.036243 3.000000 -90.000000 
32.000000 63.000000 27.469188 2.000000 27.000000 22.189000 0.943084 0.450000 11.171793 3.715218 -25.066755 0.794118 0.528790 11.180340 -153.434949 4.670259 105.945396 
24.000000 66.000000 36.539610 1.000000 33.000000 35.967000 0.956225 0.230769 17.903811 5.239263 39.649769 0.523810 0.271131 16.401219 142.431408 6.191658 50.710593 
44.000000 62.000000 30.151891 1.000000 11.000000 10.842000 0.936793 0.916667 6.513910 2.279105 86.942248 1.000000 0.706911 6.324555 108.434949 2.000000 0.000000 
38.000000 63.000000 22.457301 1.000000 4.000000 5.880000 0.968246 1.000000 4.618802 1.154701 90.000000 1.000000 0.617595 4.123106 104.036243 1.000000 0.000000 
52.000000 63.000000 67.808640 5.000000 12.000000 16.284000 0.829079 0.342857 7.096863 3.968079 86.312044 0.631579 0.399616 7.071068 98.130102 4.642383 -158.198591 
57.000000 69.000000 48.375292 1.000000 30.000000 27.614000 0.861012 0.555556 10.788189 5.486700 -5.379447 0.697674 0.398550 9.848858 156.037511 6.000000 -90.000000 
17.000000 68.000000 27.561750 1.000000 7.000000 8.998000 0.928683 0.466667 5.674257 2.104437 20.592963 0.875000 0.596897 5.385165 158.198591 2.529822 -108.434949 
49.000000 67.000000 141.124986 1.000000 31.000000 21.453000 0.810978 0.553571 8.705579 5.093430 -19.870930 0.861111 0.644010 8.944272 -153.434949 5.813777 -63.434949 
42.000000 68.000000 39.220322 1.000000 4.000000 5.053000 0.866025 0.666667 3.651484 1.825742 18.434949 0.800000 0.748540 3.605551 146.309932 2.000000 -90.000000 
33.000000 69.000000 28.547441 1.000000 3.000000 3.920000 0.942809 1.000000 3.464102 1.154701 90.000000 1.000000 0.756007 3.162278 108.434949 1.000000 0.000000 
37.000000 71.000000 28.853897 1.000000 1.000000 0.000000 0.000000 1.000000 1.154701 1.154701 0.000000 1.000000 1.000000 1.414214 135.000000 1.000000 -90.000000 
16.000000 71.000000 26.384626 2.000000 4.000000 4.590000 0.731925 0.666667 3.055050 2.081666 0.000000 1.000000 0.840876 3.162278 161.565051 2.000000 -90.000000 
44.000000 76.000000 36.379985 7.000000 18.000000 19.956000 0.979309 0.360000 11.775681 2.383068 -25.083594 0.818182 0.423983 11.180340 -153.434949 3.130495 -63.434949 
49.000000 75.000000 129.143898 3.000000 41.000000 25.257000 0.848365 0.650794 10.672247 5.650018 18.155531 0.854167 0.638852 10.816654 146.309932 6.827935 -113.198591 
21.000000 77.000000 30.007922 1.000000 7.000000 6.368000 0.353094 0.777778 3.236694 3.028212 0.000000 1.000000 0.972712 3.605551 123.690068 3.000000 -90.000000 
19.000000 78.000000 34.183192 5.000000 1.000000 0.000000 0.000000 1.000000 1.154701 1.154701 0.000000 1.000000 1.000000 1.414214 135.000000 1.000000 -90.000000 
54.000000 76.000000 32.330496 1.000000 4.000000 5.053000 0.866025 0.666667 3.651484 1.825742 -71.565051 1.000000 0.748540 3.605551 -123.690068 2.000000 0.000000 
58.000000 76.000000 27.895621 1.000000 5.000000 4.962000 0.765092 0.833333 3.306559 2.129163 -71.565051 1.000000 0.956808 3.605551 -123.690068 2.000000 0.000000 
26.000000 79.000000 30.979745 1.000000 22.000000 20.576000 0.958294 0.733333 10.754818 3.073571 -83.085675 0.916667 0.491464 10.440307 -106.699244 3.000000 0.000000 
19.000000 83.000000 38.399365 2.000000 19.000000 16.011000 0.901515 0.678571 8.027362 3.473825 9.738845 0.863636 0.650891 8.062258 150.255119 3.922323 -101.309932 
42.000000 83.000000 35.755016 2.000000 14.000000 14.531000 0.942946 0.388889 8.162583 2.717691 51.692592 0.875000 0.563297 7.810250 129.805571 3.535534 -135.000000 
56.000000 82.000000 24.196562 3.000000 8.000000 8.882000 0.920807 0.800000 5.445698 2.123921 -8.677012 0.888889 0.695395 5.385165 -158.198591 2.000000 -90.000000 
49.000000 84.000000 101.082533 2.000000 35.000000 20.973000 0.847805 0.648148 9.480228 5.027446 -5.938959 0.875000 0.756342 9.486833 161.565051 5.820855 -75.963757 
32.000000 87.000000 33.255474 1.000000 24.000000 20.328000 0.960348 0.480000 11.185188 3.118477 -67.178127 0.857143 0.547533 10.770330 -111.801409 3.899602 -21.801409 
39.000000 85.000000 23.678604 2.000000 4.000000 4.590000 0.731925 0.666667 3.055050 2.081666 90.000000 1.000000 0.840876 3.162278 108.434949 2.000000 0.000000 
8.000000 87.000000 19.392398 8.000000 2.000000 1.960000 0.866025 1.000000 2.309401 1.154701 0.000000 1.000000 0.965669 2.236068 153.434949 1.000000 -90.000000 
15.000000 86.000000 21.765414 1.000000 5.000000 7.402000 0.885505 0.625000 4.363136 2.027243 -74.518122 0.833333 0.565201 4.472136 -116.565051 2.000000 0.000000 
58.000000 87.000000 30.364988 1.000000 13.000000 12.918000 0.938431 0.619048 7.323793 2.530120 -72.231161 0.928571 0.633409 7.615773 -113.198591 3.000000 0.000000 
39.000000 87.000000 24.925654 2.000000 4.000000 6.550000 0.946293 0.500000 4.820546 1.558527 72.391204 0.800000 0.535155 4.472136 116.565051 1.897367 18.434949 
54.000000 90.000000 44.413423 1.000000 15.000000 22.396000 0.955483 0.312500 11.680153 3.446193 -57.858252 0.555556 0.289029 9.433981 -122.005383 4.115966 -30.963757 
18.000000 88.000000 24.439538 5.000000 7.000000 7.220000 0.692996 0.583333 3.827022 2.759060 10.900705 0.875000 0.819322 4.123106 165.963757 3.000000 -90.000000 
10.000000 96.000000 45.507941 1.000000 30.000000 25.356000 0.975860 0.500000 14.017043 3.061271 -14.867039 0.789474 0.464210 13.000000 -157.380135 3.638034 104.036243 
37.000000 90.000000 25.500338 1.000000 5.000000 6.550000 0.889464 0.625000 4.253087 1.943686 -84.847577 1.000000 0.668944 4.123106 104.036243 2.000000 0.000000 
45.000000 91.000000 40.593449 1.000000 9.000000 9.552000 0.909561 0.600000 5.649746 2.347866 -70.536228 0.900000 0.701913 5.830952 -120.963757 2.846050 161.565051 
49.000000 91.000000 86.205077 5.000000 13.000000 10.197000 0.683582 0.812500 4.971715 3.628726 -45.000000 1.000000 0.918191 5.656854 -135.000000 4.000000 -90.000000 
32.000000 94.000000 21.137258 11.000000 2.000000 2.812000 0.925820 0.500000 3.055050 1.154701 -45.000000 1.000000 0.709058 2.828427 -135.000000 1.414214 -45.000000 
59.000000 92.000000 27.115007 1.000000 9.000000 9.552000 0.811476 0.600000 4.966249 2.902205 -80.782526 1.000000 0.701913 5.099020 101.309932 3.000000 0.000000 
50.000000 96.000000 124.649944 5.000000 29.000000 17.971000 0.788795 0.690476 7.988980 4.910476 -23.528939 0.906250 0.817570 8.602325 -144.462322 5.335784 104.036243 
46.000000 95.000000 23.877236 4.000000 4.000000 6.550000 0.946293 0.500000 4.820546 1.558527 17.608796 0.800000 0.535155 4.472136 153.434949 1.897367 71.565051 
57.000000 98.000000 44.166057 1.000000 25.000000 21.064000 0.961268 0.500000 11.422899 3.148341 -17.982382 0.862069 0.536190 11.180340 -153.434949 3.794733 108.434949 
7.000000 100.000000 39.198930 9.000000 11.000000 13.216000 0.969399 0.366667 8.358316 2.051873 -40.363699 0.846154 0.516611 7.810250 -140.194429 2.800000 126.869898 
46.000000 100.000000 70.085306 1.000000 17.000000 19.402000 0.920493 0.425000 9.084206 3.549734 76.940648 0.680000 0.420351 8.246211 104.036243 4.110961 18.434949 
37.000000 102.000000 45.380044 1.000000 41.000000 30.980000 0.961152 0.546667 14.837003 4.095306 -83.379279 0.820000 0.442522 15.297059 -101.309932 5.000000 0.000000 
51.000000 103.000000 135.116965 1.000000 19.000000 13.960000 0.788839 0.791667 6.566036 4.035485 -9.546746 0.904762 0.816376 6.708204 -153.434949 4.000000 -90.000000 
25.000000 102.000000 35.875296 1.000000 21.000000 18.062000 0.937088 0.777778 9.189992 3.208170 84.757324 0.954545 0.586962 9.219544 102.528808 3.000000 0.000000 
11.000000 106.000000 49.804641 1.000000 31.000000 22.007000 0.897530 0.516667 10.090236 4.449333 -18.248851 0.794872 0.615948 10.440307 -163.300756 5.059644 -71.565051 
47.000000 104.000000 42.110216 1.000000 9.000000 13.381000 0.945912 0.375000 7.743433 2.512140 -63.308376 0.692308 0.414282 7.211103 -123.690068 3.086975 149.036243 
44.000000 104.000000 31.039288 9.000000 3.000000 3.093000 0.730297 0.750000 2.581989 1.763834 -45.000000 1.000000 0.969873 2.828427 -135.000000 2.000000 -90.000000 
24.000000 110.000000 22.306110 1.000000 11.000000 16.309000 0.958249 0.305556 8.622105 2.465367 52.637294 0.687500 0.365373 8.485281 135.000000 3.050851 -146.309932 
59.000000 118.000000 42.517265 1.000000 45.000000 47.702000 0.995180 0.312500 28.407643 2.785928 -12.489044 0.642857 0.218751 24.738634 -165.963757 3.771524 -77.905243 
20.000000 112.000000 34.896260 1.000000 14.000000 19.766000 0.898691 0.333333 8.794362 3.857057 -31.683988 0.608696 0.335258 9.219544 -139.398705 4.270993 111.801409 
41.000000 110.000000 35.368812 1.000000 36.000000 34.090000 0.980448 0.342857 17.651540 3.473484 70.535840 0.705882 0.326354 16.552945 115.016893 4.427189 18.434949 
51.000000 111.000000 122.809265 6.000000 37.000000 24.223000 0.938025 0.672727 12.344300 4.278137 -4.286127 0.860465 0.620917 11.704700 -160.016893 4.748556 -83.659808 
16.000000 113.000000 28.589762 1.000000 12.000000 17.326000 0.951412 0.342857 9.049929 2.786656 -64.671892 0.600000 0.359963 8.602325 -125.537678 3.577709 153.434949 
8.000000 115.000000 45.621347 1.000000 17.000000 24.083000 0.923440 0.303571 10.649510 4.086682 54.175986 0.566667 0.288228 9.899495 135.000000 5.252257 23.198591 
28.000000 114.000000 47.170465 1.000000 40.000000 24.893000 0.925370 0.666667 11.963700 4.535036 80.988750 0.909091 0.639560 12.369317 104.036243 5.000000 0.000000 
43.000000 116.000000 22.466218 7.000000 6.000000 6.368000 0.833333 0.750000 4.000000 2.211083 0.000000 1.000000 0.833753 4.123106 165.963757 2.000000 -90.000000 
35.000000 118.000000 37.087858 1.000000 26.000000 20.204000 0.936506 0.722222 10.364499 3.634327 -3.433963 0.866667 0.599478 9.486833 -161.565051 4.000000 -90.000000 
47.000000 117.000000 28.263679 1.000000 11.000000 14.903000 0.937548 0.392857 8.070469 2.807367 76.243999 0.687500 0.424530 7.280110 105.945396 3.530090 -168.690068 
53.000000 121.000000 109.981376 1.000000 32.000000 22.495000 0.872591 0.592593 9.704685 4.740266 -20.277628 0.820513 0.611842 9.486833 -161.565051 5.570860 111.801409 
13.000000 120.000000 54.059642 1.000000 22.000000 17.971000 0.949472 0.611111 9.829568 3.085016 -72.992127 0.880000 0.620225 9.848858 -113.962489 3.638034 165.963757 
22.000000 118.000000 29.168027 1.000000 1.000000 0.000000 0.000000 1.000000 1.154701 1.154701 0.000000 1.000000 1.000000 1.414214 135.000000 1.000000 -90.000000 
45.000000 121.000000 27.735463 6.000000 12.000000 12.918000 0.944349 0.571429 7.248267 2.384290 -21.539022 0.923077 0.584685 7.615773 -156.801409 3.000000 -90.000000 
26.000000 120.000000 42.077575 1.000000 13.000000 14.324000 0.940713 0.619048 7.688192 2.607867 -82.981878 0.866667 0.535533 7.280110 -105.945396 3.000000 0.000000 
9.000000 124.000000 126.048940 3.000000 1.000000 0.000000 0.000000 1.000000 1.154701 1.154701 0.000000 1.000000 1.000000 1.414214 135.000000 1.000000 -90.000000 
30.000000 122.000000 24.132039 1.000000 4.000000 5.624000 0.000000 0.444444 3.055050 3.055050 0.000000 0.800000 0.654195 3.162278 108.434949 2.828427 -45.000000 
50.000000 125.000000 23.875105 1.000000 7.000000 9.461000 0.952634 0.466667 6.140814 1.867535 -65.952971 0.777778 0.553845 5.830952 -120.963757 2.236068 -26.565051 
36.000000 128.000000 39.088319 2.000000 11.000000 14.233000 0.886014 0.458333 6.746174 3.127923 -17.374401 0.687500 0.457903 6.324555 -161.565051 3.577709 -63.434949 
46.000000 126.000000 19.309364 6.000000 1.000000 0.000000 0.000000 1.000000 1.154701 1.154701 0.000000 1.000000 1.000000 1.414214 135.000000 1.000000 -90.000000 
19.000000 128.000000 36.631435 1.000000 23.000000 23.115000 0.568868 0.657143 6.817604 5.606993 87.924357 0.793103 0.419238 7.280110 -105.945396 5.000000 0.000000 
55.000000 130.000000 103.542366 5.000000 47.000000 25.927000 0.894260 0.712121 12.026879 5.382603 -11.289786 0.886792 0.698972 11.704700 -160.016893 5.687368 -78.690068 
15.000000 128.000000 31.010204 1.000000 12.000000 10.867000 0.467741 0.600000 4.605318 4.070482 -36.650378 0.923077 0.768426 5.385165 -158.198591 4.000000 -90.000000 
27.000000 129.000000 36.969808 1.000000 41.000000 27.986000 0.942468 0.630769 13.702904 4.580823 83.119867 0.836735 0.531744 13.601471 107.102729 5.000000 0.000000 
45.000000 130.000000 27.645024 5.000000 14.000000 11.512000 0.866588 0.777778 6.160411 3.074198 -9.009885 1.000000 0.819313 6.324555 -161.565051 3.000000 -90.000000 
9.000000 130.000000 127.392263 1.000000 15.000000 14.622000 0.922535 0.416667 7.849511 3.029238 50.868298 0.833333 0.597365 7.810250 129.805571 3.535534 45.000000 
34.000000 130.000000 27.314823 1.000000 3.000000 4.590000 0.928995 0.500000 3.854129 1.426385 -28.154966 1.000000 0.630657 3.605551 -146.309932 1.788854 -63.434949 
11.000000 133.000000 63.645381 1.000000 29.000000 27.176000 0.895279 0.414286 11.438474 5.095909 72.307285 0.674419 0.396477 10.440307 106.699244 6.363961 8.130102 
28.000000 134.000000 24.017873 5.000000 5.000000 7.013000 0.931488 0.625000 4.881890 1.775899 10.900705 0.833333 0.609333 4.472136 153.434949 2.000000 -90.000000 
19.000000 137.000000 40.514307 1.000000 37.000000 40.160000 0.965943 0.493333 18.562578 4.803160 -3.913352 0.528571 0.247973 15.524175 -165.068583 5.000000 -90.000000 
38.000000 132.000000 33.678943 7.000000 10.000000 9.370000 0.687181 0.625000 4.640996 3.371620 -54.645023 0.909091 0.802758 5.000000 -143.130102 3.794733 161.565051 
43.000000 134.000000 24.793526 1.000000 7.000000 7.774000 0.613667 0.583333 3.862352 3.049577 -72.231161 1.000000 0.738267 4.242641 -135.000000 3.000000 0.000000 
49.000000 133.000000 33.328691 1.000000 19.000000 17.508000 0.860695 0.678571 7.528246 3.832784 -76.365818 0.826087 0.559939 7.615773 -113.198591 4.000000 0.000000 
26.000000 135.000000 24.911357 8.000000 5.000000 6.368000 0.923687 0.625000 4.492622 1.721341 -20.993606 0.833333 0.694794 4.472136 -153.434949 2.000000 -90.000000 
34.000000 136.000000 27.055517 1.000000 19.000000 22.263000 0.984639 0.431818 12.941733 2.259690 78.530072 0.703704 0.369947 11.704700 109.983107 2.745626 11.309932 
15.000000 137.000000 22.298385 8.000000 2.000000 1.960000 0.866025 1.000000 2.309401 1.154701 0.000000 1.000000 0.965669 2.236068 153.434949 1.000000 -90.000000 
41.000000 138.000000 21.508744 1.000000 3.000000 4.590000 0.928995 0.500000 3.854129 1.426385 -28.154966 0.750000 0.630657 3.605551 -146.309932 1.788854 116.565051 
6.000000 137.000000 61.479654 1.000000 27.000000 25.671000 0.853022 0.450000 10.218701 5.332879 11.890502 0.710526 0.408704 10.198039 168.690068 6.000000 -90.000000 
25.000000 138.000000 22.707240 1.000000 2.000000 1.960000 0.866025 1.000000 2.309401 1.154701 90.000000 1.000000 0.965669 2.236068 116.565051 1.000000 0.000000 
54.000000 140.000000 34.230128 1.000000 10.000000 12.157000 0.933078 0.555556 6.916508 2.487685 -76.274501 0.833333 0.536917 6.708204 -116.565051 3.000000 0.000000 
30.000000 141.000000 37.681869 1.000000 16.000000 14.440000 0.922697 0.444444 7.784444 3.001099 -43.298428 0.941176 0.650449 7.810250 -140.194429 3.535534 -45.000000 
45.000000 142.000000 35.616333 1.000000 20.000000 19.170000 0.966522 0.666667 10.437189 2.678014 -78.915282 0.909091 0.504869 10.440307 -106.699244 3.000000 0.000000 
6.000000 142.000000 75.527724 8.000000 6.000000 10.214000 0.736601 0.375000 4.908290 3.319609 -53.909444 0.666667 0.422702 5.000000 -126.869898 3.328201 146.309932 
59.000000 139.000000 53.844347 1.000000 12.000000 13.307000 0.880311 0.500000 6.652905 3.156118 -29.390799 0.800000 0.557357 7.211103 -146.309932 3.535534 -45.000000 
35.000000 144.000000 33.687894 1.000000 13.000000 15.730000 0.899417 0.464286 7.244001 3.166297 -73.970218 0.764706 0.458708 7.280110 -105.945396 4.000000 0.000000 
5.000000 145.000000 88.314586 2.000000 14.000000 11.140000 0.657004 0.700000 5.145502 3.879126 0.000000 1.000000 0.862551 5.385165 158.198591 4.000000 -90.000000 
15.000000 147.000000 55.286067 1.000000 23.000000 17.442000 0.899321 0.479167 8.607773 3.764091 65.084216 0.920000 0.682174 8.544004 110.556045 4.024922 26.565051 
8.000000 147.000000 32.740289 8.000000 10.000000 13.770000 0.818742 0.666667 5.728032 3.288817 -85.817057 0.769231 0.439381 5.385165 111.801409 3.000000 0.000000 
59.000000 146.000000 33.228800 1.000000 10.000000 10.842000 0.940913 0.833333 6.448130 2.183642 -83.978712 0.909091 0.642647 6.324555 -108.434949 2.000000 0.000000 
21.000000 148.000000 49.260079 1.000000 22.000000 15.457000 0.517407 0.733333 6.000323 5.134712 80.596099 0.880000 0.799231 6.708204 -116.565051 5.000000 0.000000 
42.000000 149.000000 87.587125 1.000000 91.000000 46.503000 0.970998 0.517045 23.205712 5.548245 77.175888 0.827273 0.463989 23.086793 107.650124 6.363961 -171.869898 
6.000000 153.000000 82.518315 6.000000 35.000000 21.916000 0.918899 0.583333 10.937342 4.314710 -24.429340 0.921053 0.700486 11.180340 -153.434949 5.059644 -71.565051 
25.000000 149.000000 38.404405 1.000000 8.000000 8.626000 0.193649 0.500000 3.651484 3.582364 -45.000000 0.888889 0.725980 4.242641 -135.000000 3.535534 -45.000000 
58.000000 148.000000 27.466972 1.000000 3.000000 5.624000 0.970143 0.333333 4.760952 1.154701 -45.000000 1.000000 0.490646 4.242641 -135.000000 1.414214 -45.000000 
52.000000 149.000000 33.142119 1.000000 22.000000 21.635000 0.865276 0.523810 8.566378 4.294283 35.319184 0.709677 0.450349 9.219544 139.398705 5.547002 56.309932 
11.000000 152.000000 51.003077 1.000000 19.000000 24.356000 0.840523 0.351852 8.962183 4.855497 0.626573 0.593750 0.315772 9.219544 167.471192 5.883484 78.690068 
22.000000 152.000000 31.889001 5.000000 16.000000 15.085000 0.585174 0.533333 5.686737 4.611419 1.293939 0.842105 0.605228 6.403124 -141.340192 5.000000 -90.000000 
26.000000 152.000000 25.804902 9.000000 4.000000 3.556000 0.000000 1.000000 2.309401 2.309401 0.000000 1.000000 1.000000 2.828427 135.000000 2.000000 -90.000000 
59.000000 154.000000 24.358292 1.000000 9.000000 10.313000 0.937525 0.450000 6.247301 2.173548 -48.971736 0.818182 0.624757 6.403124 -128.659808 2.828427 -45.000000 
30.000000 155.000000 27.135002 2.000000 13.000000 14.903000 0.792982 0.433333 6.679466 4.069432 46.353959 0.684211 0.501717 6.708204 153.434949 4.714952 56.309932 
36.000000 155.000000 25.135120 1.000000 13.000000 15.341000 0.966647 0.541667 8.701276 2.228519 -78.914197 0.812500 0.478220 8.544004 -110.556045 2.745626 -11.309932 
58.000000 156.000000 22.371787 1.000000 5.000000 8.510000 0.962333 0.500000 5.887652 1.600692 -78.250717 0.714286 0.462817 5.385165 -111.801409 1.940285 165.963757 
14.000000 157.000000 62.695723 1.000000 41.000000 25.026000 0.730106 0.569444 9.378591 6.408711 -65.656425 0.836735 0.649373 9.848858 -113.962489 7.589466 161.565051 
26.000000 158.000000 21.010792 1.000000 6.000000 10.958000 0.955442 0.500000 6.974955 2.058858 83.051412 0.666667 0.379270 6.082763 99.462322 2.000000 0.000000 
42.000000 160.000000 31.358539 1.000000 17.000000 19.584000 0.979918 0.314815 11.784522 2.349855 56.536827 0.772727 0.413646 10.816654 123.690068 3.258473 30.963757 
20.000000 160.000000 59.431233 2.000000 7.000000 9.271000 0.226214 0.777778 3.572381 3.479776 -45.000000 0.777778 0.570930 4.242641 135.000000 3.000000 -90.000000 
52.000000 160.000000 29.211802 2.000000 8.000000 8.328000 0.894059 0.800000 5.033223 2.254625 90.000000 1.000000 0.764194 5.099020 101.309932 2.000000 0.000000 
56.000000 161.000000 49.197208 1.000000 29.000000 21.064000 0.934685 0.537037 11.078352 3.938112 67.277148 0.805556 0.621980 10.816654 123.690068 4.919350 -153.434949 
7.000000 160.000000 39.453580 4.000000 15.000000 20.899000 0.891672 0.306122 9.331665 4.224272 40.568755 0.576923 0.326145 9.219544 139.398705 5.269652 -146.309932 
17.000000 163.000000 46.531548 5.000000 8.000000 10.867000 0.898155 0.400000 6.186169 2.719924 32.547616 0.727273 0.512284 5.830952 149.036243 3.478505 71.565051 
26.000000 163.000000 59.621578 1.000000 35.000000 33.817000 0.964161 0.388889 15.108191 4.008494 -79.128766 0.648148 0.321993 15.132746 -97.594643 4.603172 -9.462322 
11.000000 163.000000 34.536258 7.000000 13.000000 10.776000 0.882374 0.650000 6.126075 2.882614 -33.961400 1.000000 0.843383 6.403124 -141.340192 3.535534 -45.000000 
45.000000 164.000000 27.937321 1.000000 27.000000 31.832000 0.981736 0.642857 16.297305 3.100519 -89.120542 0.675000 0.277391 14.317821 -102.094757 3.000000 0.000000 
36.000000 164.000000 40.323596 1.000000 15.000000 12.091000 0.776961 0.600000 5.786585 3.642937 51.920348 0.937500 0.812369 6.403124 141.340192 4.024922 26.565051 
14.000000 166.000000 19.601872 4.000000 5.000000 5.814000 0.743786 0.555556 3.529850 2.359413 34.099295 0.833333 0.783414 3.605551 123.690068 2.683282 -116.565051 
18.000000 167.000000 27.633874 11.000000 7.000000 8.998000 0.928683 0.466667 5.674257 2.104437 -69.407037 0.777778 0.596897 5.385165 -111.801409 2.529822 -18.434949 
26.000000 170.000000 45.110061 1.000000 29.000000 32.758000 0.960865 0.318681 16.461343 4.560076 -65.214636 0.537037 0.282767 14.317821 -114.775141 5.366563 153.434949 
58.000000 168.000000 27.782572 1.000000 9.000000 10.288000 0.942932 0.750000 6.161450 2.051676 79.721977 0.900000 0.627085 6.324555 108.434949 2.000000 0.000000 
48.000000 173.000000 85.545645 1.000000 75.000000 48.281000 0.983444 0.465839 24.460758 4.432631 -75.557415 0.806452 0.356421 24.041631 -106.927513 5.748657 -12.528808 
7.000000 172.000000 41.286016 1.000000 7.000000 9.180000 0.659148 0.583333 4.139805 3.113189 -52.627559 0.875000 0.579394 4.472136 -116.565051 3.000000 0.000000 
17.000000 173.000000 26.297865 1.000000 11.000000 14.903000 0.969649 0.314286 8.951239 2.188587 29.466380 0.687500 0.424530 8.062258 150.255119 2.683282 63.434949 
24.000000 172.000000 50.766555 1.000000 20.000000 18.062000 0.958381 0.555556 9.966479 2.845341 -77.554532 0.833333 0.559012 9.486833 -108.434949 3.333974 168.690068 
59.000000 173.000000 80.790666 1.000000 10.000000 9.643000 0.849208 0.666667 5.266245 2.780887 79.695154 0.909091 0.768840 5.385165 111.801409 3.000000 0.000000 
5.000000 174.000000 44.429187 1.000000 7.000000 6.831000 0.688972 0.777778 3.763583 2.727798 -59.527302 0.875000 0.884488 4.242641 -135.000000 3.000000 -90.000000 
42.000000 175.000000 43.670007 1.000000 5.000000 5.814000 0.743786 0.555556 3.529850 2.359413 -34.099295 1.000000 0.783414 3.605551 -146.309932 2.683282 -63.434949 
11.000000 176.000000 58.024581 1.000000 26.000000 19.286000 0.927167 0.577778 9.874304 3.699390 -73.967295 0.896552 0.649558 9.848858 -113.962489 4.258177 164.054604 
36.000000 175.000000 68.475533 1.000000 34.000000 24.910000 0.950349 0.472222 12.737707 3.963787 -76.689642 0.829268 0.542967 12.369317 -104.036243 4.555540 167.471192 
29.000000 176.000000 27.741616 1.000000 10.000000 16.491000 0.665322 0.400000 5.916056 4.416668 -19.145082 0.625000 0.326028 5.385165 158.198591 4.743416 108.434949 
20.000000 177.000000 34.141892 1.000000 19.000000 19.261000 0.966237 0.633333 10.597541 2.730521 -83.998293 0.904762 0.475737 10.198039 -101.309932 3.000000 0.000000 
60.000000 177.000000 52.488438 10.000000 6.000000 6.186000 0.833333 0.666667 4.000000 2.211083 -53.130102 1.000000 0.866607 4.242641 -135.000000 2.683282 -26.565051 
46.000000 178.000000 51.380528 1.000000 22.000000 20.138000 0.946062 0.440000 10.135420 3.283734 -68.847912 0.846154 0.510131 10.440307 -106.699244 4.024922 -26.565051 
32.000000 180.000000 19.473812 11.000000 2.000000 2.812000 0.925820 0.500000 3.055050 1.154701 -45.000000 1.000000 0.709058 2.828427 -135.000000 1.414214 -45.000000 
58.000000 179.000000 32.858729 1.000000 10.000000 13.216000 0.761436 0.500000 5.643131 3.658105 -12.838408 0.714286 0.469646 5.385165 158.198591 4.000000 -90.000000 
20.000000 182.000000 24.410937 1.000000 7.000000 8.328000 0.930558 0.700000 5.262061 1.926673 -75.321123 1.000000 0.668670 5.385165 -111.801409 2.000000 0.000000 
39.000000 182.000000 49.280772 1.000000 38.000000 29.574000 0.978517 0.506667 16.133181 3.326113 -78.605415 0.826087 0.446153 15.297059 -101.309932 3.922323 -11.309932 
31.000000 182.000000 25.701061 1.000000 4.000000 5.880000 0.968246 1.000000 4.618802 1.154701 90.000000 1.000000 0.617595 4.123106 104.036243 1.000000 0.000000 
12.000000 188.000000 42.117476 1.000000 21.000000 19.749000 0.941736 0.466667 9.940219 3.343417 -19.930121 0.840000 0.503634 9.848858 -156.037511 4.427189 108.434949 
48.000000 184.000000 58.453989 1.000000 12.000000 9.643000 0.773769 0.800000 5.029344 3.185929 80.583124 1.000000 0.922608 5.385165 111.801409 3.000000 0.000000 
56.000000 184.000000 55.919526 1.000000 35.000000 25.075000 0.955720 0.729167 12.959529 3.813689 82.454161 0.853659 0.552419 12.369317 104.036243 4.000000 0.000000 
46.000000 188.000000 22.307922 1.000000 8.000000 12.091000 0.935753 0.444444 7.020473 2.475808 -13.059878 0.615385 0.433264 6.324555 -161.565051 2.745626 -78.690068 
50.000000 187.000000 22.369231 8.000000 4.000000 5.053000 0.866025 0.666667 3.651484 1.825742 -18.434949 0.800000 0.748540 3.605551 -146.309932 2.000000 -90.000000 
34.000000 193.000000 27.431473 1.000000 39.000000 44.684000 0.992882 0.195000 23.661548 2.818122 -64.184599 0.619048 0.214266 22.360680 -116.565051 4.122708 -23.629378 
9.000000 193.000000 58.404677 1.000000 26.000000 17.326000 0.855567 0.650000 8.263947 4.278182 80.293526 0.896552 0.779919 8.246211 104.036243 4.743416 18.434949 
56.000000 195.000000 27.961589 1.000000 25.000000 26.969000 0.964471 0.384615 14.045684 3.710717 82.877197 0.641026 0.346506 13.341664 102.994617 4.318365 -175.236358 
5.000000 194.000000 39.736817 1.000000 1.000000 0.000000 0.000000 1.000000 1.154701 1.154701 0.000000 1.000000 1.000000 1.414214 135.000000 1.000000 -90.000000 
16.000000 196.000000 46.511539 1.000000 33.000000 26.159000 0.920671 0.412500 11.665525 4.553528 -33.909568 0.733333 0.483027 10.816654 -146.309932 5.547002 -56.309932 
45.000000 199.000000 25.290749 1.000000 14.000000 13.216000 0.847187 0.466667 6.450889 3.427327 -42.097957 0.875000 0.657505 6.708204 -153.434949 4.160251 123.690068 
25.000000 199.000000 29.783093 1.000000 26.000000 23.322000 0.951327 0.520000 11.817421 3.641943 -79.186964 0.742857 0.466536 10.440307 -106.699244 4.109975 170.537678 
36.000000 200.000000 31.036806 1.000000 34.000000 33.221000 0.976227 0.566667 18.131671 3.930075 -85.680801 0.653846 0.323131 15.524175 -104.931417 4.000000 0.000000 
20.000000 201.000000 37.711804 9.000000 7.000000 8.146000 0.874319 0.583333 4.881485 2.369237 -52.267228 0.875000 0.690407 5.000000 -126.869898 2.828427 -45.000000 
50.000000 203.000000 34.569384 1.000000 45.000000 24.083000 0.855310 0.584416 10.941081 5.668749 -66.461640 0.900000 0.762956 11.401754 -105.255119 6.173949 -30.963757 
26.000000 203.000000 36.138227 1.000000 18.000000 15.250000 0.932366 0.750000 8.227743 2.974468 81.208259 0.900000 0.668719 8.246211 104.036243 3.000000 0.000000 
59.000000 204.000000 32.766736 1.000000 14.000000 14.812000 0.874901 0.500000 7.152449 3.463949 -74.712724 0.736842 0.545802 7.615773 -113.198591 4.000000 0.000000 
12.000000 204.000000 20.286744 1.000000 1.000000 0.000000 0.000000 1.000000 1.154701 1.154701 0.000000 1.000000 1.000000 1.414214 135.000000 1.000000 -90.000000 
20.000000 206.000000 30.311774 2.000000 14.000000 17.715000 0.924827 0.333333 8.311403 3.161553 52.363723 0.736842 0.404437 8.062258 119.744881 4.115966 -149.036243 
43.000000 207.000000 36.045102 1.000000 5.000000 6.550000 0.889464 0.625000 4.253087 1.943686 84.847577 0.833333 0.668944 4.123106 104.036243 2.000000 0.000000 
58.000000 207.000000 52.375715 1.000000 20.000000 19.286000 0.815262 0.571429 7.475666 4.329098 -63.583031 0.833333 0.499660 8.062258 -119.744881 4.919350 -26.565051 
13.000000 211.000000 24.559512 1.000000 7.000000 7.220000 0.692996 0.583333 3.827022 2.759060 -10.900705 1.000000 0.819322 4.123106 165.963757 3.000000 -90.000000 
34.000000 211.000000 57.118032 1.000000 71.000000 49.803000 0.981842 0.385870 25.823194 4.898727 78.424144 0.710000 0.318291 23.769729 104.620874 6.309427 -173.290163 
48.000000 209.000000 52.817817 1.000000 37.000000 28.656000 0.969520 0.440476 15.255426 3.737750 71.703413 0.770833 0.459857 13.892444 120.256437 4.406001 16.699244 
58.000000 212.000000 29.899493 2.000000 8.000000 12.736000 0.980170 0.380952 8.518638 1.688036 69.899918 0.727273 0.398777 7.615773 113.198591 2.213594 18.434949 
10.000000 212.000000 28.133974 1.000000 13.000000 13.952000 0.864724 0.464286 6.702315 3.366220 78.379500 0.812500 0.559096 7.280110 105.945396 3.616778 -170.537678 
15.000000 212.000000 21.146499 2.000000 2.000000 1.960000 0.866025 1.000000 2.309401 1.154701 90.000000 1.000000 0.965669 2.236068 116.565051 1.000000 0.000000 
49.000000 215.000000 34.907173 1.000000 27.000000 32.667000 0.989948 0.281250 18.157083 2.568009 75.665881 0.692308 0.264606 16.763055 107.354025 3.352465 -167.905243 
5.000000 221.000000 29.204713 1.000000 14.000000 19.195000 0.895262 0.350000 9.487957 4.227273 -21.376680 0.583333 0.352618 8.944272 -153.434949 4.595725 -66.801409 
33.000000 217.000000 27.738089 1.000000 14.000000 18.616000 0.984618 0.466667 11.036544 1.928344 76.159469 0.777778 0.371635 10.440307 106.699244 2.425356 14.036243 
59.000000 216.000000 44.110337 1.000000 13.000000 10.106000 0.817193 0.866667 5.451390 3.141989 -75.127559 1.000000 0.930849 5.830952 -120.963757 3.000000 0.000000 
18.000000 218.000000 24.706363 1.000000 6.000000 8.998000 0.960280 0.400000 6.023770 1.680865 -64.805344 0.857143 0.511626 5.830952 -120.963757 2.213594 161.565051 
24.000000 218.000000 19.434154 1.000000 1.000000 0.000000 0.000000 1.000000 1.154701 1.154701 0.000000 1.000000 1.000000 1.414214 135.000000 1.000000 -90.000000 
54.000000 219.000000 31.892038 1.000000 15.000000 22.859000 0.895066 0.312500 9.085039 4.051317 60.323371 0.555556 0.278827 8.246211 104.036243 4.472136 -153.434949 
26.000000 219.000000 21.147564 12.000000 1.000000 0.000000 0.000000 1.000000 1.154701 1.154701 0.000000 1.000000 1.000000 1.414214 135.000000 1.000000 -90.000000 
8.000000 221.000000 28.431493 1.000000 4.000000 4.590000 0.731925 0.666667 3.055050 2.081666 0.000000 1.000000 0.840876 3.162278 161.565051 2.000000 -90.000000 
47.000000 221.000000 27.565905 1.000000 15.000000 19.468000 0.977799 0.375000 11.126908 2.331603 75.362373 0.681818 0.368736 10.770330 111.801409 2.910428 -165.963757 
31.000000 223.000000 20.517143 1.000000 4.000000 7.402000 0.965676 0.333333 5.615939 1.458730 -36.090556 0.800000 0.452160 5.000000 -143.130102 1.941451 123.690068 
13.000000 223.000000 30.864096 1.000000 20.000000 17.301000 0.937654 0.740741 9.084931 3.157640 -84.115856 1.000000 0.601406 9.219544 -102.528808 3.000000 0.000000 
52.000000 224.000000 35.318466 2.000000 9.000000 10.197000 0.699864 0.562500 4.791154 3.422208 -54.217474 0.818182 0.635671 5.000000 -143.130102 3.882901 -33.690068 
25.000000 226.000000 44.602525 1.000000 46.000000 31.005000 0.949091 0.469388 14.487915 4.563713 73.014516 0.807018 0.495762 14.560220 105.945396 5.617975 -159.443955 
37.000000 226.000000 25.675562 1.000000 14.000000 17.698000 0.981892 0.388889 10.867463 2.058735 -72.551103 0.736842 0.405097 9.848858 -113.962489 2.529822 -18.434949 
48.000000 226.000000 35.975176 1.000000 16.000000 13.778000 0.875482 0.533333 6.947607 3.357442 61.361797 0.888889 0.702344 7.071068 135.000000 3.577709 26.565051 
10.000000 229.000000 27.818284 1.000000 21.000000 27.308000 0.979510 0.403846 14.259267 2.871759 -88.550173 0.600000 0.284621 13.152946 98.746162 3.903138 4.763642 
38.000000 231.000000 43.849593 1.000000 34.000000 25.356000 0.966612 0.566667 13.737706 3.520215 76.150264 0.850000 0.526105 13.000000 112.619865 4.242641 8.130102 
16.000000 232.000000 52.717498 2.000000 33.000000 22.379000 0.919849 0.550000 10.929553 4.287355 22.123076 0.868421 0.636711 10.816654 146.309932 4.919350 63.434949 
53.000000 231.000000 46.066089 1.000000 38.000000 24.885000 0.920813 0.633333 12.027990 4.690972 81.982515 0.904762 0.607929 12.369317 104.036243 4.858987 6.340192 
31.000000 232.000000 26.526333 1.000000 6.000000 8.328000 0.707457 0.666667 4.037534 2.853553 59.678877 0.857143 0.573146 4.242641 135.000000 3.000000 -90.000000 
48.000000 233.000000 31.095504 2.000000 4.000000 4.590000 0.731925 0.666667 3.055050 2.081666 90.000000 1.000000 0.840876 3.162278 108.434949 2.000000 0.000000 
59.000000 232.000000 36.165625 1.000000 19.000000 19.493000 0.897895 0.452381 9.021529 3.971367 37.803535 0.703704 0.466035 8.485281 135.000000 4.919350 -116.565051 
