230
30.000000 116.000000 9.645911 1.000000 10412.000000 591.556000 0.964170 0.677865 290.836072 77.154442 0.956652 0.677865 0.369957 248.386795 165.068583 64.000000 -90.000000 
9.000000 4.000000 24.912211 12.000000 1.000000 0.000000 0.000000 1.000000 1.154701 1.154701 0.000000 1.000000 1.000000 1.414214 135.000000 1.000000 -90.000000 
51.000000 7.000000 34.585455 1.000000 24.000000 30.840000 0.749822 0.342857 9.474236 6.268525 -89.148386 0.558140 0.261176 10.440307 106.699244 6.640783 -18.434949 
13.000000 11.000000 30.530422 7.000000 17.000000 19.774000 0.981111 0.340000 11.458182 2.216541 -22.819480 0.772727 0.406815 11.180340 -153.434949 2.846050 -71.565051 
43.000000 7.000000 24.675461 1.000000 1.000000 0.000000 0.000000 1.000000 1.154701 1.154701 0.000000 1.000000 1.000000 1.414214 135.000000 1.000000 -90.000000 
58.000000 10.000000 58.112692 1.000000 1.000000 0.000000 0.000000 1.000000 1.154701 1.154701 0.000000 1.000000 1.000000 1.414214 135.000000 1.000000 -90.000000 
55.000000 12.000000 49.616438 1.000000 23.000000 18.087000 0.926149 0.479167 9.339527 3.522466 -29.446621 0.851852 0.641350 9.219544 -139.398705 4.024922 -63.434949 
7.000000 16.000000 33.258515 1.000000 10.000000 12.736000 0.967318 0.476190 7.770728 1.970395 -70.315341 0.833333 0.498472 7.615773 -113.198591 2.529822 161.565051 
39.000000 16.000000 29.780544 1.000000 7.000000 7.501000 0.755897 0.583333 4.172402 2.731631 -33.400705 0.875000 0.776628 4.472136 -153.434949 3.000000 -90.000000 
49.000000 17.000000 64.502977 1.000000 33.000000 24.802000 0.964008 0.550000 13.147905 3.495686 76.417507 0.825000 0.531079 12.649111 108.434949 4.109975 9.462322 
60.000000 17.000000 38.798125 1.000000 1.000000 0.000000 0.000000 1.000000 1.154701 1.154701 0.000000 1.000000 1.000000 1.414214 135.000000 1.000000 -90.000000 
41.000000 18.000000 32.463590 1.000000 9.000000 8.055000 0.834966 0.750000 4.760952 2.619961 63.434949 0.900000 0.902154 5.000000 126.869898 3.000000 0.000000 
58.000000 23.000000 79.077880 1.000000 46.000000 31.468000 0.964885 0.511111 15.679070 4.118491 -12.119051 0.807018 0.482586 15.297059 -168.690068 4.989401 102.528808 
28.000000 20.000000 41.337727 1.000000 49.000000 45.742000 0.986424 0.532609 24.923543 4.092961 -88.475645 0.710145 0.257679 23.021729 92.489553 4.000000 0.000000 
43.000000 20.000000 28.852432 2.000000 3.000000 3.093000 0.730297 0.750000 2.581989 1.763834 -45.000000 1.000000 0.969873 2.828427 -135.000000 2.000000 -90.000000 
22.000000 25.000000 25.887971 6.000000 3.000000 4.590000 0.928995 0.500000 3.854129 1.426385 28.154966 1.000000 0.630657 3.605551 146.309932 1.788854 63.434949 
45.000000 26.000000 31.214265 1.000000 8.000000 12.248000 0.976629 0.571429 7.831560 1.683251 -78.690068 0.800000 0.424469 7.280110 -105.945396 2.000000 0.000000 
9.000000 26.000000 25.095857 6.000000 1.000000 0.000000 0.000000 1.000000 1.154701 1.154701 0.000000 1.000000 1.000000 1.414214 135.000000 1.000000 -90.000000 
19.000000 29.000000 35.135744 2.000000 8.000000 10.586000 0.839852 0.400000 5.375966 2.918160 61.747592 0.800000 0.533471 5.656854 135.000000 3.395499 14.036243 
5.000000 30.000000 24.873068 11.000000 1.000000 0.000000 0.000000 1.000000 1.154701 1.154701 0.000000 1.000000 1.000000 1.414214 135.000000 1.000000 -90.000000 
14.000000 30.000000 31.700545 1.000000 13.000000 13.588000 0.932702 0.464286 7.592963 2.738392 64.127210 0.866667 0.583690 7.615773 113.198591 3.342516 -158.198591 
15.000000 34.000000 43.001778 3.000000 11.000000 13.034000 0.965933 0.366667 7.998072 2.069852 37.027302 0.916667 0.528302 7.810250 140.194429 2.773501 -123.690068 
60.000000 34.000000 52.055973 1.000000 24.000000 17.855000 0.939419 0.888889 9.685618 3.319961 1.557924 1.000000 0.684106 9.219544 167.471192 3.000000 -90.000000 
54.000000 34.000000 32.830880 1.000000 8.000000 10.586000 0.916530 0.400000 6.117928 2.446963 49.806057 0.800000 0.533471 5.830952 120.963757 2.828427 45.000000 
7.000000 37.000000 43.037215 1.000000 11.000000 12.736000 0.959632 0.523810 7.557977 2.125759 -68.824403 0.916667 0.548319 7.615773 -113.198591 2.683282 -26.565051 
33.000000 37.000000 28.603898 1.000000 4.000000 6.368000 0.958153 0.500000 4.964579 1.421135 -67.500000 0.800000 0.555835 4.472136 -116.565051 1.788854 -26.565051 
49.000000 38.000000 35.134733 1.000000 23.000000 21.453000 0.955857 0.365079 11.562944 3.397565 62.029958 0.766667 0.477814 10.816654 123.690068 4.447564 -159.443955 
56.000000 38.000000 37.526264 1.000000 12.000000 14.696000 0.957070 0.571429 8.199980 2.376809 -79.867151 0.750000 0.473935 7.615773 -113.198591 2.794783 170.537678 
12.000000 38.000000 34.163971 1.000000 7.000000 10.313000 0.791027 0.437500 4.878502 2.984577 52.627559 0.777778 0.485922 5.000000 126.869898 3.535534 -135.000000 
8.000000 43.000000 39.882026 1.000000 19.000000 17.789000 0.909183 0.475000 8.799956 3.664272 23.145240 0.760000 0.545005 8.602325 144.462322 4.365641 -104.036243 
29.000000 44.000000 30.275905 1.000000 13.000000 19.865000 0.985467 0.240741 12.164802 2.066411 30.670671 0.650000 0.308637 10.816654 146.309932 2.743977 59.036243 
60.000000 45.000000 67.454874 1.000000 40.000000 25.720000 0.949476 0.833333 13.210166 4.145862 3.343642 0.952381 0.603433 12.369317 165.963757 4.000000 -90.000000 
40.000000 45.000000 47.517195 4.000000 12.000000 14.994000 0.969104 0.342857 8.726128 2.152317 32.155421 0.800000 0.458488 8.602325 144.462322 2.773501 56.309932 
14.000000 52.000000 44.877209 3.000000 43.000000 33.726000 0.979528 0.335938 17.881927 3.599793 25.239775 0.741379 0.397547 17.088007 159.443955 4.472136 -116.565051 
11.000000 47.000000 33.255482 8.000000 12.000000 12.364000 0.849357 0.500000 6.062934 3.200130 -82.719862 0.750000 0.627212 6.324555 -108.434949 4.000000 0.000000 
43.000000 48.000000 40.679589 1.000000 19.000000 19.468000 0.968641 0.475000 10.533907 2.617305 74.894606 0.826087 0.467066 10.440307 106.699244 3.162278 18.434949 
5.000000 53.000000 85.255501 1.000000 56.000000 37.323000 0.972300 0.823529 18.493576 4.322604 1.069817 0.903226 0.429781 17.262677 -169.992020 4.000000 -90.000000 
37.000000 52.000000 41.957006 2.000000 17.000000 21.643000 0.908273 0.425000 9.837904 4.115962 14.473279 0.586207 0.347772 8.544004 159.443955 4.603172 -99.462322 
52.000000 51.000000 37.535561 1.000000 21.000000 27.060000 0.970338 0.381818 13.826950 3.342713 74.898381 0.583333 0.289314 12.083046 114.443955 4.013213 -167.471192 
59.000000 53.000000 89.016566 2.000000 18.000000 12.736000 0.824093 0.720000 6.499748 3.681813 41.241779 0.947368 0.897249 7.071068 135.000000 4.242641 45.000000 
19.000000 58.000000 40.117332 1.000000 24.000000 26.051000 0.967660 0.266667 13.400481 3.380402 43.807028 0.666667 0.353896 13.453624 138.012788 4.242641 45.000000 
46.000000 53.000000 30.186484 1.000000 3.000000 3.920000 0.942809 1.000000 3.464102 1.154701 90.000000 1.000000 0.756007 3.162278 108.434949 1.000000 0.000000 
43.000000 56.000000 38.926333 1.000000 20.000000 21.916000 0.960839 0.500000 11.315262 3.135526 79.862674 0.689655 0.400277 10.440307 106.699244 3.597007 7.125016 
60.000000 57.000000 77.248917 1.000000 7.000000 7.220000 0.521739 0.583333 3.794016 3.236694 0.000000 0.875000 0.819322 4.123106 165.963757 3.000000 -90.000000 
36.000000 57.000000 43.393791 1.000000 5.000000 7.840000 0.979796 1.000000 5.773503 1.154701 90.000000 1.000000 0.521014 5.099020 101.309932 1.000000 0.000000 
57.000000 61.000000 110.304128 1.000000 46.000000 24.339000 0.871519 0.696970 11.154248 5.469617 5.643278 0.958333 0.765448 11.401754 164.744881 6.000000 -90.000000 
43.000000 62.000000 31.740333 1.000000 9.000000 12.918000 0.968133 0.428571 7.584708 1.899477 72.572772 0.750000 0.438514 7.615773 113.198591 2.425356 -165.963757 
5.000000 64.000000 57.484959 5.000000 10.000000 11.785000 0.914147 0.555556 6.533835 2.648710 -11.902972 0.909091 0.564012 6.324555 -161.565051 3.000000 -90.000000 
10.000000 66.000000 43.795408 1.000000 21.000000 17.144000 0.916116 0.583333 8.544071 3.425426 74.849801 0.913043 0.641289 9.219544 102.528808 4.000000 0.000000 
35.000000 66.000000 27.184156 1.000000 12.000000 18.128000 0.983999 0.600000 10.583005 1.885618 90.000000 0.857143 0.333329 10.049876 95.710593 2.000000 0.000000 
59.000000 67.000000 46.852623 1.000000 6.000000 10.032000 0.927748 0.400000 5.859144 2.186673 -68.109438 0.750000 0.434463 5.385165 -111.801409 2.529822 161.565051 
6.000000 69.000000 57.522744 7.000000 8.000000 7.476000 0.866025 1.000000 4.618802 2.309401 0.000000 1.000000 0.891759 4.472136 153.434949 2.000000 -90.000000 
54.000000 69.000000 75.968267 1.000000 22.000000 15.846000 0.712004 0.523810 6.650612 4.669896 36.998294 0.916667 0.766819 7.280110 164.054604 4.949747 45.000000 
15.000000 72.000000 42.531836 1.000000 13.000000 12.645000 0.920492 0.541667 7.159946 2.797834 -18.335044 0.866667 0.655506 6.708204 -153.434949 3.395499 104.036243 
7.000000 70.000000 35.121179 1.000000 3.000000 3.093000 0.730297 0.750000 2.581989 1.763834 45.000000 1.000000 0.969873 2.828427 135.000000 2.000000 -90.000000 
44.000000 72.000000 37.356540 1.000000 37.000000 35.942000 0.985807 0.513889 20.177828 3.387501 86.583386 0.698113 0.304385 18.027756 93.179830 3.704847 4.085617 
58.000000 71.000000 52.163900 1.000000 15.000000 14.423000 0.952044 0.535714 8.493776 2.598759 70.767405 0.833333 0.610977 8.062258 119.744881 3.152963 14.036243 
6.000000 74.000000 57.429485 1.000000 18.000000 15.920000 0.880446 0.642857 7.889981 3.741004 -11.760972 0.818182 0.622535 7.615773 -156.801409 4.000000 -90.000000 
10.000000 76.000000 36.996308 1.000000 15.000000 16.474000 0.950661 0.468750 9.060380 2.810806 64.621519 0.789474 0.489890 8.944272 116.565051 3.577709 26.565051 
52.000000 76.000000 52.449376 2.000000 27.000000 17.897000 0.867157 0.562500 8.542403 4.254417 30.866696 0.964286 0.766550 8.944272 153.434949 4.919350 63.434949 
17.000000 76.000000 41.959575 6.000000 8.000000 8.998000 0.838906 0.533333 4.824158 2.625674 -6.169544 0.800000 0.682168 5.099020 168.690068 3.000000 -90.000000 
27.000000 77.000000 33.911016 1.000000 12.000000 17.144000 0.985104 0.333333 10.695564 1.839209 68.554545 0.750000 0.366451 9.848858 113.962489 2.414039 -158.198591 
40.000000 76.000000 26.704441 2.000000 1.000000 0.000000 0.000000 1.000000 1.154701 1.154701 0.000000 1.000000 1.000000 1.414214 135.000000 1.000000 -90.000000 
38.000000 77.000000 27.983361 2.000000 1.000000 0.000000 0.000000 1.000000 1.154701 1.154701 0.000000 1.000000 1.000000 1.414214 135.000000 1.000000 -90.000000 
58.000000 78.000000 58.102304 1.000000 21.000000 16.168000 0.916422 0.875000 8.431936 3.374569 -84.925424 1.000000 0.707755 8.544004 -110.556045 3.000000 0.000000 
6.000000 86.000000 37.340720 2.000000 32.000000 49.002000 0.964242 0.152381 24.288271 6.436928 -17.509649 0.347826 0.147897 22.847319 -156.801409 6.640783 -71.565051 
10.000000 82.000000 29.413665 2.000000 11.000000 16.218000 0.982006 0.275000 9.747497 1.840788 59.503208 0.733333 0.368816 9.433981 122.005383 2.496151 33.690068 
48.000000 81.000000 52.129397 1.000000 22.000000 20.113000 0.824440 0.550000 8.115851 4.593163 -81.277559 0.785714 0.511229 8.544004 -110.556045 5.000000 0.000000 
34.000000 83.000000 32.019417 1.000000 9.000000 12.918000 0.970371 0.428571 7.889412 1.906231 74.816182 0.750000 0.438514 7.615773 113.198591 2.353394 11.309932 
56.000000 83.000000 81.666942 1.000000 25.000000 22.263000 0.951311 0.568182 11.333455 3.493346 -82.899249 0.806452 0.486772 11.401754 -105.255119 3.845077 -7.125016 
40.000000 85.000000 26.410079 5.000000 1.000000 0.000000 0.000000 1.000000 1.154701 1.154701 0.000000 1.000000 1.000000 1.414214 135.000000 1.000000 -90.000000 
57.000000 87.000000 49.029042 2.000000 13.000000 19.303000 0.980205 0.232143 11.406616 2.258354 46.736740 0.684211 0.324287 10.000000 126.869898 2.828427 45.000000 
45.000000 86.000000 34.778234 4.000000 3.000000 5.624000 0.970143 0.333333 4.760952 1.154701 45.000000 1.000000 0.490646 4.242641 135.000000 1.414214 45.000000 
20.000000 94.000000 31.840773 1.000000 38.000000 42.344000 0.978631 0.175926 20.553467 4.226294 -58.266385 0.567164 0.230805 21.633308 -123.690068 5.044438 -31.607502 
45.000000 89.000000 59.697244 1.000000 30.000000 31.766000 0.972082 0.272727 15.946302 3.741642 37.058454 0.600000 0.309379 14.866069 137.726311 5.079893 48.814075 
53.000000 91.000000 45.874747 1.000000 13.000000 14.696000 0.928311 0.433333 7.761025 2.885592 -65.799413 0.722222 0.513429 7.810250 -129.805571 3.577709 153.434949 
33.000000 91.000000 29.911296 12.000000 2.000000 1.960000 0.866025 1.000000 2.309401 1.154701 90.000000 1.000000 0.965669 2.236068 116.565051 1.000000 0.000000 
58.000000 92.000000 39.185649 1.000000 10.000000 15.705000 0.890005 0.416667 7.605383 3.467682 65.517673 0.666667 0.353789 7.211103 123.690068 3.944467 -149.036243 
35.000000 92.000000 26.946122 12.000000 1.000000 0.000000 0.000000 1.000000 1.154701 1.154701 0.000000 1.000000 1.000000 1.414214 135.000000 1.000000 -90.000000 
48.000000 95.000000 85.674785 1.000000 38.000000 28.466000 0.945902 0.542857 13.230767 4.292769 -87.394162 0.775510 0.477981 14.142136 98.130102 4.808326 -8.130102 
4.000000 97.000000 32.799217 5.000000 7.000000 8.328000 0.930558 0.700000 5.262061 1.926673 14.678877 0.875000 0.668670 5.385165 158.198591 2.000000 -90.000000 
59.000000 96.000000 59.461104 1.000000 15.000000 14.440000 0.929221 0.416667 7.915896 2.925127 -46.355992 0.882353 0.609796 7.810250 -140.194429 3.535534 -45.000000 
53.000000 97.000000 37.506655 1.000000 7.000000 8.998000 0.922453 0.437500 5.544132 2.140636 43.568797 0.875000 0.596897 5.656854 135.000000 2.773501 -123.690068 
40.000000 99.000000 116.002210 2.000000 32.000000 22.768000 0.863370 0.592593 9.743439 4.916255 7.367918 0.761905 0.599016 9.486833 161.565051 5.425167 -99.462322 
36.000000 102.000000 68.630442 1.000000 4.000000 4.590000 0.731925 0.666667 3.055050 2.081666 0.000000 1.000000 0.840876 3.162278 161.565051 2.000000 -90.000000 
51.000000 103.000000 71.296236 2.000000 14.000000 16.309000 0.841583 0.583333 7.205971 3.892147 -11.774637 0.700000 0.465021 7.211103 -146.309932 4.000000 -90.000000 
32.000000 104.000000 39.214494 1.000000 11.000000 11.603000 0.906721 0.611111 6.341086 2.674232 79.695154 1.000000 0.635824 6.324555 108.434949 3.000000 0.000000 
46.000000 103.000000 135.663506 1.000000 31.000000 19.658000 0.855974 0.775000 9.128008 4.719349 -73.714069 0.885714 0.749406 9.433981 -122.005383 5.000000 0.000000 
10.000000 105.000000 30.404365 11.000000 3.000000 3.920000 0.942809 1.000000 3.464102 1.154701 90.000000 1.000000 0.756007 3.162278 108.434949 1.000000 0.000000 
36.000000 105.000000 98.338410 2.000000 22.000000 14.622000 0.667182 0.611111 6.318293 4.706463 40.882190 0.956522 0.876135 6.708204 116.565051 4.949747 45.000000 
42.000000 104.000000 44.880884 1.000000 5.000000 7.683000 0.944850 0.416667 5.384843 1.763557 -49.265383 0.833333 0.536237 5.000000 -126.869898 2.121320 -45.000000 
57.000000 108.000000 53.113539 1.000000 28.000000 23.694000 0.883903 0.444444 10.001639 4.677477 -58.436419 0.717949 0.488591 10.295630 -119.054604 5.656854 -45.000000 
4.000000 106.000000 24.489128 8.000000 1.000000 0.000000 0.000000 1.000000 1.154701 1.154701 0.000000 1.000000 1.000000 1.414214 135.000000 1.000000 -90.000000 
12.000000 106.000000 31.314982 1.000000 7.000000 7.683000 0.771307 0.583333 4.207199 2.677728 75.127559 0.875000 0.750732 4.472136 116.565051 3.000000 0.000000 
9.000000 108.000000 25.880246 2.000000 4.000000 5.905000 0.926289 0.444444 4.355771 1.641317 50.309828 0.800000 0.614186 4.242641 135.000000 2.121320 45.000000 
23.000000 108.000000 29.272203 1.000000 5.000000 8.328000 0.969048 0.500000 6.024504 1.487286 -72.856562 0.833333 0.477622 5.385165 -111.801409 1.897367 161.565051 
41.000000 108.000000 123.020978 1.000000 24.000000 21.544000 0.909518 0.666667 9.472096 3.937210 -88.455286 0.800000 0.494919 9.486833 108.434949 4.000000 0.000000 
33.000000 112.000000 81.376589 1.000000 50.000000 24.430000 0.871217 0.757576 11.578875 5.684041 7.949929 0.943396 0.826525 11.401754 164.744881 6.000000 -90.000000 
48.000000 108.000000 106.044107 1.000000 22.000000 21.172000 0.852183 0.458333 8.246985 4.315187 60.376652 0.846154 0.467664 8.544004 110.556045 4.949747 45.000000 
13.000000 112.000000 30.332674 7.000000 7.000000 8.882000 0.942088 0.700000 5.788786 1.941356 -9.615336 0.875000 0.608470 5.385165 -158.198591 2.000000 -90.000000 
45.000000 111.000000 61.833365 10.000000 3.000000 3.093000 0.730297 0.750000 2.581989 1.763834 -45.000000 1.000000 0.969873 2.828427 -135.000000 2.000000 -90.000000 
52.000000 112.000000 68.084271 1.000000 3.000000 4.590000 0.928995 0.500000 3.854129 1.426385 -61.845034 1.000000 0.630657 3.605551 -123.690068 1.788854 -26.565051 
40.000000 115.000000 63.288292 1.000000 1.000000 0.000000 0.000000 1.000000 1.154701 1.154701 0.000000 1.000000 1.000000 1.414214 135.000000 1.000000 -90.000000 
58.000000 114.000000 37.903931 1.000000 5.000000 7.013000 0.931488 0.625000 4.881890 1.775899 79.099295 0.833333 0.609333 4.472136 116.565051 2.000000 0.000000 
31.000000 119.000000 84.811913 1.000000 11.000000 11.628000 0.695013 0.550000 5.011901 3.603544 34.795059 0.785714 0.633673 5.830952 149.036243 4.000000 -90.000000 
37.000000 119.000000 93.606796 1.000000 27.000000 18.269000 0.797221 0.562500 8.098715 4.889097 -67.350682 0.931034 0.740144 8.544004 -110.556045 5.375872 161.565051 
45.000000 118.000000 179.080061 1.000000 38.000000 21.453000 0.852461 0.703704 9.844350 5.146528 67.206774 0.950000 0.789431 10.295630 119.054604 6.000000 0.000000 
59.000000 121.000000 58.628498 4.000000 18.000000 17.062000 0.843830 0.500000 7.079059 3.798702 47.421331 0.857143 0.554147 7.810250 129.805571 4.242641 45.000000 
52.000000 118.000000 79.094288 1.000000 15.000000 20.808000 0.686901 0.428571 7.281830 5.292075 10.144600 0.652174 0.328628 7.280110 164.054604 5.000000 -90.000000 
49.000000 120.000000 49.516413 2.000000 9.000000 10.867000 0.814463 0.450000 5.456902 3.166179 -18.434949 0.818182 0.576320 5.385165 -158.198591 3.638034 -75.963757 
14.000000 124.000000 27.570820 3.000000 5.000000 11.248000 0.989743 0.200000 8.082904 1.154701 45.000000 1.000000 0.303447 7.071068 135.000000 1.414214 45.000000 
54.000000 122.000000 37.392589 1.000000 6.000000 6.368000 0.833333 0.750000 4.000000 2.211083 90.000000 1.000000 0.833753 4.123106 104.036243 2.000000 0.000000 
38.000000 124.000000 106.449704 1.000000 32.000000 30.244000 0.971836 0.351648 15.604107 3.677264 -70.680431 0.640000 0.360779 14.317821 -114.775141 4.743416 -18.434949 
48.000000 123.000000 35.249428 5.000000 4.000000 5.624000 0.000000 0.444444 3.055050 3.055050 0.000000 0.800000 0.654195 3.162278 108.434949 2.828427 -45.000000 
29.000000 126.000000 104.249298 1.000000 28.000000 23.049000 0.912623 0.444444 10.547018 4.311652 31.486061 0.800000 0.512953 10.816654 146.309932 5.316456 59.036243 
50.000000 127.000000 101.221996 1.000000 13.000000 13.770000 0.257520 0.520000 4.797885 4.636067 41.437492 0.812500 0.571195 5.385165 111.801409 4.714952 56.309932 
55.000000 126.000000 67.617732 4.000000 22.000000 14.423000 0.676135 0.733333 6.376562 4.698110 27.094941 0.916667 0.896100 6.708204 153.434949 5.000000 -90.000000 
60.000000 124.000000 38.877214 11.000000 5.000000 6.368000 0.923687 0.625000 4.492622 1.721341 -69.006394 0.833333 0.694794 4.472136 -116.565051 2.000000 0.000000 
38.000000 129.000000 80.978275 1.000000 30.000000 24.364000 0.937559 0.428571 12.111836 4.212823 -71.207998 0.731707 0.498298 11.180340 -116.565051 5.531727 -12.528808 
45.000000 128.000000 109.115557 1.000000 22.000000 15.085000 0.696008 0.611111 6.501124 4.668028 -65.175220 0.916667 0.832188 6.708204 -153.434949 5.269652 146.309932 
52.000000 130.000000 89.631565 1.000000 13.000000 9.461000 0.505790 0.812500 4.470371 3.856397 45.000000 1.000000 1.000000 5.000000 126.869898 4.000000 -90.000000 
33.000000 132.000000 72.047846 1.000000 36.000000 38.779000 0.987514 0.285714 20.897794 3.292073 -72.192932 0.631579 0.257429 18.973666 -108.434949 4.608177 165.963757 
49.000000 131.000000 76.133557 1.000000 14.000000 10.958000 0.728706 0.700000 5.295723 3.626651 18.937492 0.933333 0.884962 5.830952 149.036243 4.000000 -90.000000 
42.000000 132.000000 39.185193 10.000000 7.000000 7.774000 0.613667 0.583333 3.862352 3.049577 17.768839 0.875000 0.738267 4.242641 135.000000 3.000000 -90.000000 
24.000000 133.000000 63.704071 2.000000 21.000000 19.402000 0.808125 0.428571 7.804874 4.597154 52.613811 0.777778 0.519258 8.485281 135.000000 4.949747 45.000000 
44.000000 134.000000 37.356578 2.000000 3.000000 3.920000 0.942809 1.000000 3.464102 1.154701 90.000000 1.000000 0.756007 3.162278 108.434949 1.000000 0.000000 
8.000000 137.000000 35.495560 1.000000 18.000000 19.286000 0.969447 0.450000 10.402164 2.551673 71.278471 0.782609 0.449694 10.770330 111.801409 3.333974 11.309932 
31.000000 136.000000 82.968452 1.000000 40.000000 28.863000 0.953770 0.476190 14.621454 4.394285 -69.049643 0.800000 0.490733 13.416408 -116.565051 5.813777 -26.565051 
60.000000 137.000000 123.620115 1.000000 6.000000 6.459000 0.778499 0.666667 3.829708 2.403701 -45.000000 1.000000 0.818022 4.242641 -135.000000 2.828427 135.000000 
57.000000 138.000000 170.291841 1.000000 22.000000 15.548000 0.842978 0.687500 7.430785 3.997377 83.772247 0.956522 0.791467 8.062258 97.125016 4.000000 0.000000 
13.000000 142.000000 36.071303 7.000000 14.000000 12.736000 0.914572 0.666667 6.935767 2.804981 -13.776406 0.933333 0.697860 7.280110 -164.054604 3.000000 -90.000000 
25.000000 139.000000 102.167598 5.000000 28.000000 17.227000 0.719092 0.700000 7.366143 5.118840 12.201283 1.000000 0.848098 8.246211 165.963757 5.000000 -90.000000 
44.000000 142.000000 59.408384 1.000000 22.000000 19.658000 0.873822 0.550000 9.004594 4.378439 68.105756 0.758621 0.531837 8.602325 125.537678 4.850713 14.036243 
34.000000 143.000000 95.694440 1.000000 64.000000 38.299000 0.963216 0.627451 18.909747 5.081584 -85.534800 0.790123 0.468315 17.262677 -100.007980 6.000000 0.000000 
52.000000 141.000000 83.475337 1.000000 26.000000 26.432000 0.810763 0.464286 8.831683 5.169837 -49.461562 0.702703 0.373573 10.000000 -126.869898 5.656854 -45.000000 
57.000000 143.000000 95.741368 7.000000 10.000000 9.370000 0.862427 0.625000 5.313460 2.689574 -35.437387 0.909091 0.802758 5.656854 -135.000000 3.130495 -63.434949 
22.000000 145.000000 74.161408 5.000000 12.000000 12.182000 0.750415 0.600000 5.334490 3.525919 46.589915 0.857143 0.642199 5.830952 149.036243 4.000000 -90.000000 
48.000000 145.000000 76.979717 2.000000 22.000000 19.956000 0.874333 0.550000 8.533477 4.141524 12.057247 0.785714 0.518202 8.544004 159.443955 4.743416 71.565051 
15.000000 145.000000 33.159064 8.000000 5.000000 7.402000 0.882464 0.416667 4.587955 2.158086 -25.670096 0.833333 0.565201 4.472136 -153.434949 2.529822 -71.565051 
58.000000 148.000000 87.904013 3.000000 24.000000 18.641000 0.673357 0.666667 6.884632 5.089931 -18.057245 0.857143 0.635626 7.211103 -146.309932 5.375872 -71.565051 
13.000000 147.000000 25.241141 6.000000 3.000000 3.920000 0.942809 1.000000 3.464102 1.154701 0.000000 1.000000 0.756007 3.162278 161.565051 1.000000 -90.000000 
26.000000 148.000000 61.856326 1.000000 26.000000 23.504000 0.805035 0.412698 9.068854 5.379894 -74.616298 0.702703 0.460185 9.486833 -108.434949 6.800000 -36.869898 
43.000000 147.000000 75.502720 9.000000 13.000000 15.366000 0.882543 0.541667 6.956457 3.271148 -65.768963 0.764706 0.476929 6.708204 -116.565051 3.794733 -18.434949 
39.000000 153.000000 63.688005 1.000000 1.000000 0.000000 0.000000 1.000000 1.154701 1.154701 0.000000 1.000000 1.000000 1.414214 135.000000 1.000000 -90.000000 
22.000000 152.000000 91.066802 1.000000 36.000000 20.510000 0.674919 0.666667 8.196128 6.047856 7.769480 0.900000 0.808708 9.219544 -167.471192 6.000000 -90.000000 
48.000000 153.000000 112.128646 1.000000 37.000000 22.842000 0.924401 0.616667 11.562949 4.410371 -17.168532 0.902439 0.688673 11.180340 -153.434949 4.850713 -75.963757 
55.000000 154.000000 152.856194 1.000000 32.000000 21.734000 0.912793 0.507937 10.550679 4.309129 39.089476 0.914286 0.649850 10.630146 138.814075 4.949747 45.000000 
30.000000 155.000000 52.712136 1.000000 1.000000 0.000000 0.000000 1.000000 1.154701 1.154701 0.000000 1.000000 1.000000 1.414214 135.000000 1.000000 -90.000000 
60.000000 152.000000 68.983704 1.000000 11.000000 14.142000 0.808465 0.550000 6.126452 3.605692 20.970651 0.733333 0.462737 6.403124 141.340192 4.000000 -90.000000 
6.000000 160.000000 36.395559 6.000000 14.000000 16.681000 0.962684 0.437500 9.265447 2.507496 -17.823510 0.777778 0.447731 8.944272 -153.434949 3.137858 101.309932 
16.000000 157.000000 59.548795 2.000000 14.000000 15.920000 0.968533 0.437500 9.318721 2.319293 24.104554 0.823529 0.484194 8.944272 153.434949 2.971125 -111.801409 
22.000000 165.000000 70.952264 1.000000 80.000000 51.532000 0.978005 0.519481 24.666064 5.144848 -3.760969 0.714286 0.336314 22.203603 -172.234834 5.870719 95.710593 
33.000000 157.000000 65.006030 1.000000 10.000000 15.358000 0.965178 0.285714 9.171198 2.399122 58.544143 0.625000 0.367186 8.602325 125.537678 3.130495 -153.434949 
41.000000 157.000000 55.607850 1.000000 10.000000 9.180000 0.806180 0.666667 4.888755 2.892531 -69.379278 1.000000 0.827706 5.385165 -111.801409 3.000000 0.000000 
48.000000 161.000000 135.588704 1.000000 30.000000 19.865000 0.776907 0.535714 8.445820 5.317614 32.871025 0.882353 0.712240 8.602325 125.537678 5.813777 63.434949 
56.000000 162.000000 65.466313 1.000000 24.000000 22.396000 0.972722 0.333333 12.692840 2.944415 -51.572434 0.800000 0.462446 12.041595 -131.633539 3.800000 143.130102 
38.000000 160.000000 55.304261 1.000000 24.000000 19.212000 0.812399 0.600000 7.910913 4.612869 -1.464877 0.827586 0.603568 8.246211 165.963757 5.000000 -90.000000 
13.000000 163.000000 52.699390 2.000000 14.000000 12.091000 0.839935 0.583333 6.097935 3.309267 12.126067 0.933333 0.758211 6.324555 161.565051 3.794733 -108.434949 
33.000000 165.000000 64.275465 1.000000 17.000000 15.341000 0.918044 0.607143 8.219602 3.258891 -86.313117 0.809524 0.625364 7.615773 -113.198591 4.000000 0.000000 
41.000000 166.000000 134.118507 1.000000 38.000000 28.491000 0.820754 0.633333 10.186329 5.819262 -85.660065 0.791667 0.477226 10.198039 101.309932 6.000000 0.000000 
11.000000 167.000000 41.502159 3.000000 13.000000 10.776000 0.882374 0.650000 6.126075 2.882614 33.961400 1.000000 0.843383 6.403124 141.340192 3.535534 45.000000 
29.000000 166.000000 49.784431 1.000000 4.000000 3.556000 0.000000 1.000000 2.309401 2.309401 0.000000 1.000000 1.000000 2.828427 135.000000 2.000000 -90.000000 
31.000000 167.000000 35.243852 1.000000 3.000000 5.624000 0.970143 0.333333 4.760952 1.154701 -45.000000 1.000000 0.490646 4.242641 -135.000000 1.414214 -45.000000 
60.000000 169.000000 56.327245 1.000000 9.000000 7.683000 0.665812 0.750000 4.053691 3.024539 69.699353 1.000000 0.965227 4.472136 116.565051 3.000000 0.000000 
16.000000 171.000000 25.855386 7.000000 3.000000 4.590000 0.928995 0.500000 3.854129 1.426385 -28.154966 1.000000 0.630657 3.605551 -146.309932 1.788854 -63.434949 
38.000000 173.000000 60.978722 1.000000 18.000000 17.806000 0.693360 0.514286 6.903026 4.974263 -3.715704 0.818182 0.515483 7.280110 164.054604 5.000000 -90.000000 
44.000000 171.000000 132.323445 1.000000 47.000000 32.229000 0.940443 0.435185 14.194054 4.825279 34.995115 0.824561 0.472088 14.422205 146.309932 5.824352 -123.690068 
53.000000 169.000000 225.386501 1.000000 29.000000 21.825000 0.922680 0.537037 10.628293 4.097908 -71.642128 0.805556 0.584641 10.295630 -119.054604 5.232590 -8.130102 
9.000000 178.000000 40.340226 5.000000 34.000000 25.811000 0.959046 0.653846 13.257534 3.755221 -8.267162 0.850000 0.509699 13.152946 -171.253838 4.000000 -90.000000 
51.000000 173.000000 81.570915 1.000000 31.000000 21.081000 0.935215 0.484375 11.049281 3.912338 -50.301047 0.885714 0.663942 10.630146 -138.814075 4.529039 -38.659808 
57.000000 173.000000 51.071567 1.000000 5.000000 4.962000 0.765092 0.833333 3.306559 2.129163 71.565051 1.000000 0.956808 3.605551 123.690068 2.000000 0.000000 
33.000000 176.000000 107.689438 1.000000 26.000000 18.087000 0.847080 0.650000 8.395014 4.461657 80.010738 0.866667 0.725005 8.246211 104.036243 4.850713 -165.963757 
26.000000 176.000000 77.360457 1.000000 18.000000 16.218000 0.861654 0.642857 7.283699 3.696455 -84.507044 0.818182 0.603518 7.280110 105.945396 4.000000 0.000000 
48.000000 179.000000 74.931713 1.000000 32.000000 37.762000 0.954887 0.273504 16.561253 4.918173 -66.556935 0.500000 0.240346 13.601471 -107.102729 6.216230 -29.054604 
23.000000 185.000000 81.856008 5.000000 51.000000 36.885000 0.971787 0.455357 18.338563 4.325306 -15.500720 0.750000 0.400021 17.088007 -159.443955 5.734674 -72.897271 
58.000000 178.000000 37.715167 1.000000 12.000000 17.508000 0.949905 0.500000 8.788263 2.746674 -85.967246 0.705882 0.353645 8.062258 97.125016 3.000000 0.000000 
29.000000 179.000000 52.852631 1.000000 12.000000 9.552000 0.472904 0.750000 4.324626 3.810489 70.194656 0.923077 0.935884 5.000000 126.869898 4.000000 -90.000000 
35.000000 180.000000 73.818874 1.000000 25.000000 23.578000 0.920938 0.555556 11.538171 4.496541 79.434611 0.694444 0.440038 10.295630 119.054604 5.000000 0.000000 
41.000000 181.000000 116.895492 1.000000 27.000000 17.144000 0.698356 0.642857 7.227672 5.173212 -25.261529 0.900000 0.824514 8.062258 -150.255119 5.656854 -45.000000 
57.000000 183.000000 91.711468 1.000000 23.000000 17.235000 0.864515 0.575000 8.026569 4.034214 -73.135003 0.851852 0.696105 8.246211 -104.036243 4.510671 -11.309932 
47.000000 184.000000 92.904372 1.000000 24.000000 18.451000 0.797401 0.685714 7.558944 4.561448 -74.796102 0.857143 0.646862 7.615773 113.198591 4.850713 -14.036243 
34.000000 187.000000 30.905862 6.000000 3.000000 4.590000 0.928995 0.500000 3.854129 1.426385 -28.154966 0.750000 0.630657 3.605551 -146.309932 1.788854 116.565051 
61.000000 186.000000 51.142628 1.000000 5.000000 4.962000 0.765092 0.833333 3.306559 2.129163 18.434949 1.000000 0.956808 3.605551 146.309932 2.000000 -90.000000 
41.000000 187.000000 57.693072 4.000000 12.000000 12.736000 0.849556 0.600000 6.113701 3.224971 50.701247 0.800000 0.598166 6.403124 128.659808 4.000000 0.000000 
52.000000 188.000000 47.146977 2.000000 17.000000 17.434000 0.857961 0.485714 7.627470 3.918344 -17.605237 0.739130 0.504608 7.280110 164.054604 4.427189 108.434949 
57.000000 189.000000 50.309527 1.000000 12.000000 11.421000 0.919899 0.666667 6.619449 2.595852 73.678809 0.923077 0.711072 6.708204 116.565051 3.000000 0.000000 
8.000000 190.000000 25.891867 9.000000 8.000000 13.125000 0.953701 0.333333 7.256301 2.182374 -60.558820 0.800000 0.379933 6.708204 -116.565051 2.683282 -26.565051 
45.000000 190.000000 40.069148 6.000000 8.000000 10.313000 0.937774 0.400000 6.295809 2.186198 -29.694306 0.888889 0.555340 5.830952 -149.036243 2.683282 -63.434949 
60.000000 191.000000 92.433002 1.000000 12.000000 12.364000 0.473102 0.480000 4.869176 4.289782 80.213437 0.800000 0.627212 5.385165 111.801409 4.714952 146.309932 
38.000000 193.000000 35.049240 1.000000 12.000000 11.810000 0.776213 0.480000 5.575609 3.515257 -51.688376 0.857143 0.674553 5.830952 -149.036243 4.160251 123.690068 
15.000000 200.000000 36.453707 1.000000 37.000000 46.016000 0.984075 0.158120 23.495016 4.176272 -32.169017 0.493333 0.192411 21.095023 -148.570434 5.347391 -54.462322 
44.000000 195.000000 100.616049 1.000000 16.000000 14.324000 0.856746 0.533333 7.307559 3.768786 -35.363600 0.842105 0.659118 7.810250 -140.194429 4.242641 -45.000000 
51.000000 195.000000 229.253219 1.000000 55.000000 41.425000 0.862871 0.500000 13.683419 6.915927 67.767471 0.687500 0.347980 13.601471 126.027373 8.309921 20.556045 
58.000000 194.000000 139.243145 1.000000 18.000000 12.736000 0.435013 0.720000 5.333333 4.802263 16.699244 0.947368 0.897249 5.830952 120.963757 5.000000 -90.000000 
32.000000 195.000000 95.852106 1.000000 41.000000 29.417000 0.938770 0.488095 13.908352 4.792061 -74.672831 0.719298 0.486029 13.416408 -116.565051 6.324555 -18.434949 
42.000000 197.000000 92.352305 1.000000 29.000000 19.584000 0.887427 0.517857 9.505345 4.381480 -44.862124 0.906250 0.705631 9.433981 -147.994617 5.466082 -51.340192 
6.000000 200.000000 25.717006 8.000000 5.000000 8.998000 0.974418 0.333333 6.444305 1.448307 -27.123056 0.833333 0.426355 5.830952 -149.036243 1.788854 -63.434949 
56.000000 201.000000 82.067616 1.000000 37.000000 25.009000 0.853577 0.616667 10.345950 5.389890 73.624132 0.860465 0.586728 10.198039 101.309932 5.820855 14.036243 
27.000000 197.000000 70.045595 8.000000 23.000000 19.865000 0.933998 0.479167 9.986417 3.567940 -29.586445 0.793103 0.546051 10.000000 -143.130102 4.714952 -56.309932 
34.000000 201.000000 59.828671 1.000000 18.000000 18.914000 0.932785 0.500000 9.054854 3.263677 -76.362720 0.857143 0.464991 9.219544 -102.528808 4.000000 0.000000 
32.000000 205.000000 44.240988 8.000000 17.000000 19.766000 0.886527 0.404762 8.204593 3.796069 -32.495175 0.739130 0.407099 8.602325 -144.462322 4.242641 -45.000000 
48.000000 205.000000 118.151835 1.000000 61.000000 37.100000 0.800701 0.508333 13.654144 8.179713 24.900339 0.709302 0.473358 13.416408 153.434949 9.899495 45.000000 
58.000000 207.000000 124.027815 1.000000 32.000000 21.825000 0.912997 0.507937 10.484223 4.277219 -59.467039 0.888889 0.645121 10.630146 -131.185925 4.919350 -26.565051 
6.000000 211.000000 26.427582 4.000000 6.000000 7.220000 0.934535 0.500000 4.985233 1.774106 39.690172 1.000000 0.702276 5.000000 143.130102 2.121320 45.000000 
25.000000 210.000000 53.794076 1.000000 18.000000 16.582000 0.913863 0.428571 8.358539 3.393750 -56.350965 0.782609 0.581447 8.062258 -119.744881 4.287465 149.036243 
39.000000 211.000000 49.992233 1.000000 27.000000 30.840000 0.899860 0.350649 13.042830 5.688997 78.253265 0.500000 0.293823 11.401754 -105.255119 7.000000 0.000000 
10.000000 216.000000 27.335552 9.000000 7.000000 10.032000 0.964597 0.350000 6.447571 1.700416 -50.844685 1.000000 0.506873 6.403124 -128.659808 2.121320 -45.000000 
33.000000 214.000000 52.429015 1.000000 2.000000 2.812000 0.925820 0.500000 3.055050 1.154701 -45.000000 1.000000 0.709058 2.828427 -135.000000 1.414214 -45.000000 
46.000000 213.000000 33.995021 7.000000 8.000000 9.552000 0.683062 0.666667 4.435394 3.239436 -14.678877 0.727273 0.623923 5.000000 -143.130102 3.000000 -90.000000 
59.000000 214.000000 38.587849 1.000000 15.000000 14.142000 0.805281 0.500000 6.542383 3.878932 43.825361 0.833333 0.631005 6.403124 128.659808 4.242641 45.000000 
28.000000 214.000000 41.257561 8.000000 3.000000 3.920000 0.942809 1.000000 3.464102 1.154701 0.000000 1.000000 0.756007 3.162278 161.565051 1.000000 -90.000000 
42.000000 217.000000 63.897045 1.000000 17.000000 20.394000 0.970509 0.566667 11.864101 2.860014 -86.232719 0.739130 0.385663 10.198039 -101.309932 3.000000 0.000000 
52.000000 217.000000 37.671711 1.000000 13.000000 12.066000 0.904828 0.722222 6.688382 2.847757 -78.108985 0.928571 0.706370 6.708204 -116.565051 3.000000 0.000000 
39.000000 219.000000 67.732939 1.000000 14.000000 14.233000 0.938227 0.466667 7.967119 2.756781 -39.098783 0.875000 0.582785 7.810250 -140.194429 3.535534 -45.000000 
35.000000 218.000000 34.356659 3.000000 2.000000 1.960000 0.866025 1.000000 2.309401 1.154701 90.000000 1.000000 0.965669 2.236068 116.565051 1.000000 0.000000 
48.000000 221.000000 87.932944 1.000000 26.000000 23.024000 0.971860 0.472727 12.993291 3.060665 -78.483341 0.742857 0.477224 11.401754 -105.255119 3.579353 -12.528808 
57.000000 221.000000 61.972958 1.000000 17.000000 15.366000 0.867280 0.607143 7.536458 3.751810 -12.086789 0.850000 0.623676 7.280110 -164.054604 4.000000 -90.000000 
19.000000 225.000000 62.402818 1.000000 55.000000 31.377000 0.951883 0.611111 15.437473 4.730980 -75.381367 0.901639 0.580051 15.524175 -104.931417 5.375872 -18.434949 
55.000000 223.000000 61.871214 1.000000 14.000000 11.901000 0.827038 0.560000 5.944469 3.341660 -44.322642 1.000000 0.777486 6.403124 -141.340192 3.535534 -45.000000 
44.000000 226.000000 63.413082 1.000000 34.000000 27.730000 0.941132 0.425000 12.774531 4.318282 -29.760412 0.723404 0.448302 12.806248 -141.340192 5.692100 108.434949 
53.000000 225.000000 33.167509 1.000000 3.000000 3.093000 0.730297 0.750000 2.581989 1.763834 -45.000000 1.000000 0.969873 2.828427 -135.000000 2.000000 -90.000000 
60.000000 224.000000 79.954216 1.000000 7.000000 6.368000 0.353094 0.777778 3.236694 3.028212 0.000000 1.000000 0.972712 3.605551 123.690068 3.000000 -90.000000 
29.000000 227.000000 44.418397 1.000000 8.000000 10.313000 0.937774 0.400000 6.295809 2.186198 -60.305694 0.888889 0.555340 5.830952 -120.963757 2.683282 -26.565051 
28.000000 228.000000 56.264843 1.000000 9.000000 10.958000 0.945783 0.500000 6.623157 2.151189 -73.875013 0.818182 0.568904 6.324555 -108.434949 2.529822 -18.434949 
36.000000 229.000000 50.136768 1.000000 27.000000 25.282000 0.943942 0.490909 11.835204 3.906920 -85.232398 0.729730 0.419968 11.180340 -100.304846 4.274374 -9.462322 
56.000000 232.000000 60.251047 1.000000 28.000000 27.523000 0.975533 0.430769 14.124906 3.105397 -78.343291 0.756757 0.374191 13.601471 -107.102729 3.579353 167.471192 
42.000000 231.000000 55.048341 1.000000 20.000000 18.542000 0.895494 0.625000 8.398480 3.737941 -84.082800 0.769231 0.534537 8.246211 104.036243 4.000000 0.000000 
51.000000 233.000000 68.207732 1.000000 10.000000 12.844000 0.871277 0.555556 5.808578 2.850804 -70.670096 0.833333 0.491759 6.708204 -116.565051 3.000000 0.000000 
55.000000 237.000000 30.437120 1.000000 6.000000 8.328000 0.951618 0.600000 5.664082 1.740486 75.344996 0.857143 0.573146 5.385165 111.801409 2.000000 0.000000 
48.000000 234.000000 43.208377 1.000000 12.000000 13.216000 0.875849 0.400000 6.375367 3.076656 -37.882837 0.857143 0.563576 7.211103 -146.309932 3.535534 -45.000000 
