232
32.000000 117.000000 13.251129 1.000000 10643.000000 591.556000 0.962301 0.692904 280.777587 76.368084 0.616039 0.692904 0.378165 248.386795 165.068583 64.000000 -90.000000 
5.000000 4.000000 35.862237 1.000000 2.000000 1.960000 0.866025 1.000000 2.309401 1.154701 90.000000 1.000000 0.965669 2.236068 116.565051 1.000000 0.000000 
12.000000 5.000000 64.462202 1.000000 19.000000 20.088000 0.980528 0.863636 11.427781 2.244208 87.265453 1.000000 0.442466 11.180340 100.304846 2.000000 0.000000 
58.000000 6.000000 35.620152 1.000000 6.000000 7.592000 0.755090 0.500000 4.134723 2.710813 66.576195 0.750000 0.654442 4.472136 116.565051 3.000000 0.000000 
34.000000 8.000000 77.143556 1.000000 106.000000 66.922000 0.993234 0.642424 36.180097 4.201544 89.399734 0.757143 0.271351 33.060551 93.468229 5.000000 0.000000 
59.000000 13.000000 54.145140 1.000000 47.000000 28.995000 0.951032 0.671429 14.535819 4.492890 3.853144 0.870370 0.571884 14.317821 167.905243 5.000000 -90.000000 
11.000000 11.000000 111.629642 1.000000 58.000000 31.625000 0.952068 0.644444 16.136084 4.935831 84.135002 0.878788 0.602995 15.132746 97.594643 5.333494 -172.874984 
20.000000 12.000000 47.446182 1.000000 6.000000 9.180000 0.933428 0.400000 5.716842 2.051001 -72.906939 0.750000 0.496624 5.385165 -111.801409 2.425356 165.963757 
4.000000 13.000000 73.832571 1.000000 3.000000 3.093000 0.730297 0.750000 2.581989 1.763834 -45.000000 1.000000 0.969873 2.828427 -135.000000 2.000000 -90.000000 
26.000000 13.000000 37.178086 1.000000 5.000000 4.962000 0.765092 0.833333 3.306559 2.129163 -71.565051 1.000000 0.956808 3.605551 -123.690068 2.000000 0.000000 
33.000000 14.000000 58.960943 1.000000 36.000000 32.361000 0.979219 0.562500 16.539032 3.354181 81.719089 0.782609 0.358916 16.278821 100.619655 3.922323 11.309932 
9.000000 18.000000 68.023148 1.000000 29.000000 23.578000 0.955587 0.659091 12.068204 3.556597 79.706628 0.828571 0.510444 11.704700 109.983107 4.000000 0.000000 
24.000000 18.000000 42.938417 2.000000 11.000000 11.628000 0.907808 0.458333 6.399339 2.683790 63.839046 0.916667 0.633673 6.324555 108.434949 3.130495 26.565051 
39.000000 22.000000 51.168862 1.000000 71.000000 84.092000 0.975934 0.116013 41.803142 9.115905 67.247512 0.293388 0.117247 39.000000 112.619865 9.725128 -159.075498 
18.000000 20.000000 71.435355 1.000000 31.000000 21.775000 0.945051 0.775000 11.559966 3.779226 -85.197883 0.911765 0.627472 10.770330 -111.801409 4.000000 0.000000 
58.000000 21.000000 55.205341 6.000000 10.000000 8.998000 0.741935 0.625000 4.623527 3.099945 39.115856 0.909091 0.852711 5.000000 126.869898 3.535534 45.000000 
10.000000 24.000000 45.718009 1.000000 9.000000 12.918000 0.968133 0.428571 7.584708 1.899477 -72.572772 0.750000 0.438514 7.615773 -113.198591 2.425356 165.963757 
48.000000 24.000000 40.685605 1.000000 8.000000 11.512000 0.962015 0.444444 7.245945 1.978118 75.200687 0.727273 0.468179 6.708204 116.565051 2.353394 11.309932 
57.000000 25.000000 44.332609 6.000000 4.000000 5.880000 0.968246 1.000000 4.618802 1.154701 0.000000 1.000000 0.617595 4.123106 165.963757 1.000000 -90.000000 
59.000000 24.000000 35.222212 7.000000 3.000000 3.920000 0.942809 1.000000 3.464102 1.154701 0.000000 1.000000 0.756007 3.162278 161.565051 1.000000 -90.000000 
11.000000 28.000000 60.387741 1.000000 23.000000 22.379000 0.968270 0.418182 11.743205 2.934719 72.203115 0.793103 0.443768 12.083046 114.443955 3.713907 -158.198591 
6.000000 28.000000 41.322923 1.000000 4.000000 4.590000 0.731925 0.666667 3.055050 2.081666 0.000000 1.000000 0.840876 3.162278 161.565051 2.000000 -90.000000 
43.000000 30.000000 53.878243 1.000000 27.000000 31.468000 0.988026 0.300000 16.881356 2.604586 -72.709886 0.675000 0.283257 16.155494 -111.801409 3.597752 -12.994617 
56.000000 28.000000 31.327396 5.000000 1.000000 0.000000 0.000000 1.000000 1.154701 1.154701 0.000000 1.000000 1.000000 1.414214 135.000000 1.000000 -90.000000 
60.000000 31.000000 36.648229 3.000000 10.000000 11.628000 0.943585 0.416667 6.852579 2.269103 28.671910 0.833333 0.576067 6.708204 153.434949 2.683282 63.434949 
54.000000 32.000000 35.128902 6.000000 7.000000 7.592000 0.891825 0.583333 4.776412 2.160759 29.871781 1.000000 0.763515 5.000000 143.130102 2.683282 63.434949 
5.000000 31.000000 39.816470 2.000000 7.000000 7.501000 0.755897 0.583333 4.172402 2.731631 56.599295 0.875000 0.776628 4.472136 116.565051 3.000000 0.000000 
17.000000 33.000000 49.689757 1.000000 20.000000 19.658000 0.963165 0.555556 11.077582 2.978901 -77.397295 0.740741 0.483488 9.848858 -113.962489 3.535534 171.869898 
11.000000 35.000000 32.910752 4.000000 1.000000 0.000000 0.000000 1.000000 1.154701 1.154701 0.000000 1.000000 1.000000 1.414214 135.000000 1.000000 -90.000000 
60.000000 35.000000 31.865783 8.000000 1.000000 0.000000 0.000000 1.000000 1.154701 1.154701 0.000000 1.000000 1.000000 1.414214 135.000000 1.000000 -90.000000 
7.000000 38.000000 45.499445 2.000000 14.000000 13.497000 0.949689 0.466667 8.063695 2.525508 53.082250 0.875000 0.635484 7.810250 129.805571 3.200000 36.869898 
34.000000 38.000000 54.857562 1.000000 30.000000 34.553000 0.982859 0.468750 18.326851 3.378673 84.350267 0.612245 0.265322 16.278821 100.619655 3.802501 -174.805571 
55.000000 39.000000 42.134404 11.000000 3.000000 4.590000 0.928995 0.500000 3.854129 1.426385 -61.845034 1.000000 0.630657 3.605551 -123.690068 1.788854 -26.565051 
58.000000 40.000000 44.717058 1.000000 12.000000 10.958000 0.836017 0.666667 5.567764 3.055050 90.000000 0.923077 0.758539 6.082763 99.462322 3.000000 0.000000 
51.000000 44.000000 38.698225 2.000000 17.000000 26.713000 0.990533 0.202381 15.734645 2.159969 65.790743 0.680000 0.239683 13.416408 116.565051 2.683282 26.565051 
9.000000 44.000000 98.065408 1.000000 22.000000 18.062000 0.940918 0.611111 9.558413 3.236814 -82.709266 0.846154 0.614913 9.219544 -102.528808 3.726207 -11.309932 
18.000000 45.000000 62.684552 1.000000 30.000000 27.515000 0.963842 0.576923 13.381127 3.565717 -84.041794 0.857143 0.401128 13.152946 -98.746162 4.000000 0.000000 
59.000000 48.000000 50.067120 2.000000 14.000000 14.812000 0.958283 0.400000 8.452365 2.415871 30.728909 0.823529 0.545802 8.602325 144.462322 3.130495 -116.565051 
7.000000 48.000000 37.715856 1.000000 11.000000 12.736000 0.960693 0.523810 7.741582 2.149158 -72.661086 0.846154 0.548319 7.615773 -113.198591 2.667892 165.963757 
13.000000 47.000000 46.873782 6.000000 2.000000 1.960000 0.866025 1.000000 2.309401 1.154701 0.000000 1.000000 0.965669 2.236068 153.434949 1.000000 -90.000000 
29.000000 49.000000 46.607439 8.000000 5.000000 7.683000 0.886943 0.625000 4.826670 2.229333 -83.952621 0.714286 0.536237 4.472136 -116.565051 2.000000 0.000000 
41.000000 48.000000 51.818507 1.000000 25.000000 21.130000 0.962934 0.757576 11.345700 3.060352 89.594459 0.925926 0.533278 11.180340 100.304846 3.000000 0.000000 
12.000000 49.000000 31.562868 6.000000 1.000000 0.000000 0.000000 1.000000 1.154701 1.154701 0.000000 1.000000 1.000000 1.414214 135.000000 1.000000 -90.000000 
51.000000 50.000000 72.206695 1.000000 23.000000 22.288000 0.973849 0.418182 12.198976 2.771554 -74.337022 0.793103 0.446950 11.704700 -109.983107 3.395499 165.963757 
33.000000 50.000000 68.489904 1.000000 18.000000 13.563000 0.888316 0.857143 7.191077 3.302376 -86.454693 1.000000 0.810607 7.280110 -105.945396 3.000000 0.000000 
20.000000 52.000000 42.344218 1.000000 11.000000 15.184000 0.981838 0.343750 9.719714 1.844027 67.323527 0.785714 0.411611 8.944272 116.565051 2.414039 -158.198591 
28.000000 52.000000 48.514817 1.000000 8.000000 8.882000 0.920807 0.800000 5.445698 2.123921 81.322988 1.000000 0.695395 5.385165 111.801409 2.000000 0.000000 
6.000000 52.000000 35.193896 1.000000 2.000000 1.960000 0.866025 1.000000 2.309401 1.154701 90.000000 1.000000 0.965669 2.236068 116.565051 1.000000 0.000000 
49.000000 54.000000 37.773911 3.000000 7.000000 8.626000 0.949328 0.437500 5.773503 1.814529 45.000000 1.000000 0.635232 5.656854 135.000000 2.121320 45.000000 
59.000000 52.000000 66.463833 1.000000 8.000000 13.307000 0.748006 0.400000 5.410407 3.590844 83.830456 0.666667 0.371571 5.385165 -111.801409 3.794733 -161.565051 
9.000000 56.000000 53.542291 1.000000 6.000000 8.328000 0.953154 0.600000 5.526219 1.671596 72.391204 0.857143 0.573146 5.385165 111.801409 2.000000 0.000000 
27.000000 59.000000 46.431316 1.000000 36.000000 39.862000 0.990062 0.300000 20.772941 2.921352 77.676436 0.692308 0.244626 20.615528 104.036243 3.631838 12.094757 
55.000000 56.000000 58.069170 6.000000 14.000000 13.960000 0.935682 0.500000 7.760762 2.738332 16.722029 0.823529 0.601540 7.615773 156.801409 3.395499 75.963757 
60.000000 60.000000 76.206650 1.000000 11.000000 13.406000 0.899956 0.458333 7.056661 3.076563 20.239521 0.733333 0.504816 6.708204 153.434949 3.882901 56.309932 
10.000000 60.000000 76.848526 1.000000 37.000000 27.316000 0.970601 0.569231 14.701435 3.538550 76.461552 0.840909 0.501211 13.928388 111.037511 4.118439 11.309932 
51.000000 62.000000 52.196535 1.000000 30.000000 33.329000 0.984405 0.500000 17.490312 3.076812 86.462211 0.666667 0.283430 15.132746 97.594643 3.570956 4.763642 
29.000000 65.000000 56.368628 10.000000 6.000000 6.922000 0.894483 0.750000 4.513541 2.018017 -77.066822 0.857143 0.744483 4.472136 -116.565051 2.000000 0.000000 
60.000000 66.000000 60.071401 1.000000 19.000000 18.732000 0.931907 0.593750 9.350462 3.391381 -7.926758 0.730769 0.499026 8.544004 -159.443955 3.959798 98.130102 
14.000000 68.000000 89.705005 1.000000 37.000000 33.056000 0.973161 0.377551 15.756089 3.625903 -73.042793 0.711538 0.354856 15.652476 -116.565051 4.681646 159.443955 
41.000000 71.000000 55.044098 1.000000 45.000000 49.712000 0.993597 0.208333 30.629907 3.460595 -69.829928 0.535714 0.202429 25.298221 -108.434949 4.395397 -20.224859 
51.000000 68.000000 37.518187 2.000000 4.000000 5.053000 0.866025 0.666667 3.651484 1.825742 71.565051 1.000000 0.748540 3.605551 123.690068 2.000000 0.000000 
24.000000 68.000000 48.177380 1.000000 20.000000 25.654000 0.936981 0.363636 11.573898 4.043706 89.220393 0.555556 0.303101 11.045361 95.194429 4.850713 -165.963757 
48.000000 69.000000 38.247171 2.000000 1.000000 0.000000 0.000000 1.000000 1.154701 1.154701 0.000000 1.000000 1.000000 1.414214 135.000000 1.000000 -90.000000 
7.000000 71.000000 57.889710 1.000000 18.000000 15.341000 0.938696 0.750000 8.476738 2.922323 -79.439535 0.947368 0.662150 8.544004 -110.556045 3.000000 0.000000 
60.000000 85.000000 39.792670 1.000000 1.000000 0.000000 0.000000 1.000000 1.154701 1.154701 0.000000 1.000000 1.000000 1.414214 135.000000 1.000000 -90.000000 
13.000000 76.000000 53.782770 1.000000 25.000000 28.003000 0.925980 0.454545 11.332867 4.278970 -89.187417 0.657895 0.323880 11.180340 100.304846 4.808326 171.869898 
30.000000 81.000000 47.257477 1.000000 10.000000 14.622000 0.916315 0.416667 6.903846 2.764702 30.795321 0.769231 0.398243 7.211103 146.309932 3.478505 71.565051 
37.000000 77.000000 34.935612 2.000000 2.000000 1.960000 0.866025 1.000000 2.309401 1.154701 90.000000 1.000000 0.965669 2.236068 116.565051 1.000000 0.000000 
42.000000 79.000000 33.638932 9.000000 1.000000 0.000000 0.000000 1.000000 1.154701 1.154701 0.000000 1.000000 1.000000 1.414214 135.000000 1.000000 -90.000000 
51.000000 80.000000 39.025137 1.000000 2.000000 2.812000 0.925820 0.500000 3.055050 1.154701 -45.000000 1.000000 0.709058 2.828427 -135.000000 1.414214 -45.000000 
8.000000 82.000000 38.149872 2.000000 2.000000 1.960000 0.866025 1.000000 2.309401 1.154701 90.000000 1.000000 0.965669 2.236068 116.565051 1.000000 0.000000 
5.000000 81.000000 32.204521 12.000000 1.000000 0.000000 0.000000 1.000000 1.154701 1.154701 0.000000 1.000000 1.000000 1.414214 135.000000 1.000000 -90.000000 
50.000000 85.000000 44.950638 1.000000 20.000000 21.891000 0.972832 0.606061 11.276999 2.610740 80.213437 0.833333 0.401077 11.401754 105.255119 3.000000 0.000000 
23.000000 86.000000 76.328613 1.000000 16.000000 14.787000 0.914123 0.761905 7.548956 3.060626 79.057402 0.888889 0.625515 7.615773 113.198591 3.000000 0.000000 
14.000000 86.000000 71.723699 1.000000 30.000000 23.049000 0.943321 0.545455 12.028538 3.992053 -82.165316 0.789474 0.549592 11.180340 -100.304846 4.465250 -7.125016 
19.000000 88.000000 53.415611 1.000000 5.000000 6.550000 0.889464 0.625000 4.253087 1.943686 5.152423 0.833333 0.668944 4.123106 165.963757 2.000000 -90.000000 
8.000000 90.000000 45.809728 1.000000 22.000000 21.271000 0.949519 0.440000 10.814020 3.392457 -77.340157 0.758621 0.463879 10.440307 -106.699244 4.101219 171.869898 
46.000000 93.000000 57.373516 1.000000 53.000000 46.412000 0.986248 0.460870 22.476825 3.714748 -86.299185 0.679487 0.271229 23.021729 92.489553 4.518689 177.273689 
17.000000 94.000000 74.202014 1.000000 35.000000 23.413000 0.923353 0.530303 11.244809 4.317468 -71.920476 0.853659 0.623733 11.704700 -109.983107 5.059644 -18.434949 
11.000000 94.000000 34.496408 2.000000 3.000000 3.920000 0.942809 1.000000 3.464102 1.154701 90.000000 1.000000 0.756007 3.162278 108.434949 1.000000 0.000000 
33.000000 97.000000 39.671600 1.000000 13.000000 14.208000 0.963965 0.812500 8.176679 2.175238 84.464899 1.000000 0.542719 8.246211 104.036243 2.000000 0.000000 
5.000000 98.000000 62.451831 2.000000 10.000000 9.089000 0.398780 0.625000 4.027815 3.693694 -30.127559 0.909091 0.840069 4.472136 153.434949 4.000000 -90.000000 
26.000000 98.000000 34.594007 1.000000 2.000000 1.960000 0.866025 1.000000 2.309401 1.154701 90.000000 1.000000 0.965669 2.236068 116.565051 1.000000 0.000000 
48.000000 98.000000 35.650186 1.000000 8.000000 12.248000 0.976629 0.571429 7.831560 1.683251 -78.690068 0.800000 0.424469 7.280110 -105.945396 2.000000 0.000000 
10.000000 100.000000 81.149098 1.000000 24.000000 21.817000 0.933949 0.600000 10.122576 3.617873 -87.002954 0.857143 0.484151 10.198039 101.309932 4.000000 0.000000 
19.000000 102.000000 66.280375 1.000000 14.000000 11.909000 0.828399 0.560000 6.094027 3.413496 -49.700990 0.933333 0.776660 6.403124 -141.340192 4.024922 -26.565051 
5.000000 102.000000 58.650209 1.000000 5.000000 4.962000 0.765092 0.833333 3.306559 2.129163 -71.565051 1.000000 0.956808 3.605551 -123.690068 2.000000 0.000000 
40.000000 103.000000 53.753002 1.000000 20.000000 21.246000 0.975838 0.454545 11.562200 2.526303 73.899030 0.800000 0.422573 11.704700 109.983107 3.152963 -165.963757 
60.000000 104.000000 37.614388 1.000000 7.000000 8.328000 0.930558 0.700000 5.262061 1.926673 14.678877 0.875000 0.668670 5.385165 158.198591 2.000000 -90.000000 
27.000000 104.000000 67.003430 1.000000 4.000000 4.590000 0.731925 0.666667 3.055050 2.081666 0.000000 1.000000 0.840876 3.162278 161.565051 2.000000 -90.000000 
10.000000 105.000000 95.890804 1.000000 39.000000 27.432000 0.968284 0.500000 14.638270 3.657396 73.908903 0.847826 0.524302 13.928388 111.037511 4.123106 14.036243 
24.000000 105.000000 113.981450 1.000000 15.000000 13.588000 0.922087 0.535714 7.450463 2.883197 -66.462045 0.937500 0.673489 7.615773 -113.198591 3.478505 161.565051 
32.000000 106.000000 60.429152 1.000000 19.000000 15.895000 0.944205 0.791667 8.947325 2.946874 -81.626522 0.904762 0.658848 8.544004 -110.556045 3.000000 0.000000 
12.000000 110.000000 80.540628 1.000000 43.000000 43.344000 0.984808 0.265432 21.444976 3.723811 72.759708 0.605634 0.250058 20.124612 116.565051 4.992302 19.440035 
47.000000 110.000000 62.430206 1.000000 56.000000 54.558000 0.990130 0.345679 28.516185 3.996677 82.184202 0.595745 0.211374 27.166155 96.340192 4.713320 -172.874984 
26.000000 112.000000 46.351451 2.000000 10.000000 10.288000 0.933821 0.833333 6.150265 2.200207 7.018122 1.000000 0.696762 6.324555 161.565051 2.000000 -90.000000 
10.000000 115.000000 53.664155 1.000000 14.000000 17.508000 0.971247 0.388889 9.550451 2.273727 70.194656 0.823529 0.412586 9.848858 113.962489 2.846050 18.434949 
22.000000 114.000000 43.563920 1.000000 12.000000 13.960000 0.961833 0.428571 8.359352 2.287431 -69.870255 0.800000 0.515606 7.615773 -113.198591 2.785430 158.198591 
52.000000 114.000000 39.582196 1.000000 5.000000 5.624000 0.000000 0.555556 2.780887 2.780887 0.000000 1.000000 0.817744 3.162278 108.434949 2.828427 -45.000000 
32.000000 114.000000 58.268673 1.000000 29.000000 21.982000 0.950281 0.659091 11.315072 3.523442 -86.920486 0.878788 0.577357 11.180340 -100.304846 4.000000 0.000000 
45.000000 116.000000 59.546335 1.000000 31.000000 34.834000 0.985594 0.455882 18.906656 3.197623 86.776206 0.620000 0.270124 17.029386 93.366461 3.802501 5.194429 
25.000000 118.000000 34.261488 7.000000 4.000000 6.550000 0.946293 0.500000 4.820546 1.558527 17.608796 0.800000 0.535155 4.472136 153.434949 1.897367 71.565051 
6.000000 120.000000 78.805305 1.000000 8.000000 8.146000 0.864375 0.666667 4.866132 2.446923 68.645305 0.888889 0.789037 5.000000 126.869898 2.846050 18.434949 
57.000000 122.000000 48.127361 1.000000 14.000000 11.512000 0.866588 0.777778 6.160411 3.074198 -9.009885 1.000000 0.819313 6.324555 -161.565051 3.000000 -90.000000 
11.000000 123.000000 76.281555 1.000000 18.000000 22.768000 0.959777 0.285714 12.049742 3.383147 -58.008165 0.580645 0.336947 10.000000 -126.869898 4.115966 -30.963757 
52.000000 121.000000 36.625118 1.000000 5.000000 6.368000 0.923687 0.625000 4.492622 1.721341 69.006394 0.833333 0.694794 4.472136 116.565051 2.000000 0.000000 
21.000000 123.000000 35.332835 4.000000 2.000000 2.812000 0.925820 0.500000 3.055050 1.154701 45.000000 1.000000 0.709058 2.828427 135.000000 1.414214 45.000000 
28.000000 123.000000 37.892566 11.000000 2.000000 2.812000 0.925820 0.500000 3.055050 1.154701 -45.000000 1.000000 0.709058 2.828427 -135.000000 1.414214 -45.000000 
46.000000 123.000000 63.009600 1.000000 34.000000 24.612000 0.943297 0.708333 12.000127 3.983436 -81.657491 0.918919 0.554690 12.369317 -104.036243 4.000000 0.000000 
27.000000 124.000000 32.713704 1.000000 3.000000 3.920000 0.942809 1.000000 3.464102 1.154701 90.000000 1.000000 0.756007 3.162278 108.434949 1.000000 0.000000 
34.000000 127.000000 43.240296 1.000000 22.000000 32.709000 0.988947 0.169231 18.741465 2.778788 -57.525435 0.500000 0.215100 15.264338 -121.607502 4.115966 -30.963757 
53.000000 125.000000 63.451605 1.000000 8.000000 10.288000 0.948334 0.666667 6.370371 2.021150 -85.268839 0.888889 0.557409 6.082763 99.462322 2.000000 0.000000 
18.000000 126.000000 76.012229 1.000000 26.000000 21.246000 0.844586 0.577778 9.058417 4.850051 -80.562725 0.787879 0.549345 9.848858 -113.962489 5.000000 0.000000 
9.000000 127.000000 90.937328 1.000000 24.000000 21.734000 0.946510 0.545455 10.573725 3.411858 83.590824 0.774194 0.487387 11.045361 95.194429 3.922323 11.309932 
58.000000 128.000000 48.523606 1.000000 16.000000 12.273000 0.715727 0.666667 5.645503 3.942710 -12.693953 0.941176 0.846186 6.082763 170.537678 4.000000 -90.000000 
8.000000 131.000000 71.626129 1.000000 22.000000 22.842000 0.977352 0.400000 13.015173 2.754268 73.846551 0.709677 0.409481 12.083046 114.443955 3.362422 12.528808 
44.000000 132.000000 44.409679 1.000000 22.000000 19.468000 0.936700 0.550000 9.577057 3.353233 -83.712621 0.814815 0.540813 10.049876 95.710593 4.000000 0.000000 
30.000000 134.000000 81.984157 1.000000 58.000000 39.953000 0.981677 0.610526 20.668548 3.938413 81.552007 0.840580 0.392457 19.235384 98.972627 4.603172 9.462322 
55.000000 136.000000 61.039867 2.000000 29.000000 29.781000 0.970480 0.318681 15.934384 3.843075 23.989792 0.604167 0.336217 13.416408 153.434949 4.743416 71.565051 
60.000000 135.000000 42.883833 1.000000 23.000000 27.151000 0.976707 0.589744 14.022232 3.008841 2.980323 0.657143 0.314967 13.152946 -171.253838 3.000000 -90.000000 
13.000000 137.000000 132.103825 1.000000 55.000000 34.900000 0.966082 0.647059 17.175773 4.435392 85.526333 0.833333 0.477590 17.117243 96.709837 5.000000 0.000000 
51.000000 138.000000 31.335429 1.000000 1.000000 0.000000 0.000000 1.000000 1.154701 1.154701 0.000000 1.000000 1.000000 1.414214 135.000000 1.000000 -90.000000 
58.000000 142.000000 75.891874 1.000000 18.000000 17.326000 0.776301 0.514286 7.180613 4.526387 -12.203138 0.750000 0.539944 8.062258 -150.255119 4.919350 -63.434949 
5.000000 138.000000 73.940770 12.000000 4.000000 5.905000 0.926289 0.444444 4.355771 1.641317 -39.690172 0.800000 0.614186 4.242641 -135.000000 2.121320 -45.000000 
41.000000 139.000000 43.000513 10.000000 4.000000 4.590000 0.731925 0.666667 3.055050 2.081666 90.000000 1.000000 0.840876 3.162278 108.434949 2.000000 0.000000 
14.000000 142.000000 59.291547 1.000000 22.000000 32.130000 0.990238 0.209524 16.889540 2.354218 68.419483 0.647059 0.222220 16.552945 115.016893 3.076923 -157.380135 
37.000000 142.000000 39.603963 1.000000 12.000000 16.656000 0.981015 0.444444 9.860635 1.912268 72.626607 0.750000 0.384739 9.486833 108.434949 2.529822 -161.565051 
44.000000 142.000000 70.808399 1.000000 14.000000 13.307000 0.846653 0.560000 6.428856 3.421086 -53.243771 0.875000 0.650250 6.403124 -141.340192 4.242641 135.000000 
50.000000 144.000000 148.362565 3.000000 24.000000 19.121000 0.824908 0.489796 8.222944 4.648162 55.990631 0.857143 0.608513 8.062258 119.744881 5.656854 -135.000000 
9.000000 148.000000 51.508029 1.000000 9.000000 12.918000 0.970371 0.428571 7.889412 1.906231 74.816182 0.750000 0.438514 7.615773 113.198591 2.353394 11.309932 
46.000000 149.000000 215.302653 1.000000 26.000000 16.218000 0.837628 0.619048 8.004385 4.372321 35.792065 0.962963 0.871748 8.062258 150.255119 4.949747 45.000000 
13.000000 150.000000 79.992302 1.000000 10.000000 12.364000 0.935997 0.555556 6.692982 2.355982 72.312624 0.769231 0.522677 6.708204 116.565051 2.846050 18.434949 
31.000000 154.000000 124.635689 1.000000 32.000000 24.455000 0.953117 0.400000 12.756726 3.860229 -31.633519 0.800000 0.528018 12.206556 -145.007980 4.714952 -56.309932 
18.000000 153.000000 98.337073 1.000000 41.000000 35.578000 0.982996 0.344538 18.996538 3.488299 71.362362 0.732143 0.343663 17.464249 103.240520 4.264245 -162.897271 
57.000000 151.000000 170.162468 1.000000 32.000000 36.365000 0.942156 0.307692 15.819028 5.302124 -27.119655 0.500000 0.257644 13.928388 -158.962489 6.800567 -73.300756 
8.000000 152.000000 73.613799 1.000000 16.000000 14.233000 0.890919 0.761905 7.275677 3.304344 86.411064 0.941176 0.666040 7.280110 105.945396 3.000000 0.000000 
49.000000 152.000000 180.563652 2.000000 34.000000 24.728000 0.945657 0.419753 12.447308 4.047434 55.639774 0.809524 0.550082 12.041595 131.633539 4.769990 32.005383 
39.000000 155.000000 140.797717 1.000000 34.000000 25.307000 0.894481 0.472222 11.154539 4.987253 45.764824 0.790698 0.527919 10.816654 146.309932 6.363961 -135.000000 
55.000000 156.000000 211.482182 1.000000 25.000000 18.641000 0.935791 0.555556 9.911244 3.494267 -22.717025 0.892857 0.662111 9.848858 -156.037511 4.270993 111.801409 
8.000000 157.000000 77.113391 1.000000 15.000000 14.423000 0.926929 0.714286 8.088253 3.035009 85.340339 0.833333 0.610977 7.280110 105.945396 3.000000 0.000000 
27.000000 159.000000 91.901452 1.000000 33.000000 35.322000 0.974366 0.366667 16.345725 3.677297 -78.330111 0.660000 0.280301 15.524175 -104.931417 5.059644 161.565051 
43.000000 158.000000 151.492546 3.000000 21.000000 16.400000 0.841368 0.500000 7.578660 4.095982 49.310888 0.840000 0.691050 8.062258 119.744881 4.685213 38.659808 
53.000000 161.000000 54.891214 2.000000 10.000000 11.810000 0.895718 0.500000 6.305986 2.803784 63.320013 0.769231 0.562128 5.830952 120.963757 3.478505 18.434949 
47.000000 163.000000 179.725390 1.000000 34.000000 22.214000 0.826181 0.629630 9.259926 5.217090 -74.609908 0.850000 0.664571 9.486833 -108.434949 5.687368 -11.309932 
58.000000 163.000000 92.510007 6.000000 11.000000 9.552000 0.825584 0.733333 5.186141 2.926431 -13.282526 0.916667 0.857894 5.385165 -158.198591 3.000000 -90.000000 
16.000000 164.000000 44.106793 10.000000 1.000000 0.000000 0.000000 1.000000 1.154701 1.154701 0.000000 1.000000 1.000000 1.414214 135.000000 1.000000 -90.000000 
9.000000 165.000000 87.402686 1.000000 24.000000 19.749000 0.960524 0.600000 10.890317 3.029648 74.268669 0.888889 0.575582 10.770330 111.801409 3.638034 -165.963757 
33.000000 163.000000 184.627609 5.000000 1.000000 0.000000 0.000000 1.000000 1.154701 1.154701 0.000000 1.000000 1.000000 1.414214 135.000000 1.000000 -90.000000 
40.000000 163.000000 166.050367 1.000000 23.000000 17.806000 0.656683 0.547619 6.762784 5.100265 0.439350 0.851852 0.658672 7.280110 -164.054604 6.000000 -90.000000 
15.000000 165.000000 46.269258 12.000000 6.000000 8.510000 0.934353 0.600000 5.291503 1.885618 90.000000 0.750000 0.555380 5.099020 101.309932 2.000000 0.000000 
52.000000 166.000000 168.290876 1.000000 26.000000 17.053000 0.541429 0.619048 6.607721 5.555419 -55.625253 0.896552 0.801148 7.280110 105.945396 5.813777 -26.565051 
23.000000 168.000000 129.039978 1.000000 35.000000 26.531000 0.962156 0.353535 13.474994 3.671928 -57.852451 0.813953 0.499536 13.601471 -126.027373 4.458963 -30.963757 
36.000000 168.000000 137.832861 1.000000 26.000000 17.252000 0.736553 0.530612 7.372082 4.986327 47.209936 0.928571 0.785590 7.615773 113.198591 5.600000 -126.869898 
44.000000 168.000000 123.655575 1.000000 20.000000 19.030000 0.913444 0.416667 8.739396 3.556630 -62.658052 0.800000 0.511265 8.544004 -110.556045 4.400000 -36.869898 
58.000000 167.000000 104.101977 1.000000 13.000000 14.423000 0.830711 0.541667 6.694969 3.727117 86.306978 0.764706 0.529514 6.708204 116.565051 3.922323 -168.690068 
31.000000 169.000000 67.550342 1.000000 10.000000 12.273000 0.771239 0.625000 5.202075 3.311356 41.861351 0.833333 0.528866 5.656854 135.000000 3.535534 45.000000 
10.000000 171.000000 80.428699 1.000000 30.000000 23.231000 0.953134 0.545455 12.009197 3.633376 75.004130 0.833333 0.542033 11.401754 105.255119 4.314555 11.309932 
51.000000 170.000000 79.394731 1.000000 13.000000 16.863000 0.938123 0.541667 8.203972 2.841050 -84.003790 0.722222 0.408220 8.062258 97.125016 3.000000 0.000000 
33.000000 172.000000 117.912401 4.000000 18.000000 12.844000 0.387298 0.600000 5.163978 4.760952 0.000000 1.000000 0.885166 6.082763 170.537678 4.949747 -45.000000 
44.000000 172.000000 59.985728 1.000000 7.000000 10.933000 0.973565 0.583333 7.351929 1.679251 84.488272 0.777778 0.444054 6.324555 108.434949 2.000000 0.000000 
30.000000 174.000000 117.078950 1.000000 14.000000 11.628000 0.432234 0.560000 4.766664 4.298394 -45.000000 0.933333 0.806493 5.385165 -158.198591 4.242641 -45.000000 
49.000000 173.000000 89.706431 1.000000 11.000000 14.233000 0.944606 0.458333 8.177321 2.683849 -69.837082 0.687500 0.457903 7.211103 -123.690068 3.156821 -21.801409 
16.000000 173.000000 45.671984 1.000000 8.000000 11.140000 0.824281 0.533333 5.251349 2.973214 9.338351 0.800000 0.492886 5.099020 168.690068 3.000000 -90.000000 
19.000000 175.000000 58.548579 1.000000 10.000000 11.512000 0.943055 0.555556 6.880972 2.288862 -77.886127 0.769231 0.585223 6.324555 -108.434949 2.667892 165.963757 
41.000000 175.000000 134.632252 1.000000 39.000000 35.388000 0.981926 0.406250 19.221770 3.637985 -81.495779 0.661017 0.330130 16.492423 -104.036243 5.148820 175.236358 
55.000000 174.000000 83.793289 1.000000 1.000000 0.000000 0.000000 1.000000 1.154701 1.154701 0.000000 1.000000 1.000000 1.414214 135.000000 1.000000 -90.000000 
58.000000 175.000000 69.739755 1.000000 1.000000 0.000000 0.000000 1.000000 1.154701 1.154701 0.000000 1.000000 1.000000 1.414214 135.000000 1.000000 -90.000000 
27.000000 177.000000 130.937918 4.000000 20.000000 16.011000 0.695340 0.666667 6.610374 4.750750 0.759425 0.833333 0.685149 7.211103 -146.309932 5.000000 -90.000000 
34.000000 178.000000 154.594654 7.000000 18.000000 14.787000 0.853374 0.642857 7.104896 3.703779 -8.998421 0.900000 0.703704 7.280110 -164.054604 4.000000 -90.000000 
16.000000 180.000000 87.558511 1.000000 46.000000 32.642000 0.974693 0.718750 17.211216 3.847554 -83.941816 0.884615 0.451440 16.492423 -104.036243 4.000000 0.000000 
45.000000 181.000000 156.765840 1.000000 47.000000 33.337000 0.970854 0.587500 17.013725 4.077700 82.207819 0.796610 0.443845 16.492423 104.036243 4.837355 -172.874984 
8.000000 181.000000 61.400026 1.000000 11.000000 10.776000 0.905585 0.611111 6.101264 2.587941 72.260011 0.916667 0.713632 6.324555 108.434949 3.000000 0.000000 
28.000000 182.000000 110.961836 6.000000 23.000000 15.250000 0.655303 0.766667 6.422868 4.851619 -11.136858 0.920000 0.854474 7.211103 -146.309932 5.000000 -90.000000 
34.000000 184.000000 178.914900 1.000000 24.000000 16.309000 0.822639 0.571429 7.674838 4.363634 47.398399 0.923077 0.797178 8.062258 119.744881 4.949747 -135.000000 
54.000000 183.000000 78.877156 1.000000 9.000000 8.882000 0.907936 0.900000 5.399179 2.262845 -85.268839 1.000000 0.782319 5.385165 -111.801409 2.000000 0.000000 
20.000000 186.000000 50.035138 2.000000 8.000000 8.998000 0.927620 0.500000 5.749330 2.147527 39.937664 0.888889 0.682168 5.656854 135.000000 2.773501 56.309932 
47.000000 185.000000 270.635576 1.000000 18.000000 17.971000 0.950607 0.500000 9.462846 2.937241 74.212284 0.857143 0.507457 9.486833 108.434949 3.676580 -156.801409 
24.000000 187.000000 106.900134 1.000000 29.000000 19.650000 0.894617 0.725000 9.358101 4.181508 80.757935 1.000000 0.701550 10.440307 106.699244 4.000000 0.000000 
12.000000 188.000000 102.961733 1.000000 51.000000 30.980000 0.956266 0.566667 15.870389 4.642055 -80.855113 0.864407 0.550455 15.297059 -101.309932 5.341609 -5.194429 
39.000000 188.000000 211.118932 1.000000 43.000000 27.341000 0.929127 0.597222 13.026291 4.816621 80.376860 0.796296 0.581533 12.165525 -99.462322 5.232590 8.130102 
54.000000 188.000000 52.453536 2.000000 4.000000 4.408000 0.870424 0.666667 3.435909 1.691507 58.282526 1.000000 0.881907 3.605551 123.690068 2.000000 0.000000 
50.000000 189.000000 133.027914 1.000000 21.000000 15.548000 0.857827 0.656250 7.510708 3.860042 -89.549284 0.954545 0.755491 8.062258 97.125016 4.000000 0.000000 
30.000000 189.000000 94.607425 1.000000 34.000000 30.261000 0.583945 0.472222 9.418859 7.646167 55.946950 0.653846 0.382938 10.816654 123.690068 7.636753 -171.869898 
38.000000 193.000000 145.162006 1.000000 2.000000 1.960000 0.866025 1.000000 2.309401 1.154701 90.000000 1.000000 0.965669 2.236068 116.565051 1.000000 0.000000 
46.000000 190.000000 112.919447 1.000000 5.000000 7.402000 0.765173 0.555556 3.931770 2.531373 -40.934949 0.833333 0.565201 4.242641 -135.000000 2.828427 -45.000000 
55.000000 192.000000 76.792570 1.000000 22.000000 18.459000 0.926165 0.488889 9.193986 3.467215 -72.212941 0.880000 0.592518 9.486833 -108.434949 4.024922 -26.565051 
19.000000 192.000000 63.147254 1.000000 13.000000 11.512000 0.893927 0.722222 6.379097 2.859190 -80.307742 0.928571 0.760790 6.324555 -108.434949 3.000000 0.000000 
16.000000 193.000000 53.513270 1.000000 4.000000 4.590000 0.731925 0.666667 3.055050 2.081666 90.000000 1.000000 0.840876 3.162278 108.434949 2.000000 0.000000 
54.000000 197.000000 97.572118 1.000000 13.000000 14.878000 0.812919 0.464286 6.546301 3.812414 -78.174343 0.764706 0.503110 7.280110 -105.945396 4.000000 0.000000 
29.000000 198.000000 102.848223 1.000000 47.000000 39.168000 0.970192 0.313333 18.591347 4.505412 66.357795 0.626667 0.329936 16.155494 111.801409 6.663990 -160.016893 
12.000000 198.000000 76.825053 1.000000 51.000000 37.902000 0.979897 0.566667 19.562816 3.902873 -86.813910 0.750000 0.380443 18.248288 -99.462322 5.000000 0.000000 
39.000000 199.000000 202.776977 1.000000 32.000000 19.303000 0.850763 0.571429 8.990357 4.724883 -44.762803 1.000000 0.798245 9.219544 -139.398705 4.949747 -45.000000 
47.000000 199.000000 152.022751 1.000000 38.000000 21.643000 0.843834 0.633333 9.889692 5.306845 77.581869 0.904762 0.777374 10.198039 101.309932 5.820855 -165.963757 
59.000000 201.000000 69.405448 1.000000 1.000000 0.000000 0.000000 1.000000 1.154701 1.154701 0.000000 1.000000 1.000000 1.414214 135.000000 1.000000 -90.000000 
19.000000 203.000000 84.457581 1.000000 14.000000 15.937000 0.899076 0.400000 7.520690 3.292504 66.016418 0.777778 0.483332 7.280110 105.945396 3.899602 21.801409 
53.000000 203.000000 151.496879 1.000000 2.000000 1.960000 0.866025 1.000000 2.309401 1.154701 90.000000 1.000000 0.965669 2.236068 116.565051 1.000000 0.000000 
8.000000 204.000000 43.533825 1.000000 5.000000 6.368000 0.923687 0.625000 4.492622 1.721341 -69.006394 1.000000 0.694794 4.472136 -116.565051 2.000000 0.000000 
35.000000 206.000000 104.966021 1.000000 45.000000 29.326000 0.954138 0.468750 14.915852 4.465321 63.467581 0.750000 0.536441 13.892444 120.256437 5.735016 20.556045 
44.000000 206.000000 190.088350 1.000000 39.000000 22.206000 0.751298 0.541667 9.046967 5.970660 -38.820499 0.928571 0.762783 9.848858 -156.037511 6.363961 -45.000000 
57.000000 208.000000 43.440423 5.000000 9.000000 11.512000 0.947950 0.500000 6.848297 2.180629 15.205541 0.818182 0.526701 6.708204 153.434949 2.549510 -101.309932 
12.000000 207.000000 65.564058 1.000000 25.000000 22.197000 0.975257 0.454545 12.667140 2.800397 69.785877 0.862069 0.489311 12.083046 114.443955 3.478505 -161.565051 
22.000000 207.000000 42.208995 2.000000 3.000000 3.920000 0.942809 1.000000 3.464102 1.154701 90.000000 1.000000 0.756007 3.162278 108.434949 1.000000 0.000000 
26.000000 207.000000 54.393063 1.000000 17.000000 15.457000 0.908305 0.809524 7.730072 3.233559 85.607351 0.894737 0.617588 7.615773 113.198591 3.000000 0.000000 
59.000000 210.000000 107.085828 2.000000 11.000000 11.719000 0.948361 0.440000 7.172272 2.274995 49.273480 0.916667 0.625937 7.071068 135.000000 2.828427 45.000000 
49.000000 210.000000 263.969232 1.000000 28.000000 16.863000 0.666928 0.666667 7.130584 5.313153 -53.825062 0.965517 0.879242 7.615773 -113.198591 5.656854 -45.000000 
6.000000 210.000000 36.736825 1.000000 1.000000 0.000000 0.000000 1.000000 1.154701 1.154701 0.000000 1.000000 1.000000 1.414214 135.000000 1.000000 -90.000000 
29.000000 214.000000 73.465986 3.000000 36.000000 26.324000 0.945357 0.553846 12.909927 4.209096 13.283587 0.857143 0.521053 13.341664 167.005383 5.000000 -90.000000 
37.000000 213.000000 42.573446 1.000000 7.000000 11.628000 0.979279 0.291667 7.844159 1.588579 58.849736 0.875000 0.403247 7.211103 123.690068 2.218801 -146.309932 
11.000000 214.000000 49.759327 1.000000 9.000000 12.736000 0.976184 0.428571 8.166299 1.771646 -70.781349 0.750000 0.448625 7.615773 -113.198591 2.213594 -18.434949 
21.000000 213.000000 31.730912 12.000000 1.000000 0.000000 0.000000 1.000000 1.154701 1.154701 0.000000 1.000000 1.000000 1.414214 135.000000 1.000000 -90.000000 
54.000000 213.000000 231.381050 1.000000 16.000000 13.307000 0.582588 0.640000 5.325965 4.328772 49.670013 0.941176 0.743143 5.830952 120.963757 4.919350 63.434949 
23.000000 214.000000 34.223826 12.000000 1.000000 0.000000 0.000000 1.000000 1.154701 1.154701 0.000000 1.000000 1.000000 1.414214 135.000000 1.000000 -90.000000 
52.000000 219.000000 40.627131 6.000000 15.000000 22.396000 0.979487 0.375000 12.799852 2.579277 -12.354983 0.600000 0.289029 10.440307 -163.300756 3.252691 98.130102 
58.000000 216.000000 181.394071 1.000000 23.000000 17.715000 0.756654 0.547619 7.205196 4.710868 -56.691164 0.884615 0.664433 7.615773 -113.198591 4.949747 -45.000000 
7.000000 218.000000 68.490789 1.000000 19.000000 16.565000 0.932205 0.791667 8.875490 3.212311 -86.653750 0.863636 0.614809 8.246211 104.036243 3.000000 0.000000 
15.000000 219.000000 36.043629 2.000000 3.000000 3.920000 0.942809 1.000000 3.464102 1.154701 90.000000 1.000000 0.756007 3.162278 108.434949 1.000000 0.000000 
11.000000 219.000000 42.981571 1.000000 3.000000 3.093000 0.730297 0.750000 2.581989 1.763834 45.000000 1.000000 0.969873 2.828427 135.000000 2.000000 -90.000000 
40.000000 221.000000 57.103243 1.000000 45.000000 45.742000 0.993196 0.681818 26.914999 3.134451 -89.782701 0.714286 0.236644 22.090722 95.194429 3.000000 0.000000 
60.000000 222.000000 57.115048 1.000000 18.000000 19.261000 0.964610 0.600000 10.574953 2.788422 -5.804284 0.818182 0.450698 10.198039 -168.690068 3.000000 -90.000000 
16.000000 223.000000 64.557398 1.000000 7.000000 6.922000 0.856222 0.875000 4.312826 2.228038 81.650378 1.000000 0.868564 4.472136 116.565051 2.000000 0.000000 
52.000000 224.000000 33.526624 7.000000 2.000000 2.812000 0.925820 0.500000 3.055050 1.154701 45.000000 1.000000 0.709058 2.828427 135.000000 1.414214 45.000000 
10.000000 225.000000 92.851047 1.000000 33.000000 24.422000 0.941517 0.687500 11.711556 3.946399 -88.628611 0.891892 0.545823 12.165525 99.462322 4.000000 0.000000 
54.000000 225.000000 38.208729 7.000000 6.000000 10.495000 0.851257 0.375000 5.537749 2.905933 -45.000000 0.600000 0.405461 5.000000 -143.130102 3.328201 -56.309932 
31.000000 229.000000 72.083555 1.000000 95.000000 83.032000 0.997013 0.386179 43.443764 3.355450 -83.810566 0.683453 0.160763 41.303753 -96.952957 4.484456 175.236358 
7.000000 229.000000 94.742986 1.000000 14.000000 15.250000 0.963560 0.583333 9.027127 2.414685 -78.973018 0.823529 0.520115 8.544004 -110.556045 2.794783 170.537678 
14.000000 230.000000 46.619417 1.000000 2.000000 1.960000 0.866025 1.000000 2.309401 1.154701 90.000000 1.000000 0.965669 2.236068 116.565051 1.000000 0.000000 
59.000000 230.000000 39.214228 1.000000 6.000000 8.328000 0.951618 0.600000 5.664082 1.740486 75.344996 0.857143 0.573146 5.385165 111.801409 2.000000 0.000000 
38.000000 234.000000 80.743184 1.000000 60.000000 46.387000 0.991074 0.521739 25.113254 3.347975 -82.779285 0.810811 0.307361 23.537205 -102.264774 3.865103 -6.340192 
26.000000 234.000000 60.009844 1.000000 5.000000 6.368000 0.923687 0.625000 4.492622 1.721341 69.006394 0.833333 0.694794 4.472136 116.565051 2.000000 0.000000 
11.000000 235.000000 41.526533 1.000000 6.000000 5.516000 0.745356 1.000000 3.464102 2.309401 90.000000 1.000000 1.000000 3.605551 123.690068 2.000000 0.000000 
56.000000 236.000000 45.123430 1.000000 8.000000 14.208000 0.987182 0.500000 9.402907 1.500671 -79.099295 0.727273 0.333981 8.246211 -104.036243 1.940285 -14.036243 
7.000000 236.000000 51.687157 1.000000 17.000000 13.935000 0.914184 0.809524 7.648330 3.099865 85.898244 0.944444 0.732582 7.280110 105.945396 3.000000 0.000000 
