229
32.000000 114.000000 9.934983 1.000000 10378.000000 591.556000 0.960012 0.675651 279.434633 78.230230 0.393822 0.675651 0.368749 248.386795 165.068583 64.000000 -90.000000 
55.000000 8.000000 32.449059 1.000000 20.000000 23.248000 0.915469 0.277778 10.432789 4.198044 -48.842979 0.645161 0.360890 10.295630 -119.054604 5.547002 -33.690068 
8.000000 8.000000 35.313080 1.000000 12.000000 13.588000 0.945910 0.571429 7.435822 2.412399 71.976852 0.857143 0.538791 7.615773 113.198591 3.000000 0.000000 
18.000000 10.000000 49.972841 1.000000 31.000000 21.246000 0.897169 0.688889 10.219225 4.513705 -88.751280 0.837838 0.654989 9.848858 -113.962489 5.000000 0.000000 
31.000000 17.000000 72.571913 1.000000 98.000000 79.724000 0.996372 0.234450 42.505668 3.617238 74.840538 0.690141 0.179344 39.560081 106.144339 4.850713 14.036243 
59.000000 11.000000 38.154263 1.000000 12.000000 11.512000 0.918324 0.666667 6.582036 2.605362 71.268824 0.923077 0.702268 6.708204 116.565051 3.000000 0.000000 
10.000000 14.000000 53.380451 1.000000 30.000000 25.580000 0.968253 0.389610 13.543835 3.385603 64.451544 0.769231 0.456998 12.529964 118.610460 4.464419 23.198591 
27.000000 12.000000 30.314119 1.000000 4.000000 6.550000 0.946293 0.500000 4.820546 1.558527 72.391204 0.800000 0.535155 4.472136 116.565051 1.897367 -161.565051 
47.000000 16.000000 35.282094 1.000000 15.000000 16.656000 0.974145 0.555556 9.930319 2.243484 77.262712 0.833333 0.480924 9.486833 108.434949 2.745626 -168.690068 
35.000000 22.000000 38.147275 1.000000 10.000000 12.918000 0.962745 0.476190 7.583006 2.050533 -66.952655 0.909091 0.487238 7.615773 -113.198591 2.683282 -26.565051 
55.000000 22.000000 26.874541 6.000000 6.000000 8.973000 0.866025 0.500000 5.163978 2.581989 26.565051 0.750000 0.513740 5.000000 143.130102 3.000000 -90.000000 
7.000000 24.000000 79.182377 1.000000 18.000000 15.159000 0.931492 0.642857 8.454580 3.075444 74.256022 0.857143 0.675386 8.062258 119.744881 3.395499 14.036243 
16.000000 24.000000 50.282789 1.000000 21.000000 24.521000 0.955029 0.420000 11.791912 3.496454 -68.207069 0.700000 0.344860 10.770330 -111.801409 4.365641 165.963757 
9.000000 27.000000 53.307810 1.000000 12.000000 23.066000 0.973219 0.190476 13.199882 3.034396 33.149969 0.521739 0.219552 10.816654 146.309932 3.497993 57.994617 
44.000000 27.000000 37.173069 1.000000 11.000000 12.736000 0.959632 0.523810 7.557977 2.125759 68.824403 0.846154 0.548319 7.615773 113.198591 2.683282 26.565051 
24.000000 27.000000 54.176367 1.000000 23.000000 20.510000 0.948979 0.575000 10.620555 3.349093 -77.343141 0.821429 0.516674 10.440307 -106.699244 3.818377 171.869898 
16.000000 32.000000 40.909531 1.000000 20.000000 19.584000 0.942405 0.444444 9.477261 3.169889 23.658297 0.833333 0.486642 10.295630 150.945396 4.024922 -116.565051 
51.000000 30.000000 30.416282 1.000000 10.000000 14.696000 0.981828 0.416667 9.146259 1.735690 71.735572 0.769231 0.394946 8.544004 110.556045 2.213594 18.434949 
58.000000 42.000000 44.520401 2.000000 63.000000 55.410000 0.991533 0.259259 28.250276 3.668424 18.993415 0.732558 0.230926 28.160256 163.495639 4.743416 71.565051 
10.000000 33.000000 50.628996 1.000000 10.000000 10.288000 0.933821 0.833333 6.150265 2.200207 -82.981878 1.000000 0.696762 6.324555 -108.434949 2.000000 0.000000 
46.000000 35.000000 38.581619 1.000000 32.000000 41.012000 0.976318 0.355556 20.290270 4.389590 -87.949634 0.470588 0.206266 18.110770 96.340192 4.873928 3.366461 
6.000000 33.000000 36.683415 1.000000 3.000000 5.624000 0.769800 0.500000 3.464102 2.211083 90.000000 0.750000 0.490646 3.162278 108.434949 2.000000 0.000000 
14.000000 39.000000 39.160558 3.000000 3.000000 3.920000 0.942809 1.000000 3.464102 1.154701 90.000000 1.000000 0.756007 3.162278 108.434949 1.000000 0.000000 
8.000000 39.000000 50.982937 1.000000 27.000000 21.337000 0.913880 0.600000 9.842626 3.995961 87.463292 0.771429 0.566240 9.486833 -108.434949 4.384062 8.130102 
32.000000 40.000000 56.825477 1.000000 100.000000 70.908000 0.992484 0.571429 37.377769 4.574129 -88.300333 0.689655 0.229174 35.014283 91.636577 5.000000 0.000000 
52.000000 40.000000 43.945324 1.000000 15.000000 13.290000 0.919709 0.714286 7.285644 2.860352 78.829676 0.882353 0.698139 7.280110 105.945396 3.000000 0.000000 
13.000000 45.000000 37.893091 1.000000 14.000000 16.491000 0.940778 0.388889 8.833188 2.994660 39.790027 0.700000 0.456439 7.810250 129.805571 3.600000 53.130102 
48.000000 47.000000 42.162454 1.000000 18.000000 21.362000 0.959248 0.360000 10.733001 3.032778 18.170687 0.620690 0.376724 10.198039 168.690068 3.745317 69.443955 
22.000000 47.000000 31.044002 5.000000 6.000000 7.220000 0.683813 0.500000 4.030109 2.940597 10.278023 0.750000 0.702276 4.123106 165.963757 3.000000 -90.000000 
9.000000 46.000000 33.737761 2.000000 4.000000 5.053000 0.866025 0.666667 3.651484 1.825742 -71.565051 0.800000 0.748540 3.605551 -123.690068 2.000000 0.000000 
43.000000 46.000000 28.281825 2.000000 3.000000 3.920000 0.942809 1.000000 3.464102 1.154701 90.000000 1.000000 0.756007 3.162278 108.434949 1.000000 0.000000 
53.000000 47.000000 26.209620 2.000000 1.000000 0.000000 0.000000 1.000000 1.154701 1.154701 0.000000 1.000000 1.000000 1.414214 135.000000 1.000000 -90.000000 
14.000000 48.000000 43.565604 12.000000 3.000000 3.920000 0.942809 1.000000 3.464102 1.154701 90.000000 1.000000 0.756007 3.162278 108.434949 1.000000 0.000000 
27.000000 48.000000 27.128763 10.000000 3.000000 3.920000 0.942809 1.000000 3.464102 1.154701 90.000000 1.000000 0.756007 3.162278 108.434949 1.000000 0.000000 
61.000000 50.000000 32.010064 5.000000 5.000000 7.840000 0.979796 1.000000 5.773503 1.154701 0.000000 1.000000 0.521014 5.099020 168.690068 1.000000 -90.000000 
8.000000 50.000000 35.792566 1.000000 14.000000 13.588000 0.946404 0.500000 7.736376 2.498744 60.743735 0.933333 0.628590 8.062258 119.744881 3.130495 26.565051 
14.000000 58.000000 49.751753 1.000000 62.000000 55.187000 0.974683 0.181287 29.467719 6.588680 43.547114 0.480620 0.229002 25.495098 138.179830 7.410506 46.735705 
31.000000 49.000000 25.271253 12.000000 1.000000 0.000000 0.000000 1.000000 1.154701 1.154701 0.000000 1.000000 1.000000 1.414214 135.000000 1.000000 -90.000000 
12.000000 50.000000 28.094827 1.000000 1.000000 0.000000 0.000000 1.000000 1.154701 1.154701 0.000000 1.000000 1.000000 1.414214 135.000000 1.000000 -90.000000 
36.000000 51.000000 30.566417 1.000000 21.000000 34.784000 0.990859 0.388889 19.496464 2.630090 88.205231 0.600000 0.183470 18.110770 96.340192 2.860317 -176.185925 
59.000000 52.000000 31.545399 6.000000 6.000000 10.495000 0.785596 0.500000 4.743206 2.934810 -19.902786 0.666667 0.405461 4.472136 -153.434949 3.000000 -90.000000 
46.000000 60.000000 43.705055 1.000000 48.000000 45.097000 0.987541 0.436364 23.928762 3.765401 4.492425 0.615385 0.259216 22.090722 174.805571 4.580318 -93.366461 
57.000000 55.000000 30.766623 1.000000 6.000000 6.368000 0.833333 0.750000 4.000000 2.211083 90.000000 1.000000 0.833753 4.123106 104.036243 2.000000 0.000000 
7.000000 57.000000 45.227652 1.000000 11.000000 12.736000 0.960693 0.523810 7.741582 2.149158 72.661086 0.846154 0.548319 7.615773 113.198591 2.667892 -165.963757 
53.000000 60.000000 71.234527 2.000000 30.000000 25.489000 0.952021 0.681818 12.149018 3.718010 -1.028140 0.769231 0.459907 11.180340 169.695154 4.000000 -90.000000 
60.000000 55.000000 37.485811 1.000000 8.000000 12.918000 0.834251 0.500000 5.497901 3.031460 43.296778 0.800000 0.389790 5.656854 135.000000 3.535534 -135.000000 
28.000000 58.000000 34.119022 1.000000 6.000000 8.328000 0.953154 0.600000 5.526219 1.671596 -72.391204 0.857143 0.573146 5.385165 -111.801409 2.000000 0.000000 
38.000000 57.000000 32.850016 1.000000 13.000000 14.208000 0.963965 0.812500 8.176679 2.175238 84.464899 0.928571 0.542719 8.246211 104.036243 2.000000 0.000000 
30.000000 67.000000 37.458905 1.000000 30.000000 30.062000 0.981991 0.357143 15.376909 2.905093 71.874642 0.789474 0.341949 15.231546 113.198591 3.478505 18.434949 
56.000000 65.000000 45.623047 1.000000 13.000000 10.106000 0.817193 0.866667 5.451390 3.141989 75.127559 1.000000 0.930849 5.830952 120.963757 3.000000 0.000000 
60.000000 65.000000 56.516160 1.000000 7.000000 6.831000 0.688972 0.777778 3.763583 2.727798 59.527302 0.875000 0.884488 4.242641 135.000000 3.000000 -90.000000 
12.000000 67.000000 34.636293 1.000000 7.000000 7.220000 0.692996 0.583333 3.827022 2.759060 -10.900705 0.875000 0.819322 4.123106 165.963757 3.000000 -90.000000 
24.000000 68.000000 26.845934 3.000000 5.000000 6.368000 0.923687 0.625000 4.492622 1.721341 20.993606 1.000000 0.694794 4.472136 153.434949 2.000000 -90.000000 
54.000000 74.000000 51.613235 1.000000 63.000000 34.743000 0.947208 0.562500 16.907486 5.420896 -11.537569 0.863014 0.551601 16.492423 -165.963757 6.449806 97.125016 
58.000000 67.000000 27.586787 5.000000 4.000000 4.590000 0.731925 0.666667 3.055050 2.081666 0.000000 1.000000 0.840876 3.162278 161.565051 2.000000 -90.000000 
17.000000 69.000000 34.923448 1.000000 8.000000 12.248000 0.976629 0.571429 7.831560 1.683251 78.690068 0.800000 0.424469 7.280110 105.945396 2.000000 0.000000 
7.000000 72.000000 31.809654 1.000000 5.000000 8.328000 0.969048 0.500000 6.024504 1.487286 72.856562 0.714286 0.477622 5.385165 111.801409 1.897367 18.434949 
14.000000 71.000000 37.301277 7.000000 4.000000 4.408000 0.870424 0.666667 3.435909 1.691507 -31.717474 1.000000 0.881907 3.605551 -146.309932 2.000000 -90.000000 
44.000000 73.000000 26.168046 1.000000 4.000000 5.053000 0.866025 0.666667 3.651484 1.825742 71.565051 1.000000 0.748540 3.605551 123.690068 2.000000 0.000000 
23.000000 76.000000 31.102270 11.000000 5.000000 6.368000 0.923687 0.625000 4.492622 1.721341 -69.006394 1.000000 0.694794 4.472136 -116.565051 2.000000 0.000000 
10.000000 78.000000 93.624655 1.000000 39.000000 28.284000 0.969520 0.500000 14.860568 3.641000 72.712840 0.866667 0.496258 14.317821 114.775141 4.365641 14.036243 
17.000000 77.000000 37.534244 1.000000 8.000000 9.734000 0.656792 0.500000 4.528387 3.414730 23.645305 0.800000 0.606409 5.000000 143.130102 3.882901 56.309932 
41.000000 79.000000 32.614785 1.000000 7.000000 10.288000 0.967949 0.583333 6.654453 1.671252 -75.910705 0.777778 0.487733 6.324555 -108.434949 2.000000 0.000000 
9.000000 82.000000 28.151216 8.000000 2.000000 1.960000 0.866025 1.000000 2.309401 1.154701 0.000000 1.000000 0.965669 2.236068 153.434949 1.000000 -90.000000 
31.000000 83.000000 38.801941 1.000000 26.000000 28.830000 0.979813 0.464286 14.755611 2.949902 -79.565553 0.742857 0.319635 14.560220 -105.945396 3.781177 -9.462322 
57.000000 81.000000 51.069996 6.000000 11.000000 13.307000 0.849435 0.458333 6.237547 3.291512 23.645305 0.846154 0.510911 6.324555 161.565051 3.794733 -108.434949 
12.000000 84.000000 30.044284 1.000000 5.000000 6.368000 0.923687 0.625000 4.492622 1.721341 -69.006394 1.000000 0.694794 4.472136 -116.565051 2.000000 0.000000 
50.000000 84.000000 34.619120 1.000000 17.000000 20.692000 0.975248 0.425000 11.574600 2.559291 79.270339 0.680000 0.376080 10.770330 111.801409 2.969848 8.130102 
55.000000 87.000000 66.181565 5.000000 32.000000 19.741000 0.858505 0.711111 9.183318 4.709255 2.726311 0.969697 0.767979 9.219544 167.471192 5.000000 -90.000000 
9.000000 88.000000 33.140789 1.000000 6.000000 8.328000 0.953154 0.600000 5.526219 1.671596 -72.391204 0.857143 0.573146 5.385165 -111.801409 2.000000 0.000000 
47.000000 90.000000 37.633981 1.000000 23.000000 32.411000 0.991338 0.255556 18.375303 2.413293 -72.984049 0.605263 0.228663 16.155494 -111.801409 3.372893 -12.994617 
17.000000 91.000000 27.941625 8.000000 8.000000 11.438000 0.968949 0.320000 7.161108 1.770650 -42.766420 0.888889 0.472943 7.071068 -135.000000 2.121320 -45.000000 
47.000000 95.000000 48.742212 7.000000 25.000000 34.214000 0.989556 0.208333 17.431581 2.512737 -64.580884 0.609756 0.225133 17.000000 -118.072487 3.384615 -22.619865 
55.000000 94.000000 52.997023 6.000000 18.000000 12.066000 0.598506 0.900000 5.456902 4.371626 0.000000 1.000000 0.978051 5.830952 149.036243 4.000000 -90.000000 
14.000000 95.000000 33.486179 1.000000 14.000000 17.301000 0.974466 0.518519 9.739797 2.186919 79.928598 0.823529 0.420984 9.486833 108.434949 2.745626 -168.690068 
20.000000 96.000000 32.497848 9.000000 9.000000 10.404000 0.949886 0.450000 6.646577 2.077701 -38.119607 0.900000 0.616391 6.403124 -141.340192 2.773501 -56.309932 
36.000000 97.000000 30.095184 1.000000 3.000000 3.093000 0.730297 0.750000 2.581989 1.763834 -45.000000 1.000000 0.969873 2.828427 -135.000000 2.000000 -90.000000 
33.000000 98.000000 26.253811 2.000000 1.000000 0.000000 0.000000 1.000000 1.154701 1.154701 0.000000 1.000000 1.000000 1.414214 135.000000 1.000000 -90.000000 
44.000000 100.000000 39.144789 1.000000 29.000000 24.339000 0.968284 0.483333 13.164645 3.289220 -74.197128 0.805556 0.482565 13.000000 -112.619865 4.013213 -12.528808 
29.000000 101.000000 31.279732 2.000000 9.000000 11.628000 0.969138 0.375000 7.542445 1.859355 56.766174 0.818182 0.518460 7.211103 123.690068 2.496151 33.690068 
56.000000 99.000000 56.641242 1.000000 11.000000 10.776000 0.826697 0.550000 5.472358 3.079008 -32.379735 0.846154 0.713632 5.830952 -149.036243 3.535534 -45.000000 
10.000000 101.000000 36.993044 1.000000 10.000000 12.736000 0.967318 0.476190 7.770728 1.970395 70.315341 0.833333 0.498472 7.615773 113.198591 2.529822 -161.565051 
50.000000 100.000000 28.774397 2.000000 3.000000 3.920000 0.942809 1.000000 3.464102 1.154701 90.000000 1.000000 0.756007 3.162278 108.434949 1.000000 0.000000 
55.000000 105.000000 44.737279 1.000000 34.000000 30.269000 0.956116 0.404762 15.173182 4.445563 11.227471 0.666667 0.382755 14.142136 171.869898 5.008792 79.695154 
23.000000 103.000000 35.489143 1.000000 11.000000 12.736000 0.949096 0.523810 7.375218 2.323100 -73.112080 0.785714 0.548319 7.280110 -105.945396 2.846050 -18.434949 
27.000000 104.000000 32.586360 1.000000 3.000000 3.920000 0.942809 1.000000 3.464102 1.154701 90.000000 1.000000 0.756007 3.162278 108.434949 1.000000 0.000000 
9.000000 106.000000 32.872896 1.000000 18.000000 19.170000 0.974782 0.600000 11.209108 2.501428 83.789578 0.782609 0.454382 10.198039 101.309932 2.852799 -172.874984 
40.000000 108.000000 42.559099 1.000000 3.000000 3.920000 0.942809 1.000000 3.464102 1.154701 90.000000 1.000000 0.756007 3.162278 108.434949 1.000000 0.000000 
36.000000 114.000000 44.047546 1.000000 54.000000 55.071000 0.995097 0.188811 31.205658 3.086505 -67.948646 0.606742 0.200249 27.856777 -111.037511 4.270993 158.198591 
46.000000 110.000000 64.145766 1.000000 31.000000 27.035000 0.955754 0.563636 13.036044 3.834755 -80.712568 0.756098 0.427791 11.704700 -109.983107 4.314555 -11.309932 
12.000000 112.000000 50.904417 1.000000 24.000000 25.166000 0.975302 0.461538 13.177244 2.910558 78.934675 0.774194 0.376370 13.341664 102.994617 3.398823 10.304846 
57.000000 112.000000 44.921679 1.000000 11.000000 10.842000 0.936793 0.916667 6.513910 2.279105 86.942248 1.000000 0.706911 6.324555 108.434949 2.000000 0.000000 
53.000000 117.000000 43.925993 1.000000 19.000000 20.899000 0.968064 0.351852 11.479556 2.877946 -22.994382 0.730769 0.413117 10.295630 -150.945396 3.676580 -66.801409 
14.000000 118.000000 48.423529 1.000000 21.000000 20.510000 0.964705 0.525000 10.902669 2.871050 76.776300 0.777778 0.471746 10.440307 106.699244 3.530090 11.309932 
9.000000 119.000000 34.038221 1.000000 3.000000 4.590000 0.928995 0.500000 3.854129 1.426385 -28.154966 0.750000 0.630657 3.605551 -146.309932 1.788854 116.565051 
51.000000 120.000000 57.808593 1.000000 11.000000 9.643000 0.781582 0.733333 5.033532 3.139929 -80.008447 1.000000 0.845724 5.385165 -111.801409 3.000000 0.000000 
57.000000 121.000000 41.373216 1.000000 7.000000 10.032000 0.773521 0.437500 5.019802 3.181402 -47.484870 0.700000 0.506873 5.000000 -143.130102 3.328201 146.309932 
13.000000 124.000000 61.673091 1.000000 31.000000 26.853000 0.979137 0.596154 14.879115 3.023449 -79.206959 0.837838 0.432998 13.601471 -107.102729 3.616778 170.537678 
33.000000 125.000000 44.499072 7.000000 5.000000 4.962000 0.765092 0.833333 3.306559 2.129163 -18.434949 1.000000 0.956808 3.605551 -146.309932 2.000000 -90.000000 
56.000000 124.000000 57.680289 7.000000 14.000000 13.125000 0.811045 0.583333 6.054258 3.541643 -9.278819 0.823529 0.664882 6.324555 -161.565051 4.000000 -90.000000 
7.000000 125.000000 31.340898 6.000000 3.000000 4.590000 0.928995 0.500000 3.854129 1.426385 28.154966 1.000000 0.630657 3.605551 146.309932 1.788854 63.434949 
25.000000 126.000000 58.435074 1.000000 38.000000 28.441000 0.967673 0.678571 14.709576 3.709876 -85.608575 0.883721 0.478738 14.035669 94.085617 4.000000 0.000000 
58.000000 127.000000 39.077895 1.000000 6.000000 8.436000 0.790569 0.500000 4.216370 2.581989 -63.434949 0.857143 0.562503 4.472136 -116.565051 2.828427 -45.000000 
11.000000 130.000000 58.289735 1.000000 30.000000 24.058000 0.952522 0.625000 11.789436 3.589534 -81.946309 0.857143 0.509573 12.369317 -104.036243 4.000000 0.000000 
17.000000 128.000000 33.708639 2.000000 7.000000 11.438000 0.898661 0.350000 5.831118 2.557789 32.326912 0.700000 0.413825 5.385165 158.198591 2.773501 56.309932 
34.000000 135.000000 73.759631 2.000000 49.000000 37.166000 0.979449 0.480392 18.910461 3.814075 -10.498299 0.742424 0.378994 17.720045 -163.610460 4.829907 -79.695154 
53.000000 128.000000 26.660285 12.000000 1.000000 0.000000 0.000000 1.000000 1.154701 1.154701 0.000000 1.000000 1.000000 1.414214 135.000000 1.000000 -90.000000 
47.000000 129.000000 39.741607 4.000000 10.000000 10.685000 0.802620 0.500000 5.340357 3.185476 61.637444 0.833333 0.657324 5.830952 120.963757 3.577709 -153.434949 
57.000000 132.000000 41.232636 1.000000 29.000000 21.825000 0.900433 0.644444 10.379411 4.514991 0.648991 0.805556 0.584641 9.486833 161.565051 4.961389 82.874984 
43.000000 131.000000 28.571197 1.000000 1.000000 0.000000 0.000000 1.000000 1.154701 1.154701 0.000000 1.000000 1.000000 1.414214 135.000000 1.000000 -90.000000 
26.000000 135.000000 35.747443 5.000000 17.000000 20.419000 0.849380 0.425000 8.412008 4.439709 -0.434967 0.653846 0.384845 8.246211 165.963757 5.000000 -90.000000 
43.000000 133.000000 59.481730 5.000000 14.000000 17.897000 0.807220 0.400000 7.222589 4.263138 -78.102582 0.666667 0.397470 7.615773 -113.198591 4.438773 -9.462322 
16.000000 133.000000 33.239819 6.000000 11.000000 10.842000 0.936793 0.916667 6.513910 2.279105 3.057752 1.000000 0.706911 6.324555 161.565051 2.000000 -90.000000 
44.000000 136.000000 80.287427 6.000000 15.000000 14.804000 0.851037 0.535714 6.700715 3.518582 19.036391 0.833333 0.585309 7.615773 156.801409 4.000000 -90.000000 
60.000000 137.000000 72.724011 2.000000 8.000000 6.831000 0.580948 0.888889 3.651484 2.972092 -45.000000 1.000000 1.000000 4.242641 -135.000000 3.000000 -90.000000 
24.000000 142.000000 91.167002 8.000000 39.000000 37.680000 0.991574 0.198980 21.366160 2.767812 -44.411814 0.780000 0.294100 19.104973 -137.121096 3.535534 -45.000000 
8.000000 139.000000 33.151831 1.000000 5.000000 5.814000 0.743786 0.555556 3.529850 2.359413 34.099295 1.000000 0.783414 3.605551 123.690068 2.683282 63.434949 
15.000000 138.000000 34.469799 2.000000 7.000000 9.362000 0.885966 0.466667 5.239827 2.429972 0.000000 0.777778 0.562650 5.099020 168.690068 3.000000 -90.000000 
57.000000 139.000000 122.253687 1.000000 19.000000 14.804000 0.607619 0.633333 5.791527 4.599796 -65.322889 0.904762 0.741392 6.708204 -116.565051 4.949747 -45.000000 
48.000000 140.000000 66.206761 3.000000 15.000000 22.024000 0.887270 0.375000 8.620983 3.976429 -64.688800 0.652174 0.297637 8.246211 -104.036243 4.472136 -26.565051 
11.000000 141.000000 61.316594 1.000000 22.000000 20.320000 0.780881 0.458333 7.943612 4.962212 69.747406 0.733333 0.502247 8.062258 97.125016 5.659453 -149.036243 
31.000000 142.000000 84.437789 2.000000 40.000000 30.269000 0.925430 0.404040 13.199975 5.001732 -28.307783 0.727273 0.450300 12.206556 -145.007980 5.813777 116.565051 
6.000000 142.000000 46.303223 1.000000 13.000000 14.994000 0.900561 0.433333 7.228274 3.142346 -57.137221 0.764706 0.496695 7.810250 -129.805571 3.772969 149.036243 
46.000000 142.000000 115.617412 3.000000 16.000000 13.869000 0.885046 0.533333 7.140869 3.324103 -32.800282 0.842105 0.694850 7.211103 -146.309932 4.160251 123.690068 
17.000000 141.000000 44.379361 1.000000 3.000000 3.093000 0.730297 0.750000 2.581989 1.763834 -45.000000 1.000000 0.969873 2.828427 -135.000000 2.000000 -90.000000 
54.000000 142.000000 171.693755 1.000000 18.000000 14.531000 0.513111 0.600000 5.495221 4.716672 76.717474 0.900000 0.724239 6.082763 99.462322 5.000000 0.000000 
19.000000 144.000000 31.559877 2.000000 5.000000 8.328000 0.969048 0.500000 6.024504 1.487286 72.856562 0.833333 0.477622 5.385165 111.801409 1.897367 -161.565051 
39.000000 145.000000 91.446128 3.000000 18.000000 31.576000 0.720065 0.321429 10.039838 6.966706 -69.223693 0.461538 0.187665 8.602325 -144.462322 6.667949 168.690068 
50.000000 146.000000 109.133781 2.000000 25.000000 20.601000 0.723397 0.714286 7.411027 5.116810 -16.760109 0.862069 0.557306 7.615773 -156.801409 5.000000 -90.000000 
59.000000 147.000000 141.496267 1.000000 20.000000 19.493000 0.961649 0.370370 10.498335 2.879520 -35.185188 0.833333 0.490563 10.295630 -150.945396 3.605551 -56.309932 
11.000000 146.000000 33.721677 9.000000 6.000000 10.495000 0.895136 0.400000 5.712010 2.546380 -72.344393 0.750000 0.405461 5.385165 -111.801409 2.846050 161.565051 
46.000000 147.000000 221.549060 1.000000 20.000000 19.766000 0.740676 0.571429 7.239421 4.863893 -80.921164 0.833333 0.478940 7.615773 -113.198591 5.000000 0.000000 
19.000000 151.000000 58.694679 1.000000 13.000000 19.311000 0.986156 0.232143 12.397850 2.055787 -52.713493 0.650000 0.324056 10.630146 -131.185925 2.800000 143.130102 
55.000000 151.000000 62.863168 2.000000 19.000000 22.950000 0.889526 0.422222 9.389051 4.289706 -85.687813 0.703704 0.350721 9.219544 -102.528808 5.000000 0.000000 
11.000000 153.000000 44.248707 1.000000 32.000000 28.838000 0.980395 0.380952 15.883736 3.129772 -75.127559 0.761905 0.393200 14.560220 -105.945396 4.110961 -18.434949 
23.000000 152.000000 31.660980 5.000000 2.000000 1.960000 0.866025 1.000000 2.309401 1.154701 90.000000 1.000000 0.965669 2.236068 116.565051 1.000000 0.000000 
33.000000 151.000000 84.024678 1.000000 28.000000 24.728000 0.871550 0.500000 9.719410 4.765495 -40.062559 0.756757 0.453009 9.219544 -139.398705 5.600000 -53.130102 
38.000000 151.000000 170.773175 2.000000 24.000000 17.789000 0.834452 0.750000 7.952316 4.382364 7.158380 0.888889 0.688427 8.246211 165.963757 4.000000 -90.000000 
42.000000 151.000000 161.075462 3.000000 11.000000 13.199000 0.893531 0.550000 6.799825 3.053131 -30.891322 0.733333 0.517687 6.403124 -141.340192 3.577709 116.565051 
48.000000 153.000000 97.735052 1.000000 32.000000 27.085000 0.730431 0.507937 9.416828 6.431564 68.410001 0.744186 0.440130 9.486833 108.434949 7.000000 0.000000 
26.000000 156.000000 60.341322 2.000000 15.000000 16.218000 0.955558 0.375000 9.005243 2.654774 -62.257095 0.750000 0.502931 8.544004 -110.556045 3.130495 -26.565051 
19.000000 156.000000 59.439639 1.000000 14.000000 11.421000 0.858501 0.777778 6.067988 3.111740 80.155698 0.933333 0.829584 6.324555 108.434949 3.000000 0.000000 
32.000000 158.000000 163.457846 1.000000 45.000000 25.001000 0.883761 0.562500 11.328664 5.301119 54.451703 0.918367 0.713993 12.206556 124.992020 6.363961 45.000000 
41.000000 156.000000 109.522814 11.000000 15.000000 13.472000 0.926399 0.714286 7.434653 2.799472 -75.372589 0.937500 0.682927 7.615773 -113.198591 3.000000 0.000000 
53.000000 156.000000 81.120284 8.000000 18.000000 14.903000 0.692254 0.600000 6.102887 4.404173 -26.945521 0.900000 0.694685 6.708204 -153.434949 5.000000 -90.000000 
58.000000 159.000000 63.265434 1.000000 19.000000 16.863000 0.911691 0.542857 8.280411 3.402226 72.920153 0.791667 0.596629 8.062258 119.744881 4.110961 -161.565051 
46.000000 158.000000 70.308478 12.000000 5.000000 4.962000 0.765092 0.833333 3.306559 2.129163 -71.565051 1.000000 0.956808 3.605551 -123.690068 2.000000 0.000000 
12.000000 160.000000 60.795196 1.000000 30.000000 21.527000 0.949386 0.600000 11.504189 3.613597 73.062604 0.909091 0.619502 11.180340 116.565051 4.258177 -164.054604 
22.000000 161.000000 81.083358 1.000000 23.000000 23.388000 0.970953 0.522727 11.892952 2.845647 -79.721977 0.766667 0.410654 11.704700 -109.983107 3.287980 170.537678 
42.000000 162.000000 75.655745 1.000000 10.000000 10.106000 0.761863 0.833333 4.953113 3.208323 0.000000 0.833333 0.716038 5.000000 143.130102 3.000000 -90.000000 
45.000000 161.000000 86.912965 1.000000 14.000000 13.489000 0.731323 0.583333 5.673188 3.869290 -3.815277 0.933333 0.636096 6.324555 -161.565051 4.000000 -90.000000 
51.000000 162.000000 85.361821 1.000000 20.000000 16.011000 0.906025 0.625000 8.291677 3.509239 77.952785 0.869565 0.685149 8.246211 104.036243 3.922323 11.309932 
11.000000 165.000000 51.150788 1.000000 33.000000 29.458000 0.982928 0.550000 15.814016 2.909643 -80.075124 0.846154 0.390211 15.524175 -104.931417 3.535534 171.869898 
34.000000 164.000000 122.525943 1.000000 45.000000 31.468000 0.944436 0.576923 15.111849 4.967195 -80.583629 0.737705 0.472095 13.341664 -102.994617 5.581563 -7.125016 
47.000000 166.000000 69.917425 1.000000 8.000000 13.216000 0.789076 0.320000 5.944185 3.651484 -45.000000 0.571429 0.375717 5.830952 -149.036243 4.024922 153.434949 
52.000000 168.000000 42.143239 1.000000 23.000000 20.717000 0.959577 0.365079 11.021271 3.101884 57.118111 0.821429 0.507748 10.816654 123.690068 4.000000 -143.130102 
27.000000 167.000000 154.070363 4.000000 29.000000 17.525000 0.564003 0.591837 6.892790 5.691880 -49.636301 1.000000 0.853238 7.615773 -113.198591 5.656854 -45.000000 
42.000000 167.000000 97.130418 1.000000 20.000000 23.595000 0.488177 0.476190 7.096011 6.193004 -45.095493 0.666667 0.351583 7.280110 -105.945396 6.000000 0.000000 
15.000000 171.000000 107.698273 1.000000 84.000000 49.406000 0.981543 0.456522 25.836940 4.941053 82.884009 0.700000 0.382282 23.194827 97.431408 6.081118 -171.869898 
35.000000 170.000000 87.761754 1.000000 43.000000 27.771000 0.959759 0.767857 14.360218 4.032692 -84.707970 0.914894 0.565467 14.142136 -98.130102 4.000000 0.000000 
26.000000 174.000000 134.474420 4.000000 25.000000 16.681000 0.784517 0.595238 7.571134 4.694911 36.650378 0.862069 0.799519 8.062258 150.255119 5.269652 56.309932 
46.000000 174.000000 50.019369 1.000000 7.000000 9.552000 0.863147 0.583333 5.105115 2.577846 68.863155 0.777778 0.545932 5.000000 126.869898 2.846050 -161.565051 
6.000000 177.000000 48.508982 1.000000 13.000000 12.182000 0.767786 0.650000 5.712444 3.660000 79.622964 0.812500 0.695716 5.830952 120.963757 4.000000 0.000000 
11.000000 177.000000 79.911963 1.000000 19.000000 13.290000 0.808340 0.791667 6.596785 3.883634 -78.435884 0.950000 0.884309 6.708204 -116.565051 4.000000 0.000000 
39.000000 178.000000 100.379649 1.000000 35.000000 23.785000 0.765528 0.625000 9.245723 5.948727 74.945976 0.777778 0.606618 9.219544 130.601295 6.575959 9.462322 
18.000000 179.000000 96.240158 1.000000 50.000000 28.582000 0.861107 0.568182 11.757159 5.977614 67.093970 0.833333 0.624331 12.083046 114.443955 6.957011 18.434949 
30.000000 179.000000 139.448694 1.000000 43.000000 28.011000 0.903434 0.597222 12.399179 5.315877 -87.206036 0.767857 0.556788 12.369317 -104.036243 5.963302 6.340192 
9.000000 180.000000 31.081469 1.000000 11.000000 17.227000 0.939326 0.314286 9.166241 3.144259 -55.122524 0.611111 0.333181 8.062258 -119.744881 3.591997 -38.659808 
41.000000 184.000000 101.052850 1.000000 58.000000 43.187000 0.968283 0.284314 21.201664 5.297375 58.408316 0.604167 0.339578 19.723083 120.465545 7.176695 39.289407 
25.000000 183.000000 207.020779 1.000000 25.000000 19.005000 0.919288 0.555556 9.572825 3.767717 -12.037013 0.862069 0.640525 9.486833 -161.565051 4.274374 99.462322 
33.000000 183.000000 57.833446 2.000000 13.000000 14.812000 0.964095 0.361111 8.599344 2.283635 45.000000 0.812500 0.506816 8.485281 135.000000 2.828427 45.000000 
10.000000 185.000000 40.350626 1.000000 15.000000 18.153000 0.934574 0.535714 8.909293 3.169657 68.455961 0.750000 0.415683 8.062258 119.744881 3.794733 -161.565051 
17.000000 185.000000 104.350819 1.000000 18.000000 13.935000 0.909259 0.857143 7.574263 3.152648 -81.150391 1.000000 0.775675 7.615773 -113.198591 3.000000 0.000000 
50.000000 187.000000 38.090153 1.000000 16.000000 18.368000 0.962003 0.333333 9.910567 2.705981 -58.405855 0.666667 0.434576 10.000000 -126.869898 3.577709 153.434949 
22.000000 188.000000 102.531146 1.000000 20.000000 14.622000 0.717852 0.555556 6.362732 4.429707 -33.487254 0.952381 0.796486 6.708204 -153.434949 4.949747 -45.000000 
29.000000 188.000000 97.107869 1.000000 21.000000 15.085000 0.698608 0.700000 6.367243 4.555795 -83.644434 0.913043 0.794361 6.708204 -116.565051 5.000000 0.000000 
9.000000 189.000000 30.057115 10.000000 4.000000 4.408000 0.870424 0.666667 3.435909 1.691507 -58.282526 1.000000 0.881907 3.605551 -123.690068 2.000000 0.000000 
17.000000 190.000000 47.098200 1.000000 16.000000 20.229000 0.944042 0.355556 9.939533 3.278316 69.774347 0.666667 0.368121 9.219544 102.528808 4.024922 26.565051 
41.000000 191.000000 100.868945 1.000000 56.000000 32.874000 0.915446 0.466667 15.127714 6.088006 56.041662 0.777778 0.542521 14.212670 129.289407 7.298102 -140.194429 
8.000000 190.000000 39.835760 1.000000 5.000000 6.550000 0.889464 0.625000 4.253087 1.943686 -84.847577 0.833333 0.668944 4.123106 104.036243 2.000000 0.000000 
25.000000 192.000000 130.442147 7.000000 30.000000 17.806000 0.444554 0.612245 6.763662 6.058565 80.354977 0.937500 0.859138 7.615773 -113.198591 6.363961 -45.000000 
50.000000 190.000000 48.387568 1.000000 9.000000 10.288000 0.932998 0.750000 6.081723 2.188704 86.829904 0.900000 0.627085 6.082763 99.462322 2.000000 0.000000 
11.000000 191.000000 46.199724 1.000000 10.000000 8.998000 0.773102 0.666667 4.712847 2.989271 -82.311874 0.909091 0.852711 5.099020 101.309932 3.000000 0.000000 
48.000000 193.000000 63.959787 2.000000 10.000000 14.994000 0.888919 0.555556 6.829381 3.128294 -10.161568 0.714286 0.382073 6.324555 -161.565051 3.000000 -90.000000 
14.000000 194.000000 38.647015 9.000000 10.000000 11.438000 0.907933 0.400000 6.235184 2.613265 -43.425952 0.909091 0.591179 5.830952 -149.036243 2.828427 -45.000000 
51.000000 195.000000 69.445589 2.000000 10.000000 9.461000 0.825897 0.625000 5.033223 2.837840 45.000000 1.000000 0.791207 5.656854 135.000000 3.535534 -135.000000 
33.000000 194.000000 61.663312 1.000000 19.000000 20.510000 0.908706 0.475000 8.813850 3.679230 79.216915 0.703704 0.426818 8.246211 104.036243 4.274374 -170.537678 
19.000000 196.000000 59.923493 1.000000 28.000000 20.022000 0.918243 0.622222 10.120299 4.007810 76.750779 0.875000 0.655777 9.848858 113.962489 5.000000 0.000000 
10.000000 198.000000 59.960471 1.000000 26.000000 24.984000 0.968019 0.590909 12.775407 3.205030 -79.021907 0.742857 0.413028 11.704700 -109.983107 3.721042 -7.125016 
28.000000 197.000000 151.660084 7.000000 24.000000 15.548000 0.710634 0.666667 6.819597 4.798008 -36.436180 0.923077 0.863419 7.211103 -146.309932 5.269652 -56.309932 
35.000000 198.000000 122.450085 1.000000 23.000000 16.863000 0.892893 0.575000 8.385470 3.775718 70.785961 0.884615 0.722235 8.544004 110.556045 4.365641 -165.963757 
43.000000 199.000000 92.876823 1.000000 3.000000 4.590000 0.928995 0.500000 3.854129 1.426385 61.845034 1.000000 0.630657 3.605551 123.690068 1.788854 26.565051 
51.000000 198.000000 84.055783 1.000000 21.000000 17.235000 0.704118 0.583333 6.885283 4.889124 -70.822036 0.777778 0.635574 7.211103 -123.690068 5.820855 165.963757 
13.000000 202.000000 34.931779 4.000000 9.000000 15.937000 0.985727 0.214286 9.892831 1.665493 40.699308 0.818182 0.310713 9.219544 139.398705 2.121320 45.000000 
56.000000 201.000000 104.359066 2.000000 10.000000 8.146000 0.657536 0.833333 4.258325 3.208323 90.000000 1.000000 0.986296 4.472136 116.565051 3.000000 0.000000 
59.000000 203.000000 112.536396 1.000000 16.000000 14.051000 0.901672 0.533333 7.258745 3.138836 55.248670 0.888889 0.680216 7.810250 129.805571 3.882901 -146.309932 
7.000000 203.000000 30.131567 4.000000 6.000000 8.328000 0.951618 0.600000 5.664082 1.740486 -75.344996 0.857143 0.573146 5.385165 -111.801409 2.000000 0.000000 
25.000000 204.000000 103.456562 1.000000 43.000000 33.627000 0.972921 0.358333 17.269981 3.991761 52.798530 0.728814 0.399691 15.620499 129.805571 5.547002 -146.309932 
45.000000 203.000000 65.097128 1.000000 13.000000 16.954000 0.934965 0.371429 8.425435 2.988836 68.798474 0.619048 0.404531 8.062258 119.744881 3.713907 21.801409 
53.000000 205.000000 135.451649 2.000000 14.000000 16.582000 0.485097 0.388889 5.532462 4.837920 -36.090556 0.736842 0.452237 6.082763 99.462322 4.949747 45.000000 
33.000000 204.000000 116.197648 2.000000 18.000000 14.250000 0.177430 0.500000 5.163978 5.082043 -14.036243 0.947368 0.747831 6.082763 99.462322 4.949747 -45.000000 
15.000000 206.000000 35.766930 1.000000 7.000000 12.918000 0.965528 0.500000 8.130560 2.116372 -83.570955 0.636364 0.341066 7.071068 98.130102 2.000000 0.000000 
40.000000 207.000000 91.409638 2.000000 24.000000 24.745000 0.897549 0.533333 9.965218 4.393808 0.019894 0.685714 0.387820 9.219544 -167.471192 5.000000 -90.000000 
32.000000 206.000000 34.744545 1.000000 3.000000 3.093000 0.730297 0.750000 2.581989 1.763834 -45.000000 1.000000 0.969873 2.828427 -135.000000 2.000000 -90.000000 
8.000000 207.000000 40.044160 1.000000 8.000000 11.992000 0.930395 0.444444 6.533124 2.394777 67.637070 0.727273 0.438951 6.324555 108.434949 2.846050 -161.565051 
36.000000 207.000000 99.006746 7.000000 23.000000 16.102000 0.623620 0.638889 6.602643 5.161469 -27.219279 0.884615 0.780486 7.211103 -146.309932 5.687368 -78.690068 
26.000000 212.000000 50.825306 1.000000 26.000000 23.339000 0.965481 0.371429 12.392451 3.227890 32.937960 0.812500 0.465938 11.661904 149.036243 4.093146 -119.744881 
48.000000 210.000000 127.253521 1.000000 36.000000 28.690000 0.932780 0.375000 12.772559 4.603812 56.496235 0.720000 0.446473 12.649111 108.434949 5.723989 32.005383 
57.000000 208.000000 72.000246 3.000000 14.000000 17.624000 0.856597 0.388889 7.624241 3.934005 -42.199260 0.700000 0.407990 7.211103 -146.309932 4.242641 -45.000000 
9.000000 212.000000 43.127456 1.000000 1.000000 0.000000 0.000000 1.000000 1.154701 1.154701 0.000000 1.000000 1.000000 1.414214 135.000000 1.000000 -90.000000 
19.000000 213.000000 58.494159 2.000000 22.000000 18.525000 0.939036 0.611111 9.958638 3.423974 11.363246 0.846154 0.588913 9.486833 161.565051 4.000000 -90.000000 
54.000000 213.000000 68.738084 2.000000 23.000000 22.404000 0.637565 0.469388 7.820395 6.024804 48.986186 0.676471 0.442900 8.062258 150.255119 6.864065 11.309932 
59.000000 218.000000 119.480242 3.000000 11.000000 13.406000 0.944554 0.523810 7.633389 2.506460 -11.848068 0.785714 0.504816 7.280110 -164.054604 3.000000 -90.000000 
33.000000 215.000000 75.646716 1.000000 42.000000 26.622000 0.922005 0.424242 12.636211 4.892459 47.320774 0.875000 0.595783 12.806248 128.659808 5.656854 45.000000 
40.000000 217.000000 74.224146 1.000000 34.000000 35.794000 0.939918 0.257576 16.136506 5.508996 44.098369 0.523077 0.281835 13.892444 120.256437 7.055407 48.814075 
22.000000 217.000000 54.000798 2.000000 6.000000 8.626000 0.687184 0.500000 4.000000 2.905933 75.963757 0.857143 0.544485 4.123106 104.036243 3.000000 0.000000 
27.000000 217.000000 47.426341 1.000000 6.000000 8.973000 0.959508 0.600000 6.121381 1.724279 82.534291 0.750000 0.513740 5.385165 111.801409 2.000000 0.000000 
49.000000 218.000000 121.963814 1.000000 55.000000 29.690000 0.722629 0.555556 11.971461 8.275108 -48.593147 0.753425 0.641193 13.038405 -122.471192 8.574929 120.963757 
5.000000 219.000000 35.103863 2.000000 6.000000 7.774000 0.908344 0.500000 4.920353 2.057808 28.862178 0.857143 0.632800 5.000000 143.130102 2.529822 71.565051 
11.000000 220.000000 50.296681 1.000000 30.000000 26.663000 0.952382 0.576923 12.406496 3.782850 -84.241297 0.789474 0.424390 13.038405 94.398705 4.000000 0.000000 
20.000000 220.000000 38.880484 2.000000 9.000000 8.998000 0.857808 0.600000 5.085275 2.613682 24.183230 1.000000 0.767439 5.385165 158.198591 3.000000 -90.000000 
28.000000 221.000000 52.205073 1.000000 19.000000 16.772000 0.768685 0.452381 6.960105 4.451873 31.360386 0.760000 0.602094 7.280110 164.054604 4.992302 56.309932 
32.000000 227.000000 34.885593 1.000000 22.000000 33.271000 0.983697 0.209524 18.460818 3.319921 20.186644 0.500000 0.208511 15.524175 165.068583 4.608177 75.963757 
22.000000 226.000000 53.903261 1.000000 34.000000 27.358000 0.969418 0.373626 14.358948 3.523928 67.006544 0.790698 0.459305 13.928388 111.037511 4.467915 29.054604 
53.000000 227.000000 83.739366 2.000000 50.000000 41.690000 0.860172 0.446429 14.711474 7.502905 1.053598 0.641026 0.312616 14.142136 -171.869898 8.000000 -90.000000 
6.000000 230.000000 35.478925 1.000000 9.000000 10.288000 0.942932 0.750000 6.161450 2.051676 79.721977 0.900000 0.627085 6.324555 108.434949 2.000000 0.000000 
42.000000 231.000000 39.240571 1.000000 27.000000 26.456000 0.978281 0.642857 13.450768 2.788135 -81.106360 0.870968 0.387312 14.317821 -102.094757 3.000000 0.000000 
59.000000 228.000000 63.745022 1.000000 34.000000 29.318000 0.846961 0.515152 10.807697 5.745961 -5.465641 0.708333 0.405511 12.083046 -155.556045 6.000000 -90.000000 
9.000000 235.000000 45.991195 1.000000 22.000000 23.090000 0.980925 0.611111 12.789085 2.486033 81.083190 0.846154 0.401775 12.369317 104.036243 3.000000 0.000000 
