277
32.000000 117.000000 11.708588 1.000000 10619.000000 591.556000 0.963891 0.691341 285.499427 76.027764 0.389309 0.691341 0.377312 248.386795 165.068583 64.000000 -90.000000 
51.000000 8.000000 43.000402 1.000000 19.000000 19.212000 0.968941 0.351852 10.572412 2.614455 -56.170324 0.904762 0.477825 10.816654 -123.690068 3.535534 -45.000000 
32.000000 11.000000 40.929566 8.000000 11.000000 16.036000 0.985696 0.275000 10.467622 1.764112 -31.240054 0.733333 0.375850 9.433981 -147.994617 2.400980 120.963757 
24.000000 11.000000 37.285173 5.000000 12.000000 12.736000 0.954612 0.571429 7.580114 2.257749 18.836188 0.857143 0.598166 7.615773 156.801409 2.846050 71.565051 
15.000000 11.000000 53.498489 1.000000 6.000000 6.186000 0.833333 0.666667 4.000000 2.211083 -36.869898 0.857143 0.866607 4.242641 -135.000000 2.683282 116.565051 
18.000000 11.000000 51.248565 1.000000 6.000000 5.905000 0.632456 0.666667 3.333333 2.581989 45.000000 1.000000 0.921279 3.605551 123.690068 2.828427 45.000000 
20.000000 12.000000 50.743754 11.000000 2.000000 1.960000 0.866025 1.000000 2.309401 1.154701 90.000000 1.000000 0.965669 2.236068 116.565051 1.000000 0.000000 
10.000000 15.000000 52.692123 1.000000 41.000000 27.358000 0.949413 0.450549 13.582624 4.265355 62.912180 0.891304 0.553867 14.317821 114.775141 4.919350 26.565051 
46.000000 17.000000 57.845352 1.000000 56.000000 48.695000 0.981236 0.294737 22.827728 4.401444 69.657328 0.595745 0.261894 21.023796 115.346176 5.787473 -156.037511 
57.000000 14.000000 34.885491 1.000000 9.000000 10.288000 0.629814 0.750000 4.376940 3.399771 -31.051364 0.818182 0.627085 5.000000 -143.130102 3.000000 -90.000000 
61.000000 20.000000 65.521183 1.000000 5.000000 6.550000 0.889464 0.625000 4.253087 1.943686 5.152423 1.000000 0.668944 4.123106 165.963757 2.000000 -90.000000 
21.000000 20.000000 57.321909 1.000000 48.000000 40.598000 0.989821 0.400000 22.358960 3.182065 78.731966 0.774194 0.315284 20.880613 106.699244 3.922323 -168.690068 
50.000000 23.000000 58.375885 1.000000 59.000000 40.929000 0.980611 0.345029 21.605763 4.233918 69.058113 0.776316 0.381737 19.697716 113.962489 5.120951 -156.801409 
30.000000 24.000000 45.585795 1.000000 21.000000 26.804000 0.981139 0.291667 13.961705 2.698878 68.479368 0.656250 0.294282 13.000000 112.619865 3.478505 18.434949 
60.000000 26.000000 79.019772 2.000000 25.000000 18.914000 0.912013 0.694444 9.147088 3.751779 11.934165 0.961538 0.645821 9.486833 161.565051 4.000000 -90.000000 
8.000000 25.000000 72.682220 1.000000 21.000000 18.732000 0.946173 0.583333 9.774993 3.163795 76.804418 0.875000 0.551555 9.486833 108.434949 3.726207 -168.690068 
15.000000 26.000000 51.815437 1.000000 9.000000 12.248000 0.969266 0.642857 7.393691 1.818967 -78.690068 0.900000 0.477527 7.280110 -105.945396 2.000000 0.000000 
37.000000 25.000000 28.760232 12.000000 1.000000 0.000000 0.000000 1.000000 1.154701 1.154701 0.000000 1.000000 1.000000 1.414214 135.000000 1.000000 -90.000000 
40.000000 27.000000 43.851894 1.000000 11.000000 11.992000 0.557802 0.550000 5.084374 4.219898 76.296212 0.785714 0.603557 5.385165 111.801409 4.000000 0.000000 
21.000000 27.000000 54.824425 1.000000 21.000000 17.434000 0.789438 0.500000 7.211502 4.426641 70.589962 0.840000 0.623339 7.280110 105.945396 5.269652 -146.309932 
36.000000 29.000000 40.937266 1.000000 12.000000 13.125000 0.791480 0.480000 5.688331 3.476684 52.627559 0.800000 0.569899 5.830952 120.963757 4.160251 -123.690068 
14.000000 30.000000 36.492531 2.000000 8.000000 12.918000 0.977744 0.380952 8.328476 1.747329 66.812583 0.727273 0.389790 7.615773 113.198591 2.236068 26.565051 
24.000000 29.000000 34.634943 1.000000 5.000000 4.962000 0.765092 0.833333 3.306559 2.129163 71.565051 1.000000 0.956808 3.605551 123.690068 2.000000 0.000000 
9.000000 30.000000 31.570251 2.000000 2.000000 1.960000 0.866025 1.000000 2.309401 1.154701 90.000000 1.000000 0.965669 2.236068 116.565051 1.000000 0.000000 
57.000000 30.000000 37.152867 2.000000 4.000000 6.550000 0.946293 0.500000 4.820546 1.558527 72.391204 0.800000 0.535155 4.472136 116.565051 1.897367 -161.565051 
61.000000 30.000000 35.072559 1.000000 3.000000 3.093000 0.730297 0.750000 2.581989 1.763834 45.000000 1.000000 0.969873 2.828427 135.000000 2.000000 -90.000000 
16.000000 34.000000 56.154022 1.000000 23.000000 26.151000 0.982500 0.261364 14.861990 2.768241 36.877700 0.657143 0.336839 13.038405 147.528808 3.600000 -126.869898 
58.000000 31.000000 34.995579 6.000000 3.000000 3.093000 0.730297 0.750000 2.581989 1.763834 45.000000 1.000000 0.969873 2.828427 135.000000 2.000000 -90.000000 
10.000000 33.000000 35.652598 6.000000 3.000000 4.590000 0.928995 0.500000 3.854129 1.426385 28.154966 0.750000 0.630657 3.605551 146.309932 1.788854 -116.565051 
31.000000 34.000000 46.387299 1.000000 19.000000 18.616000 0.964516 0.633333 10.141193 2.677523 81.042725 0.863636 0.504361 10.198039 101.309932 3.000000 0.000000 
50.000000 35.000000 39.141183 5.000000 7.000000 8.328000 0.930558 0.700000 5.262061 1.926673 14.678877 0.875000 0.668670 5.385165 158.198591 2.000000 -90.000000 
60.000000 36.000000 48.132164 1.000000 12.000000 11.603000 0.867623 0.666667 6.087682 3.026938 11.239717 0.923077 0.693626 6.324555 161.565051 3.000000 -90.000000 
20.000000 37.000000 39.483471 7.000000 7.000000 10.958000 0.969572 0.388889 7.111576 1.740958 -18.592353 0.700000 0.442481 6.708204 -153.434949 2.182821 104.036243 
26.000000 35.000000 31.691308 2.000000 4.000000 4.590000 0.731925 0.666667 3.055050 2.081666 90.000000 1.000000 0.840876 3.162278 108.434949 2.000000 0.000000 
57.000000 37.000000 40.366328 6.000000 11.000000 9.643000 0.726101 0.733333 4.739293 3.258679 -14.713728 1.000000 0.845724 5.385165 -158.198591 3.000000 -90.000000 
47.000000 36.000000 30.785197 11.000000 3.000000 4.590000 0.928995 0.500000 3.854129 1.426385 -61.845034 0.750000 0.630657 3.605551 -123.690068 1.788854 153.434949 
27.000000 37.000000 31.608079 4.000000 2.000000 2.812000 0.925820 0.500000 3.055050 1.154701 45.000000 1.000000 0.709058 2.828427 135.000000 1.414214 45.000000 
8.000000 40.000000 70.886017 1.000000 29.000000 19.079000 0.908217 0.805556 9.676925 4.049782 89.872990 0.906250 0.738068 9.486833 -108.434949 4.000000 0.000000 
49.000000 39.000000 36.282191 6.000000 6.000000 9.180000 0.933428 0.400000 5.716842 2.051001 17.093061 0.750000 0.496624 5.385165 158.198591 2.425356 75.963757 
35.000000 42.000000 65.657400 1.000000 83.000000 57.833000 0.988934 0.423469 30.789283 4.567786 -83.042938 0.674797 0.280537 28.284271 -98.130102 6.124060 -6.009006 
58.000000 42.000000 58.479654 2.000000 29.000000 19.121000 0.817191 0.604167 8.320822 4.795847 24.034432 0.906250 0.735286 8.602325 144.462322 5.656854 45.000000 
17.000000 41.000000 64.768453 1.000000 24.000000 22.007000 0.920172 0.533333 10.363337 4.057384 -84.755218 0.727273 0.476863 9.486833 -108.434949 5.000000 0.000000 
52.000000 42.000000 45.723898 1.000000 12.000000 11.884000 0.940760 0.666667 7.170871 2.431447 74.086277 0.857143 0.667925 6.708204 116.565051 2.846050 18.434949 
60.000000 46.000000 49.057097 3.000000 6.000000 6.459000 0.778499 0.666667 3.829708 2.403701 -45.000000 1.000000 0.818022 4.242641 -135.000000 2.828427 135.000000 
17.000000 47.000000 41.298522 4.000000 5.000000 7.865000 0.481128 0.555556 3.516307 3.082572 -58.282526 0.833333 0.518650 3.605551 123.690068 3.000000 -90.000000 
20.000000 47.000000 32.475338 4.000000 2.000000 2.812000 0.925820 0.500000 3.055050 1.154701 45.000000 1.000000 0.709058 2.828427 135.000000 1.414214 45.000000 
13.000000 48.000000 40.521524 1.000000 10.000000 10.958000 0.928763 0.555556 6.305808 2.337403 -74.563958 0.909091 0.632116 6.324555 -108.434949 2.846050 161.565051 
59.000000 50.000000 65.900763 1.000000 32.000000 20.022000 0.871755 0.711111 9.636414 4.721290 -6.084149 0.914286 0.749459 9.486833 -161.565051 4.949747 98.130102 
7.000000 48.000000 28.325580 5.000000 1.000000 0.000000 0.000000 1.000000 1.154701 1.154701 0.000000 1.000000 1.000000 1.414214 135.000000 1.000000 -90.000000 
44.000000 48.000000 36.121181 1.000000 4.000000 5.880000 0.968246 1.000000 4.618802 1.154701 90.000000 1.000000 0.617595 4.123106 104.036243 1.000000 0.000000 
48.000000 50.000000 36.523578 1.000000 6.000000 9.362000 0.604556 0.500000 4.039153 3.217438 13.282526 0.857143 0.482271 4.242641 135.000000 3.000000 -90.000000 
31.000000 54.000000 35.755835 5.000000 22.000000 26.481000 0.959342 0.366667 12.686696 3.580762 -10.050544 0.594595 0.315055 12.649111 -161.565051 4.297584 105.255119 
11.000000 55.000000 54.480430 1.000000 34.000000 35.760000 0.956318 0.237762 17.926260 5.240343 55.003887 0.531250 0.282328 17.029386 130.236358 6.246950 38.659808 
19.000000 50.000000 33.564256 2.000000 10.000000 12.918000 0.913059 0.555556 6.642834 2.709137 -7.048341 0.769231 0.487238 6.324555 -161.565051 2.941742 101.309932 
39.000000 52.000000 29.847440 1.000000 5.000000 6.368000 0.923687 0.625000 4.492622 1.721341 69.006394 0.833333 0.694794 4.472136 116.565051 2.000000 0.000000 
49.000000 52.000000 42.676953 1.000000 6.000000 8.328000 0.707457 0.666667 4.037534 2.853553 -30.321123 0.857143 0.573146 4.242641 -135.000000 3.000000 -90.000000 
46.000000 53.000000 39.460482 2.000000 4.000000 5.905000 0.926289 0.444444 4.355771 1.641317 50.309828 1.000000 0.614186 4.242641 135.000000 2.121320 -135.000000 
47.000000 54.000000 38.457806 2.000000 5.000000 6.550000 0.889464 0.625000 4.253087 1.943686 5.152423 0.833333 0.668944 4.123106 165.963757 2.000000 -90.000000 
60.000000 56.000000 70.724312 6.000000 9.000000 15.523000 0.702072 0.600000 5.388081 3.836883 -3.170096 0.692308 0.324650 5.385165 -158.198591 3.000000 -90.000000 
54.000000 58.000000 59.433947 1.000000 20.000000 22.288000 0.978126 0.333333 12.436031 2.586851 69.895919 0.740741 0.388652 11.661904 120.963757 3.342516 21.801409 
39.000000 58.000000 37.112885 1.000000 10.000000 10.842000 0.940913 0.833333 6.448130 2.183642 83.978712 0.909091 0.642647 6.324555 108.434949 2.000000 0.000000 
60.000000 62.000000 111.508545 3.000000 20.000000 20.113000 0.958770 0.666667 10.377365 2.949060 -10.019245 0.800000 0.464753 10.440307 -163.300756 3.000000 -90.000000 
54.000000 64.000000 58.822580 7.000000 16.000000 16.954000 0.948221 0.500000 8.727564 2.771967 -12.873298 0.761905 0.497884 8.544004 -159.443955 3.333974 101.309932 
47.000000 63.000000 33.063169 3.000000 9.000000 13.381000 0.968206 0.642857 8.152205 2.039322 7.723158 0.750000 0.414282 7.280110 164.054604 2.000000 -90.000000 
10.000000 63.000000 104.983660 1.000000 26.000000 17.880000 0.884265 0.650000 8.834508 4.125592 72.809828 0.896552 0.739353 8.944272 116.565051 4.919350 -153.434949 
17.000000 63.000000 54.426055 1.000000 17.000000 17.880000 0.928391 0.531250 9.274369 3.446398 -74.342010 0.850000 0.483423 8.944272 -116.565051 4.000000 0.000000 
5.000000 64.000000 63.806447 1.000000 6.000000 6.186000 0.833333 0.666667 4.000000 2.211083 53.130102 1.000000 0.866607 4.242641 135.000000 2.683282 26.565051 
14.000000 67.000000 38.421012 7.000000 7.000000 11.760000 0.989743 1.000000 8.082904 1.154701 0.000000 1.000000 0.396134 7.071068 171.869898 1.000000 -90.000000 
6.000000 67.000000 45.375923 1.000000 6.000000 8.626000 0.898236 0.375000 5.142641 2.260265 44.403255 0.750000 0.544485 5.000000 126.869898 2.773501 56.309932 
28.000000 69.000000 59.660210 1.000000 79.000000 57.924000 0.988826 0.403061 28.939457 4.314171 78.665355 0.752381 0.266222 28.635642 102.094757 5.366563 10.304846 
49.000000 66.000000 38.975350 2.000000 2.000000 1.960000 0.866025 1.000000 2.309401 1.154701 90.000000 1.000000 0.965669 2.236068 116.565051 1.000000 0.000000 
45.000000 67.000000 44.124438 1.000000 6.000000 8.328000 0.951618 0.600000 5.664082 1.740486 75.344996 0.857143 0.573146 5.385165 111.801409 2.000000 0.000000 
58.000000 67.000000 41.929078 1.000000 5.000000 7.840000 0.979796 1.000000 5.773503 1.154701 90.000000 1.000000 0.521014 5.099020 101.309932 1.000000 0.000000 
12.000000 70.000000 40.531438 1.000000 8.000000 7.683000 0.856680 0.666667 4.653433 2.400464 -54.645023 1.000000 0.857979 5.000000 -126.869898 2.828427 -45.000000 
56.000000 70.000000 41.322077 6.000000 9.000000 8.055000 0.834966 0.750000 4.760952 2.619961 -26.565051 1.000000 0.902154 5.000000 -143.130102 3.000000 -90.000000 
60.000000 70.000000 42.059367 1.000000 11.000000 10.015000 0.887783 0.733333 5.836300 2.686231 17.079847 0.916667 0.798575 5.830952 149.036243 3.000000 -90.000000 
8.000000 72.000000 36.347503 3.000000 6.000000 7.683000 0.887101 0.500000 4.649380 2.146039 35.072393 0.857143 0.643484 5.000000 143.130102 2.683282 63.434949 
53.000000 72.000000 37.318878 1.000000 7.000000 8.328000 0.930558 0.700000 5.262061 1.926673 75.321123 0.875000 0.668670 5.385165 111.801409 2.000000 0.000000 
41.000000 72.000000 31.850846 1.000000 6.000000 9.643000 0.960282 0.400000 6.611207 1.844736 65.711833 0.750000 0.461304 5.830952 120.963757 2.236068 26.565051 
46.000000 80.000000 33.481764 1.000000 25.000000 39.606000 0.912769 0.255102 16.838876 6.878294 -0.012418 0.367647 0.171920 14.560220 -164.054604 7.000000 -90.000000 
59.000000 75.000000 48.122114 6.000000 19.000000 14.878000 0.874530 0.678571 7.380708 3.579430 -12.055510 0.904762 0.735315 7.615773 -156.801409 4.000000 -90.000000 
36.000000 76.000000 33.918590 1.000000 8.000000 8.998000 0.778484 0.666667 4.593790 2.883358 2.242303 0.800000 0.682168 4.472136 153.434949 3.000000 -90.000000 
56.000000 78.000000 38.329445 5.000000 9.000000 10.958000 0.740282 0.450000 5.104123 3.431485 -37.789613 0.750000 0.568904 5.385165 -158.198591 4.000000 -90.000000 
14.000000 78.000000 85.838378 1.000000 42.000000 31.534000 0.967599 0.560000 15.978313 4.034388 85.995213 0.763636 0.438946 15.132746 -97.594643 5.000000 0.000000 
39.000000 79.000000 40.836875 1.000000 14.000000 13.588000 0.926576 0.500000 7.385325 2.777674 -72.684009 0.823529 0.628590 7.280110 -105.945396 3.162278 -18.434949 
5.000000 80.000000 70.175673 1.000000 9.000000 7.683000 0.665812 0.750000 4.053691 3.024539 69.699353 1.000000 0.965227 4.472136 116.565051 3.000000 0.000000 
59.000000 83.000000 44.369590 1.000000 39.000000 24.265000 0.810687 0.722222 9.844714 5.763878 -0.548852 0.847826 0.652476 9.848858 156.037511 6.000000 -90.000000 
13.000000 84.000000 61.633910 1.000000 21.000000 24.728000 0.972544 0.318182 12.510487 2.911420 -66.685682 0.750000 0.339757 12.083046 -114.443955 3.794733 -18.434949 
26.000000 86.000000 41.912028 1.000000 45.000000 39.094000 0.983474 0.230769 20.338174 3.682211 -49.901931 0.703125 0.317004 19.209373 -128.659808 4.949747 -45.000000 
34.000000 84.000000 33.985010 1.000000 7.000000 11.421000 0.973937 0.388889 7.644333 1.733883 72.780505 0.700000 0.414792 6.708204 116.565051 2.182821 -165.963757 
8.000000 86.000000 38.420655 3.000000 5.000000 9.180000 0.521247 0.555556 3.759433 3.208323 0.000000 0.714286 0.413853 3.605551 123.690068 3.000000 -90.000000 
5.000000 87.000000 35.507461 2.000000 3.000000 5.624000 0.970143 0.333333 4.760952 1.154701 45.000000 1.000000 0.490646 4.242641 135.000000 1.414214 45.000000 
14.000000 89.000000 41.774126 1.000000 21.000000 25.398000 0.907316 0.420000 10.210531 4.293002 -88.036572 0.677419 0.323992 10.198039 -101.309932 5.000000 0.000000 
51.000000 90.000000 50.222800 1.000000 42.000000 36.397000 0.974469 0.525000 18.157214 4.076694 -86.981508 0.677419 0.337611 16.278821 100.619655 5.000000 0.000000 
8.000000 90.000000 41.655926 3.000000 3.000000 5.624000 0.970143 0.333333 4.760952 1.154701 45.000000 1.000000 0.490646 4.242641 135.000000 1.414214 45.000000 
23.000000 91.000000 29.844498 3.000000 3.000000 4.590000 0.928995 0.500000 3.854129 1.426385 61.845034 1.000000 0.630657 3.605551 123.690068 1.788854 26.565051 
59.000000 93.000000 53.441406 1.000000 40.000000 24.058000 0.884321 0.606061 10.907486 5.092487 -5.452067 0.869565 0.679431 11.180340 169.695154 6.000000 -90.000000 
36.000000 94.000000 38.969788 5.000000 7.000000 14.250000 0.859026 0.280000 6.596136 3.376768 -47.333429 0.538462 0.290823 5.830952 -149.036243 3.535534 135.000000 
21.000000 96.000000 31.345296 11.000000 2.000000 2.812000 0.925820 0.500000 3.055050 1.154701 -45.000000 1.000000 0.709058 2.828427 -135.000000 1.414214 -45.000000 
15.000000 98.000000 33.302150 4.000000 4.000000 7.402000 0.965676 0.333333 5.615939 1.458730 36.090556 0.800000 0.452160 5.000000 143.130102 1.941451 -123.690068 
17.000000 99.000000 30.694144 4.000000 2.000000 2.812000 0.925820 0.500000 3.055050 1.154701 45.000000 1.000000 0.709058 2.828427 135.000000 1.414214 45.000000 
45.000000 102.000000 46.797565 1.000000 51.000000 45.437000 0.974218 0.250000 20.807687 4.694409 -60.778578 0.593023 0.271575 19.723083 -120.465545 6.261310 -34.695154 
56.000000 99.000000 48.934555 1.000000 13.000000 11.603000 0.801817 0.650000 5.665912 3.385781 -61.699244 0.928571 0.751428 6.403124 -128.659808 4.000000 0.000000 
31.000000 100.000000 32.250987 1.000000 6.000000 8.998000 0.909008 0.600000 5.503948 2.293929 86.942248 0.750000 0.511626 5.099020 101.309932 2.000000 0.000000 
12.000000 101.000000 44.790326 1.000000 1.000000 0.000000 0.000000 1.000000 1.154701 1.154701 0.000000 1.000000 1.000000 1.414214 135.000000 1.000000 -90.000000 
60.000000 100.000000 65.677480 1.000000 16.000000 11.884000 0.444262 0.800000 5.033223 4.509250 0.000000 0.941176 0.890567 5.656854 135.000000 4.000000 -90.000000 
8.000000 103.000000 38.642902 2.000000 9.000000 9.089000 0.778980 0.750000 4.603973 2.886918 -68.744776 0.900000 0.756062 5.000000 -126.869898 3.000000 0.000000 
28.000000 101.000000 31.139144 1.000000 4.000000 8.436000 0.888523 0.333333 5.033223 2.309401 63.434949 0.666667 0.375002 4.472136 116.565051 2.529822 -161.565051 
19.000000 106.000000 51.464161 1.000000 16.000000 15.341000 0.940436 0.666667 8.370676 2.845779 82.757633 0.888889 0.588578 8.246211 104.036243 3.000000 0.000000 
13.000000 107.000000 41.903762 1.000000 16.000000 17.326000 0.941799 0.457143 8.760335 2.945029 -66.979187 0.761905 0.479950 8.602325 -125.537678 3.577709 153.434949 
8.000000 107.000000 38.696154 1.000000 2.000000 1.960000 0.866025 1.000000 2.309401 1.154701 90.000000 1.000000 0.965669 2.236068 116.565051 1.000000 0.000000 
56.000000 106.000000 41.866057 1.000000 6.000000 7.501000 0.932940 0.500000 5.134278 1.848505 -60.767396 0.857143 0.665681 5.000000 -126.869898 2.236068 -26.565051 
54.000000 109.000000 47.147151 7.000000 12.000000 10.015000 0.821945 0.800000 5.418787 3.086363 -4.836678 1.000000 0.871173 5.385165 158.198591 3.000000 -90.000000 
20.000000 111.000000 52.399793 1.000000 6.000000 7.220000 0.869227 0.500000 4.472136 2.211083 59.036243 1.000000 0.702276 4.472136 116.565051 2.683282 26.565051 
36.000000 114.000000 68.043556 1.000000 43.000000 41.946000 0.992676 0.268750 23.132273 2.794470 -71.880613 0.728814 0.265806 21.540659 -111.801409 3.478505 -18.434949 
42.000000 110.000000 46.863829 1.000000 23.000000 25.191000 0.978392 0.638889 13.330193 2.756162 -84.432947 0.766667 0.360052 12.165525 -99.462322 3.000000 0.000000 
56.000000 112.000000 38.202286 1.000000 5.000000 7.683000 0.840982 0.555556 4.346853 2.351922 -53.349622 0.714286 0.536237 4.242641 -135.000000 2.683282 153.434949 
59.000000 113.000000 32.738830 1.000000 4.000000 7.402000 0.965676 0.333333 5.615939 1.458730 36.090556 0.800000 0.452160 5.000000 143.130102 1.941451 -123.690068 
12.000000 113.000000 68.884711 1.000000 29.000000 24.802000 0.965846 0.527273 13.408222 3.474271 78.748064 0.725000 0.466706 12.083046 114.443955 4.118439 11.309932 
48.000000 116.000000 52.905077 1.000000 24.000000 23.595000 0.925170 0.480000 10.568253 4.011209 20.567904 0.705882 0.421899 10.770330 158.198591 5.000000 -90.000000 
55.000000 114.000000 43.052684 7.000000 9.000000 10.867000 0.856824 0.562500 5.551488 2.862399 -51.047379 0.818182 0.576320 5.656854 -135.000000 3.328201 -33.690068 
18.000000 115.000000 65.036802 3.000000 12.000000 12.364000 0.871710 0.500000 6.214199 3.045098 -12.069358 0.750000 0.627212 6.082763 170.537678 3.395499 104.036243 
7.000000 120.000000 52.521237 1.000000 21.000000 19.212000 0.940722 0.375000 9.729811 3.300131 -48.282440 0.840000 0.528122 10.000000 -126.869898 3.969143 -39.805571 
30.000000 118.000000 44.221693 1.000000 14.000000 15.829000 0.939914 0.583333 8.314953 2.838809 -82.248192 0.736842 0.488851 8.246211 -104.036243 3.000000 0.000000 
58.000000 117.000000 65.736885 1.000000 13.000000 10.404000 0.710198 0.650000 5.032996 3.543240 19.794065 1.000000 0.890343 5.385165 158.198591 4.000000 -90.000000 
15.000000 119.000000 40.926894 2.000000 6.000000 8.328000 0.953154 0.600000 5.526219 1.671596 72.391204 0.857143 0.573146 5.385165 111.801409 2.000000 0.000000 
53.000000 119.000000 72.348278 1.000000 26.000000 20.990000 0.894250 0.520000 9.640910 4.314966 -83.072592 0.812500 0.561062 10.049876 95.710593 4.713320 172.874984 
20.000000 121.000000 56.553034 1.000000 16.000000 21.428000 0.958086 0.444444 10.535398 3.018203 -9.300834 0.615385 0.333069 9.219544 -167.471192 3.846096 -74.054604 
34.000000 120.000000 33.777111 8.000000 2.000000 1.960000 0.866025 1.000000 2.309401 1.154701 0.000000 1.000000 0.965669 2.236068 153.434949 1.000000 -90.000000 
43.000000 119.000000 37.906031 1.000000 10.000000 14.142000 0.939449 0.476190 7.979325 2.734418 82.744470 0.769231 0.420670 7.280110 105.945396 3.000000 0.000000 
60.000000 120.000000 60.723982 1.000000 5.000000 4.962000 0.765092 0.833333 3.306559 2.129163 -71.565051 1.000000 0.956808 3.605551 -123.690068 2.000000 0.000000 
60.000000 126.000000 38.039200 6.000000 18.000000 26.233000 0.967291 0.300000 14.890671 3.777289 -11.607354 0.473684 0.262143 12.369317 -165.963757 4.314555 101.309932 
15.000000 124.000000 69.208596 1.000000 26.000000 20.783000 0.946767 0.650000 10.894821 3.507264 -86.023273 0.866667 0.570813 10.198039 -101.309932 4.000000 0.000000 
8.000000 125.000000 68.137252 1.000000 11.000000 10.776000 0.905585 0.611111 6.101264 2.587941 72.260011 0.916667 0.713632 6.324555 108.434949 3.000000 0.000000 
28.000000 126.000000 51.617620 1.000000 34.000000 27.589000 0.976171 0.809524 15.271129 3.313878 88.196696 0.894737 0.452425 14.142136 98.130102 3.000000 0.000000 
46.000000 127.000000 41.534686 1.000000 9.000000 12.918000 0.968133 0.428571 7.584708 1.899477 -72.572772 0.750000 0.438514 7.615773 -113.198591 2.425356 165.963757 
15.000000 129.000000 76.390610 1.000000 44.000000 38.126000 0.955287 0.419048 16.068611 4.751193 80.748527 0.656716 0.324672 15.297059 101.309932 5.788583 15.255119 
8.000000 130.000000 38.202155 1.000000 4.000000 5.905000 0.926289 0.444444 4.355771 1.641317 -39.690172 0.800000 0.614186 4.242641 -135.000000 2.121320 -45.000000 
19.000000 135.000000 34.761747 5.000000 9.000000 12.736000 0.972513 0.428571 8.069184 1.878893 20.679407 0.818182 0.448625 7.615773 156.801409 2.414039 -111.801409 
46.000000 133.000000 46.554143 1.000000 15.000000 21.354000 0.964028 0.500000 10.611918 2.820654 85.070432 0.681818 0.314141 10.049876 95.710593 3.000000 0.000000 
55.000000 136.000000 40.792808 1.000000 16.000000 13.381000 0.822678 0.640000 6.482475 3.685334 54.157750 0.888889 0.736501 7.071068 135.000000 4.472136 26.565051 
37.000000 135.000000 32.553333 1.000000 4.000000 5.053000 0.866025 0.666667 3.651484 1.825742 18.434949 1.000000 0.748540 3.605551 146.309932 2.000000 -90.000000 
43.000000 137.000000 81.364268 1.000000 20.000000 17.045000 0.909170 0.625000 8.270707 3.444136 -11.141564 0.869565 0.616757 8.544004 -159.443955 4.000000 -90.000000 
8.000000 137.000000 47.610828 3.000000 8.000000 7.501000 0.765333 0.666667 4.260095 2.741945 -65.592963 1.000000 0.887575 4.472136 -116.565051 3.000000 0.000000 
35.000000 139.000000 47.104638 2.000000 9.000000 12.844000 0.898933 0.375000 6.633250 2.905933 -26.565051 0.692308 0.442583 6.708204 -153.434949 3.395499 104.036243 
24.000000 139.000000 48.377588 1.000000 25.000000 21.130000 0.962497 0.757576 11.212266 3.041802 -85.778210 0.892857 0.533278 11.180340 -100.304846 3.000000 0.000000 
13.000000 139.000000 90.782009 1.000000 31.000000 20.601000 0.907362 0.775000 9.955079 4.184619 -89.532321 0.939394 0.691059 10.198039 101.309932 4.000000 0.000000 
50.000000 138.000000 45.344244 1.000000 10.000000 12.918000 0.913272 0.555556 6.602504 2.689537 70.985112 0.769231 0.487238 6.708204 116.565051 3.000000 0.000000 
40.000000 140.000000 50.020318 1.000000 5.000000 7.840000 0.979796 1.000000 5.773503 1.154701 90.000000 1.000000 0.521014 5.099020 101.309932 1.000000 0.000000 
6.000000 141.000000 42.700367 1.000000 1.000000 0.000000 0.000000 1.000000 1.154701 1.154701 0.000000 1.000000 1.000000 1.414214 135.000000 1.000000 -90.000000 
18.000000 141.000000 42.574983 1.000000 3.000000 3.093000 0.730297 0.750000 2.581989 1.763834 45.000000 1.000000 0.969873 2.828427 135.000000 2.000000 -90.000000 
55.000000 142.000000 71.595503 1.000000 25.000000 19.286000 0.847263 0.625000 8.468952 4.498479 -11.906038 0.833333 0.624575 8.246211 165.963757 4.767571 99.462322 
36.000000 147.000000 82.785474 1.000000 42.000000 40.682000 0.972412 0.233333 19.715901 4.599099 -51.384022 0.591549 0.274817 18.027756 -123.690068 5.800000 -36.869898 
46.000000 146.000000 87.346069 1.000000 38.000000 31.948000 0.908165 0.452381 13.329677 5.579962 -17.728299 0.703704 0.387826 12.649111 -161.565051 7.000000 -90.000000 
60.000000 143.000000 71.460186 1.000000 14.000000 10.106000 0.196396 0.875000 4.364358 4.279360 90.000000 1.000000 1.000000 5.000000 126.869898 4.000000 -90.000000 
9.000000 142.000000 55.917609 1.000000 3.000000 3.920000 0.942809 1.000000 3.464102 1.154701 90.000000 1.000000 0.756007 3.162278 108.434949 1.000000 0.000000 
28.000000 143.000000 28.315442 5.000000 1.000000 0.000000 0.000000 1.000000 1.154701 1.154701 0.000000 1.000000 1.000000 1.414214 135.000000 1.000000 -90.000000 
40.000000 144.000000 96.148826 1.000000 27.000000 23.339000 0.938561 0.375000 10.933662 3.773367 -37.350447 0.794118 0.483858 10.816654 -146.309932 4.714952 123.690068 
19.000000 144.000000 51.806173 1.000000 15.000000 15.250000 0.963696 0.625000 8.989796 2.400282 76.960247 0.882353 0.557266 8.544004 110.556045 2.910428 14.036243 
14.000000 147.000000 38.924461 9.000000 9.000000 14.440000 0.986078 0.257143 9.973560 1.658411 -53.551364 0.750000 0.365878 8.602325 -125.537678 2.200000 -36.869898 
27.000000 146.000000 32.245879 3.000000 5.000000 5.814000 0.901281 0.555556 4.163332 1.803700 45.000000 1.000000 0.783414 4.242641 135.000000 2.121320 45.000000 
55.000000 147.000000 85.115755 2.000000 23.000000 22.214000 0.906336 0.511111 9.428804 3.984215 77.948883 0.851852 0.449563 9.486833 108.434949 4.919350 26.565051 
7.000000 150.000000 34.553509 1.000000 5.000000 5.624000 0.000000 0.555556 2.780887 2.780887 0.000000 1.000000 0.817744 3.162278 108.434949 2.828427 -45.000000 
31.000000 152.000000 32.758306 8.000000 12.000000 13.216000 0.956585 0.400000 7.806086 2.275111 -38.258795 0.923077 0.563576 7.810250 -140.194429 2.828427 -45.000000 
57.000000 150.000000 108.216393 1.000000 25.000000 23.785000 0.963975 0.454545 12.664188 3.368591 -72.734587 0.735294 0.433298 12.083046 -114.443955 4.096440 159.443955 
13.000000 153.000000 63.236124 1.000000 23.000000 21.618000 0.976371 0.522727 12.342862 2.667280 -75.308123 0.821429 0.471466 11.704700 -109.983107 3.333974 168.690068 
5.000000 157.000000 45.481933 1.000000 22.000000 30.583000 0.982825 0.392857 16.539332 3.052130 4.738232 0.578947 0.243074 14.317821 167.905243 4.000000 -90.000000 
25.000000 154.000000 55.120042 2.000000 3.000000 3.920000 0.942809 1.000000 3.464102 1.154701 90.000000 1.000000 0.756007 3.162278 108.434949 1.000000 0.000000 
43.000000 154.000000 133.868761 2.000000 37.000000 36.794000 0.513593 0.660714 9.050408 7.765558 48.354918 0.725490 0.291535 10.630146 131.185925 7.000000 0.000000 
54.000000 154.000000 100.769462 1.000000 30.000000 35.322000 0.909052 0.357143 12.270646 5.112960 -67.401594 0.625000 0.254819 12.649111 -108.434949 6.002450 -30.963757 
21.000000 155.000000 61.957424 1.000000 18.000000 13.952000 0.836507 0.642857 6.702942 3.672917 -86.934259 0.947368 0.774133 7.071068 98.130102 4.000000 0.000000 
17.000000 157.000000 50.108515 2.000000 5.000000 8.717000 0.789542 0.416667 4.531372 2.780887 26.565051 0.625000 0.446800 4.472136 153.434949 2.846050 71.565051 
12.000000 159.000000 79.106817 1.000000 20.000000 16.193000 0.923576 0.833333 8.503864 3.260516 -87.246370 0.952381 0.672310 8.246211 -104.036243 3.000000 0.000000 
51.000000 158.000000 118.993383 1.000000 18.000000 18.459000 0.909272 0.450000 9.006121 3.748371 -70.024285 0.750000 0.484787 8.602325 -125.537678 4.438773 170.537678 
57.000000 160.000000 43.767198 1.000000 16.000000 19.865000 0.839267 0.457143 8.008861 4.354573 79.967816 0.695652 0.379861 8.062258 119.744881 5.000000 0.000000 
17.000000 160.000000 49.062024 1.000000 6.000000 8.436000 0.790569 0.500000 4.216370 2.581989 -63.434949 0.857143 0.562503 4.472136 -116.565051 2.828427 -45.000000 
38.000000 160.000000 181.325054 1.000000 26.000000 16.962000 0.708045 0.619048 7.216666 5.096176 6.709482 0.896552 0.808418 7.615773 -156.801409 5.570860 -111.801409 
8.000000 160.000000 45.838569 4.000000 3.000000 3.093000 0.730297 0.750000 2.581989 1.763834 45.000000 1.000000 0.969873 2.828427 135.000000 2.000000 -90.000000 
32.000000 161.000000 32.274765 10.000000 2.000000 1.960000 0.866025 1.000000 2.309401 1.154701 90.000000 1.000000 0.965669 2.236068 116.565051 1.000000 0.000000 
43.000000 160.000000 197.100719 2.000000 22.000000 21.081000 0.815019 0.523810 8.468371 4.906864 13.006903 0.709677 0.471185 8.062258 150.255119 5.692100 -108.434949 
47.000000 164.000000 122.206487 1.000000 21.000000 14.878000 0.801815 0.750000 7.163577 4.280758 75.674656 0.954545 0.812717 7.615773 113.198591 4.000000 0.000000 
9.000000 165.000000 69.969957 1.000000 28.000000 21.362000 0.922212 0.560000 10.187319 3.939271 -76.347176 0.848485 0.586015 10.198039 -101.309932 4.365641 -14.036243 
35.000000 166.000000 155.070824 1.000000 32.000000 26.242000 0.779804 0.457143 9.553036 5.980429 -4.339966 0.780488 0.465747 10.440307 -163.300756 6.788225 -98.130102 
16.000000 165.000000 35.157493 1.000000 3.000000 3.920000 0.942809 1.000000 3.464102 1.154701 90.000000 1.000000 0.756007 3.162278 108.434949 1.000000 0.000000 
25.000000 165.000000 27.667480 6.000000 1.000000 0.000000 0.000000 1.000000 1.154701 1.154701 0.000000 1.000000 1.000000 1.414214 135.000000 1.000000 -90.000000 
40.000000 166.000000 132.128066 2.000000 20.000000 20.246000 0.907839 0.500000 8.915717 3.738536 21.238032 0.800000 0.459482 8.944272 153.434949 4.743416 -108.434949 
59.000000 165.000000 35.069357 2.000000 2.000000 1.960000 0.866025 1.000000 2.309401 1.154701 90.000000 1.000000 0.965669 2.236068 116.565051 1.000000 0.000000 
52.000000 167.000000 76.058474 1.000000 21.000000 18.178000 0.644797 0.583333 6.715969 5.133375 -40.323510 0.807692 0.580592 6.708204 -153.434949 6.000000 -90.000000 
33.000000 170.000000 97.545532 1.000000 30.000000 25.398000 0.826254 0.468750 9.354429 5.269324 -39.127679 0.810811 0.462845 9.433981 -122.005383 5.656854 -45.000000 
42.000000 169.000000 121.780894 1.000000 19.000000 16.954000 0.918467 0.452381 8.560749 3.385755 57.014609 0.863636 0.591237 9.219544 130.601295 4.160251 33.690068 
56.000000 169.000000 43.425965 1.000000 10.000000 8.998000 0.773102 0.666667 4.712847 2.989271 -82.311874 1.000000 0.852711 5.099020 101.309932 3.000000 0.000000 
5.000000 171.000000 96.403734 1.000000 6.000000 6.277000 0.456435 0.666667 3.265986 2.905933 -63.434949 1.000000 0.849942 3.605551 123.690068 3.000000 -90.000000 
16.000000 171.000000 73.381584 1.000000 33.000000 22.842000 0.874001 0.611111 10.476074 5.090574 -81.983165 0.785714 0.614222 9.848858 -113.962489 6.000000 0.000000 
26.000000 171.000000 118.082613 1.000000 45.000000 31.997000 0.902482 0.535714 14.059151 6.055670 -71.724776 0.737705 0.457988 13.416408 -116.565051 6.905428 159.443955 
46.000000 170.000000 89.782890 1.000000 16.000000 13.753000 0.787757 0.666667 6.465636 3.982739 -76.223594 0.888889 0.704424 6.403124 -128.659808 4.000000 0.000000 
52.000000 172.000000 72.920427 1.000000 13.000000 13.770000 0.927981 0.464286 7.508470 2.797856 71.542705 0.764706 0.571195 7.280110 105.945396 3.395499 14.036243 
9.000000 173.000000 129.348962 1.000000 24.000000 15.821000 0.702748 0.685714 6.782090 4.825043 -59.003272 0.960000 0.838737 7.615773 -113.198591 5.000000 0.000000 
5.000000 177.000000 44.419667 1.000000 13.000000 17.508000 0.969792 0.481481 9.472579 2.310690 8.546639 0.764706 0.383116 9.486833 161.565051 2.687006 -98.130102 
48.000000 174.000000 83.742491 1.000000 9.000000 10.032000 0.299566 0.562500 3.984056 3.801090 28.154966 0.900000 0.651694 4.472136 116.565051 4.000000 -90.000000 
16.000000 175.000000 123.735666 1.000000 20.000000 18.360000 0.824016 0.571429 7.377913 4.180079 -78.535048 0.769231 0.543624 7.810250 -129.805571 4.706787 -11.309932 
55.000000 176.000000 57.033159 1.000000 9.000000 9.552000 0.512148 0.562500 4.591995 3.944053 45.000000 0.692308 0.701913 5.000000 143.130102 4.000000 -90.000000 
24.000000 176.000000 166.731195 1.000000 40.000000 25.679000 0.901197 0.666667 11.357255 4.922340 -87.875944 0.888889 0.605151 12.041595 94.763642 5.000000 0.000000 
42.000000 176.000000 182.420976 1.000000 54.000000 33.817000 0.896636 0.562500 14.225296 6.298503 -73.199986 0.739726 0.496790 13.892444 -120.256437 7.692192 -15.945396 
12.000000 178.000000 58.454710 1.000000 15.000000 17.062000 0.834732 0.428571 6.998042 3.853522 15.420446 0.789474 0.461789 7.071068 171.869898 4.427189 -108.434949 
51.000000 177.000000 103.594675 1.000000 20.000000 13.406000 0.596867 0.666667 5.842374 4.687572 90.000000 0.909091 0.917847 6.324555 108.434949 5.000000 0.000000 
56.000000 178.000000 47.514274 1.000000 4.000000 5.053000 0.866025 0.666667 3.651484 1.825742 -71.565051 0.800000 0.748540 3.605551 -123.690068 2.000000 0.000000 
35.000000 179.000000 160.331199 1.000000 42.000000 35.694000 0.837355 0.477273 11.585977 6.333589 -16.330456 0.677419 0.349945 11.704700 -160.016893 7.155418 -63.434949 
9.000000 181.000000 58.146702 1.000000 21.000000 15.548000 0.832015 0.600000 7.444263 4.129723 -73.560759 0.913043 0.755491 7.615773 -113.198591 4.850713 165.963757 
20.000000 182.000000 70.379550 1.000000 5.000000 6.550000 0.889464 0.625000 4.253087 1.943686 84.847577 1.000000 0.668944 4.123106 104.036243 2.000000 0.000000 
29.000000 181.000000 169.528921 1.000000 33.000000 21.825000 0.908752 0.660000 10.590575 4.419825 2.411256 0.846154 0.665281 10.440307 163.300756 5.000000 -90.000000 
51.000000 182.000000 35.948144 1.000000 4.000000 5.053000 0.866025 0.666667 3.651484 1.825742 -71.565051 0.800000 0.748540 3.605551 -123.690068 2.000000 0.000000 
43.000000 184.000000 81.432376 1.000000 32.000000 21.891000 0.920416 0.727273 10.525311 4.114775 89.370373 0.914286 0.641724 11.045361 95.194429 4.000000 0.000000 
55.000000 184.000000 74.527118 1.000000 17.000000 14.804000 0.760476 0.485714 6.327652 4.108959 69.535907 0.850000 0.663351 7.280110 105.945396 4.600000 -143.130102 
9.000000 189.000000 63.036907 1.000000 36.000000 33.660000 0.969382 0.272727 16.229639 3.985319 -46.486717 0.705882 0.334025 16.278821 -137.489553 4.757083 -48.012788 
17.000000 185.000000 44.467564 7.000000 4.000000 4.590000 0.731925 0.666667 3.055050 2.081666 0.000000 1.000000 0.840876 3.162278 161.565051 2.000000 -90.000000 
20.000000 186.000000 43.267640 1.000000 4.000000 5.880000 0.968246 1.000000 4.618802 1.154701 90.000000 1.000000 0.617595 4.123106 104.036243 1.000000 0.000000 
36.000000 186.000000 171.486636 2.000000 14.000000 13.381000 0.657751 0.700000 5.485115 4.131583 65.592963 0.875000 0.644439 5.830952 120.963757 4.000000 0.000000 
48.000000 188.000000 170.327465 2.000000 35.000000 22.677000 0.911266 0.500000 11.037994 4.545638 55.097087 0.875000 0.659801 10.816654 123.690068 5.487955 30.963757 
19.000000 190.000000 41.364651 3.000000 14.000000 16.681000 0.950617 0.400000 8.870146 2.752999 -28.592862 0.736842 0.447731 8.602325 -144.462322 3.577709 116.565051 
32.000000 188.000000 123.996143 1.000000 13.000000 13.588000 0.886993 0.541667 6.635082 3.063970 -56.249697 0.866667 0.583690 7.211103 -123.690068 3.535534 -45.000000 
38.000000 189.000000 130.204060 8.000000 1.000000 0.000000 0.000000 1.000000 1.154701 1.154701 0.000000 1.000000 1.000000 1.414214 135.000000 1.000000 -90.000000 
58.000000 190.000000 47.161169 8.000000 3.000000 3.920000 0.942809 1.000000 3.464102 1.154701 0.000000 1.000000 0.756007 3.162278 161.565051 1.000000 -90.000000 
31.000000 190.000000 140.654129 5.000000 15.000000 16.954000 0.934012 0.375000 8.762370 3.130280 -24.738940 0.714286 0.466766 8.944272 -153.434949 3.807887 113.198591 
43.000000 190.000000 74.919415 1.000000 8.000000 7.220000 0.547723 0.666667 3.651484 3.055050 90.000000 1.000000 0.936369 4.123106 104.036243 3.000000 0.000000 
36.000000 192.000000 252.016106 6.000000 12.000000 11.628000 0.807206 0.600000 5.654343 3.337592 -16.845034 0.857143 0.691280 5.830952 -149.036243 4.000000 -90.000000 
41.000000 195.000000 198.224499 1.000000 26.000000 26.986000 0.810896 0.371429 9.942376 5.818189 38.989051 0.634146 0.359960 10.440307 163.300756 6.957011 -108.434949 
46.000000 193.000000 79.662660 2.000000 9.000000 12.364000 0.661945 0.562500 4.764672 3.571372 -48.421387 0.750000 0.470409 5.000000 -143.130102 4.000000 -90.000000 
52.000000 194.000000 169.589982 1.000000 24.000000 17.533000 0.893042 0.500000 8.687308 3.909050 63.815735 0.923077 0.705581 8.544004 110.556045 4.458963 -149.036243 
59.000000 197.000000 85.504117 2.000000 26.000000 26.126000 0.941967 0.433333 11.967169 4.017452 -1.216963 0.702703 0.381425 12.165525 -170.537678 5.000000 -90.000000 
17.000000 195.000000 49.930158 1.000000 20.000000 19.079000 0.943584 0.500000 9.815434 3.250217 73.147556 0.769231 0.509013 9.433981 122.005383 4.085297 -158.198591 
22.000000 194.000000 33.783566 1.000000 5.000000 7.683000 0.886943 0.625000 4.826670 2.229333 6.047379 0.714286 0.536237 4.472136 153.434949 2.000000 -90.000000 
33.000000 196.000000 139.234817 1.000000 15.000000 14.994000 0.912292 0.535714 7.450359 3.051217 17.358732 0.833333 0.573110 7.615773 156.801409 3.638034 75.963757 
10.000000 198.000000 85.071278 1.000000 18.000000 19.104000 0.974690 0.450000 10.832597 2.421720 -72.852272 0.818182 0.457082 10.770330 -111.801409 3.137858 -11.309932 
47.000000 198.000000 105.425430 2.000000 21.000000 15.085000 0.767495 0.700000 6.798595 4.358271 30.316964 0.954545 0.794361 7.211103 146.309932 4.949747 45.000000 
50.000000 200.000000 87.254769 1.000000 12.000000 14.051000 0.960659 0.428571 8.163196 2.267158 68.744776 0.800000 0.510162 8.062258 119.744881 2.846050 -161.565051 
36.000000 199.000000 143.772096 1.000000 16.000000 16.284000 0.935239 0.500000 8.693134 3.077515 78.123269 0.761905 0.532821 8.246211 104.036243 3.794733 -161.565051 
16.000000 200.000000 42.310672 11.000000 6.000000 6.368000 0.833333 0.750000 4.000000 2.211083 90.000000 1.000000 0.833753 4.123106 104.036243 2.000000 0.000000 
29.000000 201.000000 76.082059 1.000000 15.000000 13.125000 0.859079 0.500000 6.618994 3.387891 57.211549 1.000000 0.712374 6.708204 116.565051 4.024922 26.565051 
56.000000 202.000000 171.366435 1.000000 22.000000 15.656000 0.739708 0.523810 6.763939 4.551643 57.165621 0.956522 0.782399 7.280110 105.945396 4.949747 45.000000 
25.000000 202.000000 35.242019 1.000000 4.000000 5.880000 0.968246 1.000000 4.618802 1.154701 90.000000 1.000000 0.617595 4.123106 104.036243 1.000000 0.000000 
36.000000 204.000000 88.327371 1.000000 46.000000 40.839000 0.929555 0.365079 16.404413 6.048049 66.647471 0.647887 0.298845 16.124515 119.744881 7.155418 26.565051 
16.000000 208.000000 43.762105 1.000000 41.000000 42.120000 0.969690 0.210256 22.331082 5.456348 -47.648493 0.506173 0.251498 19.849433 -130.914383 6.104521 137.290610 
26.000000 205.000000 51.913741 4.000000 8.000000 10.404000 0.949321 0.400000 6.429101 2.020726 34.992020 1.000000 0.547903 6.403124 141.340192 2.683282 63.434949 
52.000000 206.000000 178.061952 3.000000 17.000000 13.216000 0.747502 0.708333 5.971121 3.966372 77.857087 0.944444 0.798399 6.324555 108.434949 4.000000 0.000000 
45.000000 205.000000 210.437063 1.000000 31.000000 23.413000 0.863491 0.484375 10.146274 5.117426 -39.447399 0.775000 0.552449 10.000000 -143.130102 6.363961 135.000000 
57.000000 208.000000 110.170466 1.000000 21.000000 21.271000 0.915293 0.525000 10.000128 4.027928 81.747819 0.636364 0.442794 8.944272 116.565051 5.000000 0.000000 
7.000000 208.000000 37.299451 1.000000 6.000000 6.368000 0.877058 0.750000 4.163332 2.000000 71.565051 1.000000 0.833753 4.472136 116.565051 2.000000 0.000000 
10.000000 209.000000 43.047349 11.000000 4.000000 7.220000 0.966087 0.333333 5.361879 1.384531 -58.282526 0.800000 0.468184 5.000000 -126.869898 1.788854 -26.565051 
27.000000 210.000000 56.666630 3.000000 11.000000 12.844000 0.953583 0.366667 7.597979 2.287992 51.107860 0.916667 0.540935 7.211103 123.690068 2.828427 45.000000 
49.000000 209.000000 192.566830 8.000000 9.000000 8.626000 0.503953 0.562500 3.944053 3.406602 26.565051 0.900000 0.816727 4.472136 153.434949 3.535534 45.000000 
43.000000 211.000000 154.788769 1.000000 52.000000 34.859000 0.946506 0.371429 15.863556 5.118946 -58.427117 0.732394 0.452514 14.866069 -109.653824 6.464504 151.389540 
52.000000 211.000000 142.521303 1.000000 13.000000 12.273000 0.716415 0.650000 5.306288 3.702060 74.196249 0.866667 0.687526 5.830952 120.963757 4.000000 0.000000 
7.000000 214.000000 29.997095 10.000000 2.000000 2.812000 0.925820 0.500000 3.055050 1.154701 -45.000000 1.000000 0.709058 2.828427 -135.000000 1.414214 -45.000000 
12.000000 216.000000 29.844501 5.000000 6.000000 11.628000 0.983425 0.250000 7.871654 1.427256 28.862178 0.750000 0.345640 7.211103 146.309932 1.788854 63.434949 
55.000000 215.000000 132.307533 1.000000 24.000000 16.582000 0.652856 0.571429 6.746874 5.110634 -25.317780 0.923077 0.775263 7.280110 -164.054604 5.813777 -63.434949 
28.000000 215.000000 74.119895 1.000000 38.000000 37.208000 0.979604 0.296875 17.172762 3.450648 66.629793 0.775510 0.293302 17.464249 113.629378 4.024922 26.565051 
34.000000 214.000000 43.490340 3.000000 9.000000 11.992000 0.964397 0.375000 7.460738 1.973054 37.027302 0.818182 0.493820 7.211103 146.309932 2.600000 -126.869898 
50.000000 217.000000 150.436458 6.000000 21.000000 16.491000 0.793720 0.600000 7.334785 4.461631 -17.882917 0.875000 0.684658 7.615773 -156.801409 4.850713 -75.963757 
59.000000 218.000000 249.308818 7.000000 1.000000 0.000000 0.000000 1.000000 1.154701 1.154701 0.000000 1.000000 1.000000 1.414214 135.000000 1.000000 -90.000000 
8.000000 220.000000 56.459113 1.000000 11.000000 11.512000 0.888607 0.611111 6.114005 2.804304 -83.791277 0.846154 0.643746 6.082763 99.462322 3.000000 0.000000 
16.000000 220.000000 53.265567 1.000000 39.000000 27.589000 0.965961 0.696429 14.430166 3.732920 -86.320138 0.866667 0.518958 14.142136 98.130102 4.000000 0.000000 
45.000000 221.000000 64.746381 1.000000 39.000000 43.758000 0.972377 0.293233 19.949250 4.656492 -81.543905 0.487500 0.222811 19.026298 93.012788 5.883484 168.690068 
59.000000 222.000000 119.208356 1.000000 12.000000 14.969000 0.947335 0.571429 8.074774 2.585907 81.384645 0.857143 0.459754 7.615773 113.198591 3.000000 0.000000 
28.000000 223.000000 31.810236 5.000000 3.000000 4.590000 0.928995 0.500000 3.854129 1.426385 28.154966 0.750000 0.630657 3.605551 146.309932 1.788854 -116.565051 
60.000000 223.000000 174.275238 1.000000 5.000000 7.013000 0.931488 0.625000 4.881890 1.775899 -79.099295 0.833333 0.609333 4.472136 -116.565051 2.000000 0.000000 
12.000000 225.000000 28.810556 6.000000 1.000000 0.000000 0.000000 1.000000 1.154701 1.154701 0.000000 1.000000 1.000000 1.414214 135.000000 1.000000 -90.000000 
25.000000 225.000000 30.577326 1.000000 4.000000 6.550000 0.946293 0.500000 4.820546 1.558527 -72.391204 0.800000 0.535155 4.472136 -116.565051 1.897367 161.565051 
11.000000 229.000000 33.813957 5.000000 6.000000 8.328000 0.953154 0.600000 5.526219 1.671596 17.608796 0.857143 0.573146 5.385165 158.198591 2.000000 -90.000000 
58.000000 228.000000 72.554077 1.000000 29.000000 28.119000 0.919779 0.376623 12.212092 4.792479 -22.176205 0.690476 0.372918 12.083046 -155.556045 5.555392 106.699244 
54.000000 228.000000 64.950796 2.000000 1.000000 0.000000 0.000000 1.000000 1.154701 1.154701 0.000000 1.000000 1.000000 1.414214 135.000000 1.000000 -90.000000 
18.000000 232.000000 39.894549 5.000000 6.000000 8.328000 0.953154 0.600000 5.526219 1.671596 17.608796 0.857143 0.573146 5.385165 158.198591 2.000000 -90.000000 
25.000000 232.000000 29.104976 1.000000 4.000000 6.368000 0.958153 0.500000 4.964579 1.421135 67.500000 0.800000 0.555835 4.472136 116.565051 1.788854 26.565051 
36.000000 231.000000 28.142799 12.000000 1.000000 0.000000 0.000000 1.000000 1.154701 1.154701 0.000000 1.000000 1.000000 1.414214 135.000000 1.000000 -90.000000 
47.000000 232.000000 30.198173 9.000000 1.000000 0.000000 0.000000 1.000000 1.154701 1.154701 0.000000 1.000000 1.000000 1.414214 135.000000 1.000000 -90.000000 
10.000000 235.000000 36.711115 1.000000 14.000000 16.168000 0.968732 0.777778 9.018500 2.237589 90.000000 1.000000 0.471837 9.055385 96.340192 2.000000 0.000000 
16.000000 236.000000 28.738263 6.000000 1.000000 0.000000 0.000000 1.000000 1.154701 1.154701 0.000000 1.000000 1.000000 1.414214 135.000000 1.000000 -90.000000 
52.000000 236.000000 29.773810 2.000000 3.000000 3.920000 0.942809 1.000000 3.464102 1.154701 90.000000 1.000000 0.756007 3.162278 108.434949 1.000000 0.000000 
