238
32.000000 116.000000 10.556278 1.000000 10476.000000 591.556000 0.961899 0.682031 285.270196 77.994239 0.821919 0.682031 0.372231 248.386795 165.068583 64.000000 -90.000000 
25.000000 5.000000 27.468686 1.000000 2.000000 1.960000 0.866025 1.000000 2.309401 1.154701 90.000000 1.000000 0.965669 2.236068 116.565051 1.000000 0.000000 
53.000000 6.000000 29.054260 8.000000 4.000000 4.408000 0.870424 0.666667 3.435909 1.691507 -31.717474 1.000000 0.881907 3.605551 -146.309932 2.000000 -90.000000 
13.000000 13.000000 61.191363 1.000000 56.000000 35.231000 0.973786 0.388889 18.381859 4.181283 66.519536 0.875000 0.477920 17.492856 120.963757 4.858338 23.198591 
35.000000 9.000000 26.798164 8.000000 1.000000 0.000000 0.000000 1.000000 1.154701 1.154701 0.000000 1.000000 1.000000 1.414214 135.000000 1.000000 -90.000000 
37.000000 13.000000 31.483047 8.000000 6.000000 7.683000 0.887101 0.500000 4.649380 2.146039 -35.072393 0.857143 0.643484 5.000000 -143.130102 2.683282 -63.434949 
58.000000 11.000000 38.766096 1.000000 14.000000 15.250000 0.965365 0.583333 8.836627 2.305511 75.063782 0.875000 0.520115 8.544004 110.556045 2.846050 18.434949 
42.000000 15.000000 49.565104 1.000000 18.000000 17.210000 0.962985 0.666667 9.804412 2.642844 81.595654 0.857143 0.546117 9.219544 102.528808 3.000000 0.000000 
21.000000 20.000000 66.136941 1.000000 89.000000 74.208000 0.996062 0.254286 40.739361 3.612083 76.450924 0.649635 0.186932 35.902646 102.875002 4.771383 13.392498 
58.000000 17.000000 30.067804 1.000000 8.000000 12.248000 0.977249 0.571429 7.743964 1.642465 77.612430 0.800000 0.424469 7.280110 105.945396 2.000000 0.000000 
37.000000 22.000000 48.473875 1.000000 27.000000 19.774000 0.933979 0.540000 10.165514 3.632432 72.446847 0.900000 0.646117 10.440307 106.699244 4.110961 18.434949 
56.000000 22.000000 32.205835 1.000000 8.000000 12.248000 0.976629 0.571429 7.831560 1.683251 78.690068 0.800000 0.424469 7.280110 105.945396 2.000000 0.000000 
44.000000 26.000000 33.675492 1.000000 31.000000 45.263000 0.994317 0.140909 26.012587 2.769219 64.079815 0.492063 0.166264 22.360680 116.565051 4.171613 -157.166346 
30.000000 26.000000 43.946573 1.000000 19.000000 19.493000 0.938289 0.395833 9.408588 3.253974 60.090691 0.791667 0.466035 8.944272 116.565051 4.115966 -149.036243 
54.000000 29.000000 48.560144 1.000000 27.000000 31.286000 0.991817 0.257143 18.619599 2.377125 68.968571 0.710526 0.286260 16.552945 115.016893 3.246559 -160.016893 
14.000000 28.000000 43.911830 1.000000 33.000000 29.574000 0.971351 0.507692 15.350327 3.647981 79.452972 0.717391 0.387449 13.928388 111.037511 5.000000 0.000000 
22.000000 26.000000 44.812003 1.000000 15.000000 15.341000 0.899200 0.535714 7.646009 3.345426 -74.518122 0.833333 0.551792 7.615773 -113.198591 4.000000 0.000000 
26.000000 29.000000 33.763569 2.000000 4.000000 5.814000 0.774597 0.444444 3.651484 2.309401 45.000000 0.800000 0.626731 3.605551 123.690068 2.683282 -153.434949 
5.000000 30.000000 42.218620 1.000000 6.000000 6.277000 0.456435 0.666667 3.265986 2.905933 -63.434949 0.857143 0.849942 3.605551 123.690068 3.000000 -90.000000 
8.000000 32.000000 33.037262 1.000000 6.000000 10.495000 0.826640 0.375000 5.163978 2.905933 -51.340192 0.666667 0.405461 5.000000 -143.130102 3.328201 -56.309932 
19.000000 35.000000 53.254928 1.000000 1.000000 0.000000 0.000000 1.000000 1.154701 1.154701 0.000000 1.000000 1.000000 1.414214 135.000000 1.000000 -90.000000 
41.000000 34.000000 35.957534 1.000000 17.000000 20.576000 0.980190 0.515152 11.331287 2.244273 -77.096971 0.809524 0.379767 11.401754 -105.255119 2.910428 -14.036243 
59.000000 44.000000 64.981221 2.000000 75.000000 43.137000 0.972062 0.625000 21.157850 4.966283 9.372455 0.833333 0.440059 20.880613 163.300756 6.000000 -90.000000 
10.000000 38.000000 73.914878 1.000000 37.000000 23.479000 0.914337 0.672727 11.182568 4.528415 -80.270034 0.925000 0.656109 11.704700 -109.983107 5.000000 0.000000 
24.000000 39.000000 54.597895 1.000000 46.000000 37.828000 0.983212 0.511111 20.097165 3.667068 81.565620 0.730159 0.344385 18.248288 99.462322 4.436252 -174.805571 
5.000000 39.000000 38.080929 1.000000 4.000000 5.905000 0.926289 0.444444 4.355771 1.641317 -39.690172 0.800000 0.614186 4.242641 -135.000000 2.121320 -45.000000 
34.000000 40.000000 38.517472 1.000000 19.000000 17.897000 0.597792 0.527778 6.558452 5.257594 -60.056867 0.730769 0.539424 7.211103 -146.309932 5.375872 -18.434949 
45.000000 41.000000 49.304128 1.000000 58.000000 39.440000 0.982173 0.763158 21.012805 3.949930 -89.122061 0.865672 0.401970 19.235384 98.972627 4.000000 0.000000 
12.000000 45.000000 39.720405 4.000000 6.000000 8.998000 0.940866 0.375000 5.717717 1.937049 50.309828 0.666667 0.511626 5.656854 135.000000 2.496151 33.690068 
23.000000 45.000000 35.011841 1.000000 13.000000 17.326000 0.979778 0.361111 10.043738 2.009608 71.273765 0.764706 0.389960 9.848858 113.962489 2.529822 18.434949 
7.000000 50.000000 42.223533 1.000000 21.000000 18.550000 0.925896 0.428571 9.004077 3.401557 46.196707 0.807692 0.560849 9.899495 135.000000 4.242641 45.000000 
14.000000 48.000000 38.181269 1.000000 8.000000 9.461000 0.910892 0.533333 5.710814 2.356539 -76.243999 0.800000 0.632966 5.385165 -111.801409 2.667892 -14.036243 
17.000000 49.000000 32.747001 1.000000 5.000000 4.962000 0.765092 0.833333 3.306559 2.129163 18.434949 1.000000 0.956808 3.605551 146.309932 2.000000 -90.000000 
29.000000 51.000000 27.271620 6.000000 2.000000 1.960000 0.866025 1.000000 2.309401 1.154701 0.000000 1.000000 0.965669 2.236068 153.434949 1.000000 -90.000000 
31.000000 53.000000 33.130359 6.000000 11.000000 13.290000 0.966358 0.523810 8.093624 2.081698 16.948083 0.785714 0.511968 7.615773 156.801409 2.529822 71.565051 
51.000000 51.000000 36.899785 1.000000 17.000000 16.011000 0.950575 0.531250 8.977683 2.787524 -72.140023 0.850000 0.582376 8.944272 -116.565051 3.333974 168.690068 
38.000000 54.000000 41.494286 3.000000 11.000000 9.643000 0.848965 0.733333 5.323477 2.813190 24.337250 1.000000 0.845724 5.830952 149.036243 3.000000 -90.000000 
47.000000 57.000000 36.624524 3.000000 18.000000 21.618000 0.984509 0.409091 12.657438 2.219248 12.712088 0.750000 0.368974 11.704700 160.016893 2.745626 -101.309932 
8.000000 56.000000 50.459079 1.000000 11.000000 12.736000 0.959632 0.523810 7.557977 2.125759 68.824403 0.916667 0.548319 7.615773 113.198591 2.683282 26.565051 
41.000000 56.000000 53.526821 1.000000 12.000000 11.140000 0.893593 0.666667 6.051540 2.716405 66.576195 1.000000 0.739329 6.708204 116.565051 3.000000 0.000000 
58.000000 55.000000 59.359281 1.000000 13.000000 14.051000 0.657862 0.541667 5.408159 4.073093 -79.019718 0.764706 0.552676 6.324555 -108.434949 4.000000 0.000000 
28.000000 56.000000 27.580174 1.000000 1.000000 0.000000 0.000000 1.000000 1.154701 1.154701 0.000000 1.000000 1.000000 1.414214 135.000000 1.000000 -90.000000 
35.000000 58.000000 59.378017 2.000000 11.000000 11.810000 0.927183 0.458333 6.674388 2.500289 63.711923 0.916667 0.618340 6.708204 116.565051 3.130495 26.565051 
55.000000 62.000000 69.632286 1.000000 49.000000 32.179000 0.968806 0.765625 16.885240 4.184538 -0.602153 0.890909 0.493571 16.124515 -172.874984 4.000000 -90.000000 
36.000000 59.000000 37.301130 2.000000 7.000000 8.907000 0.941151 0.437500 5.834644 1.972029 36.174938 0.875000 0.605948 5.656854 135.000000 2.496151 -123.690068 
20.000000 63.000000 39.310131 1.000000 25.000000 32.502000 0.986934 0.208333 17.159263 2.764771 -68.918200 0.609756 0.247279 17.000000 -118.072487 3.846154 157.380135 
9.000000 62.000000 38.283823 1.000000 21.000000 19.840000 0.952185 0.525000 9.993318 3.053163 77.559515 0.913043 0.499653 10.198039 101.309932 3.638034 14.036243 
28.000000 64.000000 46.052043 5.000000 10.000000 9.643000 0.849208 0.666667 5.266245 2.780887 -10.304846 1.000000 0.768840 5.385165 -158.198591 3.000000 -90.000000 
37.000000 66.000000 55.560714 1.000000 36.000000 27.680000 0.973081 0.642857 14.963225 3.448481 82.976618 0.857143 0.476214 14.317821 102.094757 3.845077 -172.874984 
17.000000 69.000000 49.350881 1.000000 43.000000 36.794000 0.973257 0.597222 16.732490 3.843802 -83.789535 0.754386 0.338811 18.248288 -99.462322 4.000000 0.000000 
29.000000 70.000000 47.606265 1.000000 15.000000 15.738000 0.964839 0.468750 9.210912 2.421017 -20.821054 0.833333 0.528830 8.944272 -153.434949 3.130495 -63.434949 
46.000000 71.000000 30.722540 7.000000 6.000000 9.643000 0.949846 0.600000 6.168970 1.929143 -10.625253 0.750000 0.461304 5.385165 -158.198591 2.000000 -90.000000 
52.000000 70.000000 28.942396 1.000000 8.000000 12.554000 0.878247 0.444444 6.639667 3.175137 80.116416 0.615385 0.408079 6.324555 108.434949 3.000000 0.000000 
59.000000 73.000000 42.765797 2.000000 15.000000 13.935000 0.871885 0.625000 7.061952 3.458315 12.898013 0.882353 0.646396 6.708204 153.434949 4.000000 -90.000000 
56.000000 72.000000 41.329331 1.000000 5.000000 8.328000 0.969048 0.500000 6.024504 1.487286 -17.143438 0.833333 0.477622 5.385165 -158.198591 1.897367 108.434949 
16.000000 77.000000 67.977950 1.000000 44.000000 41.202000 0.987724 0.440000 22.318861 3.486392 81.767784 0.687500 0.281191 20.396078 101.309932 4.510671 -168.690068 
46.000000 78.000000 34.142437 6.000000 9.000000 12.248000 0.970689 0.642857 7.724292 1.856454 -9.217474 0.900000 0.477527 7.280110 -164.054604 2.000000 -90.000000 
54.000000 75.000000 40.565810 6.000000 9.000000 8.626000 0.503953 0.562500 3.944053 3.406602 63.434949 1.000000 0.816727 4.472136 116.565051 3.535534 45.000000 
36.000000 81.000000 33.777001 7.000000 9.000000 11.628000 0.969138 0.375000 7.542445 1.859355 -33.233826 0.818182 0.518460 7.211103 -146.309932 2.496151 -56.309932 
57.000000 83.000000 60.663834 1.000000 86.000000 38.630000 0.940552 0.682540 18.478005 6.276067 -1.195330 0.886598 0.619364 18.027756 176.820170 7.000000 -90.000000 
6.000000 79.000000 77.935114 1.000000 11.000000 9.552000 0.825584 0.733333 5.186141 2.926431 76.717474 1.000000 0.857894 5.385165 111.801409 3.000000 0.000000 
21.000000 89.000000 53.410792 1.000000 62.000000 67.577000 0.996676 0.110714 35.678067 2.906501 -56.027575 0.659574 0.155788 34.409301 -125.537678 3.996225 145.619655 
29.000000 84.000000 32.913557 1.000000 8.000000 10.288000 0.955077 0.666667 6.262737 1.856014 76.717474 0.888889 0.557409 6.324555 108.434949 2.000000 0.000000 
46.000000 85.000000 33.044294 4.000000 5.000000 7.683000 0.910814 0.625000 4.914358 2.028731 13.282526 0.833333 0.536237 4.472136 153.434949 2.000000 -90.000000 
49.000000 85.000000 41.925334 1.000000 4.000000 7.220000 0.966087 0.333333 5.361879 1.384531 58.282526 0.800000 0.468184 5.000000 126.869898 1.788854 26.565051 
6.000000 86.000000 30.215775 10.000000 4.000000 6.550000 0.946293 0.500000 4.820546 1.558527 -72.391204 0.800000 0.535155 4.472136 -116.565051 1.897367 -18.434949 
10.000000 87.000000 40.978068 1.000000 10.000000 10.288000 0.928132 0.833333 6.110101 2.274496 90.000000 1.000000 0.696762 6.082763 99.462322 2.000000 0.000000 
38.000000 89.000000 43.766370 1.000000 34.000000 34.718000 0.987603 0.500000 18.727796 2.939761 82.332997 0.708333 0.298083 17.464249 103.240520 3.959798 8.130102 
7.000000 89.000000 39.935940 1.000000 5.000000 6.550000 0.889464 0.625000 4.253087 1.943686 84.847577 1.000000 0.668944 4.123106 104.036243 2.000000 0.000000 
49.000000 89.000000 33.160510 1.000000 14.000000 17.442000 0.976426 0.291667 9.939728 2.145499 -58.615626 0.823529 0.415237 10.000000 -126.869898 2.683282 -26.565051 
56.000000 92.000000 53.712510 1.000000 3.000000 3.093000 0.730297 0.750000 2.581989 1.763834 -45.000000 1.000000 0.969873 2.828427 -135.000000 2.000000 -90.000000 
13.000000 94.000000 31.006923 1.000000 12.000000 12.736000 0.942204 0.571429 7.425861 2.487955 75.321123 0.857143 0.598166 7.280110 105.945396 2.910428 14.036243 
58.000000 97.000000 57.457917 1.000000 29.000000 24.430000 0.926220 0.580000 10.957698 4.130862 1.768364 0.805556 0.479385 10.440307 163.300756 4.949747 81.869898 
23.000000 100.000000 32.009406 8.000000 15.000000 19.121000 0.937793 0.357143 8.732047 3.031725 -40.238872 0.789474 0.380320 9.219544 -139.398705 3.535534 -45.000000 
7.000000 100.000000 33.558441 1.000000 11.000000 12.364000 0.933985 0.458333 6.850089 2.447629 -61.434339 0.916667 0.574944 7.211103 -123.690068 3.130495 -26.565051 
12.000000 101.000000 44.829856 1.000000 8.000000 8.328000 0.908403 0.800000 5.109174 2.136119 79.099295 1.000000 0.764194 5.385165 111.801409 2.000000 0.000000 
47.000000 102.000000 62.367181 1.000000 51.000000 40.350000 0.980853 0.447368 20.516989 3.995639 -77.830890 0.739130 0.338820 19.416488 -101.888658 4.850713 -14.036243 
60.000000 101.000000 43.975175 1.000000 5.000000 4.962000 0.765092 0.833333 3.306559 2.129163 -71.565051 1.000000 0.956808 3.605551 -123.690068 2.000000 0.000000 
10.000000 103.000000 30.799020 9.000000 2.000000 2.812000 0.925820 0.500000 3.055050 1.154701 -45.000000 1.000000 0.709058 2.828427 -135.000000 1.414214 -45.000000 
32.000000 105.000000 50.114776 1.000000 34.000000 29.574000 0.984016 0.453333 16.499932 2.938274 -77.215947 0.829268 0.399190 15.524175 -104.931417 3.470887 167.471192 
11.000000 106.000000 36.478592 1.000000 21.000000 22.536000 0.984153 0.583333 13.237265 2.347236 81.305451 0.840000 0.400240 12.369317 104.036243 2.828427 -171.869898 
19.000000 105.000000 37.033170 1.000000 9.000000 10.288000 0.942932 0.750000 6.161450 2.051676 79.721977 0.900000 0.627085 6.324555 108.434949 2.000000 0.000000 
57.000000 105.000000 38.657574 1.000000 2.000000 1.960000 0.866025 1.000000 2.309401 1.154701 90.000000 1.000000 0.965669 2.236068 116.565051 1.000000 0.000000 
16.000000 110.000000 35.566017 1.000000 16.000000 18.244000 0.890720 0.500000 8.067987 3.667323 4.525967 0.727273 0.439630 8.246211 -165.963757 4.000000 -90.000000 
44.000000 109.000000 27.492639 1.000000 1.000000 0.000000 0.000000 1.000000 1.154701 1.154701 0.000000 1.000000 1.000000 1.414214 135.000000 1.000000 -90.000000 
51.000000 110.000000 33.747618 1.000000 11.000000 17.971000 0.978730 0.611111 10.495829 2.153246 86.473112 0.687500 0.310113 9.219544 102.528808 2.000000 0.000000 
56.000000 110.000000 45.736322 1.000000 7.000000 6.922000 0.856222 0.875000 4.312826 2.228038 -81.650378 1.000000 0.868564 4.472136 -116.565051 2.000000 0.000000 
27.000000 111.000000 28.210587 2.000000 6.000000 9.643000 0.949846 0.600000 6.168970 1.929143 -79.374747 0.750000 0.461304 5.385165 -111.801409 2.000000 0.000000 
7.000000 111.000000 37.301770 11.000000 5.000000 4.962000 0.765092 0.833333 3.306559 2.129163 71.565051 1.000000 0.956808 3.605551 123.690068 2.000000 0.000000 
59.000000 111.000000 32.953138 1.000000 9.000000 10.685000 0.883352 0.450000 5.962251 2.794564 50.334891 0.818182 0.591592 5.830952 120.963757 3.328201 -146.309932 
20.000000 115.000000 40.443854 2.000000 18.000000 17.624000 0.879981 0.428571 8.215135 3.902256 64.604706 0.720000 0.524558 7.810250 129.805571 4.743416 18.434949 
11.000000 113.000000 53.471334 1.000000 26.000000 19.559000 0.903459 0.722222 9.333219 4.000923 89.847416 0.896552 0.634029 9.219544 -102.528808 4.000000 0.000000 
55.000000 115.000000 35.028341 7.000000 19.000000 20.047000 0.858074 0.452381 8.471362 4.350270 -40.900966 0.703704 0.444032 8.602325 -144.462322 4.919350 116.565051 
39.000000 115.000000 35.107997 1.000000 10.000000 12.248000 0.951244 0.714286 7.023769 2.166410 90.000000 1.000000 0.530586 7.071068 98.130102 2.000000 0.000000 
12.000000 122.000000 53.407090 1.000000 38.000000 40.648000 0.973461 0.234568 20.575036 4.708624 -72.581260 0.487179 0.249030 19.697716 -113.962489 5.547002 -19.440035 
15.000000 117.000000 43.403223 1.000000 10.000000 11.512000 0.894273 0.500000 6.213963 2.780887 59.743563 0.833333 0.585223 6.403124 128.659808 3.328201 33.690068 
47.000000 120.000000 40.268065 1.000000 41.000000 40.259000 0.982988 0.359649 21.314763 3.914933 80.979341 0.585714 0.273528 19.416488 101.888658 4.902903 -168.690068 
29.000000 119.000000 27.687797 12.000000 1.000000 0.000000 0.000000 1.000000 1.154701 1.154701 0.000000 1.000000 1.000000 1.414214 135.000000 1.000000 -90.000000 
18.000000 119.000000 37.191402 7.000000 4.000000 5.880000 0.968246 1.000000 4.618802 1.154701 0.000000 1.000000 0.617595 4.123106 165.963757 1.000000 -90.000000 
59.000000 123.000000 40.399130 1.000000 43.000000 30.244000 0.941401 0.511905 14.216730 4.795169 -13.553621 0.754386 0.484797 14.317821 -167.905243 6.000000 -90.000000 
37.000000 126.000000 46.766245 2.000000 22.000000 17.996000 0.903275 0.550000 8.620271 3.698637 19.056680 0.785714 0.618759 8.544004 159.443955 4.270993 68.198591 
24.000000 125.000000 76.371165 1.000000 18.000000 15.275000 0.886299 0.514286 7.480015 3.464102 -71.565051 0.857143 0.666905 7.280110 -105.945396 3.794733 -18.434949 
50.000000 128.000000 50.331762 1.000000 18.000000 19.675000 0.933874 0.375000 9.432309 3.373014 63.281792 0.750000 0.434491 9.219544 130.601295 4.427189 18.434949 
19.000000 128.000000 35.624188 1.000000 8.000000 10.032000 0.819178 0.533333 5.033223 2.886751 14.036243 0.800000 0.579284 5.385165 158.198591 3.000000 -90.000000 
32.000000 128.000000 50.889971 1.000000 18.000000 19.567000 0.965475 0.400000 11.155467 2.905933 -68.198591 0.692308 0.438634 9.848858 -113.962489 3.528211 -21.801409 
12.000000 130.000000 74.065264 1.000000 43.000000 28.805000 0.960776 0.767857 14.403389 3.994423 -82.408545 0.955556 0.529455 14.560220 -105.945396 4.000000 0.000000 
28.000000 131.000000 46.739966 1.000000 12.000000 13.952000 0.860778 0.500000 6.399031 3.256986 -2.521226 0.750000 0.516089 6.324555 161.565051 3.922323 78.690068 
44.000000 130.000000 41.092827 1.000000 13.000000 12.364000 0.606691 0.650000 5.076207 4.035270 58.026748 0.866667 0.679480 5.656854 135.000000 4.000000 0.000000 
56.000000 130.000000 28.064772 1.000000 2.000000 1.960000 0.866025 1.000000 2.309401 1.154701 90.000000 1.000000 0.965669 2.236068 116.565051 1.000000 0.000000 
6.000000 131.000000 31.747389 2.000000 5.000000 4.962000 0.765092 0.833333 3.306559 2.129163 -71.565051 1.000000 0.956808 3.605551 -123.690068 2.000000 0.000000 
32.000000 132.000000 51.786897 3.000000 6.000000 10.495000 0.968948 0.300000 6.787639 1.678346 49.731161 0.750000 0.405461 6.403124 128.659808 2.121320 45.000000 
59.000000 133.000000 38.905181 5.000000 4.000000 5.053000 0.866025 0.666667 3.651484 1.825742 18.434949 1.000000 0.748540 3.605551 146.309932 2.000000 -90.000000 
37.000000 136.000000 74.160485 3.000000 40.000000 27.986000 0.961298 0.571429 14.305022 3.941195 -8.724007 0.851064 0.518775 14.142136 -171.869898 4.510671 101.309932 
8.000000 138.000000 43.011573 1.000000 13.000000 18.749000 0.875992 0.309524 8.004337 3.860693 -29.593810 0.619048 0.340909 8.062258 -150.255119 4.743416 108.434949 
46.000000 134.000000 72.022426 6.000000 19.000000 13.679000 0.663042 0.633333 5.925574 4.435778 25.413171 0.950000 0.843880 6.708204 153.434949 4.949747 45.000000 
26.000000 141.000000 66.481939 1.000000 39.000000 30.931000 0.963493 0.325000 14.924961 3.995926 -37.245901 0.764706 0.422147 15.000000 -143.130102 4.949747 -45.000000 
60.000000 135.000000 57.475849 2.000000 7.000000 9.180000 0.776422 0.437500 4.934031 3.109492 -55.427229 0.777778 0.579394 5.000000 -126.869898 3.328201 146.309932 
31.000000 138.000000 84.004446 1.000000 31.000000 24.455000 0.951107 0.402597 12.215970 3.773052 -24.129828 0.815789 0.511518 12.083046 -155.556045 4.365989 113.962489 
49.000000 137.000000 71.112324 7.000000 6.000000 10.214000 0.939329 0.400000 6.015537 2.063433 -64.392182 0.750000 0.422702 5.830952 -120.963757 2.529822 161.565051 
16.000000 139.000000 27.840483 3.000000 1.000000 0.000000 0.000000 1.000000 1.154701 1.154701 0.000000 1.000000 1.000000 1.414214 135.000000 1.000000 -90.000000 
47.000000 140.000000 108.718506 2.000000 21.000000 17.715000 0.890758 0.656250 8.242786 3.746171 -8.693114 0.840000 0.606656 8.544004 -159.443955 4.000000 -90.000000 
59.000000 138.000000 136.054296 2.000000 23.000000 15.085000 0.295573 0.638889 5.735417 5.479159 -20.366053 0.920000 0.870015 6.403124 -141.340192 5.656854 -45.000000 
13.000000 140.000000 66.726944 1.000000 23.000000 24.166000 0.945303 0.418182 11.133310 3.631620 -84.633467 0.676471 0.387588 11.180340 100.304846 4.465250 172.874984 
6.000000 142.000000 60.755597 1.000000 14.000000 10.867000 0.780855 0.700000 5.513256 3.444199 -66.875379 0.933333 0.896497 5.830952 -120.963757 4.000000 0.000000 
52.000000 143.000000 143.259759 1.000000 49.000000 28.375000 0.791934 0.544444 10.843720 6.621248 42.740289 0.830508 0.619908 11.401754 127.874984 7.600000 -126.869898 
34.000000 143.000000 71.920425 7.000000 10.000000 10.867000 0.659164 0.625000 4.759740 3.579322 67.170728 0.833333 0.640355 5.000000 126.869898 3.794733 -161.565051 
59.000000 145.000000 92.669772 8.000000 14.000000 13.307000 0.921069 0.466667 7.289694 2.838598 -38.032204 0.933333 0.650250 7.211103 -146.309932 3.535534 135.000000 
10.000000 144.000000 44.805447 10.000000 6.000000 6.368000 0.833333 0.750000 4.000000 2.211083 90.000000 1.000000 0.833753 4.123106 104.036243 2.000000 0.000000 
19.000000 144.000000 40.675177 1.000000 3.000000 5.624000 0.769800 0.500000 3.464102 2.211083 90.000000 0.750000 0.490646 3.162278 108.434949 2.000000 0.000000 
38.000000 145.000000 100.314621 8.000000 8.000000 7.220000 0.547723 0.666667 3.651484 3.055050 0.000000 1.000000 0.936369 4.123106 165.963757 3.000000 -90.000000 
45.000000 146.000000 185.325707 1.000000 31.000000 19.303000 0.765446 0.553571 8.160569 5.251330 65.475667 0.939394 0.773300 8.544004 110.556045 6.127946 -158.198591 
18.000000 151.000000 42.038202 7.000000 19.000000 24.282000 0.989118 0.211111 14.139055 2.080194 -47.652462 0.826087 0.317479 13.453624 -131.987212 2.828427 -45.000000 
33.000000 148.000000 80.922709 7.000000 17.000000 16.772000 0.879262 0.404762 7.897451 3.761863 -33.867185 0.708333 0.538716 7.280110 -164.054604 4.400000 126.869898 
55.000000 149.000000 76.523403 7.000000 16.000000 16.962000 0.647269 0.533333 6.514827 4.966004 69.852256 0.727273 0.497488 6.403124 128.659808 5.000000 0.000000 
22.000000 151.000000 37.760172 10.000000 9.000000 12.844000 0.975455 0.300000 7.926545 1.745402 -48.797322 0.900000 0.442583 7.810250 -129.805571 2.121320 -45.000000 
40.000000 150.000000 206.696422 2.000000 20.000000 16.400000 0.869541 0.625000 7.653709 3.779869 82.247639 0.952381 0.658143 8.062258 97.125016 4.000000 0.000000 
12.000000 153.000000 43.360050 1.000000 29.000000 25.406000 0.980436 0.345238 14.652492 2.884156 -62.927866 0.878788 0.447166 13.416408 -116.565051 3.577709 -26.565051 
49.000000 152.000000 105.960956 4.000000 36.000000 32.990000 0.800786 0.467532 11.319554 6.779857 87.595301 0.679245 0.346528 11.180340 100.304846 7.000000 0.000000 
60.000000 151.000000 48.216461 1.000000 8.000000 10.214000 0.907830 0.400000 5.659833 2.373385 -32.688218 0.888889 0.563603 5.830952 -149.036243 2.828427 -45.000000 
42.000000 154.000000 136.694967 1.000000 22.000000 18.550000 0.948454 0.458333 10.203488 3.233623 -64.527309 0.758621 0.587557 9.433981 -122.005383 4.024922 153.434949 
57.000000 153.000000 49.378635 2.000000 8.000000 13.398000 0.939864 0.444444 7.186259 2.454454 -76.998327 0.615385 0.367494 6.324555 -108.434949 2.667892 165.963757 
32.000000 156.000000 172.520299 1.000000 60.000000 32.420000 0.931963 0.454545 15.144856 5.490800 45.382844 0.937500 0.596209 14.422205 146.309932 5.656854 45.000000 
53.000000 154.000000 73.588210 7.000000 8.000000 12.455000 0.815388 0.500000 5.501947 3.185161 48.209393 0.800000 0.413276 5.656854 135.000000 3.535534 45.000000 
19.000000 156.000000 68.455619 1.000000 12.000000 10.958000 0.868313 0.666667 5.882065 2.917605 -83.100257 0.923077 0.758539 6.082763 99.462322 3.000000 0.000000 
56.000000 156.000000 65.527541 2.000000 6.000000 5.905000 0.632456 0.666667 3.333333 2.581989 -45.000000 1.000000 0.921279 3.605551 -146.309932 2.828427 -45.000000 
58.000000 158.000000 54.603532 1.000000 13.000000 12.364000 0.913027 0.541667 6.706818 2.735703 62.045646 0.928571 0.679480 7.211103 123.690068 3.478505 -161.565051 
17.000000 158.000000 32.023774 3.000000 2.000000 1.960000 0.866025 1.000000 2.309401 1.154701 0.000000 1.000000 0.965669 2.236068 153.434949 1.000000 -90.000000 
23.000000 158.000000 46.193338 1.000000 11.000000 9.552000 0.415207 0.687500 4.237386 3.854865 35.008447 0.916667 0.857894 5.000000 126.869898 4.000000 -90.000000 
39.000000 158.000000 74.710994 1.000000 1.000000 0.000000 0.000000 1.000000 1.154701 1.154701 0.000000 1.000000 1.000000 1.414214 135.000000 1.000000 -90.000000 
12.000000 160.000000 41.742142 1.000000 9.000000 12.736000 0.975959 0.428571 8.392373 1.829165 73.997308 0.750000 0.448625 7.615773 113.198591 2.182821 14.036243 
48.000000 160.000000 111.485036 1.000000 37.000000 31.766000 0.878658 0.480519 11.925403 5.693794 -68.177139 0.637931 0.381568 11.401754 -105.255119 6.575959 170.537678 
42.000000 161.000000 126.800948 1.000000 20.000000 15.068000 0.818916 0.666667 7.145034 4.100629 61.733636 0.869565 0.757948 7.211103 123.690068 4.743416 -161.565051 
35.000000 163.000000 99.594200 1.000000 32.000000 24.637000 0.897849 0.533333 10.622518 4.677142 -78.578399 0.780488 0.521122 10.440307 -106.699244 5.425167 -9.462322 
27.000000 164.000000 198.385505 2.000000 26.000000 16.127000 0.679389 0.619048 6.930123 5.085174 13.733959 0.962963 0.880001 7.280110 164.054604 5.366563 63.434949 
54.000000 163.000000 41.920230 1.000000 10.000000 11.992000 0.629326 0.500000 4.827953 3.752004 32.161592 0.769231 0.548688 5.830952 149.036243 4.000000 -90.000000 
42.000000 166.000000 67.165104 1.000000 14.000000 16.565000 0.951810 0.583333 9.180935 2.815692 -79.474648 0.777778 0.453017 8.544004 -110.556045 3.000000 0.000000 
50.000000 166.000000 47.757241 1.000000 13.000000 13.679000 0.912395 0.433333 7.045576 2.883828 58.341230 0.812500 0.577392 7.211103 123.690068 3.328201 33.690068 
16.000000 169.000000 99.967718 1.000000 59.000000 37.141000 0.978433 0.546296 20.054571 4.142598 80.945831 0.819444 0.456906 18.439089 102.528808 4.666905 8.130102 
30.000000 168.000000 119.421700 1.000000 26.000000 17.599000 0.863880 0.812500 8.358490 4.210154 84.079783 0.962963 0.759523 8.544004 110.556045 4.000000 0.000000 
37.000000 169.000000 91.206455 1.000000 17.000000 12.827000 0.679337 0.850000 5.634268 4.134574 -72.734587 0.944444 0.837771 6.403124 -128.659808 4.000000 0.000000 
6.000000 169.000000 37.844814 1.000000 8.000000 7.501000 0.765333 0.666667 4.260095 2.741945 65.592963 1.000000 0.887575 4.472136 116.565051 3.000000 0.000000 
33.000000 174.000000 88.481693 1.000000 19.000000 22.876000 0.948501 0.351852 10.992954 3.482290 21.806242 0.678571 0.352719 9.848858 156.037511 4.472136 63.434949 
44.000000 170.000000 61.849730 1.000000 16.000000 14.051000 0.860182 0.666667 7.006226 3.573088 75.372146 0.842105 0.680216 6.708204 116.565051 3.880570 14.036243 
48.000000 169.000000 44.535349 1.000000 7.000000 6.368000 0.353094 0.777778 3.236694 3.028212 0.000000 1.000000 0.972712 3.605551 123.690068 3.000000 -90.000000 
7.000000 171.000000 35.838146 1.000000 4.000000 5.624000 0.000000 0.444444 3.055050 3.055050 0.000000 0.800000 0.654195 3.162278 108.434949 2.828427 -45.000000 
24.000000 173.000000 160.762006 3.000000 40.000000 22.404000 0.848131 0.571429 10.060303 5.329818 20.960555 0.930233 0.770261 10.770330 158.198591 5.813777 63.434949 
41.000000 173.000000 53.413242 2.000000 15.000000 16.210000 0.802198 0.500000 6.465879 3.860508 -29.751871 0.833333 0.503347 7.211103 -146.309932 4.242641 -45.000000 
46.000000 174.000000 45.948729 1.000000 16.000000 16.011000 0.919021 0.457143 7.995053 3.151712 63.381885 0.761905 0.548119 8.602325 125.537678 3.577709 26.565051 
38.000000 176.000000 91.231294 1.000000 16.000000 12.091000 0.744611 0.666667 5.738590 3.830503 -79.572771 0.888889 0.866527 6.324555 -108.434949 4.000000 0.000000 
9.000000 176.000000 61.175775 1.000000 26.000000 19.931000 0.918857 0.577778 10.036623 3.960348 78.344175 0.812500 0.613748 9.848858 113.962489 5.000000 0.000000 
15.000000 177.000000 93.045800 1.000000 25.000000 16.491000 0.373342 0.595238 6.095185 5.654466 -82.844479 0.961538 0.815069 7.280110 105.945396 6.000000 0.000000 
21.000000 178.000000 172.997952 1.000000 15.000000 11.438000 0.543149 0.600000 4.958494 4.163332 -45.000000 1.000000 0.886769 5.385165 -158.198591 4.242641 -45.000000 
34.000000 178.000000 198.186045 1.000000 14.000000 12.844000 0.771584 0.466667 5.758877 3.663382 30.127559 0.933333 0.688463 6.324555 161.565051 4.160251 -123.690068 
28.000000 178.000000 201.852983 1.000000 21.000000 15.912000 0.885924 0.656250 7.856886 3.644267 -87.422208 0.913043 0.726901 8.062258 97.125016 4.000000 0.000000 
12.000000 179.000000 60.371246 1.000000 7.000000 7.683000 0.871772 0.583333 4.651537 2.278845 -48.421387 0.875000 0.750732 5.000000 -126.869898 2.828427 -45.000000 
37.000000 179.000000 82.953344 2.000000 10.000000 9.643000 0.475794 0.625000 4.254684 3.742236 25.670096 0.909091 0.768840 5.000000 143.130102 4.000000 -90.000000 
18.000000 182.000000 108.368364 1.000000 27.000000 25.969000 0.864410 0.600000 9.801335 4.927982 -2.508394 0.710526 0.400379 9.486833 -161.565051 5.000000 -90.000000 
23.000000 183.000000 134.849994 1.000000 26.000000 22.768000 0.939132 0.520000 11.136767 3.826105 12.450778 0.742857 0.486701 10.440307 163.300756 4.525483 81.869898 
32.000000 180.000000 71.264070 1.000000 6.000000 9.825000 0.753009 0.500000 4.592439 3.021874 20.993606 0.750000 0.448445 4.472136 153.434949 3.000000 -90.000000 
45.000000 180.000000 34.234783 1.000000 11.000000 10.867000 0.685961 0.550000 5.094245 3.706768 -87.515130 0.733333 0.704391 5.385165 -111.801409 4.000000 0.000000 
11.000000 183.000000 72.018402 1.000000 24.000000 19.493000 0.939921 0.533333 9.995556 3.412392 -69.746291 0.857143 0.588675 9.848858 -113.962489 4.085297 -21.801409 
41.000000 182.000000 56.403778 1.000000 20.000000 14.622000 0.787148 0.571429 6.772087 4.176782 23.526775 0.952381 0.796486 7.280110 164.054604 4.743416 -108.434949 
31.000000 187.000000 140.735228 1.000000 63.000000 42.327000 0.980493 0.368421 22.041326 4.332266 72.286753 0.732558 0.382937 19.924859 107.525568 5.631783 15.945396 
46.000000 187.000000 74.801805 1.000000 29.000000 23.339000 0.892742 0.402778 10.088826 4.545709 52.252775 0.783784 0.519700 9.486833 108.434949 5.656854 45.000000 
8.000000 188.000000 35.065868 1.000000 8.000000 8.626000 0.704561 0.666667 4.191542 2.974499 -13.649786 0.888889 0.725980 4.472136 -153.434949 3.000000 -90.000000 
14.000000 188.000000 38.904944 1.000000 4.000000 6.550000 0.946293 0.500000 4.820546 1.558527 17.608796 0.800000 0.535155 4.472136 153.434949 1.897367 -108.434949 
18.000000 189.000000 69.982715 1.000000 1.000000 0.000000 0.000000 1.000000 1.154701 1.154701 0.000000 1.000000 1.000000 1.414214 135.000000 1.000000 -90.000000 
11.000000 190.000000 57.425670 1.000000 17.000000 13.563000 0.883246 0.809524 7.072561 3.316398 86.003924 1.000000 0.765574 7.280110 105.945396 3.000000 0.000000 
39.000000 191.000000 128.806524 1.000000 36.000000 27.168000 0.825143 0.545455 10.538597 5.953499 89.887748 0.750000 0.492439 11.401754 -105.255119 6.000000 0.000000 
49.000000 193.000000 55.201831 1.000000 27.000000 18.823000 0.730775 0.562500 8.919169 6.088387 25.540657 0.750000 0.703278 8.944272 153.434949 6.000000 -90.000000 
54.000000 191.000000 38.856745 1.000000 7.000000 11.785000 0.871338 0.466667 5.852833 2.871889 -75.752181 0.700000 0.394809 5.385165 -111.801409 3.000000 0.000000 
32.000000 194.000000 83.887903 1.000000 20.000000 26.804000 0.886698 0.312500 10.163847 4.699242 52.127621 0.555556 0.280268 8.944272 116.565051 6.246950 -128.659808 
25.000000 193.000000 175.928591 7.000000 20.000000 14.415000 0.575809 0.666667 5.903460 4.826575 -72.219633 0.952381 0.815379 6.708204 -116.565051 5.000000 0.000000 
19.000000 196.000000 42.287202 1.000000 1.000000 0.000000 0.000000 1.000000 1.154701 1.154701 0.000000 1.000000 1.000000 1.414214 135.000000 1.000000 -90.000000 
53.000000 199.000000 52.935156 1.000000 31.000000 29.897000 0.413774 0.430556 8.095194 7.369698 -66.176879 0.607843 0.356885 9.433981 -147.994617 7.726752 -9.462322 
11.000000 198.000000 61.387323 1.000000 25.000000 19.931000 0.957596 0.625000 11.037811 3.180156 -79.569850 0.862069 0.590143 10.440307 -106.699244 3.616778 -9.462322 
27.000000 198.000000 199.062907 8.000000 19.000000 13.770000 0.645207 0.633333 5.905504 4.511849 -60.631866 1.000000 0.834823 6.708204 -116.565051 4.949747 -45.000000 
35.000000 197.000000 76.854343 1.000000 25.000000 18.269000 0.888978 0.510204 8.889446 4.070923 52.143445 0.862069 0.685319 9.219544 130.601295 4.949747 45.000000 
41.000000 200.000000 133.362974 1.000000 1.000000 0.000000 0.000000 1.000000 1.154701 1.154701 0.000000 1.000000 1.000000 1.414214 135.000000 1.000000 -90.000000 
58.000000 204.000000 77.534589 1.000000 23.000000 17.698000 0.912720 0.547619 9.104539 3.719988 55.551187 0.884615 0.665517 9.219544 130.601295 4.828079 21.801409 
28.000000 204.000000 104.930799 1.000000 58.000000 41.591000 0.853278 0.517857 14.725266 7.678571 75.235039 0.690476 0.364242 14.560220 105.945396 8.000000 0.000000 
45.000000 201.000000 62.482240 1.000000 25.000000 27.085000 0.948198 0.308642 13.666538 4.341568 34.550227 0.595238 0.343852 12.041595 131.633539 4.714952 56.309932 
11.000000 206.000000 39.242232 2.000000 4.000000 6.550000 0.946293 0.500000 4.820546 1.558527 72.391204 0.800000 0.535155 4.472136 116.565051 1.897367 18.434949 
36.000000 206.000000 109.418102 1.000000 32.000000 26.895000 0.663538 0.666667 8.393579 6.279590 81.777541 0.761905 0.445716 8.944272 116.565051 6.000000 0.000000 
49.000000 207.000000 157.096872 2.000000 56.000000 32.990000 0.929884 0.424242 15.068485 5.542993 48.130717 0.861538 0.539043 15.000000 126.869898 6.363961 45.000000 
8.000000 207.000000 41.868845 1.000000 10.000000 9.643000 0.849208 0.666667 5.266245 2.780887 79.695154 1.000000 0.768840 5.385165 111.801409 3.000000 0.000000 
58.000000 208.000000 60.839229 4.000000 17.000000 14.812000 0.710553 0.566667 6.330250 4.454242 3.932012 0.809524 0.662760 6.403124 -141.340192 5.000000 -90.000000 
19.000000 210.000000 51.830492 2.000000 16.000000 17.996000 0.953914 0.400000 9.513982 2.854963 30.472698 0.727273 0.450007 8.944272 153.434949 3.429972 59.036243 
22.000000 214.000000 45.766207 4.000000 29.000000 28.466000 0.968590 0.517857 14.027426 3.488081 5.784667 0.743590 0.364775 14.142136 171.869898 3.802501 84.805571 
38.000000 212.000000 87.403666 1.000000 38.000000 34.851000 0.843852 0.493506 11.342830 6.086287 -71.160357 0.703704 0.330823 12.529964 -118.610460 6.646804 -8.130102 
6.000000 213.000000 32.865212 1.000000 5.000000 7.840000 0.979796 1.000000 5.773503 1.154701 90.000000 1.000000 0.521014 5.099020 101.309932 1.000000 0.000000 
55.000000 212.000000 95.444216 1.000000 14.000000 17.252000 0.854055 0.466667 7.158796 3.723881 64.085641 0.700000 0.423010 6.708204 116.565051 4.427189 -161.565051 
16.000000 214.000000 39.939891 4.000000 2.000000 2.812000 0.925820 0.500000 3.055050 1.154701 45.000000 1.000000 0.709058 2.828427 135.000000 1.414214 45.000000 
32.000000 215.000000 88.845939 1.000000 27.000000 17.996000 0.763072 0.551020 7.785640 5.031969 44.608076 0.900000 0.759386 8.062258 150.255119 5.656854 45.000000 
17.000000 215.000000 32.567645 6.000000 2.000000 1.960000 0.866025 1.000000 2.309401 1.154701 0.000000 1.000000 0.965669 2.236068 153.434949 1.000000 -90.000000 
47.000000 216.000000 132.222873 1.000000 35.000000 33.246000 0.429698 0.625000 8.475523 7.653166 -55.020476 0.729167 0.332178 9.219544 -130.601295 7.000000 0.000000 
52.000000 216.000000 84.903686 2.000000 11.000000 12.637000 0.892178 0.611111 6.341473 2.864341 0.710133 0.846154 0.555221 6.324555 -161.565051 3.000000 -90.000000 
59.000000 214.000000 51.429668 2.000000 9.000000 9.461000 0.878639 0.562500 5.462501 2.608267 -42.046929 0.818182 0.712086 5.656854 -135.000000 3.328201 -56.309932 
27.000000 217.000000 48.130372 1.000000 9.000000 8.626000 0.503953 0.562500 3.944053 3.406602 26.565051 0.900000 0.816727 4.472136 153.434949 3.535534 45.000000 
37.000000 220.000000 52.567419 1.000000 27.000000 38.242000 0.987341 0.148352 19.695820 3.123968 45.768239 0.540000 0.198115 18.384776 135.000000 4.816715 -142.431408 
10.000000 219.000000 37.598353 1.000000 14.000000 18.616000 0.983973 0.466667 11.143939 1.987129 78.658649 0.777778 0.371635 10.440307 106.699244 2.465985 9.462322 
26.000000 224.000000 53.354237 1.000000 43.000000 39.367000 0.983352 0.219388 20.385575 3.704227 44.828502 0.741379 0.299037 19.104973 132.878904 4.242641 45.000000 
56.000000 221.000000 204.797133 7.000000 21.000000 16.937000 0.886090 0.583333 8.337297 3.864444 -52.276786 0.875000 0.654580 8.485281 -135.000000 4.919350 -26.565051 
39.000000 221.000000 26.414884 9.000000 1.000000 0.000000 0.000000 1.000000 1.154701 1.154701 0.000000 1.000000 1.000000 1.414214 135.000000 1.000000 -90.000000 
60.000000 222.000000 185.961201 1.000000 7.000000 6.831000 0.688972 0.777778 3.763583 2.727798 -59.527302 0.875000 0.884488 4.242641 -135.000000 3.000000 -90.000000 
20.000000 221.000000 36.334987 3.000000 4.000000 4.590000 0.731925 0.666667 3.055050 2.081666 0.000000 1.000000 0.840876 3.162278 161.565051 2.000000 -90.000000 
51.000000 221.000000 118.663977 6.000000 16.000000 13.588000 0.579188 0.533333 5.857153 4.774717 -46.089340 0.842105 0.718388 6.403124 -128.659808 4.949747 135.000000 
50.000000 226.000000 109.740103 1.000000 30.000000 25.944000 0.956039 0.357143 12.302767 3.607665 -22.906104 0.833333 0.445631 13.416408 -153.434949 4.427189 108.434949 
57.000000 227.000000 36.524130 1.000000 13.000000 16.722000 0.980434 0.722222 10.167164 2.001376 -4.937580 0.866667 0.414036 9.219544 -167.471192 2.000000 -90.000000 
60.000000 224.000000 58.377420 1.000000 9.000000 8.146000 0.761303 0.750000 4.404498 2.855863 -35.782526 0.900000 0.887666 5.000000 -143.130102 3.000000 -90.000000 
12.000000 227.000000 27.973433 4.000000 2.000000 1.960000 0.866025 1.000000 2.309401 1.154701 0.000000 1.000000 0.965669 2.236068 153.434949 1.000000 -90.000000 
61.000000 230.000000 30.961264 2.000000 4.000000 5.880000 0.968246 1.000000 4.618802 1.154701 0.000000 1.000000 0.617595 4.123106 165.963757 1.000000 -90.000000 
33.000000 230.000000 32.170070 1.000000 9.000000 8.791000 0.678740 0.750000 4.852573 3.563628 -73.444329 0.818182 0.794297 5.000000 -126.869898 3.000000 0.000000 
42.000000 230.000000 44.085680 1.000000 38.000000 33.494000 0.977863 0.593750 16.752609 3.505455 -81.778062 0.791667 0.355784 16.492423 -104.036243 4.000000 0.000000 
59.000000 232.000000 35.575847 1.000000 8.000000 8.998000 0.888746 0.533333 5.352293 2.453492 67.500000 0.888889 0.682168 5.385165 111.801409 2.846050 -161.565051 
11.000000 234.000000 27.001258 1.000000 3.000000 3.920000 0.942809 1.000000 3.464102 1.154701 90.000000 1.000000 0.756007 3.162278 108.434949 1.000000 0.000000 
54.000000 233.000000 45.228947 1.000000 13.000000 13.216000 0.425050 0.520000 4.796822 4.341939 -29.965709 0.866667 0.610540 5.385165 -158.198591 4.242641 -45.000000 
39.000000 237.000000 27.832056 1.000000 5.000000 7.840000 0.979796 1.000000 5.773503 1.154701 90.000000 1.000000 0.521014 5.099020 101.309932 1.000000 0.000000 
