264
32.000000 117.000000 11.612243 1.000000 10580.000000 591.556000 0.960662 0.688802 277.052874 76.943061 1.244811 0.688802 0.375927 248.386795 165.068583 64.000000 -90.000000 
55.000000 7.000000 36.124244 1.000000 18.000000 18.658000 0.820306 0.428571 7.202235 4.119140 30.992366 0.750000 0.475977 7.810250 140.194429 4.437602 56.309932 
18.000000 7.000000 50.483962 1.000000 25.000000 31.394000 0.969811 0.297619 16.046374 3.913022 75.790962 0.555556 0.263400 14.560220 105.945396 4.497190 -167.005383 
6.000000 7.000000 42.564910 1.000000 6.000000 6.368000 0.384900 0.666667 3.464102 3.197221 90.000000 0.857143 0.833753 3.605551 123.690068 3.000000 -90.000000 
33.000000 9.000000 36.303618 4.000000 10.000000 12.248000 0.960557 0.714286 7.123393 1.980892 9.991553 0.909091 0.530586 7.280110 164.054604 2.000000 -90.000000 
44.000000 8.000000 38.173299 1.000000 10.000000 13.381000 0.967197 0.476190 7.989231 2.029497 74.518122 0.833333 0.460313 7.615773 113.198591 2.529822 -161.565051 
9.000000 9.000000 51.087646 1.000000 7.000000 8.328000 0.910849 0.700000 5.125685 2.115574 -85.692176 1.000000 0.668670 5.099020 101.309932 2.000000 0.000000 
23.000000 9.000000 35.291088 5.000000 2.000000 2.812000 0.925820 0.500000 3.055050 1.154701 -45.000000 1.000000 0.709058 2.828427 -135.000000 1.414214 -45.000000 
10.000000 11.000000 42.349592 2.000000 6.000000 7.501000 0.932940 0.500000 5.134278 1.848505 60.767396 0.857143 0.665681 5.000000 126.869898 2.236068 26.565051 
20.000000 12.000000 30.921038 4.000000 2.000000 2.812000 0.925820 0.500000 3.055050 1.154701 45.000000 1.000000 0.709058 2.828427 135.000000 1.414214 45.000000 
58.000000 12.000000 36.195383 1.000000 11.000000 11.512000 0.928023 0.611111 6.609045 2.462025 -79.061896 0.846154 0.643746 6.324555 -108.434949 2.910428 165.963757 
53.000000 14.000000 44.776935 1.000000 18.000000 15.250000 0.932366 0.750000 8.227743 2.974468 8.791741 0.900000 0.668719 8.246211 165.963757 3.000000 -90.000000 
6.000000 14.000000 31.331367 1.000000 4.000000 6.368000 0.958153 0.500000 4.964579 1.421135 -67.500000 0.800000 0.555835 4.472136 -116.565051 1.788854 -26.565051 
38.000000 16.000000 38.036103 1.000000 10.000000 15.548000 0.845458 0.333333 6.964998 3.719606 50.991985 0.666667 0.359758 7.071068 135.000000 4.242641 -135.000000 
13.000000 16.000000 47.619068 1.000000 12.000000 11.330000 0.909651 0.666667 6.427753 2.669913 -76.884030 0.923077 0.720043 6.324555 -108.434949 3.000000 0.000000 
29.000000 17.000000 55.166561 1.000000 48.000000 34.693000 0.975937 0.705882 18.661741 4.069261 86.455941 0.842105 0.421379 17.262677 100.007980 4.000000 0.000000 
17.000000 21.000000 40.294377 1.000000 16.000000 22.098000 0.980723 0.484848 12.338122 2.410895 -7.445228 0.666667 0.315620 11.045361 174.805571 2.687006 -81.869898 
45.000000 23.000000 35.112818 6.000000 13.000000 10.958000 0.837275 0.722222 5.689708 3.111030 -5.045529 1.000000 0.821751 6.082763 170.537678 3.000000 -90.000000 
26.000000 23.000000 33.793989 1.000000 10.000000 11.248000 0.886821 0.400000 6.017752 2.780887 45.000000 0.909091 0.606894 5.830952 120.963757 2.828427 45.000000 
51.000000 21.000000 27.208439 10.000000 1.000000 0.000000 0.000000 1.000000 1.154701 1.154701 0.000000 1.000000 1.000000 1.414214 135.000000 1.000000 -90.000000 
54.000000 23.000000 32.712839 1.000000 9.000000 8.998000 0.803349 0.562500 4.852812 2.889888 -49.486313 0.900000 0.767439 5.000000 -143.130102 3.328201 -33.690068 
10.000000 24.000000 70.206270 1.000000 31.000000 27.250000 0.981405 0.397436 15.294808 2.935807 -69.264450 0.861111 0.421759 14.317821 -114.775141 3.794733 161.565051 
51.000000 25.000000 42.419740 1.000000 11.000000 9.461000 0.812170 0.733333 5.104959 2.978342 -74.744881 1.000000 0.870328 5.385165 -111.801409 3.000000 0.000000 
59.000000 25.000000 56.043941 1.000000 13.000000 12.645000 0.801780 0.541667 5.847561 3.494616 -81.484922 0.812500 0.655506 6.324555 -108.434949 4.000000 0.000000 
20.000000 28.000000 41.795371 1.000000 2.000000 1.960000 0.866025 1.000000 2.309401 1.154701 0.000000 1.000000 0.965669 2.236068 153.434949 1.000000 -90.000000 
46.000000 26.000000 35.238828 1.000000 6.000000 8.626000 0.887737 0.500000 4.844637 2.230231 27.391204 0.750000 0.544485 5.000000 143.130102 2.683282 -116.565051 
47.000000 28.000000 43.918753 1.000000 9.000000 14.903000 0.897968 0.300000 7.670047 3.375292 38.502692 0.529412 0.347343 6.708204 153.434949 3.800000 53.130102 
54.000000 26.000000 47.437838 1.000000 5.000000 8.998000 0.824960 0.416667 5.030274 2.843064 20.993606 0.625000 0.426355 4.472136 153.434949 2.846050 -108.434949 
7.000000 29.000000 36.079051 1.000000 6.000000 10.288000 0.976006 0.500000 7.105970 1.547283 -76.835853 0.750000 0.418057 6.324555 -108.434949 1.940285 -14.036243 
58.000000 32.000000 49.291938 2.000000 28.000000 25.447000 0.979149 0.466667 14.212813 2.887228 -12.331907 0.777778 0.430509 13.000000 -157.380135 3.470887 -77.471192 
11.000000 30.000000 34.384780 1.000000 7.000000 7.501000 0.755897 0.583333 4.172402 2.731631 56.599295 0.875000 0.776628 4.472136 116.565051 3.000000 0.000000 
25.000000 33.000000 52.864149 1.000000 37.000000 37.373000 0.984725 0.289062 21.108597 3.675419 74.095222 0.578125 0.283262 17.464249 113.629378 5.059644 -161.565051 
36.000000 30.000000 36.040868 1.000000 1.000000 0.000000 0.000000 1.000000 1.154701 1.154701 0.000000 1.000000 1.000000 1.414214 135.000000 1.000000 -90.000000 
41.000000 31.000000 71.512263 1.000000 22.000000 17.624000 0.908966 0.550000 8.684047 3.620114 71.543772 0.880000 0.641127 8.544004 110.556045 4.270993 -158.198591 
7.000000 33.000000 45.060366 2.000000 11.000000 13.216000 0.952360 0.366667 7.363341 2.245645 54.412355 0.916667 0.516611 7.810250 129.805571 2.828427 45.000000 
34.000000 35.000000 67.861878 2.000000 23.000000 20.626000 0.967408 0.365079 11.622043 2.942947 54.494927 0.821429 0.511643 10.816654 123.690068 3.748170 38.659808 
15.000000 37.000000 71.404086 1.000000 23.000000 20.064000 0.798759 0.410714 7.772199 4.676152 42.659254 0.821429 0.536726 8.944272 153.434949 4.949747 45.000000 
9.000000 40.000000 87.528712 1.000000 32.000000 21.155000 0.917228 0.640000 10.537135 4.197598 73.040668 0.941176 0.681191 10.770330 111.801409 4.850713 -165.963757 
17.000000 45.000000 82.207117 1.000000 82.000000 58.429000 0.988737 0.253086 32.420493 4.852071 68.947472 0.625954 0.271817 29.154759 112.166346 6.058126 22.249024 
47.000000 38.000000 33.056453 1.000000 12.000000 15.829000 0.896042 0.480000 7.105773 3.154748 -52.627559 0.750000 0.419015 7.071068 -135.000000 3.577709 -26.565051 
54.000000 40.000000 61.498552 1.000000 28.000000 22.470000 0.901272 0.622222 10.040209 4.349954 80.818652 0.777778 0.536407 9.848858 113.962489 5.000000 0.000000 
33.000000 42.000000 39.061568 10.000000 9.000000 14.622000 0.967399 0.321429 8.077573 2.045705 -65.401166 0.692308 0.358419 8.062258 -119.744881 2.599735 -21.801409 
41.000000 42.000000 32.724576 1.000000 4.000000 6.550000 0.946293 0.500000 4.820546 1.558527 -72.391204 0.800000 0.535155 4.472136 -116.565051 1.897367 161.565051 
59.000000 45.000000 61.971368 1.000000 30.000000 32.874000 0.970157 0.535714 15.703602 3.807769 -2.266838 0.600000 0.290636 14.317821 167.905243 4.000000 -90.000000 
47.000000 44.000000 42.694066 1.000000 12.000000 17.789000 0.966811 0.285714 9.731744 2.486371 28.753373 0.600000 0.344214 9.219544 139.398705 3.086975 59.036243 
49.000000 44.000000 38.948313 3.000000 8.000000 8.626000 0.868041 0.500000 4.939795 2.452569 39.115856 1.000000 0.725980 5.000000 126.869898 2.828427 45.000000 
34.000000 47.000000 45.510613 1.000000 39.000000 39.399000 0.986341 0.513158 20.638803 3.399592 89.582566 0.661017 0.270812 19.104973 96.009006 4.000000 0.000000 
51.000000 47.000000 53.388196 1.000000 12.000000 16.193000 0.951029 0.342857 9.001966 2.782515 69.313070 0.600000 0.403386 8.062258 119.744881 3.478505 18.434949 
56.000000 48.000000 53.271306 9.000000 8.000000 10.404000 0.949321 0.400000 6.429101 2.020726 -34.992020 1.000000 0.547903 6.403124 -141.340192 2.683282 -63.434949 
16.000000 51.000000 60.413051 1.000000 41.000000 38.754000 0.988211 0.359649 20.531912 3.143345 75.869002 0.732143 0.293533 19.416488 101.888658 3.880570 14.036243 
26.000000 52.000000 37.273722 1.000000 9.000000 8.626000 0.503953 0.562500 3.944053 3.406602 -26.565051 0.900000 0.816727 4.472136 -153.434949 3.535534 -45.000000 
39.000000 52.000000 28.255341 8.000000 1.000000 0.000000 0.000000 1.000000 1.154701 1.154701 0.000000 1.000000 1.000000 1.414214 135.000000 1.000000 -90.000000 
47.000000 51.000000 41.504544 1.000000 21.000000 27.639000 0.911394 0.388889 11.390229 4.687477 -18.820756 0.552632 0.278532 10.816654 -146.309932 5.570860 111.801409 
60.000000 66.000000 86.341669 1.000000 111.000000 71.239000 0.993817 0.840909 38.392584 4.262728 -0.592947 0.853846 0.252124 33.136083 174.805571 4.000000 -90.000000 
32.000000 54.000000 42.746211 1.000000 13.000000 17.210000 0.976543 0.722222 10.550118 2.271672 -87.851601 0.812500 0.394418 9.219544 -102.528808 2.000000 0.000000 
41.000000 60.000000 50.606835 1.000000 23.000000 19.261000 0.951782 0.766667 10.141044 3.111021 -8.028910 1.000000 0.575892 10.440307 -163.300756 3.000000 -90.000000 
47.000000 57.000000 38.027501 1.000000 8.000000 7.683000 0.644803 0.666667 3.925855 3.000722 -55.278023 0.888889 0.857979 4.472136 -116.565051 3.000000 0.000000 
21.000000 57.000000 50.671974 1.000000 4.000000 5.880000 0.968246 1.000000 4.618802 1.154701 90.000000 1.000000 0.617595 4.123106 104.036243 1.000000 0.000000 
18.000000 58.000000 36.775303 1.000000 7.000000 9.734000 0.786177 0.437500 4.913311 3.036433 -56.599295 0.777778 0.530608 5.000000 -126.869898 3.328201 146.309932 
7.000000 60.000000 65.908893 1.000000 12.000000 13.290000 0.957038 0.571429 7.828866 2.270089 71.927950 0.923077 0.558511 7.615773 113.198591 2.846050 -161.565051 
12.000000 60.000000 37.522809 2.000000 2.000000 1.960000 0.866025 1.000000 2.309401 1.154701 90.000000 1.000000 0.965669 2.236068 116.565051 1.000000 0.000000 
50.000000 59.000000 44.336777 1.000000 10.000000 10.032000 0.787974 0.500000 4.943795 3.043937 -66.218115 0.909091 0.724105 5.385165 -111.801409 3.535534 -45.000000 
23.000000 61.000000 49.072803 2.000000 3.000000 4.590000 0.928995 0.500000 3.854129 1.426385 61.845034 1.000000 0.630657 3.605551 123.690068 1.788854 26.565051 
49.000000 62.000000 50.343688 6.000000 16.000000 12.736000 0.889304 0.666667 6.932111 3.170174 -24.867988 0.941176 0.797555 7.211103 -146.309932 3.794733 108.434949 
16.000000 62.000000 67.742301 1.000000 20.000000 16.838000 0.925007 0.833333 8.573015 3.257311 87.079430 0.952381 0.629603 8.246211 104.036243 3.000000 0.000000 
21.000000 62.000000 54.732319 1.000000 6.000000 6.459000 0.778499 0.666667 3.829708 2.403701 -45.000000 1.000000 0.818022 4.242641 -135.000000 2.828427 -45.000000 
9.000000 65.000000 47.332779 1.000000 15.000000 19.286000 0.981915 0.375000 11.139374 2.108952 73.098294 0.789474 0.374745 10.440307 106.699244 2.529822 18.434949 
34.000000 64.000000 58.061446 1.000000 41.000000 28.557000 0.911953 0.569444 12.525600 5.139197 -88.879585 0.788462 0.512760 12.369317 -104.036243 6.000000 0.000000 
26.000000 65.000000 41.542500 1.000000 23.000000 22.288000 0.701870 0.479167 7.909895 5.634256 77.396446 0.718750 0.446950 8.246211 -104.036243 6.000000 0.000000 
46.000000 68.000000 40.426977 1.000000 15.000000 21.527000 0.956918 0.312500 11.928127 3.463429 28.831562 0.555556 0.309751 10.000000 143.130102 4.427189 -108.434949 
41.000000 67.000000 46.702518 6.000000 16.000000 12.620000 0.875582 0.888889 6.703103 3.238067 -7.572853 0.941176 0.809337 6.708204 -153.434949 3.000000 -90.000000 
9.000000 69.000000 50.462719 1.000000 20.000000 21.916000 0.978998 0.363636 12.248716 2.497124 72.712904 0.769231 0.400277 11.704700 109.983107 3.021932 -164.054604 
39.000000 71.000000 34.841791 1.000000 6.000000 9.180000 0.915424 0.600000 5.320122 2.141305 83.502692 0.857143 0.496624 5.099020 101.309932 2.000000 0.000000 
33.000000 74.000000 38.123241 1.000000 16.000000 19.675000 0.947194 0.285714 10.185716 3.266169 52.391363 0.695652 0.386214 10.000000 126.869898 4.115966 -149.036243 
53.000000 72.000000 27.692058 7.000000 1.000000 0.000000 0.000000 1.000000 1.154701 1.154701 0.000000 1.000000 1.000000 1.414214 135.000000 1.000000 -90.000000 
42.000000 79.000000 44.562157 5.000000 1.000000 0.000000 0.000000 1.000000 1.154701 1.154701 0.000000 1.000000 1.000000 1.414214 135.000000 1.000000 -90.000000 
53.000000 75.000000 28.336580 6.000000 2.000000 1.960000 0.866025 1.000000 2.309401 1.154701 0.000000 1.000000 0.965669 2.236068 153.434949 1.000000 -90.000000 
55.000000 76.000000 27.207026 1.000000 1.000000 0.000000 0.000000 1.000000 1.154701 1.154701 0.000000 1.000000 1.000000 1.414214 135.000000 1.000000 -90.000000 
4.000000 83.000000 38.612013 4.000000 19.000000 27.928000 0.994180 0.633333 17.209932 1.854130 3.347317 0.791667 0.247339 15.132746 172.405357 2.000000 -90.000000 
23.000000 77.000000 87.002495 1.000000 36.000000 23.578000 0.939937 0.654545 12.196920 4.163402 -86.715197 0.837209 0.633655 11.401754 -105.255119 4.837355 172.874984 
13.000000 80.000000 71.902853 1.000000 24.000000 21.246000 0.969033 0.545455 11.828492 2.920824 76.630794 0.857143 0.507088 11.401754 105.255119 3.530090 -168.690068 
30.000000 79.000000 83.683389 1.000000 6.000000 6.922000 0.894483 0.750000 4.513541 2.018017 -77.066822 1.000000 0.744483 4.472136 -116.565051 2.000000 0.000000 
19.000000 81.000000 48.685408 11.000000 4.000000 4.408000 0.870424 0.666667 3.435909 1.691507 -58.282526 1.000000 0.881907 3.605551 -123.690068 2.000000 0.000000 
23.000000 82.000000 36.599296 12.000000 2.000000 1.960000 0.866025 1.000000 2.309401 1.154701 90.000000 1.000000 0.965669 2.236068 116.565051 1.000000 0.000000 
28.000000 81.000000 46.616488 1.000000 4.000000 6.550000 0.946293 0.500000 4.820546 1.558527 17.608796 0.800000 0.535155 4.472136 153.434949 1.897367 71.565051 
54.000000 83.000000 45.320690 1.000000 24.000000 28.648000 0.981323 0.428571 15.026996 2.890687 -78.899505 0.666667 0.298436 14.560220 -105.945396 3.638034 165.963757 
14.000000 86.000000 53.182077 1.000000 17.000000 13.770000 0.882676 0.607143 7.043943 3.310525 -65.932614 0.944444 0.746947 7.615773 -113.198591 4.000000 0.000000 
19.000000 85.000000 48.816923 1.000000 7.000000 8.328000 0.930558 0.700000 5.262061 1.926673 75.321123 0.875000 0.668670 5.385165 111.801409 2.000000 0.000000 
47.000000 96.000000 54.540299 1.000000 44.000000 40.532000 0.990518 0.366667 21.782749 2.992556 13.913048 0.785714 0.289884 20.615528 165.963757 3.822612 77.005383 
36.000000 89.000000 46.502150 1.000000 21.000000 27.978000 0.967643 0.375000 14.518264 3.663270 -86.282026 0.552632 0.272497 14.142136 -98.130102 3.820092 175.236358 
21.000000 91.000000 63.730044 1.000000 30.000000 25.216000 0.975418 0.357143 13.894628 3.061842 -61.261327 0.857143 0.468805 13.416408 -116.565051 3.772969 -30.963757 
59.000000 93.000000 59.216186 1.000000 45.000000 36.124000 0.973612 0.529412 17.127200 3.908616 10.235530 0.803571 0.366774 17.464249 166.759480 4.567501 85.236358 
15.000000 93.000000 31.432971 1.000000 4.000000 5.905000 0.926289 0.444444 4.355771 1.641317 50.309828 1.000000 0.614186 4.242641 135.000000 2.121320 -135.000000 
37.000000 95.000000 40.151224 1.000000 12.000000 14.423000 0.969726 0.428571 8.802853 2.149626 19.684659 0.750000 0.488782 8.062258 150.255119 2.529822 71.565051 
4.000000 95.000000 27.405995 12.000000 1.000000 0.000000 0.000000 1.000000 1.154701 1.154701 0.000000 1.000000 1.000000 1.414214 135.000000 1.000000 -90.000000 
11.000000 95.000000 46.892276 2.000000 15.000000 13.960000 0.924247 0.535714 7.546117 2.881069 71.900099 0.833333 0.644508 7.615773 113.198591 3.395499 -165.963757 
30.000000 95.000000 50.816368 1.000000 14.000000 13.472000 0.882000 0.777778 6.693237 3.154184 80.570323 0.875000 0.637398 6.708204 116.565051 3.000000 0.000000 
17.000000 97.000000 47.128506 7.000000 7.000000 8.328000 0.930558 0.700000 5.262061 1.926673 -75.321123 1.000000 0.668670 5.385165 -111.801409 2.000000 0.000000 
22.000000 98.000000 57.466310 1.000000 21.000000 18.079000 0.893619 0.525000 8.376454 3.759566 77.962251 0.807692 0.586022 8.544004 110.556045 4.706787 11.309932 
13.000000 100.000000 46.808817 1.000000 18.000000 19.931000 0.967371 0.600000 10.912026 2.764729 -89.441335 0.666667 0.424903 10.198039 -101.309932 3.000000 0.000000 
28.000000 102.000000 46.127616 1.000000 22.000000 22.586000 0.965812 0.305556 12.146128 3.148824 -54.709329 0.709677 0.417671 10.816654 -123.690068 3.952420 144.462322 
55.000000 101.000000 31.694844 12.000000 1.000000 0.000000 0.000000 1.000000 1.154701 1.154701 0.000000 1.000000 1.000000 1.414214 135.000000 1.000000 -90.000000 
18.000000 103.000000 51.249896 5.000000 7.000000 10.958000 0.969572 0.388889 7.111576 1.740958 18.592353 0.700000 0.442481 6.708204 153.434949 2.182821 -104.036243 
59.000000 103.000000 40.426651 1.000000 6.000000 6.459000 0.778499 0.666667 3.829708 2.403701 -45.000000 1.000000 0.818022 4.242641 -135.000000 2.828427 135.000000 
35.000000 104.000000 34.406125 1.000000 7.000000 8.717000 0.805430 0.583333 4.455913 2.640980 15.232772 0.875000 0.625521 4.472136 153.434949 3.000000 -90.000000 
56.000000 111.000000 61.702800 1.000000 53.000000 42.517000 0.985959 0.331250 21.496833 3.589715 16.675177 0.791045 0.319478 21.189620 160.709954 4.365641 75.963757 
9.000000 106.000000 43.992135 9.000000 3.000000 5.624000 0.970143 0.333333 4.760952 1.154701 -45.000000 1.000000 0.490646 4.242641 -135.000000 1.414214 -45.000000 
50.000000 106.000000 38.427942 1.000000 15.000000 16.168000 0.969373 0.833333 9.219879 2.264323 -88.622288 1.000000 0.505539 9.055385 96.340192 2.000000 0.000000 
23.000000 108.000000 69.991620 1.000000 41.000000 29.301000 0.951969 0.585714 14.715000 4.505643 83.790157 0.773585 0.489511 14.317821 102.094757 5.000000 0.000000 
33.000000 106.000000 45.929412 1.000000 8.000000 7.865000 0.717406 0.666667 4.136643 2.881814 -72.703856 1.000000 0.829839 4.472136 -116.565051 3.000000 0.000000 
38.000000 106.000000 34.738655 1.000000 9.000000 9.643000 0.849825 0.600000 5.178886 2.729605 84.115856 0.818182 0.691956 5.385165 111.801409 3.000000 0.000000 
9.000000 108.000000 37.828521 1.000000 10.000000 12.736000 0.899364 0.500000 6.521972 2.851411 -54.217474 0.833333 0.498472 6.403124 -128.659808 3.535534 135.000000 
44.000000 107.000000 46.256334 2.000000 5.000000 6.550000 0.889464 0.625000 4.253087 1.943686 5.152423 0.833333 0.668944 4.123106 165.963757 2.000000 -90.000000 
34.000000 113.000000 46.251519 1.000000 27.000000 27.432000 0.984027 0.385714 14.986557 2.667919 75.154813 0.750000 0.362978 14.560220 105.945396 3.296654 -164.054604 
48.000000 112.000000 27.594506 2.000000 1.000000 0.000000 0.000000 1.000000 1.154701 1.154701 0.000000 1.000000 1.000000 1.414214 135.000000 1.000000 -90.000000 
14.000000 112.000000 43.935039 9.000000 14.000000 15.937000 0.921418 0.388889 8.067501 3.134803 -46.481925 0.823529 0.483332 7.810250 -140.194429 3.535534 -45.000000 
46.000000 113.000000 28.625882 1.000000 2.000000 1.960000 0.866025 1.000000 2.309401 1.154701 90.000000 1.000000 0.965669 2.236068 116.565051 1.000000 0.000000 
6.000000 114.000000 27.719328 1.000000 1.000000 0.000000 0.000000 1.000000 1.154701 1.154701 0.000000 1.000000 1.000000 1.414214 135.000000 1.000000 -90.000000 
19.000000 116.000000 47.246420 1.000000 18.000000 16.590000 0.841785 0.500000 7.623936 4.115498 -45.274791 0.782609 0.580976 7.211103 -146.309932 4.800000 126.869898 
15.000000 117.000000 45.738924 1.000000 6.000000 6.368000 0.877058 0.750000 4.163332 2.000000 71.565051 1.000000 0.833753 4.472136 116.565051 2.000000 0.000000 
38.000000 123.000000 34.859556 2.000000 20.000000 27.796000 0.987939 0.476190 14.850555 2.299496 9.320167 0.689655 0.262583 14.317821 167.905243 3.000000 -90.000000 
23.000000 118.000000 39.992230 11.000000 1.000000 0.000000 0.000000 1.000000 1.154701 1.154701 0.000000 1.000000 1.000000 1.414214 135.000000 1.000000 -90.000000 
55.000000 127.000000 42.416311 1.000000 32.000000 25.654000 0.961786 0.615385 13.001573 3.559865 10.578563 0.888889 0.484962 13.341664 167.005383 4.000000 -90.000000 
12.000000 124.000000 36.722143 1.000000 18.000000 16.772000 0.937195 0.450000 8.929250 3.114578 -64.049113 0.857143 0.570405 8.944272 -116.565051 3.807887 -23.198591 
20.000000 122.000000 31.465628 6.000000 2.000000 2.812000 0.925820 0.500000 3.055050 1.154701 45.000000 1.000000 0.709058 2.828427 135.000000 1.414214 45.000000 
22.000000 126.000000 57.419771 1.000000 60.000000 52.069000 0.991469 0.227273 28.180698 3.673244 64.060512 0.666667 0.247352 26.400758 114.623565 4.919350 26.565051 
45.000000 121.000000 40.007898 2.000000 1.000000 0.000000 0.000000 1.000000 1.154701 1.154701 0.000000 1.000000 1.000000 1.414214 135.000000 1.000000 -90.000000 
47.000000 123.000000 27.918981 12.000000 2.000000 1.960000 0.866025 1.000000 2.309401 1.154701 90.000000 1.000000 0.965669 2.236068 116.565051 1.000000 0.000000 
7.000000 129.000000 35.987676 1.000000 10.000000 13.588000 0.969662 0.357143 8.026040 1.961975 65.464817 0.833333 0.448993 8.062258 119.744881 2.529822 18.434949 
31.000000 130.000000 36.047569 1.000000 19.000000 15.523000 0.908876 0.904762 7.950271 3.315793 -85.900558 0.950000 0.685372 7.615773 -113.198591 3.000000 0.000000 
21.000000 132.000000 51.535022 2.000000 8.000000 7.774000 0.782273 0.666667 4.279143 2.665633 70.670096 1.000000 0.843733 4.472136 116.565051 3.000000 0.000000 
46.000000 133.000000 47.016983 1.000000 29.000000 28.904000 0.982804 0.483333 15.141833 2.795934 80.712482 0.805556 0.354872 15.297059 101.309932 3.287980 9.462322 
8.000000 134.000000 30.852972 10.000000 2.000000 1.960000 0.866025 1.000000 2.309401 1.154701 90.000000 1.000000 0.965669 2.236068 116.565051 1.000000 0.000000 
16.000000 135.000000 63.199433 1.000000 27.000000 19.311000 0.864476 0.562500 8.644917 4.345580 61.420374 0.870968 0.673040 8.944272 116.565051 4.919350 26.565051 
53.000000 136.000000 48.596268 4.000000 17.000000 16.102000 0.929649 0.708333 8.028089 2.957925 10.911280 0.894737 0.576881 8.544004 159.443955 3.000000 -90.000000 
25.000000 137.000000 35.595433 4.000000 4.000000 8.436000 0.888523 0.333333 5.033223 2.309401 26.565051 0.666667 0.375002 4.472136 153.434949 2.529822 -108.434949 
34.000000 137.000000 34.590239 1.000000 10.000000 11.330000 0.954460 0.555556 7.136759 2.129163 71.565051 0.833333 0.600036 6.708204 116.565051 2.529822 18.434949 
50.000000 140.000000 48.823855 1.000000 14.000000 16.193000 0.845873 0.777778 6.653919 3.549101 4.148572 0.823529 0.470617 6.708204 153.434949 3.000000 -90.000000 
9.000000 139.000000 57.617065 1.000000 20.000000 21.362000 0.943071 0.500000 10.771795 3.582610 -82.542875 0.645161 0.418582 10.198039 -101.309932 4.000000 0.000000 
23.000000 139.000000 49.718282 1.000000 9.000000 13.497000 0.904787 0.500000 6.762465 2.879888 -3.637502 0.692308 0.408526 6.324555 -161.565051 3.000000 -90.000000 
28.000000 139.000000 44.109622 1.000000 14.000000 12.918000 0.878705 0.777778 6.667443 3.182803 -88.636845 0.875000 0.682133 6.324555 108.434949 3.000000 0.000000 
43.000000 140.000000 28.793940 6.000000 2.000000 1.960000 0.866025 1.000000 2.309401 1.154701 0.000000 1.000000 0.965669 2.236068 153.434949 1.000000 -90.000000 
19.000000 141.000000 93.597259 1.000000 20.000000 17.326000 0.924319 0.500000 8.733729 3.332964 -68.718853 0.833333 0.599938 9.433981 -122.005383 3.880570 -14.036243 
31.000000 141.000000 35.326935 11.000000 4.000000 4.590000 0.731925 0.666667 3.055050 2.081666 90.000000 1.000000 0.840876 3.162278 108.434949 2.000000 0.000000 
15.000000 141.000000 39.226525 1.000000 3.000000 3.093000 0.730297 0.750000 2.581989 1.763834 -45.000000 1.000000 0.969873 2.828427 -135.000000 2.000000 -90.000000 
24.000000 142.000000 49.479068 1.000000 11.000000 10.495000 0.700583 0.550000 4.865328 3.471757 24.345693 0.846154 0.743346 5.099020 168.690068 3.794733 -108.434949 
58.000000 145.000000 109.235006 1.000000 22.000000 14.787000 0.812596 0.733333 7.120428 4.149985 49.889281 0.956522 0.860083 7.810250 129.805571 4.949747 45.000000 
9.000000 144.000000 44.670727 1.000000 19.000000 15.341000 0.919902 0.791667 8.199445 3.215403 85.246825 1.000000 0.698936 8.246211 104.036243 3.000000 0.000000 
44.000000 145.000000 29.990849 2.000000 1.000000 0.000000 0.000000 1.000000 1.154701 1.154701 0.000000 1.000000 1.000000 1.414214 135.000000 1.000000 -90.000000 
37.000000 149.000000 32.618320 1.000000 9.000000 15.358000 0.961095 0.257143 8.899017 2.458059 37.006050 0.642857 0.330467 8.602325 144.462322 3.050851 -123.690068 
49.000000 148.000000 47.409316 1.000000 27.000000 30.261000 0.860827 0.385714 11.470673 5.837400 7.221450 0.562500 0.304098 11.180340 153.434949 6.646804 81.869898 
52.000000 151.000000 75.440371 3.000000 20.000000 17.715000 0.911519 0.408163 8.441271 3.471542 44.690305 0.833333 0.577768 9.219544 130.601295 4.242641 45.000000 
59.000000 150.000000 102.303361 2.000000 14.000000 21.271000 0.902934 0.400000 8.700794 3.739420 -27.944787 0.636364 0.295196 7.810250 -140.194429 3.899602 111.801409 
16.000000 152.000000 32.435478 8.000000 2.000000 1.960000 0.866025 1.000000 2.309401 1.154701 0.000000 1.000000 0.965669 2.236068 153.434949 1.000000 -90.000000 
10.000000 153.000000 45.569035 1.000000 10.000000 12.248000 0.960557 0.714286 7.123393 1.980892 80.008447 0.909091 0.530586 7.280110 105.945396 2.000000 0.000000 
19.000000 153.000000 36.998861 1.000000 6.000000 7.683000 0.775535 0.500000 4.218562 2.663198 65.816770 0.750000 0.643484 4.472136 116.565051 2.846050 18.434949 
56.000000 152.000000 108.422351 3.000000 18.000000 15.548000 0.883573 0.562500 7.399812 3.465287 -5.797750 0.900000 0.647564 8.062258 172.874984 4.000000 -90.000000 
28.000000 156.000000 41.967260 1.000000 25.000000 29.153000 0.958092 0.284091 13.310121 3.812839 58.500345 0.657895 0.301224 12.529964 118.610460 4.772127 23.962489 
40.000000 156.000000 66.297112 1.000000 28.000000 35.521000 0.871926 0.291667 13.905115 6.808470 -83.729557 0.491228 0.235389 12.369317 -104.036243 7.761290 5.710593 
16.000000 156.000000 63.485419 1.000000 11.000000 11.810000 0.933341 0.458333 6.812138 2.445497 61.221222 0.846154 0.618340 6.708204 116.565051 3.050851 33.690068 
59.000000 158.000000 184.989418 3.000000 21.000000 16.011000 0.895339 0.656250 8.152904 3.631183 -13.265079 0.875000 0.719406 8.246211 -165.963757 4.000000 -90.000000 
50.000000 157.000000 141.173485 1.000000 41.000000 30.906000 0.916035 0.455556 13.176058 5.284910 -51.237199 0.773585 0.444448 12.206556 -124.992020 6.363961 -45.000000 
10.000000 158.000000 51.898161 1.000000 17.000000 17.483000 0.964376 0.629630 9.709963 2.568621 85.239103 0.894737 0.502213 9.219544 102.528808 3.000000 0.000000 
38.000000 162.000000 90.146214 5.000000 19.000000 19.195000 0.890283 0.475000 8.521436 3.880736 -24.905139 0.791667 0.478553 8.602325 -144.462322 4.743416 108.434949 
15.000000 160.000000 35.139491 12.000000 1.000000 0.000000 0.000000 1.000000 1.154701 1.154701 0.000000 1.000000 1.000000 1.414214 135.000000 1.000000 -90.000000 
44.000000 160.000000 253.220170 3.000000 20.000000 15.176000 0.889564 0.555556 7.806937 3.566287 48.645024 0.952381 0.749037 7.810250 129.805571 4.242641 45.000000 
17.000000 166.000000 70.434228 5.000000 16.000000 16.838000 0.958367 0.592593 9.231388 2.635935 9.506837 0.888889 0.503682 9.219544 167.471192 3.000000 -90.000000 
24.000000 165.000000 75.741833 1.000000 35.000000 35.430000 0.974656 0.277778 17.101496 3.825771 -26.770845 0.673077 0.295626 15.652476 -153.434949 4.717354 -65.556045 
55.000000 162.000000 151.062338 9.000000 14.000000 10.867000 0.564227 0.700000 4.875449 4.025268 -79.902833 0.933333 0.896497 5.385165 111.801409 4.000000 0.000000 
60.000000 161.000000 68.066843 7.000000 4.000000 5.905000 0.926289 0.444444 4.355771 1.641317 50.309828 0.800000 0.614186 4.242641 135.000000 2.121320 45.000000 
50.000000 164.000000 106.491889 1.000000 13.000000 18.062000 0.516585 0.650000 5.472126 4.685432 51.853481 0.764706 0.363358 5.830952 120.963757 4.000000 0.000000 
45.000000 163.000000 168.598476 5.000000 9.000000 16.309000 0.845902 0.375000 6.899047 3.679532 -88.004543 0.562500 0.298942 6.324555 -108.434949 4.000000 0.000000 
59.000000 167.000000 96.624688 1.000000 22.000000 24.356000 0.915399 0.400000 11.356659 4.571606 -2.034692 0.564103 0.365631 11.180340 169.695154 4.969419 96.340192 
47.000000 168.000000 193.901650 1.000000 30.000000 23.876000 0.921915 0.476190 11.097457 4.299070 -64.248596 0.769231 0.516461 11.401754 -127.874984 5.366563 -26.565051 
7.000000 168.000000 35.635807 3.000000 7.000000 9.271000 0.903382 0.437500 5.360048 2.298584 38.562499 0.875000 0.570930 5.656854 135.000000 2.828427 -135.000000 
39.000000 167.000000 199.616503 2.000000 15.000000 12.182000 0.696825 0.600000 5.581667 4.003400 49.598328 0.937500 0.802749 5.830952 120.963757 4.714952 -123.690068 
12.000000 170.000000 72.606741 1.000000 26.000000 24.339000 0.915594 0.433333 11.261598 4.528332 -78.132725 0.634146 0.432644 10.198039 101.309932 5.375872 -18.434949 
36.000000 171.000000 170.288274 1.000000 19.000000 16.499000 0.800099 0.542857 7.239820 4.342935 15.858290 0.760000 0.618948 7.280110 164.054604 4.850713 -104.036243 
54.000000 169.000000 119.600376 1.000000 20.000000 20.601000 0.725511 0.476190 7.324905 5.041074 -71.240443 0.689655 0.445845 7.615773 -113.198591 5.883484 -168.690068 
21.000000 172.000000 111.470756 1.000000 34.000000 31.948000 0.921978 0.404762 14.068662 5.447989 -82.632057 0.629630 0.347002 12.165525 99.462322 6.957186 -173.659808 
41.000000 173.000000 168.712765 1.000000 17.000000 20.692000 0.814920 0.404762 8.364327 4.847737 6.753178 0.653846 0.376080 7.615773 156.801409 5.570860 68.198591 
55.000000 174.000000 167.387673 3.000000 19.000000 17.417000 0.924376 0.542857 9.065624 3.458374 -62.747821 0.760000 0.564907 8.602325 -125.537678 4.270993 158.198591 
31.000000 174.000000 197.010937 1.000000 28.000000 20.138000 0.896898 0.518519 9.573867 4.233923 -75.387210 0.823529 0.649258 9.219544 -102.528808 5.013774 -21.801409 
48.000000 174.000000 177.699332 1.000000 25.000000 31.948000 0.822341 0.446429 9.868844 5.615317 62.017981 0.609756 0.255149 9.219544 130.601295 6.548462 14.036243 
9.000000 181.000000 44.007830 1.000000 66.000000 66.459000 0.884906 0.253846 25.885276 12.056581 27.317445 0.354839 0.171210 21.931712 155.772255 11.906308 -109.653824 
31.000000 179.000000 64.453447 1.000000 2.000000 1.960000 0.866025 1.000000 2.309401 1.154701 90.000000 1.000000 0.965669 2.236068 116.565051 1.000000 0.000000 
37.000000 177.000000 93.825468 1.000000 16.000000 18.269000 0.563023 0.640000 5.972878 4.936233 33.275969 0.727273 0.438604 6.403124 128.659808 5.000000 -90.000000 
52.000000 179.000000 175.707530 1.000000 36.000000 32.891000 0.929560 0.600000 12.654907 4.665502 -85.037318 0.734694 0.348435 12.369317 -104.036243 5.000000 0.000000 
60.000000 177.000000 58.216526 11.000000 7.000000 7.683000 0.597259 0.777778 3.733974 2.994829 -56.599295 0.875000 0.750732 4.242641 -135.000000 3.000000 -90.000000 
43.000000 178.000000 232.858391 1.000000 21.000000 17.806000 0.696797 0.500000 7.894447 5.662437 -48.443214 0.700000 0.601397 8.062258 -119.744881 5.656854 -45.000000 
40.000000 182.000000 145.441301 7.000000 5.000000 5.814000 0.901281 0.555556 4.163332 1.803700 -45.000000 1.000000 0.783414 4.242641 -135.000000 2.121320 -45.000000 
21.000000 181.000000 137.560228 1.000000 25.000000 24.265000 0.925823 0.500000 10.593783 4.004003 -74.280158 0.714286 0.418254 10.770330 -111.801409 5.000000 0.000000 
14.000000 182.000000 50.694141 9.000000 3.000000 3.093000 0.730297 0.750000 2.581989 1.763834 45.000000 1.000000 0.969873 2.828427 135.000000 2.000000 -90.000000 
54.000000 184.000000 46.442757 1.000000 11.000000 13.100000 0.934837 0.523810 7.156634 2.541165 81.585527 0.846154 0.524017 7.280110 105.945396 2.794783 9.462322 
31.000000 184.000000 162.734093 1.000000 41.000000 36.058000 0.956658 0.488095 15.519316 4.519453 -81.397522 0.683333 0.335298 14.317821 -102.094757 5.295136 -11.309932 
45.000000 185.000000 182.869294 1.000000 2.000000 1.960000 0.866025 1.000000 2.309401 1.154701 90.000000 1.000000 0.965669 2.236068 116.565051 1.000000 0.000000 
10.000000 186.000000 61.854473 1.000000 12.000000 12.802000 0.955163 0.857143 7.495708 2.219340 85.636361 1.000000 0.593224 7.280110 105.945396 2.000000 0.000000 
16.000000 184.000000 77.382040 1.000000 17.000000 20.692000 0.793068 0.485714 7.809047 4.756745 33.531020 0.708333 0.376080 8.062258 150.255119 5.000000 -90.000000 
22.000000 186.000000 101.322101 1.000000 18.000000 17.996000 0.929905 0.450000 8.999668 3.310074 -72.437798 0.720000 0.506257 8.246211 -104.036243 3.794733 -18.434949 
51.000000 188.000000 49.342554 2.000000 10.000000 11.529000 0.840551 0.666667 5.467507 2.961930 7.913077 0.833333 0.583868 5.385165 158.198591 3.000000 -90.000000 
17.000000 190.000000 46.659674 5.000000 17.000000 14.142000 0.871341 0.607143 7.120118 3.493691 18.171224 0.944444 0.715139 7.615773 156.801409 4.000000 -90.000000 
31.000000 189.000000 161.001656 1.000000 35.000000 26.944000 0.969553 0.673077 14.423992 3.532186 -84.513880 0.833333 0.485916 13.341664 -102.994617 3.980149 -5.710593 
53.000000 191.000000 88.153176 1.000000 3.000000 4.590000 0.928995 0.500000 3.854129 1.426385 61.845034 1.000000 0.630657 3.605551 123.690068 1.788854 26.565051 
45.000000 190.000000 99.903287 1.000000 39.000000 37.646000 0.967331 0.397959 16.368086 4.149606 -78.484046 0.619048 0.294590 15.652476 -116.565051 5.366563 -10.304846 
26.000000 195.000000 62.229821 2.000000 21.000000 17.045000 0.911540 0.656250 8.487900 3.490316 -17.365147 0.913043 0.647594 8.544004 -159.443955 4.000000 -90.000000 
55.000000 192.000000 67.211061 1.000000 10.000000 9.552000 0.853799 0.625000 5.341660 2.780887 52.125016 0.909091 0.779903 5.656854 135.000000 3.328201 -146.309932 
40.000000 193.000000 185.361736 2.000000 24.000000 16.772000 0.845213 0.600000 7.841710 4.190840 -28.094676 0.923077 0.760540 8.944272 -153.434949 4.919350 116.565051 
46.000000 197.000000 217.077011 1.000000 42.000000 32.022000 0.874935 0.420000 13.265662 6.423771 53.780113 0.711864 0.426847 12.206556 145.007980 7.267170 -139.398705 
12.000000 196.000000 29.087363 12.000000 1.000000 0.000000 0.000000 1.000000 1.154701 1.154701 0.000000 1.000000 1.000000 1.414214 135.000000 1.000000 -90.000000 
17.000000 197.000000 47.022172 1.000000 16.000000 16.102000 0.946690 0.500000 8.780806 2.828711 75.500382 0.800000 0.542947 8.544004 110.556045 3.638034 -165.963757 
33.000000 198.000000 139.346871 1.000000 37.000000 30.889000 0.974701 0.493333 15.917652 3.557819 78.132586 0.740000 0.401488 15.297059 101.309932 4.274374 -170.537678 
53.000000 196.000000 73.692394 1.000000 10.000000 10.867000 0.893349 0.500000 5.980364 2.687361 -35.173088 0.833333 0.640355 5.830952 -149.036243 3.328201 -56.309932 
23.000000 200.000000 76.464905 1.000000 12.000000 12.736000 0.946172 0.571429 7.423955 2.402868 75.447634 0.857143 0.598166 7.280110 105.945396 2.846050 18.434949 
40.000000 202.000000 84.559681 1.000000 28.000000 23.802000 0.821203 0.518519 9.105658 5.196014 -88.702992 0.756757 0.484682 9.486833 -108.434949 5.798276 171.869898 
53.000000 201.000000 91.332241 1.000000 51.000000 35.777000 0.945961 0.607143 15.164350 4.917486 -85.568449 0.772727 0.423122 14.317821 102.094757 5.300713 -6.340192 
12.000000 203.000000 44.944056 1.000000 38.000000 33.800000 0.962111 0.422222 16.443485 4.483434 -85.645818 0.633333 0.349915 15.297059 -101.309932 5.545449 169.695154 
27.000000 203.000000 41.917319 7.000000 7.000000 9.180000 0.946040 0.466667 5.909170 1.914873 -58.014796 0.875000 0.579394 5.830952 -120.963757 2.496151 -33.690068 
23.000000 205.000000 52.715966 1.000000 4.000000 4.590000 0.731925 0.666667 3.055050 2.081666 90.000000 1.000000 0.840876 3.162278 108.434949 2.000000 0.000000 
20.000000 206.000000 43.756994 1.000000 10.000000 10.214000 0.710448 0.500000 4.736589 3.333375 -78.347555 0.909091 0.704504 5.099020 101.309932 3.794733 161.565051 
28.000000 206.000000 43.586240 2.000000 5.000000 7.683000 0.910814 0.625000 4.914358 2.028731 76.717474 0.833333 0.536237 4.472136 116.565051 2.000000 0.000000 
33.000000 206.000000 77.341836 2.000000 18.000000 18.848000 0.820397 0.367347 7.599870 4.345566 40.615851 0.720000 0.467787 7.615773 113.198591 5.547002 -123.690068 
47.000000 206.000000 109.148951 2.000000 28.000000 24.654000 0.835282 0.444444 9.308833 5.118200 -29.214621 0.756757 0.455424 9.486833 -161.565051 5.813777 116.565051 
55.000000 207.000000 129.620823 1.000000 20.000000 14.787000 0.637810 0.666667 6.113554 4.708622 80.639526 0.952381 0.781893 6.708204 116.565051 5.000000 0.000000 
60.000000 206.000000 53.560978 3.000000 2.000000 2.812000 0.925820 0.500000 3.055050 1.154701 45.000000 1.000000 0.709058 2.828427 135.000000 1.414214 45.000000 
17.000000 210.000000 44.854987 1.000000 15.000000 14.142000 0.938488 0.535714 7.880711 2.721304 18.643510 0.882353 0.631005 7.615773 156.801409 3.162278 71.565051 
25.000000 210.000000 31.890887 10.000000 6.000000 14.060000 0.992933 0.166667 9.729680 1.154701 -45.000000 1.000000 0.254814 8.485281 -135.000000 1.414214 -45.000000 
30.000000 212.000000 61.125342 1.000000 21.000000 23.876000 0.970788 0.437500 12.338300 2.960420 13.930557 0.700000 0.361523 12.165525 170.537678 3.676955 81.869898 
50.000000 209.000000 191.569532 1.000000 17.000000 13.307000 0.812288 0.566667 6.414964 3.741569 57.289657 0.944444 0.789589 6.708204 116.565051 4.242641 45.000000 
59.000000 208.000000 75.531433 1.000000 7.000000 8.419000 0.853277 0.583333 4.811222 2.508849 -62.768839 0.875000 0.658185 5.000000 -126.869898 3.000000 0.000000 
14.000000 212.000000 33.526994 1.000000 4.000000 7.402000 0.965676 0.333333 5.615939 1.458730 -53.909444 0.800000 0.452160 5.000000 -126.869898 1.941451 146.309932 
39.000000 211.000000 76.447043 1.000000 24.000000 20.303000 0.935389 0.666667 10.432401 3.689100 81.099648 0.800000 0.548701 9.848858 113.962489 4.000000 0.000000 
44.000000 211.000000 122.308663 1.000000 13.000000 9.461000 0.505790 0.812500 4.470371 3.856397 45.000000 1.000000 1.000000 5.000000 126.869898 4.000000 -90.000000 
55.000000 213.000000 58.742754 1.000000 22.000000 18.087000 0.891972 0.458333 8.547345 3.864179 -63.721711 0.846154 0.613465 8.602325 -125.537678 4.472136 -26.565051 
46.000000 213.000000 44.366342 1.000000 12.000000 11.810000 0.895957 0.480000 6.361030 2.825198 36.650378 0.857143 0.674553 6.403124 128.659808 3.328201 56.309932 
61.000000 213.000000 32.093954 2.000000 2.000000 1.960000 0.866025 1.000000 2.309401 1.154701 90.000000 1.000000 0.965669 2.236068 116.565051 1.000000 0.000000 
40.000000 215.000000 31.540582 1.000000 7.000000 11.810000 0.941638 0.388889 6.853909 2.307217 69.407037 0.636364 0.393489 6.324555 108.434949 2.667892 -165.963757 
17.000000 216.000000 33.944916 5.000000 12.000000 13.406000 0.929721 0.400000 7.533150 2.774184 -47.338709 0.800000 0.550708 7.211103 -123.690068 3.400000 143.130102 
59.000000 216.000000 153.553462 2.000000 10.000000 8.626000 0.592258 0.625000 4.163332 3.354599 45.000000 1.000000 0.907475 4.472136 116.565051 3.535534 45.000000 
47.000000 217.000000 37.928085 6.000000 20.000000 14.812000 0.765354 0.571429 6.663050 4.288406 -65.410574 0.909091 0.779717 7.615773 -113.198591 4.919350 153.434949 
32.000000 218.000000 36.726513 1.000000 8.000000 8.882000 0.920807 0.800000 5.445698 2.123921 81.322988 0.888889 0.695395 5.385165 111.801409 2.000000 0.000000 
54.000000 220.000000 267.835922 1.000000 40.000000 23.140000 0.912194 0.606061 11.430237 4.683626 73.903454 0.909091 0.727724 11.401754 105.255119 5.059644 18.434949 
61.000000 218.000000 321.851204 2.000000 3.000000 3.093000 0.730297 0.750000 2.581989 1.763834 45.000000 1.000000 0.969873 2.828427 135.000000 2.000000 -90.000000 
24.000000 219.000000 54.799025 1.000000 25.000000 19.352000 0.952112 0.833333 10.460830 3.198391 86.039503 0.961538 0.620915 10.198039 101.309932 3.000000 0.000000 
45.000000 222.000000 35.228783 1.000000 6.000000 10.470000 0.973336 0.500000 6.998461 1.605334 -81.650378 0.750000 0.406952 6.324555 -108.434949 1.961161 -11.309932 
16.000000 221.000000 53.456591 1.000000 19.000000 15.366000 0.798879 0.678571 6.841565 4.115148 90.000000 0.950000 0.697049 7.280110 105.945396 4.000000 0.000000 
31.000000 222.000000 61.936211 1.000000 25.000000 23.992000 0.941768 0.416667 11.607508 3.903182 -68.863155 0.657895 0.426712 10.770330 -111.801409 4.727032 -23.198591 
60.000000 224.000000 118.151986 2.000000 11.000000 10.958000 0.529361 0.550000 4.641299 3.937661 -14.405397 0.846154 0.695328 5.385165 158.198591 4.000000 -90.000000 
12.000000 225.000000 41.087154 9.000000 8.000000 10.032000 0.825077 0.500000 5.126169 2.896388 -31.717474 0.800000 0.579284 5.000000 -143.130102 3.478505 108.434949 
23.000000 224.000000 50.764065 7.000000 13.000000 14.994000 0.880265 0.361111 7.239245 3.434888 -41.652885 0.722222 0.496695 7.211103 -146.309932 4.115966 120.963757 
47.000000 223.000000 107.912104 1.000000 15.000000 12.364000 0.825851 0.600000 6.221954 3.508491 53.778274 0.937500 0.784015 6.403124 128.659808 4.242641 45.000000 
55.000000 225.000000 104.321894 1.000000 2.000000 1.960000 0.866025 1.000000 2.309401 1.154701 90.000000 1.000000 0.965669 2.236068 116.565051 1.000000 0.000000 
40.000000 226.000000 70.927295 1.000000 30.000000 21.916000 0.888735 0.666667 9.813083 4.498526 -83.103680 0.833333 0.600416 9.486833 -108.434949 5.000000 0.000000 
14.000000 228.000000 51.582232 8.000000 13.000000 12.000000 0.677679 0.650000 5.431833 3.994341 -16.511934 0.812500 0.712541 5.656854 -135.000000 4.000000 -90.000000 
47.000000 227.000000 60.809467 11.000000 7.000000 9.552000 0.942874 0.466667 6.041011 2.012562 -69.949546 0.777778 0.545932 5.830952 -120.963757 2.425356 165.963757 
29.000000 230.000000 39.225545 1.000000 23.000000 27.358000 0.962219 0.298701 12.779771 3.479632 -53.202531 0.696970 0.310706 12.529964 -118.610460 4.200000 -36.869898 
52.000000 229.000000 36.032468 9.000000 5.000000 4.962000 0.765092 0.833333 3.306559 2.129163 -71.565051 1.000000 0.956808 3.605551 -123.690068 2.000000 0.000000 
60.000000 229.000000 121.928530 2.000000 9.000000 8.998000 0.775939 0.600000 4.951380 3.123370 -7.762055 0.900000 0.767439 5.099020 168.690068 3.000000 -90.000000 
46.000000 231.000000 33.891965 8.000000 9.000000 14.622000 0.977551 0.257143 8.583000 1.808418 -33.084050 0.750000 0.358419 8.602325 -144.462322 2.496151 123.690068 
56.000000 231.000000 102.307861 1.000000 19.000000 15.548000 0.834556 0.542857 7.060572 3.889831 78.583173 0.826087 0.683540 7.071068 98.130102 4.123106 14.036243 
18.000000 231.000000 52.193171 1.000000 14.000000 14.506000 0.845695 0.500000 6.719656 3.586061 -71.507118 0.875000 0.564894 7.280110 -105.945396 4.000000 0.000000 
52.000000 233.000000 65.845703 1.000000 7.000000 6.922000 0.856222 0.875000 4.312826 2.228038 81.650378 1.000000 0.868564 4.472136 116.565051 2.000000 0.000000 
60.000000 234.000000 78.938630 5.000000 12.000000 12.273000 0.919144 0.500000 6.907102 2.720855 -24.288167 0.857143 0.634639 6.708204 -153.434949 3.478505 -71.565051 
37.000000 234.000000 27.280846 11.000000 1.000000 0.000000 0.000000 1.000000 1.154701 1.154701 0.000000 1.000000 1.000000 1.414214 135.000000 1.000000 -90.000000 
9.000000 237.000000 29.870890 1.000000 3.000000 3.920000 0.942809 1.000000 3.464102 1.154701 90.000000 1.000000 0.756007 3.162278 108.434949 1.000000 0.000000 
