285
32.000000 117.000000 13.805156 1.000000 10449.000000 591.556000 0.961447 0.680273 282.109732 77.577660 0.632217 0.680273 0.371272 248.386795 165.068583 64.000000 -90.000000 
49.000000 5.000000 56.317185 1.000000 11.000000 13.472000 0.955326 0.523810 7.736390 2.286516 -78.455341 0.785714 0.500813 7.615773 -113.198591 2.630384 -9.462322 
18.000000 8.000000 43.310258 1.000000 19.000000 28.193000 0.816483 0.339286 10.461029 6.039873 -34.086368 0.475000 0.243173 10.000000 -126.869898 6.260990 116.565051 
31.000000 5.000000 31.719656 1.000000 2.000000 1.960000 0.866025 1.000000 2.309401 1.154701 90.000000 1.000000 0.965669 2.236068 116.565051 1.000000 0.000000 
23.000000 6.000000 44.717778 1.000000 12.000000 13.100000 0.939551 0.571429 7.211998 2.469454 -78.610075 0.923077 0.571655 7.280110 -105.945396 3.000000 0.000000 
56.000000 7.000000 57.901417 1.000000 19.000000 21.428000 0.976503 0.575758 11.539889 2.486887 -80.592807 0.826087 0.395519 11.180340 -100.304846 3.000000 0.000000 
20.000000 8.000000 38.020996 2.000000 2.000000 2.812000 0.925820 0.500000 3.055050 1.154701 45.000000 1.000000 0.709058 2.828427 135.000000 1.414214 45.000000 
37.000000 9.000000 52.676187 1.000000 9.000000 9.825000 0.853819 0.600000 5.281753 2.749522 -75.472698 0.900000 0.672668 5.385165 -111.801409 3.000000 0.000000 
49.000000 9.000000 41.071445 1.000000 8.000000 8.882000 0.920807 0.800000 5.445698 2.123921 81.322988 1.000000 0.695395 5.385165 111.801409 2.000000 0.000000 
10.000000 9.000000 43.853114 1.000000 15.000000 23.058000 0.988690 0.187500 13.476713 2.021107 -49.912260 0.714286 0.274607 12.206556 -124.992020 2.811128 141.340192 
15.000000 10.000000 32.539773 3.000000 1.000000 0.000000 0.000000 1.000000 1.154701 1.154701 0.000000 1.000000 1.000000 1.414214 135.000000 1.000000 -90.000000 
42.000000 10.000000 65.889283 1.000000 25.000000 19.286000 0.908026 0.555556 9.340607 3.912918 -89.979610 0.833333 0.624575 9.219544 102.528808 5.000000 0.000000 
56.000000 10.000000 62.184570 1.000000 15.000000 19.170000 0.978934 0.750000 11.064980 2.259201 87.566270 0.833333 0.378652 10.198039 101.309932 2.000000 0.000000 
49.000000 11.000000 52.383637 1.000000 5.000000 9.362000 0.945834 0.500000 5.803201 1.884018 -83.867613 0.714286 0.401893 5.099020 101.309932 2.000000 0.000000 
30.000000 13.000000 46.421879 1.000000 11.000000 14.696000 0.977186 0.458333 8.999811 1.911424 73.997308 0.733333 0.434440 8.544004 110.556045 2.425356 -165.963757 
38.000000 12.000000 47.187076 2.000000 4.000000 4.590000 0.731925 0.666667 3.055050 2.081666 90.000000 1.000000 0.840876 3.162278 108.434949 2.000000 0.000000 
55.000000 15.000000 39.291766 8.000000 7.000000 10.032000 0.964597 0.350000 6.447571 1.700416 -39.155315 1.000000 0.506873 6.403124 -141.340192 2.121320 -45.000000 
41.000000 16.000000 47.825735 2.000000 4.000000 4.590000 0.731925 0.666667 3.055050 2.081666 0.000000 1.000000 0.840876 3.162278 161.565051 2.000000 -90.000000 
22.000000 17.000000 40.219862 1.000000 7.000000 9.180000 0.922848 0.700000 5.442381 2.096210 79.374747 0.875000 0.579394 5.385165 111.801409 2.000000 0.000000 
36.000000 18.000000 71.008503 1.000000 29.000000 20.808000 0.925591 0.580000 10.206539 3.863424 70.954315 0.906250 0.635348 10.440307 106.699244 4.472136 26.565051 
14.000000 18.000000 51.047133 1.000000 29.000000 24.546000 0.942927 0.483333 11.511864 3.833456 82.494960 0.805556 0.475376 12.165525 99.462322 4.525483 -171.869898 
28.000000 20.000000 39.332128 6.000000 4.000000 6.550000 0.946293 0.500000 4.820546 1.558527 17.608796 0.800000 0.535155 4.472136 153.434949 1.897367 -108.434949 
48.000000 18.000000 62.853792 1.000000 27.000000 26.944000 0.981619 0.642857 15.246820 2.909856 -89.444182 0.729730 0.374849 14.035669 94.085617 3.000000 0.000000 
59.000000 20.000000 41.140372 1.000000 7.000000 9.180000 0.920119 0.466667 5.533783 2.167249 -65.457192 0.875000 0.579394 5.385165 -111.801409 2.683282 -26.565051 
20.000000 20.000000 31.621963 9.000000 3.000000 4.590000 0.928995 0.500000 3.854129 1.426385 -61.845034 1.000000 0.630657 3.605551 -123.690068 1.788854 -26.565051 
30.000000 21.000000 64.930443 1.000000 9.000000 8.907000 0.700810 0.750000 4.423976 3.155836 85.268839 0.900000 0.779076 4.472136 116.565051 3.000000 0.000000 
53.000000 24.000000 42.827429 1.000000 7.000000 8.717000 0.624347 0.583333 3.930119 3.070002 -24.699353 0.875000 0.625521 4.472136 -153.434949 3.000000 -90.000000 
7.000000 24.000000 45.131436 1.000000 11.000000 12.802000 0.960985 0.785714 7.631749 2.110954 -84.041162 0.916667 0.543789 7.280110 -105.945396 2.000000 0.000000 
25.000000 24.000000 34.061826 1.000000 3.000000 5.624000 0.769800 0.500000 3.464102 2.211083 0.000000 0.750000 0.490646 3.162278 161.565051 2.000000 -90.000000 
30.000000 28.000000 48.069242 1.000000 42.000000 39.374000 0.878384 0.291667 17.006311 8.128273 -51.659999 0.488372 0.291986 15.620499 -140.194429 8.589557 -38.659808 
17.000000 26.000000 52.746722 1.000000 33.000000 26.365000 0.960386 0.634615 13.411754 3.737480 89.979704 0.825000 0.476306 13.152946 -98.746162 4.000000 0.000000 
48.000000 27.000000 48.656132 1.000000 18.000000 19.774000 0.971195 0.333333 11.190833 2.666632 63.506808 0.750000 0.430745 10.295630 119.054604 3.472973 -150.255119 
57.000000 26.000000 62.229758 1.000000 21.000000 18.542000 0.935035 0.466667 9.549541 3.385831 -72.316026 0.875000 0.561263 9.486833 -108.434949 4.314555 168.690068 
11.000000 27.000000 45.928590 1.000000 11.000000 14.787000 0.931143 0.611111 7.594413 2.769341 4.257891 0.733333 0.430041 6.708204 153.434949 3.000000 -90.000000 
7.000000 29.000000 53.843307 1.000000 13.000000 11.884000 0.924378 0.722222 6.900625 2.632433 -74.449532 0.928571 0.723586 6.708204 -116.565051 3.000000 0.000000 
13.000000 30.000000 39.325408 1.000000 2.000000 1.960000 0.866025 1.000000 2.309401 1.154701 90.000000 1.000000 0.965669 2.236068 116.565051 1.000000 0.000000 
41.000000 30.000000 57.195509 1.000000 19.000000 14.051000 0.861303 0.678571 7.152324 3.634036 75.999183 0.904762 0.807757 7.280110 105.945396 4.000000 0.000000 
54.000000 33.000000 58.637963 1.000000 45.000000 41.111000 0.977724 0.281250 20.941275 4.395428 -66.687425 0.592105 0.288765 18.357560 -119.357754 6.077702 150.255119 
8.000000 32.000000 35.608148 4.000000 3.000000 4.590000 0.928995 0.500000 3.854129 1.426385 28.154966 0.750000 0.630657 3.605551 146.309932 1.788854 -116.565051 
17.000000 35.000000 39.584828 4.000000 7.000000 7.592000 0.849496 0.583333 4.525150 2.387444 -22.500000 0.875000 0.763515 4.472136 -153.434949 2.683282 -63.434949 
24.000000 33.000000 30.632518 10.000000 1.000000 0.000000 0.000000 1.000000 1.154701 1.154701 0.000000 1.000000 1.000000 1.414214 135.000000 1.000000 -90.000000 
39.000000 34.000000 47.933455 1.000000 6.000000 7.683000 0.877971 0.750000 4.618802 2.211083 -80.537678 0.857143 0.643484 4.472136 -116.565051 2.000000 0.000000 
33.000000 35.000000 43.670758 1.000000 19.000000 24.637000 0.971937 0.271429 12.563155 2.955349 64.907147 0.633333 0.309416 12.206556 124.992020 3.982272 29.054604 
16.000000 38.000000 68.994005 1.000000 15.000000 13.125000 0.660044 0.500000 6.170145 4.635177 -74.518122 0.750000 0.712374 6.324555 -108.434949 4.919350 153.434949 
47.000000 37.000000 34.977801 9.000000 2.000000 2.812000 0.925820 0.500000 3.055050 1.154701 -45.000000 1.000000 0.709058 2.828427 -135.000000 1.414214 -45.000000 
57.000000 39.000000 67.224303 2.000000 6.000000 6.922000 0.894483 0.750000 4.513541 2.018017 77.066822 0.857143 0.744483 4.472136 116.565051 2.000000 0.000000 
9.000000 40.000000 110.538117 1.000000 37.000000 23.760000 0.936559 0.770833 11.845236 4.151866 88.731826 0.948718 0.642474 12.165525 -99.462322 4.000000 0.000000 
33.000000 41.000000 61.326159 1.000000 10.000000 10.106000 0.903944 0.666667 5.903614 2.524680 -76.645495 0.909091 0.716038 5.830952 -120.963757 2.910428 -14.036243 
48.000000 42.000000 68.657982 1.000000 32.000000 34.164000 0.989651 0.470588 20.222103 2.901845 84.512492 0.680851 0.288943 17.117243 96.709837 3.259287 -174.805571 
61.000000 40.000000 45.798030 8.000000 3.000000 3.920000 0.942809 1.000000 3.464102 1.154701 0.000000 1.000000 0.756007 3.162278 161.565051 1.000000 -90.000000 
24.000000 43.000000 57.748827 1.000000 17.000000 17.715000 0.759644 0.404762 6.701188 4.358047 54.604584 0.772727 0.491102 7.280110 105.945396 4.949747 -135.000000 
59.000000 43.000000 49.281108 1.000000 12.000000 11.884000 0.937215 0.666667 7.121793 2.483738 -75.694770 0.857143 0.667925 6.708204 -116.565051 2.910428 165.963757 
38.000000 43.000000 73.460316 1.000000 19.000000 13.960000 0.802740 0.633333 6.678408 3.982530 -61.648986 0.950000 0.816376 7.071068 -135.000000 4.427189 161.565051 
14.000000 47.000000 130.103374 1.000000 52.000000 35.851000 0.980552 0.509804 19.354565 3.798479 77.545832 0.812500 0.429783 17.720045 106.389540 4.603172 -170.537678 
34.000000 44.000000 36.459274 1.000000 3.000000 5.624000 0.769800 0.500000 3.464102 2.211083 0.000000 0.750000 0.490646 3.162278 161.565051 2.000000 -90.000000 
48.000000 47.000000 60.655957 5.000000 10.000000 8.998000 0.793574 0.625000 4.864662 2.960022 -37.534291 0.909091 0.852711 5.000000 -143.130102 3.535534 -45.000000 
5.000000 47.000000 50.733255 1.000000 3.000000 3.920000 0.942809 1.000000 3.464102 1.154701 90.000000 1.000000 0.756007 3.162278 108.434949 1.000000 0.000000 
37.000000 48.000000 50.059674 1.000000 16.000000 17.326000 0.964633 0.444444 9.417621 2.482456 70.805626 0.842105 0.479950 9.486833 108.434949 3.130495 26.565051 
27.000000 48.000000 69.352202 1.000000 17.000000 17.996000 0.949719 0.425000 9.627102 3.014286 -69.110752 0.739130 0.478132 8.944272 -116.565051 3.676580 -23.198591 
43.000000 47.000000 39.447756 10.000000 5.000000 5.814000 0.901281 0.555556 4.163332 1.803700 -45.000000 1.000000 0.783414 4.242641 -135.000000 2.121320 -45.000000 
55.000000 48.000000 69.945196 1.000000 36.000000 25.861000 0.937435 0.600000 12.243959 4.262850 -81.105982 0.818182 0.537822 12.041595 94.763642 4.931970 170.537678 
19.000000 50.000000 69.808449 1.000000 2.000000 1.960000 0.866025 1.000000 2.309401 1.154701 90.000000 1.000000 0.965669 2.236068 116.565051 1.000000 0.000000 
5.000000 50.000000 38.769597 2.000000 3.000000 3.093000 0.730297 0.750000 2.581989 1.763834 45.000000 1.000000 0.969873 2.828427 135.000000 2.000000 -90.000000 
50.000000 52.000000 144.119947 1.000000 23.000000 16.474000 0.894123 0.657143 8.470829 3.793414 -19.546929 0.884615 0.751164 8.602325 -144.462322 4.123106 -75.963757 
40.000000 52.000000 44.981285 1.000000 21.000000 28.259000 0.988193 0.375000 16.963411 2.599072 81.168529 0.583333 0.267642 14.317821 102.094757 3.202514 6.340192 
61.000000 50.000000 54.755794 1.000000 4.000000 4.408000 0.870424 0.666667 3.435909 1.691507 31.717474 1.000000 0.881907 3.605551 146.309932 2.000000 -90.000000 
5.000000 56.000000 33.142688 2.000000 6.000000 9.800000 0.986013 1.000000 6.928203 1.154701 0.000000 1.000000 0.450179 6.082763 170.537678 1.000000 -90.000000 
61.000000 56.000000 49.858871 6.000000 5.000000 8.328000 0.969048 0.500000 6.024504 1.487286 17.143438 0.714286 0.477622 5.385165 158.198591 1.897367 71.565051 
32.000000 57.000000 53.780749 1.000000 12.000000 12.736000 0.954612 0.571429 7.580114 2.257749 18.836188 0.857143 0.598166 7.615773 156.801409 2.846050 71.565051 
48.000000 56.000000 42.408770 4.000000 8.000000 11.901000 0.851698 0.533333 5.631076 2.950873 71.253673 0.727273 0.444278 5.830952 120.963757 3.000000 0.000000 
57.000000 55.000000 36.511000 12.000000 1.000000 0.000000 0.000000 1.000000 1.154701 1.154701 0.000000 1.000000 1.000000 1.414214 135.000000 1.000000 -90.000000 
24.000000 57.000000 37.885277 1.000000 9.000000 15.085000 0.969708 0.257143 9.030712 2.205898 -57.820503 0.642857 0.340441 8.602325 -125.537678 2.915476 149.036243 
51.000000 58.000000 108.782236 1.000000 20.000000 12.645000 0.383662 0.800000 5.341660 4.932883 -26.565051 1.000000 1.000000 5.830952 149.036243 5.000000 -90.000000 
18.000000 60.000000 41.016020 1.000000 5.000000 6.550000 0.889464 0.625000 4.253087 1.943686 5.152423 1.000000 0.668944 4.123106 165.963757 2.000000 -90.000000 
38.000000 59.000000 62.402698 1.000000 12.000000 12.736000 0.935123 0.571429 7.095488 2.514102 -73.997308 0.857143 0.598166 7.280110 -105.945396 3.000000 0.000000 
45.000000 60.000000 68.084607 1.000000 20.000000 20.320000 0.955148 0.555556 10.515249 3.113873 86.995497 0.689655 0.456588 9.219544 102.528808 4.000000 0.000000 
58.000000 61.000000 39.893319 1.000000 10.000000 15.366000 0.981957 0.312500 9.273163 1.753600 66.092222 0.769231 0.366868 8.944272 116.565051 2.236068 26.565051 
13.000000 62.000000 53.741065 1.000000 18.000000 19.658000 0.978280 0.450000 11.421230 2.367466 74.947643 0.818182 0.435139 10.770330 111.801409 2.910428 14.036243 
20.000000 62.000000 44.792102 1.000000 7.000000 8.328000 0.910849 0.700000 5.125685 2.115574 -85.692176 1.000000 0.668670 5.099020 101.309932 2.000000 0.000000 
51.000000 63.000000 108.324905 1.000000 18.000000 13.472000 0.829086 0.750000 6.662842 3.725338 -8.953581 0.947368 0.819512 6.708204 -153.434949 4.000000 -90.000000 
4.000000 68.000000 83.384480 5.000000 18.000000 20.758000 0.982239 0.818182 11.832544 2.220174 2.937624 0.900000 0.396006 11.180340 169.695154 2.000000 -90.000000 
35.000000 64.000000 77.699787 1.000000 34.000000 27.242000 0.956406 0.566667 13.030391 3.805406 84.013069 0.755556 0.462818 12.369317 104.036243 4.217181 7.125016 
28.000000 66.000000 72.445977 1.000000 1.000000 0.000000 0.000000 1.000000 1.154701 1.154701 0.000000 1.000000 1.000000 1.414214 135.000000 1.000000 -90.000000 
43.000000 65.000000 48.265180 1.000000 13.000000 13.290000 0.947155 0.619048 7.774755 2.493964 -78.597730 0.866667 0.605054 7.280110 -105.945396 2.910428 -14.036243 
13.000000 67.000000 52.222160 1.000000 14.000000 16.656000 0.972870 0.518519 9.388955 2.172159 73.388187 0.875000 0.448862 9.486833 108.434949 2.846050 -161.565051 
49.000000 66.000000 57.442838 1.000000 4.000000 5.053000 0.866025 0.666667 3.651484 1.825742 -71.565051 0.800000 0.748540 3.605551 -123.690068 2.000000 0.000000 
59.000000 66.000000 45.344962 1.000000 13.000000 12.554000 0.920996 0.541667 7.023769 2.736271 64.653824 0.866667 0.663129 7.211103 123.690068 3.162278 18.434949 
51.000000 69.000000 86.335869 7.000000 11.000000 9.461000 0.786338 0.733333 4.989887 3.082732 2.463555 0.916667 0.870328 5.385165 158.198591 3.000000 -90.000000 
25.000000 68.000000 37.624743 2.000000 5.000000 6.368000 0.796217 0.833333 3.759433 2.274496 0.000000 0.833333 0.694794 3.605551 146.309932 2.000000 -90.000000 
41.000000 72.000000 49.915139 1.000000 17.000000 17.326000 0.955027 0.472222 9.431988 2.796768 71.549414 0.850000 0.509947 9.486833 108.434949 3.395499 14.036243 
21.000000 72.000000 39.839984 1.000000 5.000000 5.814000 0.743786 0.555556 3.529850 2.359413 55.900705 1.000000 0.783414 3.605551 123.690068 2.683282 26.565051 
55.000000 71.000000 46.114479 1.000000 9.000000 12.918000 0.969379 0.428571 7.976230 1.958712 -75.362373 0.750000 0.438514 7.280110 -105.945396 2.425356 165.963757 
7.000000 73.000000 48.676010 1.000000 10.000000 11.512000 0.913543 0.555556 6.435449 2.617569 85.203433 0.833333 0.585223 6.324555 108.434949 2.941742 -168.690068 
14.000000 76.000000 50.467271 1.000000 26.000000 35.314000 0.979710 0.166667 19.377544 3.883657 48.066838 0.472727 0.220935 17.029386 139.763642 4.775977 -137.726311 
35.000000 73.000000 40.596695 1.000000 7.000000 8.328000 0.910849 0.700000 5.125685 2.115574 -85.692176 0.875000 0.668670 5.099020 101.309932 2.000000 0.000000 
47.000000 76.000000 50.276207 1.000000 20.000000 25.497000 0.987096 0.222222 14.768685 2.364869 49.417355 0.714286 0.306434 13.453624 131.987212 3.200922 -140.194429 
5.000000 92.000000 62.773802 1.000000 70.000000 74.472000 0.998437 0.614035 44.374860 2.480389 0.392302 0.760870 0.146027 38.013156 178.492564 3.000000 -90.000000 
38.000000 76.000000 42.353148 1.000000 12.000000 15.937000 0.936114 0.333333 7.892698 2.775844 -40.786515 0.800000 0.414284 7.810250 -140.194429 3.535534 135.000000 
57.000000 76.000000 55.366711 1.000000 25.000000 19.286000 0.942332 0.625000 10.085248 3.375328 -75.504245 0.925926 0.624575 10.440307 -106.699244 4.000000 0.000000 
24.000000 77.000000 86.386142 1.000000 22.000000 15.829000 0.850523 0.785714 7.584860 3.989163 -80.832899 0.916667 0.768194 7.615773 -113.198591 4.000000 0.000000 
18.000000 78.000000 57.352466 1.000000 12.000000 15.730000 0.914850 0.428571 7.615072 3.074919 71.735572 0.750000 0.423423 7.280110 105.945396 3.944467 30.963757 
30.000000 78.000000 94.404270 1.000000 23.000000 18.823000 0.898432 0.511111 9.013684 3.958019 -79.344646 0.821429 0.599089 9.219544 -102.528808 5.000000 0.000000 
24.000000 80.000000 55.735733 1.000000 14.000000 20.345000 0.896922 0.350000 9.039369 3.997110 -82.809303 0.538462 0.318932 8.246211 -104.036243 4.510671 -11.309932 
8.000000 83.000000 52.246261 1.000000 1.000000 0.000000 0.000000 1.000000 1.154701 1.154701 0.000000 1.000000 1.000000 1.414214 135.000000 1.000000 -90.000000 
39.000000 83.000000 41.904916 1.000000 18.000000 18.525000 0.915211 0.450000 8.858193 3.569636 72.378791 0.692308 0.481838 8.944272 116.565051 4.201806 23.198591 
52.000000 84.000000 37.982798 1.000000 1.000000 0.000000 0.000000 1.000000 1.154701 1.154701 0.000000 1.000000 1.000000 1.414214 135.000000 1.000000 -90.000000 
47.000000 83.000000 45.780763 1.000000 7.000000 9.643000 0.930984 0.700000 5.735421 2.093767 -79.952384 0.777778 0.538188 5.385165 -111.801409 2.000000 0.000000 
20.000000 86.000000 51.000310 1.000000 14.000000 13.778000 0.945114 0.500000 7.972141 2.604824 -68.403144 0.823529 0.614551 7.615773 -113.198591 3.130495 -26.565051 
11.000000 85.000000 44.878087 10.000000 5.000000 7.402000 0.882464 0.416667 4.587955 2.158086 -64.329904 0.833333 0.565201 4.472136 -116.565051 2.529822 161.565051 
45.000000 87.000000 59.858957 1.000000 25.000000 27.259000 0.965080 0.347222 13.370281 3.502434 69.644887 0.657895 0.339927 13.000000 112.619865 4.427189 18.434949 
35.000000 88.000000 66.153022 1.000000 19.000000 17.508000 0.947587 0.527778 9.337837 2.983427 -76.862526 0.826087 0.559939 9.219544 -102.528808 3.571375 -15.945396 
27.000000 90.000000 48.337022 1.000000 28.000000 30.096000 0.979481 0.239316 15.425977 3.108873 -59.792712 0.736842 0.318500 14.764823 -118.300756 4.437602 -33.690068 
52.000000 94.000000 51.285739 1.000000 2.000000 1.960000 0.866025 1.000000 2.309401 1.154701 90.000000 1.000000 0.965669 2.236068 116.565051 1.000000 0.000000 
11.000000 90.000000 40.665870 2.000000 10.000000 10.685000 0.911815 0.500000 6.076337 2.494954 58.148970 0.833333 0.657324 6.403124 128.659808 3.130495 26.565051 
20.000000 92.000000 65.296764 2.000000 14.000000 12.645000 0.925225 0.583333 7.274969 2.760262 26.565051 0.875000 0.705929 7.211103 146.309932 3.478505 -108.434949 
38.000000 93.000000 45.194413 1.000000 14.000000 16.400000 0.947571 0.333333 8.967425 2.865509 35.874707 0.700000 0.460700 8.602325 144.462322 3.605551 56.309932 
12.000000 92.000000 47.085640 4.000000 1.000000 0.000000 0.000000 1.000000 1.154701 1.154701 0.000000 1.000000 1.000000 1.414214 135.000000 1.000000 -90.000000 
17.000000 94.000000 42.489487 1.000000 6.000000 8.998000 0.958927 0.375000 6.218253 1.763834 -45.000000 0.857143 0.511626 5.656854 -135.000000 2.121320 -45.000000 
59.000000 93.000000 36.428909 12.000000 1.000000 0.000000 0.000000 1.000000 1.154701 1.154701 0.000000 1.000000 1.000000 1.414214 135.000000 1.000000 -90.000000 
25.000000 98.000000 83.577426 1.000000 35.000000 28.094000 0.952484 0.416667 12.982838 3.954426 -74.006127 0.777778 0.450794 12.649111 -108.434949 4.427189 -18.434949 
32.000000 98.000000 54.238597 1.000000 13.000000 13.687000 0.891303 0.541667 7.329930 3.323446 71.920907 0.764706 0.576843 6.708204 116.565051 3.638034 14.036243 
57.000000 97.000000 36.304401 2.000000 5.000000 8.328000 0.969048 0.500000 6.024504 1.487286 -72.856562 0.833333 0.477622 5.385165 -111.801409 1.897367 161.565051 
12.000000 100.000000 43.525258 1.000000 12.000000 17.326000 0.977409 0.333333 10.287279 2.174268 -74.080742 0.705882 0.359963 9.486833 -108.434949 2.667892 -14.036243 
18.000000 98.000000 52.709934 5.000000 6.000000 8.328000 0.953154 0.600000 5.526219 1.671596 17.608796 0.857143 0.573146 5.385165 158.198591 2.000000 -90.000000 
40.000000 101.000000 48.512256 2.000000 11.000000 13.290000 0.964406 0.523810 8.125119 2.148498 17.324165 0.846154 0.511968 7.615773 156.801409 2.667892 -104.036243 
32.000000 103.000000 40.242389 2.000000 15.000000 20.246000 0.942757 0.312500 9.821991 3.275438 -30.569621 0.600000 0.344612 8.944272 -153.434949 4.115966 120.963757 
16.000000 101.000000 35.387025 1.000000 3.000000 3.093000 0.730297 0.750000 2.581989 1.763834 45.000000 1.000000 0.969873 2.828427 135.000000 2.000000 -90.000000 
44.000000 103.000000 46.764102 1.000000 12.000000 12.918000 0.946489 0.571429 7.473248 2.411893 73.896151 0.857143 0.584685 7.615773 113.198591 2.910428 -165.963757 
50.000000 102.000000 39.573866 1.000000 3.000000 5.624000 0.769800 0.500000 3.464102 2.211083 0.000000 0.750000 0.490646 3.162278 161.565051 2.000000 -90.000000 
21.000000 105.000000 51.481572 9.000000 6.000000 8.626000 0.598400 0.500000 3.962298 3.174583 -9.217474 0.750000 0.544485 4.242641 -135.000000 3.000000 -90.000000 
18.000000 106.000000 60.175290 1.000000 10.000000 12.827000 0.537504 0.625000 4.753702 4.008613 -18.013687 0.769231 0.492807 5.000000 143.130102 4.000000 -90.000000 
36.000000 106.000000 37.539380 2.000000 10.000000 18.178000 0.926811 0.357143 8.811242 3.308880 -71.743755 0.555556 0.276473 8.062258 -119.744881 3.452379 170.537678 
26.000000 108.000000 113.762645 1.000000 41.000000 27.515000 0.951075 0.630769 13.836516 4.274951 -85.790208 0.820000 0.548209 13.152946 -98.746162 5.000000 0.000000 
9.000000 110.000000 46.665971 1.000000 12.000000 12.736000 0.954612 0.571429 7.580114 2.257749 71.163812 0.923077 0.598166 7.615773 113.198591 2.846050 -161.565051 
48.000000 110.000000 47.753661 1.000000 6.000000 8.328000 0.951618 0.600000 5.664082 1.740486 75.344996 0.857143 0.573146 5.385165 111.801409 2.000000 0.000000 
21.000000 109.000000 41.933660 2.000000 5.000000 7.683000 0.944850 0.416667 5.384843 1.763557 -49.265383 0.833333 0.536237 5.000000 -126.869898 2.121320 -45.000000 
37.000000 113.000000 41.328107 1.000000 18.000000 22.280000 0.973219 0.545455 12.034940 2.766593 83.742307 0.692308 0.350007 11.180340 100.304846 3.000000 0.000000 
55.000000 113.000000 42.546759 1.000000 17.000000 25.770000 0.972042 0.283333 14.356618 3.371034 75.026545 0.531250 0.255573 12.649111 108.434949 3.979399 -159.443955 
5.000000 113.000000 39.563665 9.000000 7.000000 9.362000 0.916577 0.700000 5.363013 2.144444 0.000000 0.875000 0.562650 5.099020 168.690068 2.000000 -90.000000 
18.000000 115.000000 68.814066 1.000000 10.000000 11.810000 0.918624 0.416667 6.429101 2.540341 -61.699244 0.909091 0.562128 6.708204 -116.565051 3.130495 -26.565051 
32.000000 114.000000 39.920608 1.000000 5.000000 6.550000 0.889464 0.625000 4.253087 1.943686 84.847577 1.000000 0.668944 4.123106 104.036243 2.000000 0.000000 
15.000000 117.000000 52.798923 1.000000 14.000000 16.193000 0.927293 0.583333 8.241610 3.085132 84.030925 0.736842 0.470617 8.246211 104.036243 3.000000 0.000000 
29.000000 120.000000 48.716302 3.000000 20.000000 24.753000 0.987005 0.227273 14.554620 2.338739 36.059970 0.769231 0.322998 13.038405 147.528808 3.328201 -123.690068 
44.000000 117.000000 45.408817 1.000000 27.000000 29.458000 0.988862 0.600000 16.944484 2.521992 85.057503 0.771429 0.319264 15.297059 101.309932 2.987680 5.194429 
60.000000 121.000000 39.720979 4.000000 15.000000 22.768000 0.977156 0.454545 12.524450 2.661733 2.205612 0.652174 0.280789 11.045361 174.805571 3.000000 -90.000000 
9.000000 118.000000 49.566175 10.000000 5.000000 7.220000 0.948099 0.416667 5.066665 1.611077 -54.720017 1.000000 0.585230 5.000000 -126.869898 2.121320 -45.000000 
24.000000 117.000000 56.871212 1.000000 7.000000 7.592000 0.815930 0.583333 4.429339 2.560825 -71.565051 0.875000 0.763515 4.472136 -116.565051 2.846050 -18.434949 
21.000000 118.000000 77.164125 1.000000 15.000000 16.772000 0.491640 0.600000 5.556840 4.838890 -29.518122 0.750000 0.475337 5.830952 149.036243 4.919350 -63.434949 
12.000000 121.000000 44.381409 11.000000 6.000000 9.180000 0.955069 0.400000 5.927544 1.756826 -61.845034 0.750000 0.496624 5.830952 -120.963757 2.236068 153.434949 
17.000000 122.000000 46.732705 2.000000 14.000000 18.840000 0.953521 0.291667 9.487078 2.858711 35.692154 0.666667 0.364099 9.433981 147.994617 3.721042 60.255119 
47.000000 123.000000 52.513313 1.000000 42.000000 40.532000 0.981413 0.350000 20.325801 3.900714 80.128284 0.688525 0.276708 20.396078 101.309932 4.603172 -170.537678 
35.000000 124.000000 32.625907 7.000000 2.000000 1.960000 0.866025 1.000000 2.309401 1.154701 0.000000 1.000000 0.965669 2.236068 153.434949 1.000000 -90.000000 
19.000000 128.000000 130.205366 1.000000 43.000000 33.081000 0.975784 0.358333 16.821924 3.679562 66.589032 0.860000 0.411831 16.552945 115.016893 4.472136 26.565051 
26.000000 127.000000 62.563159 1.000000 5.000000 4.962000 0.765092 0.833333 3.306559 2.129163 71.565051 1.000000 0.956808 3.605551 123.690068 2.000000 0.000000 
8.000000 129.000000 63.687179 1.000000 16.000000 14.605000 0.928608 0.571429 7.818277 2.901070 70.532163 0.888889 0.638410 8.062258 119.744881 3.478505 -161.565051 
29.000000 131.000000 42.531190 1.000000 17.000000 23.438000 0.982819 0.257576 14.112958 2.604840 66.030372 0.586207 0.302386 12.083046 114.443955 3.511234 20.556045 
39.000000 129.000000 35.890087 1.000000 6.000000 8.328000 0.951618 0.600000 5.664082 1.740486 75.344996 0.857143 0.573146 5.385165 111.801409 2.000000 0.000000 
60.000000 130.000000 95.151115 1.000000 8.000000 6.831000 0.580948 0.888889 3.651484 2.972092 45.000000 1.000000 1.000000 4.242641 135.000000 3.000000 -90.000000 
45.000000 132.000000 92.058258 1.000000 73.000000 65.673000 0.995774 0.285156 34.543347 3.172279 78.351717 0.730000 0.193719 32.984845 104.036243 4.274374 -170.537678 
58.000000 135.000000 76.949020 4.000000 20.000000 15.366000 0.898833 0.625000 7.886594 3.456630 17.262483 0.952381 0.733736 8.246211 165.963757 4.000000 -90.000000 
19.000000 134.000000 92.031522 1.000000 34.000000 23.132000 0.933594 0.515152 11.489171 4.116959 73.084233 0.871795 0.618942 11.401754 105.255119 4.743416 18.434949 
24.000000 135.000000 38.226216 11.000000 3.000000 3.093000 0.730297 0.750000 2.581989 1.763834 45.000000 1.000000 0.969873 2.828427 135.000000 2.000000 -90.000000 
4.000000 137.000000 30.865511 12.000000 1.000000 0.000000 0.000000 1.000000 1.154701 1.154701 0.000000 1.000000 1.000000 1.414214 135.000000 1.000000 -90.000000 
10.000000 138.000000 90.054319 1.000000 34.000000 24.910000 0.921822 0.472222 11.383799 4.412512 75.091830 0.850000 0.542967 12.649111 108.434949 5.300713 -173.659808 
45.000000 138.000000 41.683158 1.000000 17.000000 19.931000 0.958915 0.566667 10.675446 3.028548 85.746591 0.680000 0.401297 10.198039 101.309932 3.000000 0.000000 
54.000000 137.000000 49.924758 2.000000 6.000000 11.140000 0.866033 0.400000 5.593677 2.796763 -77.688218 0.666667 0.369665 5.385165 -111.801409 3.000000 0.000000 
16.000000 139.000000 48.452264 1.000000 9.000000 10.222000 0.841836 0.600000 5.384018 2.905933 90.000000 0.818182 0.633295 5.385165 111.801409 3.000000 0.000000 
32.000000 142.000000 42.477833 1.000000 18.000000 24.430000 0.938567 0.250000 12.596919 4.347169 35.302438 0.500000 0.297549 11.401754 142.125016 5.000000 -126.869898 
22.000000 140.000000 89.482003 1.000000 33.000000 22.371000 0.919215 0.550000 10.883199 4.285331 78.497898 0.846154 0.637110 10.440307 106.699244 5.082341 -164.054604 
48.000000 142.000000 46.767751 1.000000 8.000000 6.831000 0.580948 0.888889 3.651484 2.972092 45.000000 1.000000 1.000000 4.242641 135.000000 3.000000 -90.000000 
58.000000 141.000000 50.020489 2.000000 13.000000 17.533000 0.427467 0.361111 6.022312 5.444357 -45.000000 0.590909 0.382190 6.324555 161.565051 5.656854 45.000000 
8.000000 144.000000 56.371556 1.000000 17.000000 15.895000 0.957538 0.708333 9.333157 2.690820 83.020409 0.850000 0.589495 8.544004 110.556045 3.000000 0.000000 
16.000000 143.000000 50.496306 2.000000 11.000000 9.552000 0.825584 0.733333 5.186141 2.926431 76.717474 1.000000 0.857894 5.385165 111.801409 3.000000 0.000000 
47.000000 147.000000 79.297231 1.000000 50.000000 40.383000 0.988448 0.277778 22.268603 3.374966 66.586306 0.746269 0.331673 20.591260 119.054604 4.201806 -156.801409 
5.000000 151.000000 38.637212 9.000000 11.000000 16.863000 0.959793 0.343750 8.913344 2.502056 -19.346071 0.647059 0.345417 8.944272 -153.434949 2.971125 -68.198591 
25.000000 148.000000 71.885586 1.000000 18.000000 15.432000 0.939818 0.750000 8.583183 2.932674 83.509210 0.900000 0.655678 8.246211 104.036243 3.000000 0.000000 
56.000000 148.000000 44.943947 5.000000 14.000000 13.381000 0.929123 0.666667 7.376363 2.727564 15.712423 1.000000 0.644439 7.615773 156.801409 3.000000 -90.000000 
13.000000 151.000000 64.752290 1.000000 18.000000 19.286000 0.972058 0.450000 10.549837 2.476496 71.661907 0.900000 0.449694 10.770330 111.801409 3.152963 14.036243 
21.000000 149.000000 47.488879 1.000000 5.000000 6.550000 0.889464 0.625000 4.253087 1.943686 84.847577 1.000000 0.668944 4.123106 104.036243 2.000000 0.000000 
59.000000 150.000000 108.754238 2.000000 16.000000 13.125000 0.855992 0.533333 6.638836 3.432204 57.538592 0.888889 0.759865 6.708204 116.565051 4.024922 -153.434949 
19.000000 153.000000 47.243433 1.000000 17.000000 18.459000 0.957816 0.354167 10.032526 2.883169 56.730107 0.772727 0.457854 10.000000 126.869898 3.605551 33.690068 
34.000000 154.000000 79.525232 1.000000 38.000000 25.861000 0.943940 0.452381 13.004333 4.292940 63.697855 0.826087 0.567701 12.649111 108.434949 5.178265 23.962489 
54.000000 152.000000 156.403835 1.000000 11.000000 10.032000 0.616057 0.550000 4.536179 3.573154 75.849622 1.000000 0.796515 5.099020 101.309932 4.000000 0.000000 
45.000000 157.000000 93.275012 2.000000 30.000000 27.747000 0.854164 0.370370 10.979192 5.709213 -43.470475 0.666667 0.395125 11.401754 -127.874984 6.708204 116.565051 
51.000000 155.000000 107.610729 1.000000 30.000000 18.269000 0.191768 0.714286 6.394854 6.276168 -3.394487 0.909091 0.822382 7.615773 156.801409 6.000000 -90.000000 
58.000000 156.000000 135.185173 4.000000 20.000000 17.533000 0.952704 0.416667 9.722950 2.954811 -54.990412 0.909091 0.587985 9.433981 -122.005383 3.605551 146.309932 
4.000000 161.000000 36.673616 1.000000 11.000000 16.838000 0.981046 0.611111 10.384626 2.012298 3.806969 0.687500 0.346282 9.219544 167.471192 2.000000 -90.000000 
11.000000 157.000000 39.782502 1.000000 11.000000 12.248000 0.949451 0.785714 7.094689 2.227141 -87.659778 0.916667 0.583644 7.071068 98.130102 2.000000 0.000000 
23.000000 160.000000 68.948095 1.000000 1.000000 0.000000 0.000000 1.000000 1.154701 1.154701 0.000000 1.000000 1.000000 1.414214 135.000000 1.000000 -90.000000 
41.000000 161.000000 85.471773 3.000000 10.000000 12.645000 0.868101 0.500000 6.425905 3.189736 -54.450379 0.714286 0.504235 6.403124 -128.659808 3.794733 -18.434949 
30.000000 159.000000 45.141966 2.000000 10.000000 12.273000 0.951017 0.416667 7.357536 2.274496 -59.036243 0.833333 0.528866 7.211103 -123.690068 3.000000 -36.869898 
53.000000 160.000000 101.895538 5.000000 4.000000 4.408000 0.870424 0.666667 3.435909 1.691507 31.717474 1.000000 0.881907 3.605551 146.309932 2.000000 -90.000000 
18.000000 163.000000 77.507356 1.000000 14.000000 13.588000 0.942671 0.466667 7.792332 2.600491 -53.806289 0.875000 0.628590 7.810250 -129.805571 3.328201 146.309932 
26.000000 162.000000 80.699639 3.000000 9.000000 11.140000 0.930178 0.750000 6.096250 2.237984 5.309828 0.900000 0.554497 6.324555 161.565051 2.000000 -90.000000 
48.000000 162.000000 131.161051 1.000000 20.000000 28.020000 0.571641 0.357143 7.802589 6.402052 5.564595 0.625000 0.258822 8.246211 165.963757 6.957011 -108.434949 
41.000000 165.000000 141.276456 2.000000 18.000000 14.787000 0.795005 0.750000 6.897748 4.184195 4.916782 0.857143 0.703704 6.708204 153.434949 4.000000 -90.000000 
27.000000 166.000000 89.046599 5.000000 12.000000 10.867000 0.824168 0.600000 5.646621 3.197934 20.523832 0.923077 0.768426 5.830952 149.036243 3.794733 71.565051 
45.000000 167.000000 194.745040 1.000000 21.000000 21.180000 0.728551 0.500000 7.818614 5.355683 -33.897050 0.700000 0.446113 8.485281 -135.000000 5.600000 143.130102 
54.000000 167.000000 252.521304 1.000000 39.000000 25.191000 0.933077 0.541667 12.295808 4.422520 -77.792802 0.866667 0.610523 12.165525 -99.462322 5.059644 -18.434949 
12.000000 168.000000 83.074895 1.000000 24.000000 26.597000 0.969481 0.500000 13.375830 3.279305 -82.885467 0.631579 0.341020 12.369317 -104.036243 3.865103 173.659808 
5.000000 168.000000 46.456429 2.000000 5.000000 5.905000 0.631142 0.555556 3.585155 2.780887 45.000000 0.833333 0.767732 3.605551 123.690068 2.828427 45.000000 
29.000000 170.000000 155.351430 1.000000 11.000000 10.594000 0.681454 0.550000 4.894157 3.581843 -54.002081 0.846154 0.732669 5.099020 101.309932 4.000000 0.000000 
22.000000 170.000000 108.729735 1.000000 25.000000 23.322000 0.834990 0.520833 9.047961 4.978781 -83.362083 0.714286 0.448593 8.944272 -116.565051 6.000000 0.000000 
35.000000 171.000000 171.295495 1.000000 49.000000 32.411000 0.872973 0.556818 13.049160 6.364960 67.050593 0.777778 0.487151 13.038405 122.471192 7.353160 -156.801409 
60.000000 171.000000 89.536628 2.000000 12.000000 11.901000 0.579687 0.600000 4.834381 3.939244 12.557417 0.857143 0.666416 5.385165 -158.198591 4.000000 -90.000000 
7.000000 172.000000 58.206864 1.000000 18.000000 15.366000 0.921796 0.562500 8.162617 3.164437 -17.635216 0.900000 0.660363 8.246211 -165.963757 3.713907 111.801409 
44.000000 173.000000 147.290221 1.000000 34.000000 39.350000 0.603028 0.472222 9.388361 7.489283 -70.585088 0.680000 0.236637 9.219544 102.528808 8.000000 0.000000 
51.000000 173.000000 107.140750 1.000000 13.000000 13.952000 0.815337 0.722222 5.919376 3.427243 81.003456 0.866667 0.559096 6.708204 116.565051 3.000000 0.000000 
16.000000 174.000000 64.428914 1.000000 14.000000 14.051000 0.819744 0.466667 6.660364 3.814592 33.472814 0.823529 0.595189 6.708204 153.434949 4.743416 -108.434949 
22.000000 179.000000 120.107840 1.000000 19.000000 17.326000 0.758687 0.475000 6.998687 4.559335 -2.344422 0.791667 0.569941 8.246211 165.963757 5.000000 -90.000000 
11.000000 176.000000 73.379525 1.000000 18.000000 16.011000 0.917365 0.750000 8.351072 3.324112 -89.180335 0.900000 0.616634 8.246211 -104.036243 3.000000 0.000000 
27.000000 175.000000 66.435129 2.000000 13.000000 20.064000 0.789667 0.371429 7.344198 4.505928 -62.918826 0.619048 0.303367 7.810250 -129.805571 5.000000 0.000000 
37.000000 178.000000 119.007686 1.000000 49.000000 41.327000 0.736439 0.445455 11.850423 8.016855 -59.583298 0.700000 0.311386 12.083046 -114.443955 8.485281 -45.000000 
55.000000 177.000000 203.925657 1.000000 34.000000 26.142000 0.920275 0.515152 12.094096 4.732082 -72.801624 0.772727 0.498242 12.529964 -118.610460 5.813777 153.434949 
6.000000 177.000000 56.724876 1.000000 4.000000 5.880000 0.968246 1.000000 4.618802 1.154701 90.000000 1.000000 0.617595 4.123106 104.036243 1.000000 0.000000 
18.000000 179.000000 66.035822 1.000000 15.000000 19.956000 0.850995 0.416667 8.203890 4.308464 -38.164346 0.652174 0.353320 7.810250 -140.194429 4.949747 135.000000 
46.000000 181.000000 178.214076 1.000000 3.000000 3.093000 0.730297 0.750000 2.581989 1.763834 45.000000 1.000000 0.969873 2.828427 135.000000 2.000000 -90.000000 
52.000000 181.000000 116.009754 1.000000 10.000000 13.869000 0.864162 0.555556 6.916209 3.480333 -4.899924 0.714286 0.434281 6.324555 -161.565051 3.000000 -90.000000 
55.000000 182.000000 70.368390 1.000000 2.000000 1.960000 0.866025 1.000000 2.309401 1.154701 0.000000 1.000000 0.965669 2.236068 153.434949 1.000000 -90.000000 
25.000000 183.000000 129.184855 1.000000 41.000000 22.495000 0.720095 0.585714 9.174917 6.366255 66.315855 0.891304 0.783922 10.770330 111.801409 7.000000 0.000000 
11.000000 184.000000 89.059070 1.000000 38.000000 28.259000 0.973254 0.542857 15.139588 3.478023 76.695897 0.863636 0.484304 14.866069 109.653824 4.109975 -170.537678 
53.000000 184.000000 65.742100 9.000000 9.000000 13.100000 0.883309 0.500000 6.122866 2.870350 81.761559 0.692308 0.428741 6.082763 99.462322 3.000000 0.000000 
18.000000 185.000000 67.977948 1.000000 19.000000 14.696000 0.778804 0.633333 7.366636 4.620849 37.907031 0.791667 0.750397 7.810250 140.194429 4.949747 45.000000 
33.000000 185.000000 108.195726 1.000000 43.000000 30.914000 0.736847 0.398148 11.869448 8.024453 87.501373 0.661538 0.465909 12.369317 104.036243 8.356290 158.198591 
8.000000 190.000000 45.706977 1.000000 21.000000 22.743000 0.906878 0.525000 9.689888 4.083253 -80.399441 0.677419 0.393864 9.433981 -122.005383 4.274374 -9.462322 
47.000000 187.000000 86.978350 1.000000 32.000000 38.035000 0.833414 0.415584 11.751512 6.494460 -89.290600 0.533333 0.237170 11.401754 -105.255119 6.505382 8.130102 
55.000000 188.000000 35.227488 1.000000 1.000000 0.000000 0.000000 1.000000 1.154701 1.154701 0.000000 1.000000 1.000000 1.414214 135.000000 1.000000 -90.000000 
19.000000 192.000000 55.460548 1.000000 29.000000 25.861000 0.929597 0.659091 11.297540 4.164018 -1.631579 0.763158 0.433246 11.045361 174.805571 4.000000 -90.000000 
39.000000 191.000000 84.947754 1.000000 54.000000 37.870000 0.664885 0.415385 12.526255 9.356435 -23.020813 0.683544 0.403451 13.341664 -167.005383 9.284767 -68.198591 
25.000000 194.000000 57.596251 7.000000 8.000000 11.421000 0.829923 0.400000 5.803744 3.237781 26.441570 0.727273 0.474048 5.830952 149.036243 3.577709 63.434949 
51.000000 194.000000 147.251776 1.000000 63.000000 40.160000 0.950585 0.617647 17.761295 5.514245 86.921531 0.741176 0.422224 17.464249 -103.240520 6.000000 0.000000 
15.000000 195.000000 48.266973 1.000000 4.000000 5.053000 0.866025 0.666667 3.651484 1.825742 -71.565051 0.800000 0.748540 3.605551 -123.690068 2.000000 0.000000 
36.000000 196.000000 133.648966 1.000000 18.000000 15.250000 0.934205 0.750000 8.285325 2.955689 81.566692 0.947368 0.668719 8.246211 104.036243 3.000000 0.000000 
28.000000 197.000000 113.004587 1.000000 22.000000 15.548000 0.834982 0.687500 7.366634 4.053692 89.148827 0.956522 0.791467 8.062258 97.125016 4.000000 0.000000 
53.000000 198.000000 54.432159 4.000000 4.000000 4.590000 0.731925 0.666667 3.055050 2.081666 0.000000 1.000000 0.840876 3.162278 161.565051 2.000000 -90.000000 
18.000000 198.000000 56.375542 4.000000 1.000000 0.000000 0.000000 1.000000 1.154701 1.154701 0.000000 1.000000 1.000000 1.414214 135.000000 1.000000 -90.000000 
34.000000 200.000000 74.770146 1.000000 8.000000 9.362000 0.883503 0.533333 5.234853 2.452137 -67.736754 0.888889 0.643028 5.385165 -111.801409 3.000000 0.000000 
49.000000 199.000000 156.975829 1.000000 18.000000 15.829000 0.865340 0.514286 7.673804 3.846003 -69.998627 0.782609 0.628522 8.062258 -119.744881 4.743416 -18.434949 
22.000000 198.000000 38.891155 1.000000 8.000000 12.091000 0.828394 0.400000 5.895778 3.302495 61.511934 0.666667 0.433264 5.385165 111.801409 3.577709 26.565051 
55.000000 200.000000 121.474876 1.000000 13.000000 12.827000 0.903461 0.722222 6.881878 2.950063 84.207437 0.812500 0.640649 6.708204 116.565051 3.000000 0.000000 
60.000000 202.000000 65.271764 12.000000 7.000000 6.922000 0.856222 0.875000 4.312826 2.228038 -81.650378 1.000000 0.868564 4.472136 -116.565051 2.000000 0.000000 
7.000000 202.000000 52.706230 1.000000 12.000000 12.736000 0.810145 0.500000 6.052506 3.548154 83.591999 0.800000 0.598166 6.324555 108.434949 4.000000 0.000000 
22.000000 203.000000 52.091616 1.000000 17.000000 19.104000 0.975563 0.425000 10.813794 2.376021 -71.992600 0.772727 0.431689 10.440307 -106.699244 2.846050 -18.434949 
44.000000 200.000000 114.928757 1.000000 28.000000 31.865000 0.650575 0.437500 9.377184 7.121424 -62.982502 0.651163 0.287123 8.944272 -153.434949 7.056423 158.198591 
14.000000 204.000000 70.532541 1.000000 41.000000 28.863000 0.947103 0.379630 14.024328 4.500816 -57.627215 0.759259 0.503001 13.038405 -122.471192 5.924844 150.945396 
29.000000 203.000000 58.145061 1.000000 12.000000 14.208000 0.964787 0.750000 8.231442 2.165133 86.763022 0.923077 0.500971 8.062258 97.125016 2.000000 0.000000 
48.000000 206.000000 120.778045 1.000000 29.000000 18.732000 0.830692 0.725000 8.449824 4.704295 4.040020 0.878788 0.761671 8.544004 159.443955 5.000000 -90.000000 
35.000000 205.000000 94.070627 4.000000 19.000000 18.658000 0.963667 0.339286 10.323535 2.757491 40.880520 0.904762 0.502420 10.000000 143.130102 3.435823 -128.659808 
28.000000 207.000000 48.236366 3.000000 6.000000 10.495000 0.931263 0.375000 6.387907 2.327415 -39.203912 0.666667 0.405461 5.656854 -135.000000 2.773501 -56.309932 
58.000000 206.000000 110.838896 1.000000 16.000000 11.330000 0.684169 0.800000 5.426145 3.957414 -69.614804 1.000000 0.960057 5.830952 -120.963757 4.000000 0.000000 
53.000000 207.000000 165.417597 1.000000 25.000000 18.178000 0.756522 0.510204 8.261316 5.402641 50.478221 0.781250 0.691181 8.602325 144.462322 5.656854 45.000000 
9.000000 213.000000 66.887286 1.000000 40.000000 31.965000 0.973538 0.303030 16.235186 3.710177 -47.963927 0.769231 0.407843 15.620499 -140.194429 4.484456 138.366461 
41.000000 210.000000 92.032193 1.000000 44.000000 27.821000 0.896358 0.611111 12.013843 5.326097 -75.464369 0.897959 0.576750 12.649111 -108.434949 6.000000 0.000000 
60.000000 207.000000 37.260609 11.000000 5.000000 5.814000 0.901281 0.555556 4.163332 1.803700 45.000000 1.000000 0.783414 4.242641 135.000000 2.121320 45.000000 
22.000000 209.000000 53.849405 1.000000 13.000000 13.315000 0.899899 0.541667 7.224655 3.150659 -69.407037 0.764706 0.603217 6.708204 -116.565051 3.638034 165.963757 
30.000000 210.000000 42.507862 1.000000 3.000000 3.920000 0.942809 1.000000 3.464102 1.154701 90.000000 1.000000 0.756007 3.162278 108.434949 1.000000 0.000000 
58.000000 210.000000 48.115533 1.000000 8.000000 10.842000 0.963965 0.666667 7.079519 1.883367 -82.534291 0.800000 0.514117 6.324555 -108.434949 2.000000 0.000000 
17.000000 212.000000 44.733501 5.000000 11.000000 10.776000 0.887934 0.611111 5.948078 2.735943 10.850268 0.846154 0.713632 6.082763 170.537678 3.000000 -90.000000 
31.000000 215.000000 56.219349 1.000000 24.000000 30.062000 0.769250 0.333333 11.029230 7.047102 -5.878282 0.489796 0.273559 9.848858 156.037511 7.747080 -66.801409 
49.000000 213.000000 67.855267 1.000000 30.000000 27.540000 0.807667 0.476190 9.706356 5.723245 -9.206992 0.681818 0.400475 9.486833 -161.565051 7.000000 -90.000000 
61.000000 215.000000 179.062085 2.000000 6.000000 9.362000 0.832469 0.500000 4.808685 2.664353 -28.154966 0.750000 0.482271 5.000000 -143.130102 3.000000 -90.000000 
18.000000 217.000000 42.120306 7.000000 4.000000 4.590000 0.731925 0.666667 3.055050 2.081666 0.000000 1.000000 0.840876 3.162278 161.565051 2.000000 -90.000000 
55.000000 218.000000 278.927505 1.000000 43.000000 24.546000 0.914667 0.651515 11.939196 4.825908 73.583926 0.895833 0.704868 11.704700 109.983107 5.491252 11.309932 
45.000000 218.000000 58.864623 1.000000 12.000000 14.696000 0.963078 0.500000 8.654720 2.330056 -76.287174 0.750000 0.473935 8.246211 -104.036243 2.745626 -11.309932 
16.000000 219.000000 87.024874 1.000000 12.000000 8.816000 0.000000 0.750000 4.000000 4.000000 0.000000 1.000000 1.000000 4.472136 116.565051 4.000000 -90.000000 
23.000000 223.000000 77.591775 1.000000 45.000000 36.075000 0.964390 0.288462 16.107884 4.260271 -52.952856 0.737705 0.367691 16.401219 -127.568592 4.993438 -39.805571 
47.000000 222.000000 115.755900 1.000000 17.000000 15.275000 0.909781 0.485714 8.120084 3.370559 57.866614 0.850000 0.629854 8.062258 119.744881 4.242641 45.000000 
60.000000 223.000000 158.945518 1.000000 12.000000 12.091000 0.541206 0.600000 5.025343 4.225759 -28.632387 0.857143 0.649895 5.656854 -135.000000 4.000000 -90.000000 
54.000000 223.000000 87.115752 1.000000 2.000000 1.960000 0.866025 1.000000 2.309401 1.154701 90.000000 1.000000 0.965669 2.236068 116.565051 1.000000 0.000000 
40.000000 224.000000 60.363224 1.000000 26.000000 21.362000 0.905415 0.650000 9.504642 4.034986 87.837163 0.838710 0.544156 10.198039 -101.309932 4.000000 0.000000 
13.000000 226.000000 38.127025 1.000000 8.000000 10.776000 0.967878 0.444444 7.170532 1.802816 69.183230 0.800000 0.519005 6.708204 116.565051 2.213594 18.434949 
49.000000 226.000000 35.468445 7.000000 6.000000 9.461000 0.965176 0.400000 6.545658 1.712351 -67.274431 0.857143 0.474724 5.830952 -120.963757 2.213594 161.565051 
59.000000 227.000000 125.155703 2.000000 20.000000 16.491000 0.796560 0.714286 7.018677 4.243210 3.676190 0.869565 0.652055 7.280110 -164.054604 4.000000 -90.000000 
28.000000 229.000000 35.985185 1.000000 3.000000 4.590000 0.928995 0.500000 3.854129 1.426385 -61.845034 0.750000 0.630657 3.605551 -123.690068 1.788854 153.434949 
43.000000 231.000000 67.189067 1.000000 58.000000 58.966000 0.991878 0.414286 32.061577 4.077893 -87.401505 0.517857 0.188951 28.160256 -96.115504 5.000000 0.000000 
48.000000 229.000000 42.879569 9.000000 7.000000 10.032000 0.964597 0.350000 6.447571 1.700416 -50.844685 1.000000 0.506873 6.403124 -128.659808 2.121320 -45.000000 
10.000000 231.000000 31.032088 12.000000 1.000000 0.000000 0.000000 1.000000 1.154701 1.154701 0.000000 1.000000 1.000000 1.414214 135.000000 1.000000 -90.000000 
18.000000 232.000000 57.976015 7.000000 6.000000 7.683000 0.877971 0.750000 4.618802 2.211083 -80.537678 0.857143 0.643484 4.472136 -116.565051 2.000000 0.000000 
22.000000 233.000000 51.660565 1.000000 10.000000 10.015000 0.872063 0.666667 5.585267 2.733397 -69.825092 0.909091 0.725977 5.830952 -120.963757 3.000000 0.000000 
59.000000 234.000000 75.906851 1.000000 19.000000 14.142000 0.856344 0.678571 7.123324 3.678528 -17.602237 0.950000 0.799274 7.615773 -156.801409 4.000000 -90.000000 
19.000000 234.000000 34.335586 3.000000 3.000000 4.590000 0.928995 0.500000 3.854129 1.426385 28.154966 1.000000 0.630657 3.605551 146.309932 1.788854 63.434949 
7.000000 236.000000 45.566369 1.000000 6.000000 10.776000 0.981812 0.333333 7.610030 1.444797 -65.078000 0.750000 0.389254 6.708204 -116.565051 1.788854 -26.565051 
15.000000 236.000000 61.462263 1.000000 8.000000 10.288000 0.948334 0.666667 6.370371 2.021150 -85.268839 0.888889 0.557409 6.082763 99.462322 2.000000 0.000000 
49.000000 237.000000 43.335400 1.000000 7.000000 12.248000 0.983251 0.500000 8.265333 1.506423 -77.731136 0.777778 0.371410 7.280110 -105.945396 1.940285 -14.036243 
20.000000 237.000000 64.813506 1.000000 6.000000 9.800000 0.986013 1.000000 6.928203 1.154701 90.000000 1.000000 0.450179 6.082763 99.462322 1.000000 0.000000 
