263
31.000000 115.000000 11.951911 1.000000 10979.000000 591.556000 0.962368 0.714779 283.121299 76.937866 0.998432 0.714779 0.390104 248.386795 165.068583 64.000000 -90.000000 
15.000000 5.000000 42.229680 1.000000 42.000000 45.560000 0.993657 0.636364 25.892717 2.911833 87.523903 0.711864 0.222522 22.203603 97.765166 3.000000 0.000000 
40.000000 6.000000 41.300568 1.000000 32.000000 39.581000 0.989477 0.336842 20.293882 2.936307 -73.883519 0.640000 0.220315 19.646883 -104.743563 3.794733 -18.434949 
53.000000 9.000000 38.841768 1.000000 6.000000 9.180000 0.933428 0.400000 5.716842 2.051001 17.093061 0.750000 0.496624 5.385165 158.198591 2.425356 -104.036243 
13.000000 11.000000 61.897195 1.000000 42.000000 42.492000 0.991763 0.333333 22.003963 2.818424 75.435495 0.777778 0.253449 21.840330 105.945396 3.708735 -164.054604 
55.000000 10.000000 35.301246 1.000000 3.000000 4.590000 0.928995 0.500000 3.854129 1.426385 61.845034 0.750000 0.630657 3.605551 123.690068 1.788854 -153.434949 
33.000000 13.000000 30.217343 1.000000 1.000000 0.000000 0.000000 1.000000 1.154701 1.154701 0.000000 1.000000 1.000000 1.414214 135.000000 1.000000 -90.000000 
52.000000 13.000000 38.234523 1.000000 9.000000 10.842000 0.952175 0.750000 6.686870 2.043198 -7.627559 0.900000 0.578382 6.324555 -161.565051 2.000000 -90.000000 
20.000000 16.000000 58.606359 1.000000 40.000000 40.350000 0.989330 0.333333 20.408945 2.973485 74.476425 0.754717 0.265741 20.615528 104.036243 3.639740 16.699244 
33.000000 15.000000 30.126762 7.000000 1.000000 0.000000 0.000000 1.000000 1.154701 1.154701 0.000000 1.000000 1.000000 1.414214 135.000000 1.000000 -90.000000 
53.000000 17.000000 46.148605 1.000000 5.000000 5.814000 0.901281 0.555556 4.163332 1.803700 45.000000 1.000000 0.783414 4.242641 135.000000 2.121320 45.000000 
45.000000 18.000000 45.026125 1.000000 18.000000 26.456000 0.993004 0.428571 15.881951 1.875293 81.241212 0.692308 0.258208 14.317821 102.094757 2.356660 -172.874984 
34.000000 21.000000 37.333265 7.000000 7.000000 10.288000 0.967949 0.583333 6.654453 1.671252 -14.089295 0.875000 0.487733 6.324555 -161.565051 2.000000 -90.000000 
50.000000 20.000000 44.127279 1.000000 13.000000 12.827000 0.913164 0.541667 7.003599 2.854611 13.045281 0.812500 0.640649 6.708204 153.434949 3.333974 78.690068 
53.000000 23.000000 40.538664 5.000000 6.000000 7.220000 0.802109 0.500000 4.087563 2.441003 14.872441 0.857143 0.702276 4.123106 165.963757 2.683282 63.434949 
14.000000 24.000000 37.902612 9.000000 8.000000 13.125000 0.979042 0.266667 8.395999 1.709930 -48.720274 0.888889 0.379933 7.810250 -129.805571 2.121320 -45.000000 
20.000000 23.000000 33.965655 1.000000 4.000000 7.220000 0.966087 0.333333 5.361879 1.384531 58.282526 0.800000 0.468184 5.000000 126.869898 1.788854 26.565051 
41.000000 23.000000 35.790656 1.000000 9.000000 16.656000 0.988656 0.333333 10.671245 1.602802 76.717474 0.642857 0.288554 9.486833 108.434949 1.961161 11.309932 
28.000000 26.000000 33.846591 4.000000 8.000000 11.421000 0.968246 0.444444 7.302967 1.825742 18.434949 0.800000 0.474048 6.708204 153.434949 2.213594 71.565051 
53.000000 37.000000 51.259829 2.000000 99.000000 62.539000 0.990468 0.392857 34.445332 4.744642 -9.312666 0.673469 0.288384 28.442925 -169.875328 5.911271 -80.134193 
58.000000 26.000000 36.196331 1.000000 9.000000 12.248000 0.969266 0.642857 7.393691 1.818967 78.690068 0.818182 0.477527 7.280110 105.945396 2.000000 0.000000 
6.000000 27.000000 59.439827 1.000000 11.000000 9.552000 0.825584 0.733333 5.186141 2.926431 -76.717474 0.916667 0.857894 5.385165 -111.801409 3.000000 0.000000 
19.000000 28.000000 33.147874 1.000000 4.000000 4.408000 0.870424 0.666667 3.435909 1.691507 -58.282526 1.000000 0.881907 3.605551 -123.690068 2.000000 0.000000 
44.000000 28.000000 39.885474 2.000000 4.000000 5.053000 0.866025 0.666667 3.651484 1.825742 71.565051 1.000000 0.748540 3.605551 123.690068 2.000000 0.000000 
10.000000 28.000000 52.060256 1.000000 7.000000 8.998000 0.928683 0.466667 5.674257 2.104437 -69.407037 0.875000 0.596897 5.385165 -111.801409 2.529822 161.565051 
29.000000 29.000000 39.658555 1.000000 4.000000 4.408000 0.870424 0.666667 3.435909 1.691507 58.282526 1.000000 0.881907 3.605551 123.690068 2.000000 0.000000 
40.000000 30.000000 41.454076 1.000000 13.000000 15.730000 0.961028 0.406250 8.808464 2.435099 68.303001 0.866667 0.458708 8.544004 110.556045 3.130495 26.565051 
7.000000 30.000000 32.823912 4.000000 3.000000 5.624000 0.970143 0.333333 4.760952 1.154701 45.000000 1.000000 0.490646 4.242641 135.000000 1.414214 45.000000 
26.000000 30.000000 35.510925 2.000000 6.000000 9.180000 0.938721 0.400000 5.912527 2.037924 66.915430 0.750000 0.496624 5.385165 111.801409 2.529822 -161.565051 
34.000000 31.000000 31.916107 8.000000 1.000000 0.000000 0.000000 1.000000 1.154701 1.154701 0.000000 1.000000 1.000000 1.414214 135.000000 1.000000 -90.000000 
46.000000 32.000000 41.809178 1.000000 10.000000 12.554000 0.961538 0.416667 7.584627 2.083291 -68.109438 0.769231 0.510099 7.211103 -123.690068 2.529822 -18.434949 
35.000000 35.000000 31.504909 7.000000 5.000000 8.510000 0.962333 0.500000 5.887652 1.600692 -11.749283 0.833333 0.462817 5.385165 -158.198591 1.940285 -75.963757 
7.000000 35.000000 41.853286 1.000000 9.000000 12.736000 0.976184 0.428571 8.166299 1.771646 -70.781349 0.818182 0.448625 7.615773 -113.198591 2.213594 -18.434949 
21.000000 37.000000 39.126037 1.000000 8.000000 10.288000 0.955077 0.666667 6.262737 1.856014 -76.717474 0.888889 0.557409 6.324555 -108.434949 2.000000 0.000000 
47.000000 38.000000 33.563592 1.000000 4.000000 4.408000 0.870424 0.666667 3.435909 1.691507 58.282526 1.000000 0.881907 3.605551 123.690068 2.000000 0.000000 
8.000000 42.000000 41.382250 1.000000 15.000000 19.468000 0.969760 0.500000 10.321953 2.519161 -83.978182 0.750000 0.368736 10.049876 95.710593 2.828427 171.869898 
17.000000 42.000000 49.805651 1.000000 15.000000 12.918000 0.901417 0.714286 6.919439 2.995779 79.391015 0.937500 0.730856 7.280110 105.945396 3.000000 0.000000 
36.000000 41.000000 30.813971 8.000000 1.000000 0.000000 0.000000 1.000000 1.154701 1.154701 0.000000 1.000000 1.000000 1.414214 135.000000 1.000000 -90.000000 
45.000000 43.000000 41.928205 12.000000 5.000000 8.328000 0.969048 0.500000 6.024504 1.487286 -72.856562 0.714286 0.477622 5.385165 -111.801409 1.897367 -18.434949 
38.000000 47.000000 37.714937 2.000000 11.000000 16.838000 0.981850 0.407407 9.719823 1.843454 -12.910496 0.733333 0.346282 9.486833 -161.565051 2.353394 -78.690068 
14.000000 44.000000 38.608447 1.000000 2.000000 1.960000 0.866025 1.000000 2.309401 1.154701 0.000000 1.000000 0.965669 2.236068 153.434949 1.000000 -90.000000 
13.000000 50.000000 56.304256 1.000000 24.000000 25.952000 0.971783 0.311688 13.192384 3.111789 -64.378298 0.705882 0.356309 12.529964 -118.610460 4.239992 -32.005383 
27.000000 46.000000 44.665054 1.000000 13.000000 12.273000 0.914313 0.541667 6.821747 2.762860 69.275867 0.866667 0.687526 6.708204 116.565051 3.162278 18.434949 
22.000000 48.000000 37.623020 1.000000 5.000000 6.368000 0.923687 0.625000 4.492622 1.721341 -69.006394 1.000000 0.694794 4.472136 -116.565051 2.000000 0.000000 
24.000000 50.000000 31.906265 5.000000 2.000000 1.960000 0.866025 1.000000 2.309401 1.154701 0.000000 1.000000 0.965669 2.236068 153.434949 1.000000 -90.000000 
23.000000 52.000000 32.650756 6.000000 1.000000 0.000000 0.000000 1.000000 1.154701 1.154701 0.000000 1.000000 1.000000 1.414214 135.000000 1.000000 -90.000000 
46.000000 53.000000 37.492673 6.000000 5.000000 4.962000 0.765092 0.833333 3.306559 2.129163 18.434949 1.000000 0.956808 3.605551 146.309932 2.000000 -90.000000 
56.000000 53.000000 83.083217 5.000000 16.000000 13.960000 0.751230 0.666667 6.191859 4.086876 -12.838408 0.842105 0.687475 6.403124 -141.340192 4.000000 -90.000000 
43.000000 56.000000 46.800336 7.000000 14.000000 14.812000 0.807468 0.466667 6.615409 3.902506 -60.116420 0.736842 0.545802 7.211103 -123.690068 4.510671 -11.309932 
50.000000 55.000000 49.849617 1.000000 15.000000 22.379000 0.956476 0.375000 11.945440 3.485814 -83.451226 0.500000 0.289414 10.198039 101.309932 4.000000 0.000000 
21.000000 57.000000 30.736460 5.000000 1.000000 0.000000 0.000000 1.000000 1.154701 1.154701 0.000000 1.000000 1.000000 1.414214 135.000000 1.000000 -90.000000 
57.000000 59.000000 79.750566 6.000000 16.000000 13.844000 0.933150 0.761905 7.790872 2.800710 -12.373374 0.941176 0.696897 7.615773 -156.801409 3.000000 -90.000000 
7.000000 58.000000 57.260041 1.000000 15.000000 11.975000 0.884979 0.833333 6.556140 3.052744 77.637789 1.000000 0.824885 6.708204 116.565051 3.000000 0.000000 
36.000000 61.000000 37.667652 7.000000 7.000000 11.421000 0.973937 0.388889 7.644333 1.733883 -17.219495 0.700000 0.414792 6.708204 -153.434949 2.182821 104.036243 
45.000000 60.000000 115.640860 2.000000 13.000000 12.364000 0.913027 0.541667 6.706818 2.735703 27.954354 0.928571 0.679480 7.211103 146.309932 3.478505 71.565051 
20.000000 61.000000 39.068605 1.000000 18.000000 20.510000 0.913564 0.450000 9.609004 3.907938 80.033542 0.692308 0.404354 10.198039 101.309932 3.959798 -171.869898 
48.000000 61.000000 56.013942 1.000000 9.000000 12.736000 0.976184 0.428571 8.166299 1.771646 70.781349 0.750000 0.448625 7.615773 113.198591 2.213594 18.434949 
32.000000 63.000000 41.814184 1.000000 11.000000 13.290000 0.964406 0.523810 8.125119 2.148498 -72.675835 0.785714 0.511968 7.615773 -113.198591 2.667892 -14.036243 
10.000000 63.000000 59.765954 1.000000 31.000000 27.614000 0.970720 0.596154 14.162441 3.402017 85.402431 0.794872 0.411835 13.341664 102.994617 3.737047 -175.236358 
53.000000 64.000000 46.837156 1.000000 11.000000 14.903000 0.972539 0.314286 8.633093 2.009277 59.965756 0.733333 0.424530 8.602325 125.537678 2.683282 -153.434949 
57.000000 64.000000 45.661928 4.000000 4.000000 5.053000 0.866025 0.666667 3.651484 1.825742 18.434949 0.800000 0.748540 3.605551 146.309932 2.000000 -90.000000 
37.000000 66.000000 44.487681 7.000000 11.000000 11.512000 0.912727 0.611111 6.281141 2.566289 -9.144579 0.785714 0.643746 6.324555 -161.565051 3.000000 -90.000000 
45.000000 64.000000 73.013525 5.000000 8.000000 8.328000 0.410792 0.888889 3.651484 3.329164 90.000000 0.888889 0.764194 4.242641 135.000000 3.000000 -90.000000 
43.000000 67.000000 63.476189 5.000000 12.000000 14.208000 0.966697 0.750000 8.066681 2.064458 7.627559 0.923077 0.500971 8.246211 165.963757 2.000000 -90.000000 
47.000000 69.000000 42.394735 1.000000 17.000000 17.417000 0.959379 0.425000 9.650710 2.722650 62.317153 0.772727 0.505443 9.433981 122.005383 3.577709 -153.434949 
54.000000 70.000000 41.333234 2.000000 16.000000 22.007000 0.839053 0.380952 8.758478 4.765053 -18.832811 0.516129 0.317909 8.485281 -135.000000 5.260768 99.462322 
8.000000 73.000000 76.108034 1.000000 31.000000 21.635000 0.936269 0.516667 10.930926 3.839855 65.275951 0.911765 0.634583 11.180340 116.565051 4.743416 18.434949 
16.000000 74.000000 59.457423 1.000000 20.000000 17.971000 0.945735 0.555556 9.521285 3.093832 11.315368 0.869565 0.563841 9.486833 161.565051 3.535534 -98.130102 
30.000000 73.000000 58.540930 1.000000 29.000000 26.299000 0.976288 0.446154 13.825709 2.992921 -74.577634 0.852941 0.420450 13.928388 -111.037511 3.638034 -14.036243 
40.000000 72.000000 36.772305 1.000000 8.000000 13.125000 0.917926 0.320000 6.713555 2.663616 49.545138 0.666667 0.379933 6.403124 128.659808 3.400000 53.130102 
54.000000 74.000000 40.245405 1.000000 6.000000 9.552000 0.898023 0.400000 5.559382 2.445845 -70.031808 0.750000 0.467942 5.385165 -111.801409 2.846050 161.565051 
13.000000 78.000000 47.336602 1.000000 9.000000 11.140000 0.912071 0.500000 6.202448 2.543210 -89.646340 0.818182 0.554497 6.082763 99.462322 3.000000 0.000000 
51.000000 80.000000 56.764449 2.000000 26.000000 21.544000 0.919738 0.650000 9.844637 3.864352 5.964775 0.866667 0.536162 10.440307 163.300756 4.000000 -90.000000 
56.000000 79.000000 30.905198 10.000000 1.000000 0.000000 0.000000 1.000000 1.154701 1.154701 0.000000 1.000000 1.000000 1.414214 135.000000 1.000000 -90.000000 
15.000000 81.000000 58.114476 3.000000 7.000000 10.685000 0.943628 0.350000 6.691833 2.215049 29.196249 0.636364 0.460127 5.830952 149.036243 2.683282 -116.565051 
35.000000 81.000000 44.587318 1.000000 13.000000 13.290000 0.954577 0.619048 7.913389 2.357910 74.077921 0.866667 0.605054 7.615773 113.198591 2.846050 18.434949 
46.000000 82.000000 37.288459 1.000000 7.000000 8.328000 0.930558 0.700000 5.262061 1.926673 -75.321123 0.875000 0.668670 5.385165 -111.801409 2.000000 0.000000 
9.000000 85.000000 48.839243 1.000000 16.000000 19.212000 0.962177 0.355556 9.917978 2.701921 60.535829 0.761905 0.402379 9.848858 113.962489 3.429972 -149.036243 
31.000000 85.000000 47.411922 1.000000 47.000000 48.761000 0.992824 0.305195 25.869650 3.093689 -80.992011 0.610390 0.219245 22.360680 -100.304846 4.274717 168.111342 
49.000000 88.000000 60.197495 3.000000 27.000000 16.929000 0.849463 0.843750 8.188400 4.320593 -7.762055 1.000000 0.842274 8.544004 -159.443955 4.000000 -90.000000 
56.000000 87.000000 36.450381 1.000000 6.000000 8.146000 0.932211 0.500000 5.428896 1.964795 -70.670096 0.750000 0.591778 5.000000 -126.869898 2.213594 -18.434949 
14.000000 91.000000 45.231411 7.000000 9.000000 12.091000 0.932973 0.375000 7.016200 2.525447 -33.608797 0.692308 0.487422 6.708204 -153.434949 3.130495 116.565051 
22.000000 89.000000 34.796269 10.000000 2.000000 2.812000 0.925820 0.500000 3.055050 1.154701 -45.000000 1.000000 0.709058 2.828427 -135.000000 1.414214 -45.000000 
32.000000 94.000000 66.839182 1.000000 65.000000 47.248000 0.982901 0.263158 24.238352 4.463152 -61.919465 0.722222 0.321693 21.954498 -120.068583 6.101702 146.309932 
44.000000 90.000000 45.508656 1.000000 10.000000 13.770000 0.963201 0.476190 7.741876 2.080871 -72.834891 0.769231 0.439381 7.615773 -113.198591 2.529822 -18.434949 
58.000000 91.000000 32.698918 10.000000 2.000000 2.812000 0.925820 0.500000 3.055050 1.154701 -45.000000 1.000000 0.709058 2.828427 -135.000000 1.414214 -45.000000 
18.000000 92.000000 45.454313 2.000000 8.000000 13.588000 0.975977 0.285714 8.816299 1.920819 64.828472 0.666667 0.359194 7.615773 113.198591 2.599735 21.801409 
60.000000 93.000000 59.436818 1.000000 8.000000 7.865000 0.717406 0.666667 4.136643 2.881814 -72.703856 1.000000 0.829839 4.472136 -116.565051 3.000000 0.000000 
49.000000 95.000000 54.017820 5.000000 25.000000 18.525000 0.915825 0.694444 9.407022 3.777645 -12.159827 0.925926 0.669220 9.486833 -161.565051 4.000000 -90.000000 
57.000000 94.000000 68.336647 1.000000 9.000000 9.180000 0.867926 0.600000 5.120764 2.543450 71.565051 1.000000 0.744936 5.385165 111.801409 3.000000 0.000000 
16.000000 98.000000 58.394720 1.000000 19.000000 19.212000 0.950457 0.395833 9.599735 2.984143 -28.916474 0.791667 0.477825 10.000000 -143.130102 3.882901 -56.309932 
9.000000 96.000000 34.801572 12.000000 2.000000 1.960000 0.866025 1.000000 2.309401 1.154701 90.000000 1.000000 0.965669 2.236068 116.565051 1.000000 0.000000 
26.000000 97.000000 31.380642 1.000000 5.000000 8.328000 0.969048 0.500000 6.024504 1.487286 -72.856562 0.833333 0.477622 5.385165 -111.801409 1.897367 161.565051 
49.000000 102.000000 37.532487 1.000000 12.000000 15.275000 0.950715 0.342857 8.465549 2.624887 60.085772 0.750000 0.444603 8.062258 119.744881 3.577709 26.565051 
31.000000 105.000000 46.025263 1.000000 43.000000 51.887000 0.993133 0.179167 27.819093 3.254648 -68.165576 0.544304 0.178444 26.000000 -112.619865 4.711801 158.749494 
43.000000 102.000000 59.008312 1.000000 18.000000 15.920000 0.927154 0.514286 8.362725 3.133354 -70.684797 0.857143 0.622535 8.062258 -119.744881 3.478505 -18.434949 
56.000000 103.000000 36.811364 1.000000 8.000000 12.248000 0.976629 0.571429 7.831560 1.683251 -78.690068 0.800000 0.424469 7.280110 -105.945396 2.000000 0.000000 
9.000000 103.000000 38.724069 1.000000 11.000000 10.776000 0.857619 0.611111 5.602617 2.881345 -85.053040 0.916667 0.713632 6.082763 99.462322 3.000000 0.000000 
16.000000 106.000000 86.702715 1.000000 36.000000 29.781000 0.966538 0.395604 15.400730 3.950651 -76.017840 0.705882 0.417373 13.601471 -107.102729 4.648408 164.744881 
47.000000 109.000000 45.184469 5.000000 21.000000 18.500000 0.961913 0.777778 10.614583 2.901564 4.868843 0.875000 0.563444 9.486833 161.565051 3.000000 -90.000000 
55.000000 110.000000 31.445399 11.000000 2.000000 2.812000 0.925820 0.500000 3.055050 1.154701 -45.000000 1.000000 0.709058 2.828427 -135.000000 1.414214 -45.000000 
11.000000 111.000000 56.664225 1.000000 18.000000 16.656000 0.956690 0.666667 9.182148 2.673002 76.979840 0.947368 0.577109 9.486833 108.434949 3.000000 0.000000 
18.000000 114.000000 40.666335 2.000000 8.000000 14.903000 0.965782 0.285714 9.204239 2.387183 22.564089 0.571429 0.308749 8.062258 150.255119 2.846050 -108.434949 
35.000000 113.000000 52.176139 1.000000 23.000000 22.098000 0.953530 0.522727 10.755836 3.240722 82.654214 0.766667 0.453704 11.401754 105.255119 3.781177 -170.537678 
41.000000 114.000000 49.242408 1.000000 3.000000 3.920000 0.942809 1.000000 3.464102 1.154701 90.000000 1.000000 0.756007 3.162278 108.434949 1.000000 0.000000 
41.000000 116.000000 31.425445 10.000000 2.000000 2.812000 0.925820 0.500000 3.055050 1.154701 -45.000000 1.000000 0.709058 2.828427 -135.000000 1.414214 -45.000000 
13.000000 119.000000 40.398886 2.000000 12.000000 13.290000 0.955711 0.571429 7.767237 2.285953 16.492561 0.857143 0.558511 7.615773 156.801409 2.846050 -108.434949 
27.000000 117.000000 40.148338 1.000000 15.000000 14.878000 0.946837 0.625000 8.192419 2.635619 87.966841 0.882353 0.580512 8.062258 97.125016 3.000000 0.000000 
9.000000 120.000000 35.676317 11.000000 4.000000 5.053000 0.866025 0.666667 3.651484 1.825742 -71.565051 1.000000 0.748540 3.605551 -123.690068 2.000000 0.000000 
50.000000 126.000000 172.042299 1.000000 49.000000 34.214000 0.969198 0.314103 17.299960 4.260698 -52.954416 0.765625 0.441260 16.970563 -135.000000 5.161161 -34.992020 
58.000000 120.000000 60.129005 1.000000 15.000000 13.381000 0.903593 0.714286 7.017066 3.006050 -75.039567 0.937500 0.690470 7.615773 -113.198591 3.000000 0.000000 
49.000000 122.000000 33.052892 2.000000 1.000000 0.000000 0.000000 1.000000 1.154701 1.154701 0.000000 1.000000 1.000000 1.414214 135.000000 1.000000 -90.000000 
25.000000 132.000000 74.593178 1.000000 49.000000 41.351000 0.986271 0.221719 22.957132 3.791079 -53.982425 0.680556 0.311050 20.808652 -125.217593 4.892190 -36.253838 
33.000000 129.000000 57.468337 1.000000 25.000000 22.561000 0.947125 0.500000 11.441609 3.671218 -71.505098 0.757576 0.475550 11.180340 -116.565051 4.438773 -9.462322 
46.000000 130.000000 135.043466 1.000000 58.000000 38.365000 0.977901 0.537037 20.021949 4.185912 -78.447935 0.763158 0.423062 18.681542 -105.524111 4.931970 -9.462322 
9.000000 131.000000 50.022221 1.000000 13.000000 15.829000 0.972540 0.406250 9.295811 2.163469 71.976554 0.764706 0.453933 8.944272 116.565051 2.667892 14.036243 
18.000000 134.000000 44.681915 6.000000 16.000000 14.878000 0.934833 0.666667 8.070982 2.865905 -10.959110 0.888889 0.619213 8.246211 -165.963757 3.000000 -90.000000 
58.000000 131.000000 287.934040 1.000000 22.000000 19.956000 0.598786 0.611111 6.670927 5.342804 87.623108 0.785714 0.518202 7.211103 123.690068 6.000000 -90.000000 
49.000000 136.000000 265.532728 1.000000 58.000000 45.122000 0.989328 0.329545 23.927184 3.486284 -71.907867 0.783784 0.312895 23.086793 -107.650124 4.295160 -17.354025 
59.000000 136.000000 201.515992 1.000000 16.000000 18.178000 0.811811 0.533333 6.914087 4.037273 -44.488485 0.761905 0.442356 7.810250 -140.194429 4.714952 146.309932 
36.000000 137.000000 82.734864 1.000000 13.000000 11.421000 0.871975 0.722222 6.155726 3.013535 -88.681621 0.928571 0.770328 6.324555 108.434949 3.000000 0.000000 
42.000000 140.000000 96.255088 1.000000 1.000000 0.000000 0.000000 1.000000 1.154701 1.154701 0.000000 1.000000 1.000000 1.414214 135.000000 1.000000 -90.000000 
23.000000 140.000000 53.703874 1.000000 8.000000 10.958000 0.956096 0.444444 6.947741 2.036067 -75.047031 0.800000 0.505693 6.324555 -108.434949 2.425356 -14.036243 
28.000000 140.000000 41.900717 1.000000 5.000000 5.814000 0.743786 0.555556 3.529850 2.359413 34.099295 1.000000 0.783414 3.605551 123.690068 2.683282 63.434949 
35.000000 141.000000 62.133807 3.000000 15.000000 20.064000 0.960900 0.306122 10.024512 2.775736 -40.680335 0.789474 0.350038 9.219544 -139.398705 3.535534 -45.000000 
18.000000 140.000000 30.712919 6.000000 1.000000 0.000000 0.000000 1.000000 1.154701 1.154701 0.000000 1.000000 1.000000 1.414214 135.000000 1.000000 -90.000000 
59.000000 140.000000 298.836031 1.000000 12.000000 10.214000 0.537484 0.600000 4.472136 3.771236 0.000000 1.000000 0.845405 5.099020 168.690068 4.000000 -90.000000 
18.000000 142.000000 41.263734 1.000000 3.000000 5.624000 0.769800 0.500000 3.464102 2.211083 90.000000 0.750000 0.490646 3.162278 108.434949 2.000000 0.000000 
52.000000 143.000000 203.938415 1.000000 61.000000 31.187000 0.896681 0.622449 13.943581 6.172496 88.312698 0.859155 0.650471 14.142136 98.130102 7.000000 0.000000 
25.000000 144.000000 62.048192 1.000000 17.000000 18.641000 0.896123 0.607143 8.138931 3.612105 1.192972 0.739130 0.450235 7.615773 156.801409 4.000000 -90.000000 
30.000000 144.000000 95.732010 4.000000 17.000000 14.233000 0.899705 0.607143 7.338821 3.203382 -17.692715 0.944444 0.707668 7.615773 -156.801409 3.794733 108.434949 
12.000000 145.000000 70.168902 1.000000 34.000000 28.466000 0.975190 0.485714 14.853617 3.288133 74.613730 0.850000 0.427667 14.560220 105.945396 4.013213 -167.471192 
20.000000 145.000000 53.862619 10.000000 9.000000 11.810000 0.942387 0.375000 6.657614 2.227135 -64.240099 0.818182 0.505915 6.708204 -116.565051 2.683282 -26.565051 
60.000000 144.000000 195.190277 1.000000 8.000000 6.831000 0.580948 0.888889 3.651484 2.972092 45.000000 1.000000 1.000000 4.242641 135.000000 3.000000 -90.000000 
29.000000 147.000000 80.880721 1.000000 4.000000 6.368000 0.918559 0.444444 4.618802 1.825742 -45.000000 0.800000 0.555835 4.242641 -135.000000 2.121320 -45.000000 
58.000000 148.000000 48.882800 2.000000 4.000000 4.408000 0.870424 0.666667 3.435909 1.691507 58.282526 1.000000 0.881907 3.605551 123.690068 2.000000 0.000000 
21.000000 148.000000 46.970452 1.000000 10.000000 12.248000 0.962539 0.714286 7.341915 1.990716 81.043745 0.909091 0.530586 7.280110 105.945396 2.000000 0.000000 
35.000000 149.000000 98.016449 1.000000 21.000000 24.662000 0.893813 0.466667 10.028611 4.497237 -73.563989 0.636364 0.341372 9.848858 -113.962489 5.000000 0.000000 
41.000000 146.000000 78.491414 1.000000 13.000000 13.381000 0.923004 0.722222 7.265748 2.795782 -80.286673 0.812500 0.598407 6.708204 -116.565051 3.000000 0.000000 
54.000000 149.000000 258.518569 1.000000 17.000000 14.233000 0.864918 0.607143 7.038248 3.532594 -66.470815 0.894737 0.707668 7.615773 -113.198591 4.000000 0.000000 
11.000000 151.000000 57.332776 1.000000 9.000000 10.288000 0.942932 0.750000 6.161450 2.051676 79.721977 1.000000 0.627085 6.324555 108.434949 2.000000 0.000000 
16.000000 150.000000 73.567604 1.000000 13.000000 11.049000 0.680443 0.650000 5.087340 3.728010 74.285217 0.928571 0.811245 5.385165 111.801409 4.000000 0.000000 
30.000000 151.000000 73.478984 1.000000 13.000000 11.603000 0.690950 0.650000 5.255310 3.799079 -83.780219 0.928571 0.751428 5.830952 -120.963757 4.000000 0.000000 
47.000000 147.000000 110.315690 1.000000 16.000000 16.102000 0.847463 0.571429 7.275738 3.862358 -19.329904 0.761905 0.542947 7.615773 -156.801409 4.000000 -90.000000 
50.000000 150.000000 171.647550 1.000000 8.000000 6.831000 0.580948 0.888889 3.651484 2.972092 -45.000000 1.000000 1.000000 4.242641 -135.000000 3.000000 -90.000000 
58.000000 151.000000 116.567098 10.000000 10.000000 8.998000 0.773102 0.666667 4.712847 2.989271 -82.311874 0.909091 0.852711 5.099020 101.309932 3.000000 0.000000 
13.000000 153.000000 48.162970 1.000000 9.000000 8.998000 0.803349 0.562500 4.852812 2.889888 40.513687 0.900000 0.767439 5.000000 126.869898 3.328201 56.309932 
20.000000 153.000000 52.686311 4.000000 11.000000 17.252000 0.907871 0.314286 8.431831 3.535041 21.128148 0.611111 0.332365 7.810250 140.194429 4.274374 80.537678 
44.000000 153.000000 157.365962 1.000000 33.000000 19.749000 0.863365 0.733333 9.523969 4.805604 -88.555119 0.916667 0.791425 9.486833 -108.434949 5.000000 0.000000 
60.000000 153.000000 48.167090 1.000000 8.000000 7.865000 0.717406 0.666667 4.136643 2.881814 17.296144 1.000000 0.829839 4.472136 153.434949 3.000000 -90.000000 
7.000000 155.000000 46.685603 1.000000 14.000000 13.290000 0.942198 0.666667 7.632159 2.557198 -73.982927 0.875000 0.651596 7.615773 -113.198591 3.000000 0.000000 
24.000000 156.000000 55.743609 1.000000 26.000000 36.290000 0.910412 0.285714 14.725617 6.092027 -77.471725 0.472727 0.210133 13.152946 -98.746162 7.000000 0.000000 
36.000000 155.000000 59.281784 1.000000 25.000000 24.083000 0.915129 0.446429 10.442728 4.210095 -50.494326 0.735294 0.423865 10.000000 -126.869898 5.656854 135.000000 
53.000000 155.000000 112.084139 1.000000 21.000000 19.212000 0.954758 0.375000 10.560133 3.140425 -54.023474 0.840000 0.528122 10.000000 -126.869898 3.882901 146.309932 
46.000000 158.000000 147.635470 1.000000 6.000000 9.643000 0.600925 0.666667 4.000000 3.197221 -33.690068 0.750000 0.461304 4.242641 -135.000000 3.000000 -90.000000 
50.000000 158.000000 59.407364 2.000000 7.000000 9.643000 0.938577 0.466667 6.067435 2.093683 77.491553 0.700000 0.538188 5.385165 111.801409 2.425356 -165.963757 
42.000000 158.000000 182.705471 1.000000 21.000000 16.772000 0.759600 0.600000 7.189811 4.676186 -61.593743 0.875000 0.665472 7.810250 -129.805571 5.000000 0.000000 
13.000000 160.000000 51.689797 1.000000 13.000000 14.142000 0.930501 0.464286 7.512850 2.751884 67.421513 0.812500 0.546871 8.062258 119.744881 3.342516 21.801409 
29.000000 161.000000 47.366275 1.000000 7.000000 6.922000 0.856222 0.875000 4.312826 2.228038 81.650378 1.000000 0.868564 4.472136 116.565051 2.000000 0.000000 
34.000000 160.000000 78.427569 1.000000 18.000000 17.326000 0.926124 0.750000 8.772198 3.309044 87.639540 0.857143 0.539944 8.544004 110.556045 3.000000 0.000000 
51.000000 161.000000 236.706997 1.000000 12.000000 11.810000 0.915965 0.500000 6.533240 2.621514 -61.549197 0.923077 0.674553 6.708204 -116.565051 3.130495 -26.565051 
18.000000 160.000000 68.421829 1.000000 14.000000 15.457000 0.844243 0.466667 6.949960 3.724906 58.464800 0.700000 0.508602 6.708204 116.565051 4.472136 -153.434949 
37.000000 163.000000 96.880559 1.000000 27.000000 18.360000 0.838736 0.562500 8.437525 4.594557 34.845408 0.931034 0.733892 8.944272 153.434949 4.949747 45.000000 
42.000000 162.000000 218.884430 1.000000 9.000000 9.552000 0.878639 0.600000 5.462501 2.608267 -78.916827 0.900000 0.701913 5.385165 -111.801409 2.910428 -14.036243 
24.000000 165.000000 37.890946 5.000000 6.000000 8.328000 0.953154 0.600000 5.526219 1.671596 17.608796 0.857143 0.573146 5.385165 158.198591 2.000000 -90.000000 
46.000000 162.000000 273.406075 1.000000 6.000000 6.368000 0.833333 0.750000 4.000000 2.211083 90.000000 1.000000 0.833753 4.123106 104.036243 2.000000 0.000000 
50.000000 165.000000 116.948521 1.000000 7.000000 7.774000 0.613667 0.583333 3.862352 3.049577 -72.231161 0.875000 0.738267 4.242641 -135.000000 3.000000 0.000000 
54.000000 163.000000 56.377390 8.000000 7.000000 7.402000 0.800314 0.583333 4.163332 2.496256 -30.963757 1.000000 0.791281 4.472136 -153.434949 2.828427 -45.000000 
9.000000 167.000000 74.705848 1.000000 23.000000 18.616000 0.938743 0.638889 9.824439 3.385669 74.098812 0.884615 0.610543 9.848858 113.962489 3.922323 11.309932 
31.000000 167.000000 100.358930 1.000000 15.000000 15.548000 0.756747 0.535714 6.841547 4.472373 -84.494085 0.750000 0.539637 7.280110 -105.945396 4.000000 0.000000 
48.000000 166.000000 120.500926 1.000000 10.000000 8.626000 0.592258 0.625000 4.163332 3.354599 -45.000000 1.000000 0.907475 4.472136 -153.434949 3.535534 -45.000000 
19.000000 169.000000 45.646558 2.000000 4.000000 5.624000 0.000000 0.444444 3.055050 3.055050 0.000000 0.800000 0.654195 3.162278 108.434949 2.828427 -45.000000 
27.000000 168.000000 109.321614 1.000000 15.000000 11.810000 0.689139 0.625000 5.383218 3.900835 80.969764 1.000000 0.843191 6.082763 99.462322 4.000000 0.000000 
41.000000 168.000000 210.569126 1.000000 43.000000 26.407000 0.916480 0.716667 12.272146 4.909841 87.865878 0.860000 0.618878 12.041595 94.763642 5.000000 0.000000 
52.000000 168.000000 94.969870 11.000000 9.000000 10.288000 0.942932 0.750000 6.161450 2.051676 -79.721977 0.900000 0.627085 6.324555 -108.434949 2.000000 0.000000 
5.000000 169.000000 41.213548 1.000000 5.000000 4.962000 0.765092 0.833333 3.306559 2.129163 -71.565051 1.000000 0.956808 3.605551 -123.690068 2.000000 0.000000 
22.000000 170.000000 147.862817 1.000000 14.000000 11.512000 0.866588 0.777778 6.160411 3.074198 80.990115 1.000000 0.819313 6.324555 108.434949 3.000000 0.000000 
30.000000 169.000000 88.974241 1.000000 4.000000 5.905000 0.791649 0.666667 3.586706 2.191393 75.127559 0.800000 0.614186 3.605551 123.690068 2.000000 0.000000 
46.000000 171.000000 86.613985 12.000000 3.000000 3.093000 0.730297 0.750000 2.581989 1.763834 45.000000 1.000000 0.969873 2.828427 135.000000 2.000000 -90.000000 
55.000000 171.000000 51.039937 5.000000 7.000000 6.368000 0.353094 0.777778 3.236694 3.028212 90.000000 1.000000 0.972712 3.605551 123.690068 3.000000 -90.000000 
15.000000 175.000000 97.419599 1.000000 41.000000 29.335000 0.949177 0.341667 14.136649 4.449429 51.482552 0.803922 0.488487 13.416408 116.565051 4.989401 40.601295 
34.000000 171.000000 105.851479 1.000000 17.000000 13.199000 0.814475 0.708333 6.544863 3.797323 14.830902 0.894737 0.800061 6.708204 153.434949 4.000000 -90.000000 
50.000000 174.000000 154.673635 1.000000 29.000000 20.419000 0.907049 0.517857 9.959666 4.193268 63.873062 0.828571 0.656501 10.000000 126.869898 4.919350 -153.434949 
31.000000 176.000000 67.745674 1.000000 11.000000 13.125000 0.883143 0.440000 6.732120 3.158058 40.480259 0.687500 0.522407 6.403124 128.659808 4.024922 -116.565051 
41.000000 175.000000 144.601926 1.000000 49.000000 31.096000 0.865446 0.636364 12.310103 6.167399 -89.811618 0.790323 0.525290 11.704700 -109.983107 7.000000 0.000000 
56.000000 174.000000 47.022410 10.000000 7.000000 7.592000 0.849496 0.583333 4.525150 2.387444 -67.500000 0.875000 0.763515 4.472136 -116.565051 2.683282 -26.565051 
21.000000 177.000000 40.564978 4.000000 7.000000 8.717000 0.843754 0.583333 4.619135 2.479231 32.268327 0.875000 0.625521 5.000000 143.130102 2.828427 45.000000 
33.000000 178.000000 135.016232 2.000000 14.000000 13.588000 0.905936 0.466667 7.280198 3.082550 37.773249 0.875000 0.628590 7.211103 146.309932 3.535534 45.000000 
26.000000 179.000000 101.637441 1.000000 30.000000 22.950000 0.921625 0.681818 10.703620 4.153882 -89.497549 0.882353 0.553771 11.180340 -100.304846 4.000000 0.000000 
49.000000 179.000000 101.780685 1.000000 22.000000 17.789000 0.900415 0.687500 8.875130 3.860958 87.981493 0.846154 0.631058 8.544004 110.556045 4.000000 0.000000 
55.000000 180.000000 61.566582 4.000000 9.000000 8.055000 0.834966 0.750000 4.760952 2.619961 -26.565051 1.000000 0.902154 5.000000 -143.130102 3.000000 -90.000000 
10.000000 180.000000 49.630138 1.000000 14.000000 11.421000 0.769507 0.700000 5.619760 3.588994 -12.387570 0.875000 0.829584 5.830952 -149.036243 3.880570 104.036243 
19.000000 180.000000 83.361721 1.000000 10.000000 10.404000 0.742243 0.500000 4.991697 3.345091 55.590675 0.833333 0.684879 5.385165 111.801409 4.000000 0.000000 
38.000000 182.000000 185.258642 1.000000 59.000000 36.149000 0.912429 0.504274 15.566292 6.370256 69.518671 0.686047 0.480269 14.422205 123.690068 7.701031 12.528808 
53.000000 182.000000 175.155266 2.000000 14.000000 11.719000 0.623341 0.560000 5.115985 4.000446 47.763770 0.933333 0.796646 5.385165 111.801409 4.242641 45.000000 
16.000000 182.000000 40.874504 3.000000 7.000000 8.717000 0.699854 0.583333 4.163332 2.973809 78.690068 0.875000 0.625521 4.472136 116.565051 3.000000 0.000000 
47.000000 185.000000 218.662674 1.000000 28.000000 17.971000 0.728106 0.666667 7.646087 5.241118 72.108360 0.875000 0.789378 8.062258 119.744881 5.813777 26.565051 
59.000000 184.000000 70.761095 1.000000 15.000000 13.216000 0.781429 0.500000 5.992029 3.738988 67.237183 0.882353 0.704470 6.324555 108.434949 4.160251 33.690068 
18.000000 185.000000 31.009714 1.000000 1.000000 0.000000 0.000000 1.000000 1.154701 1.154701 0.000000 1.000000 1.000000 1.414214 135.000000 1.000000 -90.000000 
24.000000 187.000000 130.882304 1.000000 1.000000 0.000000 0.000000 1.000000 1.154701 1.154701 0.000000 1.000000 1.000000 1.414214 135.000000 1.000000 -90.000000 
16.000000 186.000000 31.626814 2.000000 2.000000 1.960000 0.866025 1.000000 2.309401 1.154701 90.000000 1.000000 0.965669 2.236068 116.565051 1.000000 0.000000 
55.000000 186.000000 141.641628 1.000000 12.000000 10.958000 0.868313 0.666667 5.882065 2.917605 83.100257 0.923077 0.758539 6.082763 99.462322 3.000000 0.000000 
41.000000 188.000000 123.324577 1.000000 35.000000 22.098000 0.720833 0.625000 9.364818 6.490835 67.465163 0.795455 0.690420 9.433981 122.005383 6.870728 21.801409 
9.000000 189.000000 51.553979 1.000000 15.000000 14.696000 0.954516 0.625000 8.349470 2.489469 74.276095 0.937500 0.592419 8.544004 110.556045 3.000000 0.000000 
51.000000 188.000000 167.965271 2.000000 13.000000 11.992000 0.735104 0.541667 5.367468 3.638897 -87.907542 0.928571 0.713295 6.082763 99.462322 4.000000 0.000000 
55.000000 191.000000 83.648743 3.000000 15.000000 18.360000 0.962553 0.312500 9.859583 2.672858 40.960539 0.714286 0.407718 9.433981 147.994617 3.535534 45.000000 
60.000000 195.000000 129.073859 1.000000 33.000000 26.969000 0.964357 0.634615 13.449360 3.558758 8.878818 0.846154 0.457388 13.341664 167.005383 4.000000 -90.000000 
31.000000 190.000000 83.364345 5.000000 11.000000 12.000000 0.954453 0.458333 7.376819 2.200967 29.596753 0.846154 0.602920 7.211103 146.309932 2.683282 63.434949 
35.000000 191.000000 89.853784 2.000000 16.000000 20.808000 0.851416 0.333333 8.915591 4.676152 56.864508 0.592593 0.350537 8.544004 110.556045 5.335784 -165.963757 
48.000000 190.000000 144.461043 2.000000 19.000000 19.402000 0.895187 0.452381 8.753352 3.901284 -52.018122 0.791667 0.469805 8.485281 -135.000000 4.242641 -45.000000 
9.000000 194.000000 43.328002 1.000000 15.000000 17.996000 0.967352 0.416667 10.266811 2.601994 74.461449 0.714286 0.421881 9.486833 108.434949 3.287980 -170.537678 
44.000000 195.000000 178.985927 1.000000 6.000000 7.774000 0.908344 0.500000 4.920353 2.057808 61.137822 0.857143 0.632800 5.000000 126.869898 2.529822 -161.565051 
15.000000 194.000000 50.987037 6.000000 4.000000 4.590000 0.731925 0.666667 3.055050 2.081666 90.000000 1.000000 0.840876 3.162278 108.434949 2.000000 0.000000 
27.000000 197.000000 90.389013 2.000000 29.000000 26.440000 0.975598 0.302083 14.188817 3.115383 30.730183 0.828571 0.416452 13.416408 153.434949 4.160251 56.309932 
37.000000 197.000000 82.200286 2.000000 38.000000 53.385000 0.959384 0.168889 20.862962 5.885486 44.556275 0.400000 0.149447 21.213203 135.000000 7.672344 54.462322 
51.000000 196.000000 102.806403 5.000000 14.000000 12.455000 0.867214 0.777778 6.294366 3.134187 6.009006 0.933333 0.723233 6.324555 161.565051 3.000000 -90.000000 
54.000000 197.000000 86.746941 5.000000 9.000000 9.180000 0.867926 0.600000 5.120764 2.543450 18.434949 1.000000 0.744936 5.385165 158.198591 3.000000 -90.000000 
14.000000 197.000000 48.676016 4.000000 13.000000 10.106000 0.817193 0.866667 5.451390 3.141989 -14.872441 1.000000 0.930849 5.830952 -149.036243 3.000000 -90.000000 
52.000000 201.000000 232.242916 6.000000 21.000000 15.176000 0.729112 0.600000 6.544568 4.479068 -8.524515 0.913043 0.786488 7.071068 171.869898 4.850713 104.036243 
57.000000 202.000000 110.060365 4.000000 10.000000 10.404000 0.893414 0.500000 5.776836 2.595156 25.670096 0.909091 0.684879 5.830952 149.036243 3.130495 63.434949 
12.000000 203.000000 41.361542 1.000000 3.000000 3.920000 0.942809 1.000000 3.464102 1.154701 0.000000 1.000000 0.756007 3.162278 161.565051 1.000000 -90.000000 
17.000000 203.000000 52.278605 1.000000 13.000000 14.440000 0.910994 0.433333 7.548221 3.113042 -30.639837 0.764706 0.528490 7.211103 -146.309932 3.899602 111.801409 
8.000000 201.000000 47.744341 2.000000 12.000000 16.673000 0.606618 0.480000 5.710636 4.539918 45.265251 0.631579 0.384079 6.403124 128.659808 4.850713 -165.963757 
60.000000 205.000000 198.095054 5.000000 27.000000 19.352000 0.931628 0.750000 10.138160 3.684341 0.465205 0.900000 0.670588 9.486833 -161.565051 4.000000 -90.000000 
44.000000 203.000000 107.339567 1.000000 34.000000 25.952000 0.928173 0.425000 11.927222 4.438712 -54.261468 0.755556 0.504771 12.206556 -124.992020 5.656854 -45.000000 
39.000000 206.000000 116.799048 2.000000 32.000000 21.362000 0.888580 0.533333 9.924161 4.552426 7.189839 0.864865 0.669731 10.198039 168.690068 5.335784 -104.036243 
54.000000 205.000000 185.425271 2.000000 16.000000 11.694000 0.585014 0.800000 5.172572 4.195076 23.744776 1.000000 0.913524 5.830952 149.036243 4.000000 -90.000000 
24.000000 209.000000 61.134073 2.000000 36.000000 33.462000 0.986221 0.233766 18.361144 3.037500 -52.032771 0.800000 0.337649 17.204651 -125.537678 3.969143 -39.805571 
56.000000 209.000000 142.976029 5.000000 7.000000 8.626000 0.828079 0.437500 4.680252 2.623805 -45.000000 0.875000 0.635232 4.472136 -153.434949 2.828427 -45.000000 
7.000000 211.000000 33.368729 1.000000 6.000000 8.328000 0.953154 0.600000 5.526219 1.671596 72.391204 0.857143 0.573146 5.385165 111.801409 2.000000 0.000000 
51.000000 209.000000 96.539281 1.000000 16.000000 15.457000 0.839579 0.444444 7.586593 4.121319 -49.252290 0.727273 0.581259 7.211103 -146.309932 4.949747 135.000000 
36.000000 213.000000 93.226543 5.000000 22.000000 18.360000 0.930926 0.611111 9.237675 3.373666 10.972045 0.846154 0.597986 9.219544 167.471192 3.880570 -104.036243 
46.000000 214.000000 37.379708 1.000000 1.000000 0.000000 0.000000 1.000000 1.154701 1.154701 0.000000 1.000000 1.000000 1.414214 135.000000 1.000000 -90.000000 
59.000000 213.000000 166.614595 5.000000 22.000000 17.144000 0.851116 0.785714 8.130302 4.268225 -2.256994 0.846154 0.671827 7.615773 156.801409 4.000000 -90.000000 
12.000000 214.000000 37.520551 10.000000 5.000000 8.717000 0.968023 0.312500 6.215727 1.559295 -49.065051 0.833333 0.446800 5.656854 -135.000000 2.121320 135.000000 
40.000000 212.000000 64.211476 7.000000 7.000000 10.470000 0.965786 0.583333 6.778199 1.757848 -3.941570 0.777778 0.474777 6.082763 170.537678 2.000000 -90.000000 
55.000000 214.000000 111.295497 8.000000 16.000000 15.184000 0.924660 0.457143 7.932104 3.020494 -29.004365 0.842105 0.598706 8.062258 -150.255119 3.577709 -63.434949 
11.000000 220.000000 63.861343 1.000000 34.000000 29.880000 0.984907 0.377778 16.420944 2.842200 69.816750 0.850000 0.391826 16.155494 111.801409 3.478505 18.434949 
42.000000 216.000000 53.086527 7.000000 7.000000 10.288000 0.416652 0.777778 3.879126 3.526383 90.000000 0.777778 0.487733 4.242641 135.000000 3.000000 -90.000000 
49.000000 218.000000 32.538756 7.000000 3.000000 4.590000 0.928995 0.500000 3.854129 1.426385 -28.154966 1.000000 0.630657 3.605551 -146.309932 1.788854 -63.434949 
38.000000 218.000000 31.147898 8.000000 1.000000 0.000000 0.000000 1.000000 1.154701 1.154701 0.000000 1.000000 1.000000 1.414214 135.000000 1.000000 -90.000000 
43.000000 219.000000 34.752881 1.000000 6.000000 7.774000 0.833348 0.500000 4.481684 2.477243 78.760283 0.750000 0.632800 4.472136 116.565051 2.846050 18.434949 
48.000000 221.000000 57.616074 1.000000 17.000000 19.956000 0.926985 0.425000 8.987190 3.371084 -61.971794 0.772727 0.400429 8.544004 -110.556045 4.024922 -26.565051 
24.000000 222.000000 33.150644 7.000000 3.000000 3.920000 0.942809 1.000000 3.464102 1.154701 0.000000 1.000000 0.756007 3.162278 161.565051 1.000000 -90.000000 
59.000000 224.000000 90.023209 1.000000 48.000000 33.701000 0.962407 0.640000 16.116678 4.377491 2.832669 0.738462 0.444376 15.297059 168.690068 5.000000 -90.000000 
18.000000 225.000000 87.013071 1.000000 25.000000 20.303000 0.957206 0.625000 11.279606 3.264408 79.835373 0.833333 0.571564 10.440307 106.699244 3.676955 8.130102 
10.000000 225.000000 45.063618 1.000000 7.000000 7.683000 0.871772 0.583333 4.651537 2.278845 48.421387 1.000000 0.750732 5.000000 126.869898 2.828427 -135.000000 
26.000000 224.000000 32.245489 9.000000 2.000000 2.812000 0.925820 0.500000 3.055050 1.154701 -45.000000 1.000000 0.709058 2.828427 -135.000000 1.414214 -45.000000 
32.000000 224.000000 30.266106 12.000000 1.000000 0.000000 0.000000 1.000000 1.154701 1.154701 0.000000 1.000000 1.000000 1.414214 135.000000 1.000000 -90.000000 
37.000000 226.000000 35.995334 1.000000 7.000000 12.248000 0.983251 0.500000 8.265333 1.506423 -77.731136 0.777778 0.371410 7.280110 -105.945396 1.940285 -14.036243 
50.000000 229.000000 54.269880 6.000000 39.000000 23.760000 0.928783 0.709091 12.079186 4.476827 -7.676698 0.886364 0.677202 11.401754 -164.744881 4.767571 99.462322 
12.000000 227.000000 78.005313 1.000000 12.000000 10.313000 0.849837 0.600000 5.656854 2.981424 56.309932 0.923077 0.833010 5.830952 120.963757 3.535534 45.000000 
7.000000 228.000000 49.469248 1.000000 6.000000 9.180000 0.933428 0.400000 5.716842 2.051001 72.906939 0.750000 0.496624 5.385165 111.801409 2.425356 -165.963757 
15.000000 229.000000 44.626546 8.000000 5.000000 8.510000 0.962333 0.500000 5.887652 1.600692 -11.749283 0.714286 0.462817 5.385165 -158.198591 1.940285 104.036243 
24.000000 229.000000 40.065527 1.000000 16.000000 16.011000 0.930957 0.500000 8.514745 3.108984 76.513578 0.800000 0.548119 8.246211 104.036243 3.638034 14.036243 
14.000000 231.000000 44.534221 12.000000 3.000000 3.093000 0.730297 0.750000 2.581989 1.763834 -45.000000 1.000000 0.969873 2.828427 -135.000000 2.000000 -90.000000 
19.000000 232.000000 80.333814 1.000000 26.000000 17.227000 0.782480 0.650000 7.526846 4.686782 -89.217999 0.928571 0.787519 8.062258 97.125016 5.000000 0.000000 
23.000000 233.000000 58.550352 1.000000 9.000000 8.237000 0.759113 0.750000 4.430771 2.884248 -83.952621 1.000000 0.873525 4.472136 116.565051 3.000000 0.000000 
15.000000 234.000000 42.824883 2.000000 6.000000 7.220000 0.869227 0.500000 4.472136 2.211083 59.036243 0.857143 0.702276 4.472136 116.565051 2.683282 -153.434949 
35.000000 235.000000 45.075088 1.000000 17.000000 19.170000 0.977090 0.566667 10.887738 2.317217 -78.511115 0.809524 0.429139 10.440307 -106.699244 2.910428 165.963757 
9.000000 236.000000 46.511372 1.000000 13.000000 13.770000 0.928878 0.619048 7.197047 2.665684 -73.289620 0.928571 0.571195 7.615773 -113.198591 3.000000 0.000000 
52.000000 234.000000 40.087887 6.000000 4.000000 4.590000 0.731925 0.666667 3.055050 2.081666 0.000000 1.000000 0.840876 3.162278 161.565051 2.000000 -90.000000 
50.000000 236.000000 54.766460 7.000000 6.000000 6.186000 0.833333 0.666667 4.000000 2.211083 -36.869898 1.000000 0.866607 4.242641 -135.000000 2.683282 -63.434949 
