257
31.000000 116.000000 12.049577 1.000000 10620.000000 591.556000 0.961057 0.691406 280.802078 77.599956 1.328223 0.691406 0.377348 248.386795 165.068583 64.000000 -90.000000 
38.000000 5.000000 53.262538 1.000000 12.000000 11.512000 0.896137 0.666667 6.258916 2.777564 -85.734617 0.857143 0.702268 6.324555 -108.434949 3.000000 0.000000 
15.000000 6.000000 58.428895 1.000000 28.000000 25.464000 0.958487 0.509091 12.100236 3.450221 -77.392035 0.777778 0.429998 12.083046 -114.443955 4.110961 -18.434949 
22.000000 6.000000 51.733149 2.000000 10.000000 13.588000 0.660622 0.500000 5.223775 3.921586 48.085088 0.666667 0.448993 5.656854 135.000000 4.000000 0.000000 
50.000000 8.000000 58.814074 1.000000 45.000000 45.221000 0.992656 0.292208 24.558825 2.970955 -76.362158 0.703125 0.241770 22.803509 -105.255119 3.880570 -14.036243 
40.000000 12.000000 42.124119 1.000000 16.000000 18.798000 0.976510 0.533333 10.553246 2.273907 7.050834 0.800000 0.417708 10.198039 168.690068 2.794783 -99.462322 
28.000000 11.000000 38.458452 1.000000 1.000000 0.000000 0.000000 1.000000 1.154701 1.154701 0.000000 1.000000 1.000000 1.414214 135.000000 1.000000 -90.000000 
11.000000 14.000000 69.077346 1.000000 2.000000 1.960000 0.866025 1.000000 2.309401 1.154701 0.000000 1.000000 0.965669 2.236068 153.434949 1.000000 -90.000000 
57.000000 14.000000 33.454367 1.000000 1.000000 0.000000 0.000000 1.000000 1.154701 1.154701 0.000000 1.000000 1.000000 1.414214 135.000000 1.000000 -90.000000 
55.000000 15.000000 32.253335 1.000000 1.000000 0.000000 0.000000 1.000000 1.154701 1.154701 0.000000 1.000000 1.000000 1.414214 135.000000 1.000000 -90.000000 
35.000000 17.000000 57.840980 1.000000 13.000000 11.421000 0.874350 0.722222 6.203219 3.010396 81.774012 0.928571 0.770328 6.324555 108.434949 3.000000 0.000000 
49.000000 18.000000 41.689193 1.000000 13.000000 18.360000 0.965493 0.361111 9.491820 2.471938 70.841578 0.684211 0.353356 9.848858 113.962489 3.333974 11.309932 
24.000000 19.000000 65.709517 1.000000 61.000000 41.938000 0.980153 0.535088 21.563157 4.274705 81.856617 0.772152 0.377207 19.416488 101.888658 5.148820 -175.236358 
40.000000 24.000000 37.715493 2.000000 25.000000 30.376000 0.992146 0.520833 17.419231 2.178862 -7.831716 0.781250 0.279643 16.278821 -169.380345 2.728764 -82.874984 
34.000000 20.000000 35.240935 1.000000 9.000000 10.958000 0.937614 0.500000 6.359595 2.211083 -71.565051 0.900000 0.568904 6.324555 -108.434949 2.683282 -26.565051 
59.000000 23.000000 39.708848 2.000000 8.000000 14.804000 0.959761 0.285714 8.793139 2.469286 -25.277468 0.615385 0.312165 8.062258 -150.255119 2.971125 111.801409 
11.000000 23.000000 57.485203 1.000000 16.000000 19.286000 0.976346 0.400000 10.610879 2.294212 -74.664035 0.761905 0.399728 10.770330 -111.801409 2.910428 165.963757 
47.000000 23.000000 34.048665 1.000000 8.000000 11.810000 0.955427 0.444444 6.809898 2.010461 69.295630 0.727273 0.449702 6.708204 116.565051 2.529822 18.434949 
30.000000 24.000000 32.097799 4.000000 4.000000 5.905000 0.926289 0.444444 4.355771 1.641317 39.690172 0.800000 0.614186 4.242641 135.000000 2.121320 45.000000 
20.000000 27.000000 55.987823 2.000000 9.000000 12.273000 0.896734 0.450000 6.183741 2.736740 66.458717 0.692308 0.475980 6.403124 128.659808 3.152963 14.036243 
50.000000 29.000000 61.326175 1.000000 32.000000 38.324000 0.994234 0.197531 22.324981 2.393871 67.244302 0.666667 0.233875 19.697716 113.962489 3.151354 23.198591 
11.000000 28.000000 69.367630 1.000000 35.000000 28.904000 0.978232 0.500000 15.651912 3.248018 -79.390945 0.795455 0.428293 14.560220 -105.945396 3.781177 -9.462322 
23.000000 28.000000 58.702474 1.000000 12.000000 14.878000 0.953980 0.500000 7.943763 2.382101 -79.572771 0.857143 0.464410 8.246211 -104.036243 3.000000 0.000000 
61.000000 29.000000 40.898151 7.000000 8.000000 8.882000 0.920807 0.800000 5.445698 2.123921 -8.677012 0.888889 0.695395 5.385165 -158.198591 2.000000 -90.000000 
35.000000 36.000000 57.031768 1.000000 32.000000 31.692000 0.985974 0.253968 17.325259 2.891616 59.543840 0.780488 0.331408 15.652476 116.565051 3.601470 30.963757 
15.000000 36.000000 59.173369 1.000000 61.000000 52.416000 0.987922 0.488000 27.248879 4.222353 -86.406962 0.685393 0.248344 25.179357 -96.842773 4.661385 177.273689 
57.000000 37.000000 47.081256 1.000000 17.000000 18.343000 0.971541 0.472222 10.417402 2.467599 -74.263197 0.772727 0.462812 9.848858 -113.962489 3.137858 168.690068 
43.000000 40.000000 35.053548 4.000000 9.000000 16.218000 0.979212 0.214286 9.870342 2.002113 40.866413 0.642857 0.301759 9.219544 139.398705 2.560738 50.194429 
20.000000 41.000000 44.838454 1.000000 14.000000 16.218000 0.835620 0.466667 7.130028 3.916577 -32.483593 0.777778 0.469403 7.211103 -146.309932 4.242641 -45.000000 
54.000000 40.000000 32.961556 3.000000 3.000000 3.093000 0.730297 0.750000 2.581989 1.763834 45.000000 1.000000 0.969873 2.828427 135.000000 2.000000 -90.000000 
28.000000 41.000000 42.471627 3.000000 2.000000 2.812000 0.925820 0.500000 3.055050 1.154701 45.000000 1.000000 0.709058 2.828427 135.000000 1.414214 45.000000 
51.000000 42.000000 48.513083 1.000000 14.000000 15.548000 0.945381 0.437500 8.300424 2.705668 73.808097 0.823529 0.503661 8.544004 110.556045 3.287980 -170.537678 
10.000000 43.000000 38.455872 10.000000 3.000000 3.920000 0.942809 1.000000 3.464102 1.154701 90.000000 1.000000 0.756007 3.162278 108.434949 1.000000 0.000000 
57.000000 43.000000 51.743356 1.000000 12.000000 14.696000 0.967492 0.500000 8.695322 2.199050 -76.154246 0.800000 0.473935 8.246211 -104.036243 2.667892 165.963757 
15.000000 44.000000 64.767672 1.000000 24.000000 18.616000 0.942956 0.888889 10.000000 3.329164 90.000000 0.960000 0.637088 9.219544 102.528808 3.000000 0.000000 
41.000000 44.000000 46.541841 1.000000 4.000000 4.590000 0.731925 0.666667 3.055050 2.081666 90.000000 1.000000 0.840876 3.162278 108.434949 2.000000 0.000000 
35.000000 46.000000 56.226089 1.000000 27.000000 20.138000 0.942759 0.540000 10.593280 3.532602 72.871714 0.870968 0.626070 10.440307 106.699244 4.110961 18.434949 
47.000000 51.000000 54.867065 1.000000 23.000000 21.180000 0.962070 0.460000 11.114410 3.032039 -20.419013 0.793103 0.488600 10.770330 -158.198591 3.713907 111.801409 
39.000000 46.000000 35.831422 1.000000 5.000000 7.402000 0.765173 0.555556 3.931770 2.531373 40.934949 0.833333 0.565201 4.242641 135.000000 2.828427 45.000000 
4.000000 49.000000 34.942829 12.000000 1.000000 0.000000 0.000000 1.000000 1.154701 1.154701 0.000000 1.000000 1.000000 1.414214 135.000000 1.000000 -90.000000 
16.000000 50.000000 43.813289 1.000000 11.000000 14.878000 0.969399 0.458333 8.358316 2.051873 -76.201352 0.785714 0.425709 8.544004 -110.556045 2.549510 168.690068 
6.000000 50.000000 35.346899 12.000000 1.000000 0.000000 0.000000 1.000000 1.154701 1.154701 0.000000 1.000000 1.000000 1.414214 135.000000 1.000000 -90.000000 
40.000000 52.000000 31.402641 7.000000 5.000000 10.214000 0.980420 0.250000 7.370232 1.451328 -39.345034 0.833333 0.352252 6.403124 -141.340192 2.000000 -53.130102 
55.000000 53.000000 43.288780 1.000000 13.000000 14.233000 0.566862 0.520000 5.279235 4.349102 -38.275692 0.764706 0.541158 5.830952 -120.963757 4.919350 116.565051 
25.000000 56.000000 34.679320 1.000000 13.000000 21.064000 0.967563 0.240741 12.242633 3.092843 60.515028 0.565217 0.278819 10.816654 123.690068 3.709993 -147.994617 
8.000000 57.000000 43.957312 1.000000 14.000000 17.326000 0.978492 0.388889 10.230441 2.110385 67.632017 0.777778 0.419957 9.848858 113.962489 2.785430 21.801409 
35.000000 58.000000 42.694124 1.000000 26.000000 32.709000 0.981025 0.206349 18.359544 3.559597 60.007253 0.565217 0.254209 16.124515 119.744881 4.549095 -151.389540 
52.000000 55.000000 59.468046 1.000000 12.000000 16.565000 0.884602 0.333333 8.240134 3.842767 53.762784 0.600000 0.388301 7.810250 140.194429 4.242641 45.000000 
45.000000 57.000000 82.608001 1.000000 12.000000 13.290000 0.955711 0.571429 7.767237 2.285953 -73.507439 0.857143 0.558511 7.615773 -113.198591 2.846050 -18.434949 
53.000000 60.000000 61.756808 1.000000 18.000000 14.878000 0.913617 0.750000 7.735442 3.145049 8.805432 0.947368 0.696614 8.246211 165.963757 3.000000 -90.000000 
49.000000 59.000000 52.940890 11.000000 3.000000 3.920000 0.942809 1.000000 3.464102 1.154701 90.000000 1.000000 0.756007 3.162278 108.434949 1.000000 0.000000 
20.000000 61.000000 35.236280 2.000000 2.000000 1.960000 0.866025 1.000000 2.309401 1.154701 90.000000 1.000000 0.965669 2.236068 116.565051 1.000000 0.000000 
11.000000 63.000000 38.138821 1.000000 23.000000 32.312000 0.982338 0.383333 16.314546 3.052686 84.501173 0.575000 0.229941 15.524175 104.931417 3.711966 -174.805571 
55.000000 63.000000 41.282946 1.000000 3.000000 4.590000 0.928995 0.500000 3.854129 1.426385 61.845034 1.000000 0.630657 3.605551 123.690068 1.788854 26.565051 
20.000000 69.000000 40.494001 3.000000 23.000000 30.451000 0.942488 0.383333 14.139190 4.725895 6.937650 0.469388 0.256124 12.369317 -165.963757 5.000000 -90.000000 
50.000000 64.000000 44.997749 1.000000 14.000000 13.770000 0.913001 0.666667 7.121509 2.905267 78.400705 0.933333 0.615133 7.280110 105.945396 3.000000 0.000000 
12.000000 68.000000 38.476534 9.000000 5.000000 5.814000 0.901281 0.555556 4.163332 1.803700 -45.000000 1.000000 0.783414 4.242641 -135.000000 2.121320 -45.000000 
39.000000 69.000000 64.046716 1.000000 48.000000 36.885000 0.982676 0.470588 19.664432 3.644495 -76.916666 0.786885 0.376490 17.720045 -106.389540 4.472136 169.695154 
29.000000 69.000000 49.813367 1.000000 22.000000 19.493000 0.897852 0.488889 9.092450 4.003384 80.023015 0.785714 0.539619 9.219544 102.528808 5.000000 0.000000 
49.000000 69.000000 34.344782 1.000000 4.000000 4.590000 0.731925 0.666667 3.055050 2.081666 90.000000 1.000000 0.840876 3.162278 108.434949 2.000000 0.000000 
57.000000 72.000000 31.842635 6.000000 6.000000 8.328000 0.953154 0.600000 5.526219 1.671596 -17.608796 0.857143 0.573146 5.385165 -158.198591 2.000000 -90.000000 
7.000000 73.000000 62.392967 1.000000 21.000000 21.246000 0.968313 0.420000 11.285688 2.818495 73.174277 0.807692 0.443702 11.180340 116.565051 3.395499 14.036243 
15.000000 71.000000 38.873473 8.000000 6.000000 6.186000 0.833333 0.666667 4.000000 2.211083 -36.869898 1.000000 0.866607 4.242641 -135.000000 2.683282 -63.434949 
33.000000 71.000000 46.976691 1.000000 9.000000 10.958000 0.937614 0.500000 6.359595 2.211083 -71.565051 0.900000 0.568904 6.324555 -108.434949 2.683282 -26.565051 
49.000000 72.000000 38.876855 1.000000 4.000000 3.556000 0.000000 1.000000 2.309401 2.309401 0.000000 1.000000 1.000000 2.828427 135.000000 2.000000 -90.000000 
43.000000 75.000000 42.833898 5.000000 6.000000 7.501000 0.932940 0.500000 5.134278 1.848505 29.232604 0.857143 0.665681 5.000000 143.130102 2.236068 63.434949 
27.000000 76.000000 37.582178 8.000000 10.000000 14.250000 0.960375 0.333333 7.902855 2.202625 -45.318297 0.769231 0.415462 7.810250 -129.805571 2.828427 -45.000000 
10.000000 77.000000 43.585914 1.000000 14.000000 19.956000 0.971525 0.311111 11.070761 2.623059 65.912464 0.666667 0.329765 9.848858 113.962489 3.478505 18.434949 
18.000000 77.000000 57.543292 2.000000 15.000000 12.645000 0.841874 0.625000 6.268461 3.382925 17.088494 0.937500 0.756353 6.403124 141.340192 3.794733 -108.434949 
48.000000 77.000000 61.912635 1.000000 20.000000 18.823000 0.949702 0.555556 9.622215 3.013246 -69.237930 0.869565 0.520947 9.848858 -113.962489 3.713907 158.198591 
60.000000 78.000000 45.076316 1.000000 5.000000 4.962000 0.765092 0.833333 3.306559 2.129163 18.434949 1.000000 0.956808 3.605551 146.309932 2.000000 -90.000000 
38.000000 79.000000 37.567328 2.000000 5.000000 6.368000 0.923687 0.625000 4.492622 1.721341 -69.006394 0.833333 0.694794 4.472136 -116.565051 2.000000 0.000000 
43.000000 79.000000 74.652674 3.000000 11.000000 9.461000 0.786338 0.733333 4.989887 3.082732 -2.463555 0.916667 0.870328 5.385165 -158.198591 3.000000 -90.000000 
56.000000 79.000000 47.354750 1.000000 9.000000 9.552000 0.909561 0.600000 5.649746 2.347866 70.536228 0.900000 0.701913 5.830952 120.963757 2.846050 -161.565051 
58.000000 84.000000 57.770949 1.000000 32.000000 23.512000 0.917625 0.533333 11.035754 4.386134 15.641327 0.800000 0.566042 10.440307 163.300756 5.059644 71.565051 
9.000000 82.000000 45.099123 1.000000 21.000000 36.166000 0.881617 0.300000 12.727648 6.007003 -61.263454 0.488372 0.170795 11.180340 -116.565051 5.756555 -21.801409 
41.000000 82.000000 63.271680 1.000000 13.000000 12.182000 0.708135 0.520000 5.461719 3.856397 45.000000 0.812500 0.695716 5.830952 120.963757 4.242641 45.000000 
52.000000 82.000000 50.638408 1.000000 10.000000 17.806000 0.851436 0.333333 7.351331 3.855464 55.031536 0.588235 0.286379 7.211103 123.690068 4.270993 -158.198591 
21.000000 84.000000 48.099700 1.000000 22.000000 27.341000 0.989569 0.282051 16.301744 2.348370 -72.567493 0.666667 0.297529 14.317821 -114.775141 3.159293 -15.945396 
32.000000 83.000000 40.366624 1.000000 2.000000 1.960000 0.866025 1.000000 2.309401 1.154701 0.000000 1.000000 0.965669 2.236068 153.434949 1.000000 -90.000000 
39.000000 87.000000 40.161701 1.000000 24.000000 29.897000 0.908465 0.400000 11.855671 4.955217 -4.352219 0.558140 0.276298 10.770330 -158.198591 5.939697 98.130102 
7.000000 88.000000 35.218667 1.000000 6.000000 9.180000 0.955069 0.400000 5.927544 1.756826 -61.845034 1.000000 0.496624 5.830952 -120.963757 2.236068 -26.565051 
49.000000 88.000000 66.864870 1.000000 30.000000 25.786000 0.971938 0.769231 13.461983 3.166756 -84.940174 0.937500 0.450512 13.341664 -102.994617 3.000000 0.000000 
29.000000 88.000000 49.480816 11.000000 6.000000 8.328000 0.953154 0.600000 5.526219 1.671596 -72.391204 0.857143 0.573146 5.385165 -111.801409 2.000000 0.000000 
15.000000 90.000000 28.882367 1.000000 1.000000 0.000000 0.000000 1.000000 1.154701 1.154701 0.000000 1.000000 1.000000 1.414214 135.000000 1.000000 -90.000000 
17.000000 92.000000 46.978146 3.000000 14.000000 18.848000 0.887746 0.437500 7.883514 3.629040 -0.095493 0.636364 0.363834 8.246211 165.963757 4.000000 -90.000000 
28.000000 91.000000 28.929527 3.000000 1.000000 0.000000 0.000000 1.000000 1.154701 1.154701 0.000000 1.000000 1.000000 1.414214 135.000000 1.000000 -90.000000 
56.000000 92.000000 51.838697 4.000000 21.000000 20.783000 0.943426 0.466667 10.078479 3.341859 14.815402 0.750000 0.461042 10.295630 150.945396 4.110961 -108.434949 
26.000000 92.000000 28.161204 4.000000 1.000000 0.000000 0.000000 1.000000 1.154701 1.154701 0.000000 1.000000 1.000000 1.414214 135.000000 1.000000 -90.000000 
35.000000 93.000000 42.558274 1.000000 10.000000 10.776000 0.945880 0.555556 6.608171 2.144469 66.255224 0.909091 0.648756 6.708204 116.565051 2.683282 26.565051 
5.000000 93.000000 36.126540 1.000000 5.000000 6.368000 0.923687 0.625000 4.492622 1.721341 69.006394 0.833333 0.694794 4.472136 116.565051 2.000000 0.000000 
44.000000 95.000000 50.072846 1.000000 11.000000 13.034000 0.934554 0.366667 7.022498 2.498750 -53.939348 0.785714 0.528302 7.211103 -123.690068 3.050851 -33.690068 
41.000000 94.000000 50.710451 9.000000 4.000000 4.590000 0.731925 0.666667 3.055050 2.081666 0.000000 1.000000 0.840876 3.162278 161.565051 2.000000 -90.000000 
51.000000 97.000000 36.921360 4.000000 5.000000 7.402000 0.885505 0.625000 4.363136 2.027243 15.481878 0.833333 0.565201 4.472136 153.434949 2.000000 -90.000000 
21.000000 96.000000 63.676602 1.000000 22.000000 19.030000 0.926458 0.488889 9.310388 3.504405 -74.249617 0.814815 0.562392 9.219544 -102.528808 4.110961 -18.434949 
48.000000 98.000000 59.043481 1.000000 12.000000 10.867000 0.837168 0.600000 5.632951 3.080923 -66.993906 0.923077 0.768426 5.830952 -120.963757 3.478505 161.565051 
16.000000 102.000000 83.240730 1.000000 33.000000 27.730000 0.972514 0.423077 14.297473 3.329072 -70.114497 0.804878 0.435117 14.317821 -114.775141 4.110961 161.565051 
41.000000 100.000000 38.245411 1.000000 25.000000 28.259000 0.984995 0.357143 16.482400 2.844569 76.513401 0.694444 0.318621 14.560220 105.945396 3.667151 -169.695154 
54.000000 100.000000 54.991836 1.000000 20.000000 16.656000 0.912852 0.625000 8.458174 3.453397 -83.485403 0.833333 0.641232 8.246211 104.036243 3.781177 -9.462322 
8.000000 100.000000 31.583316 12.000000 1.000000 0.000000 0.000000 1.000000 1.154701 1.154701 0.000000 1.000000 1.000000 1.414214 135.000000 1.000000 -90.000000 
22.000000 101.000000 48.981664 1.000000 10.000000 10.106000 0.903944 0.666667 5.903614 2.524680 -13.354505 0.833333 0.716038 5.830952 -149.036243 2.910428 104.036243 
54.000000 105.000000 58.051841 1.000000 6.000000 11.140000 0.653175 0.500000 4.382772 3.318665 51.264404 0.750000 0.369665 4.472136 116.565051 3.000000 0.000000 
24.000000 105.000000 55.216499 7.000000 8.000000 7.501000 0.765333 0.666667 4.260095 2.741945 -65.592963 0.888889 0.887575 4.472136 -116.565051 3.000000 0.000000 
57.000000 106.000000 45.843973 1.000000 13.000000 12.182000 0.827836 0.650000 5.965436 3.346429 60.672607 0.866667 0.695716 6.403124 128.659808 3.882901 -146.309932 
15.000000 109.000000 66.343209 1.000000 73.000000 49.687000 0.984136 0.434524 25.818283 4.580548 -79.497773 0.722772 0.328696 24.738634 -104.036243 5.418713 172.405357 
48.000000 108.000000 59.061941 1.000000 19.000000 21.271000 0.916503 0.422222 9.718787 3.887787 75.314149 0.655172 0.400623 9.219544 102.528808 4.510671 11.309932 
37.000000 110.000000 54.041546 1.000000 35.000000 34.743000 0.973322 0.437500 16.780628 3.850214 -89.292996 0.673077 0.306445 16.278821 100.619655 4.982729 4.763642 
52.000000 112.000000 49.620120 1.000000 29.000000 24.984000 0.969177 0.483333 13.134474 3.235881 11.858985 0.783784 0.460685 13.000000 157.380135 3.922323 -101.309932 
12.000000 117.000000 42.898013 1.000000 25.000000 29.781000 0.979410 0.240385 16.887503 3.409239 58.531902 0.625000 0.289842 15.264338 121.607502 4.295004 32.471192 
28.000000 113.000000 39.193512 12.000000 2.000000 1.960000 0.866025 1.000000 2.309401 1.154701 0.000000 1.000000 0.965669 2.236068 153.434949 1.000000 -90.000000 
44.000000 111.000000 58.645180 1.000000 8.000000 8.998000 0.758360 0.500000 4.601221 2.999239 35.410496 0.800000 0.682168 5.000000 126.869898 3.478505 -108.434949 
47.000000 121.000000 37.753868 6.000000 11.000000 14.051000 0.930462 0.523810 7.696938 2.820061 10.105135 0.733333 0.467649 7.615773 156.801409 3.000000 -90.000000 
26.000000 120.000000 38.397076 1.000000 10.000000 10.288000 0.933821 0.833333 6.150265 2.200207 -82.981878 1.000000 0.696762 6.324555 -108.434949 2.000000 0.000000 
32.000000 119.000000 34.892183 1.000000 7.000000 8.328000 0.930558 0.700000 5.262061 1.926673 -75.321123 0.875000 0.668670 5.385165 -111.801409 2.000000 0.000000 
50.000000 122.000000 52.840228 6.000000 5.000000 8.328000 0.923360 0.416667 5.496643 2.110351 58.282526 0.714286 0.477622 5.000000 126.869898 2.496151 33.690068 
18.000000 124.000000 49.764641 1.000000 6.000000 7.683000 0.775535 0.500000 4.218562 2.663198 65.816770 0.750000 0.643484 4.472136 116.565051 2.846050 18.434949 
22.000000 126.000000 54.329621 1.000000 17.000000 16.102000 0.927278 0.607143 8.333404 3.119800 -78.310025 0.772727 0.576881 7.615773 -113.198591 3.530090 -11.309932 
32.000000 126.000000 55.679166 1.000000 22.000000 24.728000 0.960141 0.458333 12.275779 3.431264 86.789252 0.687500 0.355935 12.041595 94.763642 4.000000 0.000000 
56.000000 127.000000 140.263550 1.000000 39.000000 26.969000 0.957745 0.464286 13.648563 3.925603 -64.160236 0.829787 0.540550 13.892444 -120.256437 4.837355 -29.744881 
49.000000 127.000000 37.839962 4.000000 1.000000 0.000000 0.000000 1.000000 1.154701 1.154701 0.000000 1.000000 1.000000 1.414214 135.000000 1.000000 -90.000000 
14.000000 132.000000 84.699160 1.000000 46.000000 40.160000 0.988821 0.345865 20.845109 3.108118 73.546120 0.821429 0.308290 20.248457 110.224859 3.846096 -164.054604 
39.000000 131.000000 30.714679 1.000000 2.000000 1.960000 0.866025 1.000000 2.309401 1.154701 90.000000 1.000000 0.965669 2.236068 116.565051 1.000000 0.000000 
46.000000 132.000000 51.800003 1.000000 21.000000 18.848000 0.915192 0.437500 9.417430 3.795389 63.009572 0.807692 0.545751 8.944272 116.565051 4.456688 -158.198591 
54.000000 132.000000 87.125264 1.000000 28.000000 22.445000 0.948456 0.560000 11.478689 3.637704 -79.200052 0.800000 0.537456 11.180340 -116.565051 4.093146 172.874984 
22.000000 135.000000 39.083749 1.000000 9.000000 13.770000 0.968782 0.321429 7.830562 1.941319 67.221874 0.750000 0.395443 8.062258 119.744881 2.529822 18.434949 
52.000000 137.000000 95.440352 1.000000 1.000000 0.000000 0.000000 1.000000 1.154701 1.154701 0.000000 1.000000 1.000000 1.414214 135.000000 1.000000 -90.000000 
31.000000 136.000000 80.493730 1.000000 11.000000 9.461000 0.812170 0.733333 5.104959 2.978342 -74.744881 1.000000 0.870328 5.385165 -111.801409 3.000000 0.000000 
40.000000 138.000000 76.614707 1.000000 19.000000 20.899000 0.729568 0.452381 7.634501 5.221297 37.803204 0.655172 0.413117 8.062258 150.255119 5.813777 26.565051 
13.000000 140.000000 49.105601 10.000000 10.000000 13.224000 0.977809 0.357143 8.592229 1.800076 -62.655607 0.833333 0.469187 8.062258 -119.744881 2.236068 -26.565051 
20.000000 138.000000 30.282271 6.000000 1.000000 0.000000 0.000000 1.000000 1.154701 1.154701 0.000000 1.000000 1.000000 1.414214 135.000000 1.000000 -90.000000 
29.000000 139.000000 36.814617 1.000000 8.000000 14.804000 0.966013 0.380952 8.181906 2.114967 -11.794995 0.615385 0.312165 7.280110 -164.054604 2.425356 -75.963757 
35.000000 138.000000 129.423762 1.000000 20.000000 15.250000 0.830382 0.714286 7.240800 4.034536 -78.263356 0.869565 0.743021 7.615773 -113.198591 4.000000 0.000000 
6.000000 139.000000 28.195572 1.000000 1.000000 0.000000 0.000000 1.000000 1.154701 1.154701 0.000000 1.000000 1.000000 1.414214 135.000000 1.000000 -90.000000 
50.000000 142.000000 128.256514 1.000000 20.000000 20.527000 0.857446 0.416667 8.578049 4.414040 59.798877 0.800000 0.448637 8.602325 125.537678 4.949747 45.000000 
37.000000 141.000000 47.865376 5.000000 2.000000 1.960000 0.866025 1.000000 2.309401 1.154701 90.000000 1.000000 0.965669 2.236068 116.565051 1.000000 0.000000 
55.000000 143.000000 206.100564 1.000000 43.000000 28.003000 0.913616 0.551282 12.955270 5.267343 77.092587 0.843137 0.557074 13.601471 107.102729 5.753965 -170.537678 
11.000000 144.000000 52.373837 1.000000 21.000000 22.842000 0.980159 0.381818 12.451959 2.468114 74.618640 0.750000 0.390869 12.083046 114.443955 3.137858 11.309932 
18.000000 143.000000 45.730924 1.000000 4.000000 4.408000 0.870424 0.666667 3.435909 1.691507 -58.282526 1.000000 0.881907 3.605551 -123.690068 2.000000 0.000000 
27.000000 142.000000 29.764677 1.000000 3.000000 3.093000 0.730297 0.750000 2.581989 1.763834 45.000000 1.000000 0.969873 2.828427 135.000000 2.000000 -90.000000 
32.000000 146.000000 48.295240 1.000000 14.000000 16.954000 0.972984 0.350000 10.105514 2.333071 -33.124367 0.736842 0.435649 9.433981 -147.994617 3.050851 -56.309932 
36.000000 146.000000 52.382589 6.000000 8.000000 9.643000 0.915806 0.800000 5.580617 2.241289 2.746162 0.888889 0.615072 5.385165 158.198591 2.000000 -90.000000 
45.000000 144.000000 103.702149 1.000000 31.000000 38.432000 0.796913 0.387500 11.874772 7.173475 -25.533678 0.543860 0.225391 10.816654 -146.309932 7.518604 104.036243 
41.000000 148.000000 38.869136 4.000000 7.000000 8.907000 0.891882 0.437500 5.262655 2.380127 -50.988066 0.777778 0.605948 5.000000 -143.130102 2.828427 -45.000000 
17.000000 149.000000 68.537964 1.000000 56.000000 50.572000 0.976515 0.424242 23.888541 5.146742 83.859180 0.615385 0.243910 22.203603 97.765166 6.000000 0.000000 
38.000000 148.000000 50.558643 2.000000 6.000000 5.905000 0.632456 0.666667 3.333333 2.581989 45.000000 1.000000 0.921279 3.605551 123.690068 2.828427 45.000000 
57.000000 148.000000 216.657195 1.000000 22.000000 19.195000 0.956018 0.488889 10.381476 3.044961 -72.418925 0.846154 0.554113 10.295630 -119.054604 3.638034 -14.036243 
54.000000 151.000000 101.514270 1.000000 2.000000 1.960000 0.866025 1.000000 2.309401 1.154701 90.000000 1.000000 0.965669 2.236068 116.565051 1.000000 0.000000 
30.000000 151.000000 86.067119 1.000000 21.000000 15.366000 0.832961 0.600000 7.354931 4.069716 75.800857 0.875000 0.770423 7.615773 113.198591 4.919350 -153.434949 
36.000000 151.000000 108.036351 1.000000 10.000000 8.998000 0.793574 0.625000 4.864662 2.960022 -37.534291 1.000000 0.852711 5.000000 -143.130102 3.535534 135.000000 
24.000000 152.000000 56.539463 1.000000 4.000000 4.590000 0.731925 0.666667 3.055050 2.081666 90.000000 1.000000 0.840876 3.162278 108.434949 2.000000 0.000000 
41.000000 153.000000 93.414321 1.000000 29.000000 22.098000 0.862385 0.537037 9.438118 4.778072 63.155225 0.783784 0.572062 10.295630 119.054604 5.570860 21.801409 
50.000000 153.000000 157.989432 1.000000 29.000000 23.132000 0.883964 0.414286 9.733271 4.550837 -66.083356 0.783784 0.527921 11.661904 -120.963757 5.656854 -45.000000 
21.000000 157.000000 64.662289 2.000000 37.000000 31.030000 0.942935 0.336364 13.208287 4.398063 51.164667 0.822222 0.398182 13.453624 131.987212 4.949747 45.000000 
45.000000 154.000000 67.974531 1.000000 14.000000 20.717000 0.578387 0.400000 6.295765 5.135849 4.963123 0.666667 0.309064 7.071068 171.869898 4.919350 63.434949 
31.000000 157.000000 42.311177 12.000000 3.000000 3.920000 0.942809 1.000000 3.464102 1.154701 90.000000 1.000000 0.756007 3.162278 108.434949 1.000000 0.000000 
48.000000 157.000000 106.278752 3.000000 12.000000 10.032000 0.746796 0.600000 4.996019 3.322619 36.650378 1.000000 0.868926 5.385165 158.198591 3.535534 45.000000 
59.000000 156.000000 51.999065 10.000000 5.000000 6.277000 0.847117 0.555556 4.006661 2.129163 -45.000000 0.833333 0.708285 4.242641 -135.000000 2.683282 -63.434949 
34.000000 158.000000 79.505747 1.000000 11.000000 11.140000 0.898926 0.611111 6.106873 2.675424 -84.690172 0.916667 0.677718 6.082763 99.462322 3.000000 0.000000 
57.000000 157.000000 73.095768 1.000000 10.000000 13.588000 0.898438 0.555556 6.897391 3.028641 0.238727 0.714286 0.448993 6.324555 161.565051 3.000000 -90.000000 
11.000000 160.000000 47.125901 1.000000 22.000000 23.942000 0.981064 0.611111 13.132457 2.543562 89.360950 0.785714 0.376895 12.165525 99.462322 3.000000 0.000000 
30.000000 160.000000 45.037206 1.000000 13.000000 12.736000 0.853895 0.541667 6.320000 3.289215 71.863068 0.866667 0.648013 6.324555 108.434949 4.000000 0.000000 
52.000000 160.000000 137.834938 1.000000 24.000000 18.732000 0.916029 0.666667 9.356951 3.753180 -83.310274 0.888889 0.630349 9.219544 -102.528808 4.000000 0.000000 
40.000000 161.000000 98.492798 1.000000 17.000000 20.783000 0.886667 0.404762 9.632234 4.454020 -48.443839 0.629630 0.373224 8.602325 -125.537678 4.949747 -45.000000 
45.000000 161.000000 113.711450 1.000000 23.000000 15.639000 0.810036 0.657143 7.263609 4.259232 17.914317 0.958333 0.819444 7.615773 156.801409 4.743416 -108.434949 
38.000000 165.000000 98.912467 2.000000 18.000000 16.284000 0.841306 0.514286 7.407970 4.004443 -39.873638 0.818182 0.599424 8.062258 -150.255119 4.949747 -45.000000 
57.000000 162.000000 64.749887 11.000000 7.000000 10.032000 0.936390 0.350000 6.008153 2.108630 -55.900705 0.777778 0.506873 5.830952 -120.963757 2.683282 153.434949 
26.000000 166.000000 66.688524 5.000000 29.000000 22.743000 0.951664 0.659091 11.740137 3.605872 9.443913 0.878788 0.543908 11.401754 164.744881 4.000000 -90.000000 
14.000000 164.000000 40.847434 1.000000 16.000000 22.677000 0.972925 0.266667 12.337861 2.851553 60.407291 0.615385 0.301623 11.180340 116.565051 3.577709 -153.434949 
49.000000 164.000000 73.402514 1.000000 16.000000 20.990000 0.775647 0.457143 7.301101 4.608209 -88.100390 0.695652 0.345269 7.280110 105.945396 5.000000 0.000000 
55.000000 165.000000 65.919471 1.000000 11.000000 13.497000 0.876569 0.458333 6.455605 3.106926 -69.006394 0.846154 0.499309 6.708204 -116.565051 3.577709 -26.565051 
19.000000 168.000000 51.400073 1.000000 18.000000 16.747000 0.946910 0.562500 9.030309 2.903245 75.540352 0.857143 0.571840 8.944272 116.565051 3.333974 -168.690068 
52.000000 168.000000 198.962351 1.000000 1.000000 0.000000 0.000000 1.000000 1.154701 1.154701 0.000000 1.000000 1.000000 1.414214 135.000000 1.000000 -90.000000 
29.000000 171.000000 110.694457 1.000000 19.000000 16.747000 0.731213 0.542857 7.597087 5.182350 61.342891 0.791667 0.603609 8.062258 119.744881 5.000000 0.000000 
35.000000 169.000000 137.941682 1.000000 25.000000 16.954000 0.782595 0.714286 7.402642 4.608380 67.716323 0.961538 0.777944 7.810250 129.805571 5.000000 0.000000 
44.000000 169.000000 200.870663 1.000000 54.000000 26.597000 0.760511 0.613636 11.611095 7.539381 87.877335 0.818182 0.767296 11.401754 -105.255119 8.000000 0.000000 
56.000000 169.000000 83.389527 1.000000 13.000000 13.563000 0.935656 0.619048 7.443819 2.627014 -82.303788 0.928571 0.585439 7.280110 -105.945396 3.000000 0.000000 
60.000000 173.000000 47.137793 1.000000 6.000000 6.368000 0.384900 0.666667 3.464102 3.197221 90.000000 0.857143 0.833753 3.605551 123.690068 3.000000 -90.000000 
14.000000 175.000000 75.276717 1.000000 12.000000 16.590000 0.965345 0.285714 9.856989 2.572461 40.765907 0.666667 0.387317 9.219544 139.398705 3.200922 50.194429 
38.000000 175.000000 131.109163 1.000000 34.000000 22.396000 0.830370 0.566667 9.457417 5.269786 -8.347159 0.871795 0.655132 10.198039 -168.690068 6.000000 -90.000000 
46.000000 176.000000 222.086839 1.000000 1.000000 0.000000 0.000000 1.000000 1.154701 1.154701 0.000000 1.000000 1.000000 1.414214 135.000000 1.000000 -90.000000 
56.000000 175.000000 100.085854 2.000000 13.000000 10.106000 0.787291 0.866667 5.330127 3.286455 90.000000 1.000000 0.930849 5.385165 111.801409 3.000000 0.000000 
28.000000 176.000000 105.515282 1.000000 26.000000 28.946000 0.764855 0.406250 9.704848 6.251891 -52.621083 0.634146 0.317328 10.000000 -143.130102 6.859943 149.036243 
50.000000 181.000000 119.712445 1.000000 45.000000 35.050000 0.851389 0.375000 13.289789 6.970965 34.614785 0.681818 0.387692 12.529964 151.389540 7.778175 45.000000 
58.000000 179.000000 32.972199 3.000000 1.000000 0.000000 0.000000 1.000000 1.154701 1.154701 0.000000 1.000000 1.000000 1.414214 135.000000 1.000000 -90.000000 
35.000000 180.000000 118.455124 1.000000 29.000000 21.751000 0.768721 0.460317 8.788210 5.620798 -87.824461 0.805556 0.588122 9.219544 102.528808 6.708204 26.565051 
24.000000 180.000000 74.395057 1.000000 34.000000 26.597000 0.901966 0.515152 11.388892 4.917797 -73.348812 0.772727 0.483112 11.401754 -105.255119 6.000000 0.000000 
60.000000 183.000000 116.048954 3.000000 9.000000 8.146000 0.536748 0.750000 3.954101 3.336243 7.627559 1.000000 0.887666 4.472136 153.434949 3.000000 -90.000000 
16.000000 182.000000 44.855038 1.000000 13.000000 17.508000 0.933221 0.371429 9.000708 3.233985 63.188918 0.684211 0.383116 8.062258 119.744881 3.577709 26.565051 
55.000000 185.000000 186.364405 1.000000 25.000000 17.624000 0.836450 0.625000 7.986809 4.377117 70.013055 0.925926 0.728553 8.544004 110.556045 5.000000 0.000000 
18.000000 184.000000 48.774051 1.000000 11.000000 11.512000 0.795797 0.550000 5.334901 3.230620 37.777982 0.846154 0.643746 6.403124 141.340192 3.794733 71.565051 
23.000000 185.000000 48.953890 1.000000 21.000000 22.933000 0.945748 0.333333 11.201598 3.639408 -62.723622 0.677419 0.388145 11.401754 -127.874984 4.649906 -35.537678 
41.000000 185.000000 170.677960 2.000000 48.000000 47.678000 0.575629 0.436364 11.653538 9.529226 57.254176 0.631579 0.233555 11.401754 127.874984 9.899495 45.000000 
58.000000 188.000000 106.830723 2.000000 16.000000 19.584000 0.671414 0.457143 6.723942 4.982998 37.172109 0.695652 0.389313 7.280110 164.054604 5.000000 -90.000000 
11.000000 188.000000 38.613177 1.000000 12.000000 12.736000 0.942204 0.571429 7.425861 2.487955 75.321123 0.857143 0.598166 7.280110 105.945396 2.910428 14.036243 
33.000000 187.000000 76.674152 1.000000 30.000000 22.445000 0.901433 0.555556 10.725820 4.643408 65.981458 0.789474 0.575846 10.295630 119.054604 5.578319 -165.963757 
18.000000 191.000000 56.489736 4.000000 12.000000 10.958000 0.870719 0.666667 5.853881 2.878825 17.184850 0.923077 0.758539 6.324555 161.565051 3.000000 -90.000000 
27.000000 190.000000 78.152705 2.000000 10.000000 8.998000 0.773102 0.666667 4.712847 2.989271 82.311874 0.909091 0.852711 5.099020 101.309932 3.000000 0.000000 
24.000000 191.000000 42.972258 1.000000 4.000000 4.590000 0.731925 0.666667 3.055050 2.081666 90.000000 1.000000 0.840876 3.162278 108.434949 2.000000 0.000000 
39.000000 193.000000 177.701730 4.000000 28.000000 21.726000 0.872721 0.622222 9.322561 4.551452 -22.381337 0.823529 0.568984 10.295630 -150.945396 5.000000 -90.000000 
48.000000 190.000000 210.697164 1.000000 46.000000 24.546000 0.679070 0.730159 9.261793 6.798840 10.695289 0.901961 0.754045 9.848858 156.037511 7.000000 -90.000000 
55.000000 191.000000 129.490437 2.000000 23.000000 22.098000 0.916769 0.469388 9.932543 3.967245 -50.105689 0.793103 0.453704 9.899495 -135.000000 4.714952 -33.690068 
60.000000 193.000000 88.826009 1.000000 7.000000 8.237000 0.741154 0.583333 4.300534 2.887099 22.500000 0.875000 0.679408 4.472136 153.434949 3.000000 -90.000000 
10.000000 193.000000 32.487238 2.000000 2.000000 1.960000 0.866025 1.000000 2.309401 1.154701 90.000000 1.000000 0.965669 2.236068 116.565051 1.000000 0.000000 
27.000000 196.000000 42.014624 4.000000 18.000000 21.734000 0.965715 0.400000 10.908381 2.831886 -22.373799 0.818182 0.365540 10.295630 -150.945396 3.478505 108.434949 
16.000000 195.000000 56.513259 3.000000 13.000000 12.918000 0.924616 0.619048 7.183698 2.736271 13.392498 0.928571 0.633409 7.280110 164.054604 3.000000 -90.000000 
43.000000 195.000000 72.324892 1.000000 15.000000 16.499000 0.849000 0.500000 7.141718 3.773633 31.915727 0.750000 0.488643 7.211103 146.309932 4.600000 -126.869898 
21.000000 196.000000 33.060991 10.000000 7.000000 12.844000 0.982270 0.233333 8.103389 1.519170 -52.161360 0.875000 0.344231 7.810250 -129.805571 2.121320 -45.000000 
54.000000 196.000000 150.638692 1.000000 22.000000 15.639000 0.700987 0.733333 6.591324 4.700760 49.454026 0.916667 0.783816 7.211103 123.690068 5.000000 0.000000 
47.000000 197.000000 251.609209 1.000000 19.000000 16.499000 0.747163 0.527778 6.663009 4.428510 48.905656 0.826087 0.618948 7.211103 123.690068 4.949747 -135.000000 
59.000000 197.000000 122.354275 1.000000 22.000000 15.250000 0.684284 0.733333 6.533099 4.764035 7.673276 0.916667 0.817323 7.071068 135.000000 4.902903 78.690068 
37.000000 199.000000 67.261703 1.000000 15.000000 16.474000 0.968735 0.468750 9.689350 2.403895 14.482385 0.750000 0.489890 8.944272 153.434949 2.910428 -104.036243 
8.000000 199.000000 36.985760 3.000000 6.000000 5.516000 0.745356 1.000000 3.464102 2.309401 90.000000 1.000000 1.000000 3.605551 123.690068 2.000000 0.000000 
11.000000 200.000000 41.062061 1.000000 11.000000 12.000000 0.899723 0.611111 6.599912 2.880609 -79.218993 0.846154 0.602920 6.324555 -108.434949 3.000000 0.000000 
51.000000 202.000000 134.889703 2.000000 30.000000 26.134000 0.827924 0.555556 9.472661 5.312650 10.147189 0.750000 0.439865 9.486833 161.565051 6.000000 -90.000000 
56.000000 200.000000 45.562875 1.000000 7.000000 7.683000 0.597259 0.777778 3.733974 2.994829 -33.400705 0.875000 0.750732 4.242641 -135.000000 3.000000 -90.000000 
60.000000 204.000000 238.842938 1.000000 24.000000 20.022000 0.937956 0.666667 10.066900 3.490746 -5.096541 0.827586 0.562094 9.486833 -161.565051 4.000000 -90.000000 
27.000000 203.000000 35.589469 2.000000 9.000000 9.370000 0.924724 0.600000 5.837408 2.221940 24.699353 0.900000 0.722482 5.830952 149.036243 2.683282 63.434949 
32.000000 202.000000 47.803347 10.000000 9.000000 11.438000 0.969266 0.360000 7.393691 1.818967 -45.000000 1.000000 0.532061 7.071068 -135.000000 2.121320 -45.000000 
44.000000 204.000000 141.918055 1.000000 43.000000 30.062000 0.900438 0.558442 12.553731 5.460680 -17.748090 0.741379 0.490126 12.529964 -151.389540 6.505382 -81.869898 
54.000000 206.000000 89.275868 1.000000 27.000000 25.208000 0.852693 0.450000 10.646206 5.561713 -88.901047 0.692308 0.422163 10.198039 101.309932 5.742439 173.659808 
36.000000 206.000000 43.056072 10.000000 5.000000 10.214000 0.980420 0.250000 7.370232 1.451328 -50.654966 0.714286 0.352252 6.403124 -128.659808 2.000000 143.130102 
23.000000 207.000000 30.261232 8.000000 3.000000 4.590000 0.928995 0.500000 3.854129 1.426385 61.845034 0.750000 0.630657 3.605551 123.690068 1.788854 -153.434949 
17.000000 208.000000 27.988845 8.000000 1.000000 0.000000 0.000000 1.000000 1.154701 1.154701 0.000000 1.000000 1.000000 1.414214 135.000000 1.000000 -90.000000 
24.000000 212.000000 32.148386 7.000000 4.000000 6.368000 0.958153 0.500000 4.964579 1.421135 -22.500000 0.800000 0.555835 4.472136 -153.434949 1.788854 -63.434949 
41.000000 211.000000 49.038136 1.000000 28.000000 26.663000 0.958543 0.466667 13.176157 3.754513 -85.969677 0.717949 0.396097 12.165525 -99.462322 5.000000 0.000000 
15.000000 214.000000 58.743312 3.000000 17.000000 19.865000 0.978625 0.303571 12.178305 2.504499 -52.592303 0.680000 0.403603 10.630146 -131.185925 3.585033 140.194429 
60.000000 212.000000 103.937331 1.000000 13.000000 16.838000 0.935127 0.541667 8.386548 2.971451 -8.687535 0.812500 0.409242 8.062258 172.874984 3.000000 -90.000000 
30.000000 213.000000 38.282988 1.000000 10.000000 11.140000 0.917379 0.555556 6.181677 2.460393 -74.420348 0.833333 0.616108 6.324555 -108.434949 3.000000 0.000000 
52.000000 215.000000 84.193507 5.000000 53.000000 30.087000 0.920176 0.441667 14.077331 5.511361 -30.949341 0.803030 0.603201 13.453624 -138.012788 6.465987 -57.994617 
34.000000 215.000000 31.521735 8.000000 10.000000 17.897000 0.952292 0.285714 9.163298 2.796542 -60.492202 0.588235 0.283907 8.062258 -119.744881 3.577709 153.434949 
43.000000 216.000000 41.712082 4.000000 10.000000 12.364000 0.635920 0.500000 5.013551 3.869234 -14.089295 0.714286 0.522677 5.385165 158.198591 4.000000 -90.000000 
12.000000 219.000000 60.342324 1.000000 24.000000 21.916000 0.964793 0.436364 11.909161 3.132217 74.074621 0.774194 0.480333 11.401754 105.255119 3.880570 14.036243 
22.000000 218.000000 37.670903 1.000000 13.000000 17.235000 0.971408 0.325000 9.829968 2.333814 -67.710333 0.812500 0.393450 9.433981 -122.005383 3.130495 -26.565051 
40.000000 218.000000 28.052358 1.000000 1.000000 0.000000 0.000000 1.000000 1.154701 1.154701 0.000000 1.000000 1.000000 1.414214 135.000000 1.000000 -90.000000 
50.000000 219.000000 36.256827 8.000000 7.000000 10.404000 0.956720 0.350000 6.587829 1.917116 -58.703788 0.777778 0.479415 6.403124 -128.659808 2.496151 146.309932 
19.000000 221.000000 43.425435 4.000000 12.000000 12.918000 0.864778 0.666667 6.409728 3.218669 -4.577874 0.800000 0.584685 6.708204 -153.434949 3.000000 -90.000000 
27.000000 223.000000 35.737232 2.000000 2.000000 1.960000 0.866025 1.000000 2.309401 1.154701 90.000000 1.000000 0.965669 2.236068 116.565051 1.000000 0.000000 
44.000000 223.000000 30.400062 2.000000 2.000000 1.960000 0.866025 1.000000 2.309401 1.154701 90.000000 1.000000 0.965669 2.236068 116.565051 1.000000 0.000000 
55.000000 223.000000 52.938931 6.000000 30.000000 23.438000 0.820544 0.555556 9.728495 5.560650 -10.529658 0.731707 0.533623 9.219544 167.471192 6.000000 -90.000000 
10.000000 225.000000 75.014598 1.000000 29.000000 23.413000 0.937212 0.659091 11.376369 3.967610 -85.387068 0.878788 0.516807 11.180340 -100.304846 4.000000 0.000000 
22.000000 224.000000 74.182579 1.000000 9.000000 10.288000 0.942932 0.750000 6.161450 2.051676 79.721977 0.900000 0.627085 6.324555 108.434949 2.000000 0.000000 
41.000000 227.000000 36.730072 7.000000 5.000000 9.362000 0.815553 0.416667 4.805552 2.780887 0.000000 0.625000 0.401893 4.472136 153.434949 3.000000 -90.000000 
17.000000 226.000000 92.615201 1.000000 17.000000 13.960000 0.806986 0.708333 6.502722 3.840320 74.913240 0.850000 0.730442 6.708204 116.565051 4.000000 0.000000 
28.000000 226.000000 56.002322 1.000000 10.000000 10.958000 0.912779 0.555556 6.313251 2.578668 -73.997308 0.909091 0.632116 6.324555 -108.434949 2.910428 -14.036243 
51.000000 227.000000 44.018931 1.000000 22.000000 22.098000 0.970461 0.500000 11.676903 2.817166 -76.097373 0.785714 0.433978 11.401754 -105.255119 3.395499 -14.036243 
15.000000 229.000000 45.953516 1.000000 8.000000 10.685000 0.957107 0.400000 7.036364 2.038689 -37.981878 0.800000 0.525859 6.403124 -141.340192 2.773501 -56.309932 
19.000000 228.000000 40.696103 2.000000 4.000000 6.550000 0.946293 0.500000 4.820546 1.558527 17.608796 0.800000 0.535155 4.472136 153.434949 1.897367 -108.434949 
32.000000 228.000000 66.953897 1.000000 17.000000 16.193000 0.920316 0.531250 8.205271 3.209694 -78.634441 0.850000 0.571464 8.544004 -110.556045 3.535534 171.869898 
59.000000 232.000000 71.795492 1.000000 17.000000 20.138000 0.973821 0.425000 10.970459 2.493755 -11.628491 0.708333 0.394192 10.198039 -168.690068 3.123581 99.462322 
27.000000 230.000000 49.816548 2.000000 9.000000 8.816000 0.822473 0.600000 4.848301 2.757733 76.717474 0.900000 0.790979 5.099020 101.309932 3.000000 0.000000 
40.000000 230.000000 42.773358 7.000000 7.000000 9.643000 0.696973 0.583333 4.360321 3.126774 4.065051 0.777778 0.538188 4.472136 -153.434949 3.000000 -90.000000 
46.000000 232.000000 66.999072 1.000000 1.000000 0.000000 0.000000 1.000000 1.154701 1.154701 0.000000 1.000000 1.000000 1.414214 135.000000 1.000000 -90.000000 
21.000000 232.000000 103.229580 1.000000 37.000000 24.538000 0.895530 0.560606 10.872851 4.838442 89.357208 0.822222 0.606865 11.045361 95.194429 6.000000 0.000000 
13.000000 234.000000 56.526628 1.000000 19.000000 18.798000 0.960972 0.633333 10.100854 2.794351 81.549696 0.904762 0.496028 10.198039 101.309932 3.000000 0.000000 
36.000000 235.000000 77.713016 1.000000 59.000000 49.017000 0.991858 0.491667 26.209028 3.337650 -81.582554 0.766234 0.272527 24.331050 -99.462322 4.274374 -9.462322 
57.000000 236.000000 34.022962 11.000000 3.000000 4.590000 0.928995 0.500000 3.854129 1.426385 -61.845034 1.000000 0.630657 3.605551 -123.690068 1.788854 -26.565051 
60.000000 237.000000 42.687368 1.000000 5.000000 4.962000 0.765092 0.833333 3.306559 2.129163 71.565051 1.000000 0.956808 3.605551 123.690068 2.000000 0.000000 
