241
33.000000 115.000000 13.749152 1.000000 10469.000000 591.556000 0.959682 0.681576 275.935705 77.561782 0.487174 0.681576 0.371983 248.386795 165.068583 64.000000 -90.000000 
30.000000 4.000000 38.900327 2.000000 2.000000 1.960000 0.866025 1.000000 2.309401 1.154701 90.000000 1.000000 0.965669 2.236068 116.565051 1.000000 0.000000 
13.000000 6.000000 93.990102 1.000000 68.000000 39.010000 0.969013 0.715789 19.328694 4.774400 -86.097475 0.871795 0.480940 19.416488 -101.888658 5.000000 0.000000 
25.000000 5.000000 41.341976 2.000000 6.000000 9.800000 0.986013 1.000000 6.928203 1.154701 90.000000 1.000000 0.450179 6.082763 99.462322 1.000000 0.000000 
44.000000 9.000000 49.391821 1.000000 43.000000 42.468000 0.986309 0.210784 21.948410 3.619468 60.739709 0.641791 0.259756 19.235384 117.897271 4.944184 28.300756 
4.000000 7.000000 45.964797 2.000000 2.000000 1.960000 0.866025 1.000000 2.309401 1.154701 0.000000 1.000000 0.965669 2.236068 153.434949 1.000000 -90.000000 
54.000000 8.000000 40.908435 3.000000 1.000000 0.000000 0.000000 1.000000 1.154701 1.154701 0.000000 1.000000 1.000000 1.414214 135.000000 1.000000 -90.000000 
13.000000 12.000000 63.061452 1.000000 12.000000 10.867000 0.614008 0.600000 4.817482 3.802438 -81.127664 0.923077 0.768426 5.385165 -111.801409 4.000000 0.000000 
7.000000 13.000000 112.053515 1.000000 25.000000 16.375000 0.836778 0.781250 7.844195 4.295029 -86.175682 1.000000 0.824787 8.246211 -104.036243 4.000000 0.000000 
49.000000 14.000000 56.601285 1.000000 30.000000 33.982000 0.985528 0.312500 17.954963 3.043643 72.177651 0.681818 0.273546 16.763055 107.354025 4.110961 -161.565051 
28.000000 15.000000 67.361639 1.000000 67.000000 41.938000 0.968737 0.558333 21.355838 5.298157 -89.000184 0.744444 0.414309 20.099751 -95.710593 6.000000 0.000000 
4.000000 15.000000 112.391852 2.000000 3.000000 3.093000 0.730297 0.750000 2.581989 1.763834 -45.000000 1.000000 0.969873 2.828427 -135.000000 2.000000 -90.000000 
13.000000 16.000000 63.783261 8.000000 14.000000 14.440000 0.938245 0.388889 8.125799 2.811291 -45.281642 0.823529 0.569143 7.810250 -140.194429 3.535534 -45.000000 
58.000000 13.000000 53.281444 9.000000 7.000000 10.032000 0.831801 0.437500 4.950196 2.747723 -52.821123 0.777778 0.506873 5.000000 -143.130102 3.050851 146.309932 
58.000000 18.000000 52.944770 1.000000 14.000000 13.472000 0.928541 0.666667 7.372858 2.737024 -88.202495 0.875000 0.637398 7.280110 -105.945396 3.000000 0.000000 
46.000000 20.000000 37.883658 2.000000 1.000000 0.000000 0.000000 1.000000 1.154701 1.154701 0.000000 1.000000 1.000000 1.414214 135.000000 1.000000 -90.000000 
7.000000 22.000000 89.211221 1.000000 17.000000 14.696000 0.907970 0.607143 7.642281 3.202389 77.483593 0.894737 0.671408 7.615773 113.198591 3.638034 14.036243 
12.000000 21.000000 48.304322 2.000000 4.000000 3.556000 0.000000 1.000000 2.309401 2.309401 0.000000 1.000000 1.000000 2.828427 135.000000 2.000000 -90.000000 
19.000000 22.000000 73.957444 1.000000 13.000000 12.273000 0.901459 0.541667 6.659257 2.882556 66.541878 0.866667 0.687526 6.708204 116.565051 3.478505 18.434949 
37.000000 22.000000 33.476854 10.000000 1.000000 0.000000 0.000000 1.000000 1.154701 1.154701 0.000000 1.000000 1.000000 1.414214 135.000000 1.000000 -90.000000 
54.000000 23.000000 60.466257 1.000000 13.000000 13.497000 0.788123 0.541667 6.123770 3.769288 81.003456 0.866667 0.590092 6.324555 108.434949 4.000000 0.000000 
11.000000 24.000000 49.575381 11.000000 8.000000 8.907000 0.612372 0.666667 4.163332 3.291403 -11.309932 0.888889 0.692512 4.472136 -153.434949 3.000000 -90.000000 
14.000000 25.000000 115.273443 1.000000 17.000000 15.846000 0.873049 0.607143 7.326710 3.572748 73.800080 0.894737 0.592542 7.615773 113.198591 4.000000 0.000000 
38.000000 25.000000 36.404512 8.000000 2.000000 1.960000 0.866025 1.000000 2.309401 1.154701 0.000000 1.000000 0.965669 2.236068 153.434949 1.000000 -90.000000 
49.000000 24.000000 81.992369 1.000000 18.000000 15.548000 0.860344 0.642857 7.190476 3.665087 86.442077 0.818182 0.647564 7.280110 -105.945396 4.000000 0.000000 
43.000000 26.000000 66.161063 1.000000 1.000000 0.000000 0.000000 1.000000 1.154701 1.154701 0.000000 1.000000 1.000000 1.414214 135.000000 1.000000 -90.000000 
7.000000 26.000000 46.434693 1.000000 4.000000 5.053000 0.866025 0.666667 3.651484 1.825742 71.565051 0.800000 0.748540 3.605551 123.690068 2.000000 0.000000 
24.000000 27.000000 63.104626 1.000000 37.000000 28.466000 0.948654 0.569231 13.757317 4.351651 -83.516836 0.770833 0.465403 13.341664 -102.994617 5.000000 0.000000 
53.000000 29.000000 42.100982 1.000000 13.000000 18.823000 0.977992 0.361111 10.649952 2.222047 -16.082195 0.684211 0.338616 9.848858 -156.037511 2.667892 -75.963757 
32.000000 27.000000 48.931684 1.000000 9.000000 10.842000 0.952175 0.750000 6.686870 2.043198 -82.372441 0.900000 0.578382 6.324555 -108.434949 2.000000 0.000000 
13.000000 32.000000 58.674348 1.000000 27.000000 24.546000 0.934696 0.490909 12.240802 4.350969 -83.340686 0.658537 0.442592 11.180340 100.304846 4.858987 173.659808 
6.000000 33.000000 47.049481 1.000000 4.000000 3.556000 0.000000 1.000000 2.309401 2.309401 0.000000 1.000000 1.000000 2.828427 135.000000 2.000000 -90.000000 
33.000000 33.000000 44.847947 1.000000 8.000000 10.958000 0.939297 0.444444 6.666005 2.287146 71.126597 0.800000 0.505693 6.324555 108.434949 2.667892 14.036243 
52.000000 33.000000 43.219119 1.000000 14.000000 21.155000 0.951421 0.311111 10.856383 3.342597 -67.003982 0.538462 0.298021 9.848858 -113.962489 4.427189 -18.434949 
8.000000 34.000000 45.919911 12.000000 3.000000 3.920000 0.942809 1.000000 3.464102 1.154701 90.000000 1.000000 0.756007 3.162278 108.434949 1.000000 0.000000 
29.000000 35.000000 56.705042 1.000000 20.000000 15.523000 0.911487 0.833333 8.150320 3.352454 87.171562 1.000000 0.721444 8.246211 104.036243 3.000000 0.000000 
11.000000 42.000000 96.644673 1.000000 56.000000 40.582000 0.984026 0.274510 21.057180 3.748689 58.879667 0.861538 0.368100 20.808652 125.217593 4.662172 -150.945396 
6.000000 38.000000 37.648319 1.000000 4.000000 6.550000 0.946293 0.500000 4.820546 1.558527 72.391204 0.800000 0.535155 4.472136 116.565051 1.897367 -161.565051 
47.000000 40.000000 40.076774 8.000000 2.000000 1.960000 0.866025 1.000000 2.309401 1.154701 0.000000 1.000000 0.965669 2.236068 153.434949 1.000000 -90.000000 
56.000000 38.000000 36.590855 8.000000 1.000000 0.000000 0.000000 1.000000 1.154701 1.154701 0.000000 1.000000 1.000000 1.414214 135.000000 1.000000 -90.000000 
30.000000 41.000000 48.265691 1.000000 20.000000 27.904000 0.966322 0.384615 13.139050 3.381129 82.787056 0.571429 0.260759 13.038405 94.398705 4.000000 0.000000 
49.000000 40.000000 33.439796 5.000000 1.000000 0.000000 0.000000 1.000000 1.154701 1.154701 0.000000 1.000000 1.000000 1.414214 135.000000 1.000000 -90.000000 
48.000000 43.000000 40.006965 6.000000 2.000000 1.960000 0.866025 1.000000 2.309401 1.154701 0.000000 1.000000 0.965669 2.236068 153.434949 1.000000 -90.000000 
57.000000 44.000000 54.359336 1.000000 15.000000 20.047000 0.884241 0.357143 9.205186 4.299108 54.586979 0.600000 0.350552 8.602325 125.537678 4.685213 -141.340192 
36.000000 45.000000 34.045712 6.000000 1.000000 0.000000 0.000000 1.000000 1.154701 1.154701 0.000000 1.000000 1.000000 1.414214 135.000000 1.000000 -90.000000 
12.000000 48.000000 78.079460 2.000000 8.000000 8.998000 0.580609 0.500000 4.205954 3.424415 -61.511934 0.800000 0.682168 4.472136 -153.434949 3.794733 -18.434949 
24.000000 48.000000 49.892587 1.000000 19.000000 24.240000 0.968950 0.527778 11.786716 2.914352 -82.476602 0.730769 0.318454 12.041595 94.763642 3.000000 0.000000 
55.000000 48.000000 51.626222 1.000000 10.000000 10.586000 0.767989 0.500000 5.192840 3.325820 -11.864196 0.769231 0.666839 5.385165 -158.198591 3.794733 108.434949 
41.000000 50.000000 47.191873 1.000000 33.000000 37.050000 0.987220 0.458333 20.812766 3.316835 -86.756797 0.589286 0.256716 18.248288 -99.462322 3.805075 -3.576334 
59.000000 50.000000 64.484058 1.000000 14.000000 15.457000 0.889999 0.583333 7.207508 3.286355 72.019741 0.700000 0.508602 7.211103 123.690068 3.726207 11.309932 
16.000000 50.000000 94.045207 1.000000 19.000000 15.548000 0.868867 0.678571 7.533143 3.729254 -88.992105 0.904762 0.683540 7.280110 105.945396 4.000000 0.000000 
9.000000 51.000000 71.094358 1.000000 21.000000 17.326000 0.898833 0.656250 8.347471 3.658618 82.032374 0.840000 0.629935 8.246211 -104.036243 4.000000 0.000000 
26.000000 53.000000 57.246399 1.000000 26.000000 26.208000 0.981183 0.400000 14.090937 2.720681 -76.430339 0.764706 0.379297 13.601471 -107.102729 3.333974 -11.309932 
14.000000 56.000000 51.186575 3.000000 14.000000 12.827000 0.845544 0.583333 6.429101 3.432537 -3.012788 0.875000 0.689929 6.324555 161.565051 4.000000 -90.000000 
54.000000 53.000000 50.793202 2.000000 8.000000 8.998000 0.878706 0.500000 5.216802 2.490309 46.022704 0.888889 0.682168 5.000000 126.869898 2.828427 45.000000 
38.000000 57.000000 65.781446 1.000000 21.000000 15.275000 0.872041 0.600000 7.722512 3.779645 18.434949 0.913043 0.778056 7.615773 156.801409 4.365641 -104.036243 
56.000000 56.000000 46.546740 2.000000 10.000000 10.776000 0.926796 0.555556 6.384184 2.397679 -18.225462 0.833333 0.648756 6.324555 -161.565051 2.846050 -71.565051 
59.000000 56.000000 44.189298 2.000000 5.000000 7.865000 0.481128 0.555556 3.516307 3.082572 -31.717474 0.833333 0.518650 3.605551 146.309932 3.000000 -90.000000 
8.000000 58.000000 98.702458 1.000000 19.000000 16.011000 0.928018 0.593750 8.421318 3.137237 -75.024417 0.904762 0.650891 8.544004 -110.556045 3.794733 161.565051 
32.000000 60.000000 48.562190 1.000000 15.000000 16.011000 0.926675 0.625000 8.155638 3.065400 80.782526 0.833333 0.513861 8.062258 97.125016 3.000000 0.000000 
60.000000 61.000000 64.600306 7.000000 18.000000 16.747000 0.930624 0.562500 8.821757 3.228547 -18.674235 0.818182 0.571840 8.944272 -153.434949 4.000000 -90.000000 
12.000000 62.000000 64.016770 1.000000 16.000000 15.548000 0.922631 0.571429 7.895072 3.044998 17.874753 0.842105 0.575612 8.062258 150.255119 3.794733 -108.434949 
38.000000 62.000000 49.422572 6.000000 11.000000 9.643000 0.581075 0.687500 4.425073 3.601347 53.130102 1.000000 0.845724 5.000000 126.869898 4.000000 -90.000000 
47.000000 64.000000 46.669500 1.000000 26.000000 26.456000 0.983602 0.619048 14.249363 2.569937 -81.595826 0.866667 0.372967 14.317821 -102.094757 3.000000 0.000000 
37.000000 65.000000 42.031535 4.000000 6.000000 5.905000 0.632456 0.666667 3.333333 2.581989 -45.000000 1.000000 0.921279 3.605551 -146.309932 2.828427 -45.000000 
7.000000 67.000000 39.885926 1.000000 4.000000 6.368000 0.958153 0.500000 4.964579 1.421135 67.500000 0.800000 0.555835 4.472136 116.565051 1.788854 26.565051 
35.000000 67.000000 36.597978 1.000000 2.000000 1.960000 0.866025 1.000000 2.309401 1.154701 90.000000 1.000000 0.965669 2.236068 116.565051 1.000000 0.000000 
13.000000 71.000000 90.706948 1.000000 5.000000 5.624000 0.000000 0.555556 2.780887 2.780887 0.000000 1.000000 0.817744 3.162278 108.434949 2.828427 -45.000000 
56.000000 70.000000 36.269748 1.000000 1.000000 0.000000 0.000000 1.000000 1.154701 1.154701 0.000000 1.000000 1.000000 1.414214 135.000000 1.000000 -90.000000 
33.000000 73.000000 56.747253 1.000000 20.000000 16.474000 0.934604 0.625000 9.118509 3.243370 -78.730119 0.869565 0.653186 8.544004 -110.556045 3.616778 -9.462322 
43.000000 72.000000 69.057353 1.000000 34.000000 29.549000 0.979938 0.566667 15.605326 3.110198 78.907231 0.871795 0.399800 15.524175 104.931417 3.880570 14.036243 
53.000000 71.000000 33.796538 1.000000 1.000000 0.000000 0.000000 1.000000 1.154701 1.154701 0.000000 1.000000 1.000000 1.414214 135.000000 1.000000 -90.000000 
8.000000 72.000000 87.907085 1.000000 24.000000 17.855000 0.939419 0.888889 9.685618 3.319961 88.442076 1.000000 0.684106 9.219544 102.528808 3.000000 0.000000 
15.000000 74.000000 115.976848 1.000000 15.000000 12.182000 0.726440 0.600000 5.635346 3.872780 -41.588269 0.937500 0.802749 5.830952 -149.036243 4.242641 -45.000000 
23.000000 75.000000 86.789264 1.000000 21.000000 24.157000 0.967615 0.477273 13.340071 3.367427 -86.811993 0.617647 0.354119 11.401754 -105.255119 3.781141 -5.710593 
36.000000 75.000000 54.432983 1.000000 4.000000 5.814000 0.774597 0.444444 3.651484 2.309401 45.000000 0.800000 0.626731 3.605551 123.690068 2.683282 -153.434949 
13.000000 77.000000 59.703919 2.000000 10.000000 10.404000 0.808256 0.666667 5.212217 3.069114 77.179497 0.909091 0.684879 5.385165 111.801409 3.000000 0.000000 
43.000000 78.000000 53.180716 1.000000 25.000000 23.206000 0.961038 0.520833 12.242689 3.384085 82.233974 0.781250 0.452551 12.165525 99.462322 3.845077 7.125016 
58.000000 80.000000 38.150234 5.000000 13.000000 15.548000 0.944006 0.541667 8.151097 2.689276 14.963350 0.764706 0.467685 8.246211 165.963757 3.000000 -90.000000 
21.000000 79.000000 113.164060 1.000000 26.000000 25.381000 0.979190 0.361111 13.951691 2.831429 -70.407955 0.764706 0.401611 13.000000 -112.619865 3.676580 -23.198591 
5.000000 80.000000 43.973295 10.000000 6.000000 6.186000 0.833333 0.666667 4.000000 2.211083 36.869898 1.000000 0.866607 4.242641 135.000000 2.683282 63.434949 
11.000000 83.000000 85.167476 1.000000 32.000000 26.663000 0.967563 0.492308 13.729380 3.468453 -79.105890 0.800000 0.452682 13.341664 -102.994617 4.274374 170.537678 
38.000000 88.000000 42.954707 1.000000 9.000000 10.404000 0.949886 0.450000 6.646577 2.077701 38.119607 0.900000 0.616391 6.403124 141.340192 2.773501 56.309932 
56.000000 90.000000 47.282925 6.000000 14.000000 13.290000 0.890537 0.583333 7.029880 3.197975 -27.161796 0.875000 0.651596 7.211103 -146.309932 3.882901 -56.309932 
18.000000 89.000000 60.102956 1.000000 15.000000 16.656000 0.965819 0.555556 9.080706 2.353888 -73.154966 0.882353 0.480924 9.486833 -108.434949 3.000000 0.000000 
30.000000 89.000000 50.068648 1.000000 14.000000 12.182000 0.749119 0.583333 5.690101 3.769322 69.503902 0.875000 0.749233 6.324555 108.434949 4.000000 0.000000 
13.000000 93.000000 52.809481 1.000000 16.000000 23.206000 0.946517 0.253968 12.058374 3.890667 -55.339153 0.533333 0.289633 11.401754 -127.874984 4.400000 143.130102 
34.000000 91.000000 56.101315 1.000000 12.000000 15.548000 0.960079 0.375000 8.679170 2.427802 -71.042404 0.750000 0.431709 8.544004 -110.556045 3.130495 -26.565051 
45.000000 93.000000 76.243945 1.000000 15.000000 15.341000 0.943200 0.625000 8.474885 2.815569 -83.569603 0.833333 0.551792 8.246211 -104.036243 3.000000 0.000000 
35.000000 95.000000 34.398989 11.000000 1.000000 0.000000 0.000000 1.000000 1.154701 1.154701 0.000000 1.000000 1.000000 1.414214 135.000000 1.000000 -90.000000 
53.000000 95.000000 80.383425 1.000000 29.000000 23.322000 0.934913 0.725000 11.649874 4.134268 86.619851 0.805556 0.520368 10.770330 111.801409 4.000000 0.000000 
23.000000 96.000000 44.331601 1.000000 15.000000 20.088000 0.985209 0.681818 11.242186 1.926404 -83.432989 0.833333 0.349316 11.180340 -100.304846 2.000000 0.000000 
38.000000 97.000000 40.678404 11.000000 2.000000 2.812000 0.925820 0.500000 3.055050 1.154701 -45.000000 1.000000 0.709058 2.828427 -135.000000 1.414214 -45.000000 
41.000000 95.000000 36.048900 2.000000 1.000000 0.000000 0.000000 1.000000 1.154701 1.154701 0.000000 1.000000 1.000000 1.414214 135.000000 1.000000 -90.000000 
59.000000 99.000000 55.858044 6.000000 35.000000 33.147000 0.975191 0.466667 16.476816 3.647419 -5.282051 0.625000 0.333993 15.524175 -165.068583 5.000000 -90.000000 
11.000000 99.000000 77.253353 1.000000 29.000000 24.364000 0.973112 0.402778 13.482875 3.105558 -66.967140 0.878788 0.481688 13.000000 -112.619865 3.862358 159.443955 
17.000000 98.000000 34.113660 8.000000 3.000000 3.920000 0.942809 1.000000 3.464102 1.154701 0.000000 1.000000 0.756007 3.162278 161.565051 1.000000 -90.000000 
27.000000 102.000000 52.161014 1.000000 9.000000 11.438000 0.742485 0.450000 5.083122 3.404992 -28.154966 0.818182 0.532061 5.656854 -135.000000 3.535534 -45.000000 
22.000000 103.000000 101.025369 1.000000 34.000000 23.132000 0.918479 0.618182 11.133651 4.403032 -86.793056 0.871795 0.618942 11.180340 -100.304846 5.000000 0.000000 
36.000000 104.000000 60.495604 1.000000 11.000000 11.512000 0.929659 0.611111 6.757162 2.489481 73.101717 0.916667 0.643746 6.708204 116.565051 2.910428 14.036243 
15.000000 106.000000 47.468730 2.000000 16.000000 16.681000 0.951952 0.380952 9.247750 2.832099 52.477614 0.761905 0.511692 8.602325 125.537678 3.400000 36.869898 
54.000000 107.000000 35.369838 1.000000 8.000000 15.060000 0.982442 0.500000 9.243517 1.724545 -87.913879 0.727273 0.303446 8.062258 97.125016 2.000000 0.000000 
40.000000 108.000000 47.972206 1.000000 22.000000 23.024000 0.980885 0.458333 13.147202 2.558322 -77.726181 0.785714 0.403805 12.165525 -99.462322 2.910428 -14.036243 
31.000000 107.000000 55.786614 1.000000 12.000000 16.656000 0.843974 0.500000 6.988409 3.748470 57.873298 0.750000 0.384739 7.211103 123.690068 4.000000 0.000000 
60.000000 111.000000 37.834901 6.000000 8.000000 8.882000 0.920807 0.800000 5.445698 2.123921 -8.677012 1.000000 0.695395 5.385165 -158.198591 2.000000 -90.000000 
24.000000 110.000000 43.850854 1.000000 3.000000 3.920000 0.942809 1.000000 3.464102 1.154701 90.000000 1.000000 0.756007 3.162278 108.434949 1.000000 0.000000 
39.000000 113.000000 37.251286 6.000000 10.000000 15.366000 0.965401 0.625000 8.848848 2.307501 0.628143 0.714286 0.366868 8.246211 165.963757 2.000000 -90.000000 
10.000000 112.000000 65.183556 1.000000 23.000000 25.538000 0.984619 0.442308 14.329564 2.503573 -80.143809 0.741935 0.351392 13.341664 -102.994617 2.941742 -11.309932 
21.000000 117.000000 54.106134 1.000000 26.000000 34.768000 0.989706 0.203125 17.986643 2.574223 65.580080 0.590909 0.227345 17.464249 113.629378 3.577709 -153.434949 
7.000000 117.000000 62.080332 1.000000 15.000000 13.844000 0.945090 0.714286 8.005519 2.616294 -76.717474 0.882353 0.653341 7.615773 -113.198591 3.000000 0.000000 
58.000000 117.000000 47.380296 1.000000 9.000000 11.140000 0.937614 0.500000 6.359595 2.211083 71.565051 0.900000 0.554497 6.708204 116.565051 2.667892 14.036243 
59.000000 120.000000 33.319787 3.000000 1.000000 0.000000 0.000000 1.000000 1.154701 1.154701 0.000000 1.000000 1.000000 1.414214 135.000000 1.000000 -90.000000 
9.000000 122.000000 62.650716 1.000000 19.000000 22.098000 0.968631 0.633333 11.067171 2.750252 81.292668 0.730769 0.374799 10.440307 106.699244 3.000000 0.000000 
33.000000 123.000000 49.018342 1.000000 32.000000 34.073000 0.979982 0.333333 17.860775 3.555808 76.927223 0.603774 0.290358 16.492423 104.036243 4.558331 -162.897271 
44.000000 121.000000 44.311056 1.000000 3.000000 3.920000 0.942809 1.000000 3.464102 1.154701 90.000000 1.000000 0.756007 3.162278 108.434949 1.000000 0.000000 
55.000000 122.000000 40.753602 3.000000 9.000000 12.844000 0.961289 0.300000 7.538016 2.077047 51.965845 0.818182 0.442583 7.211103 123.690068 2.773501 -146.309932 
15.000000 123.000000 34.107569 10.000000 1.000000 0.000000 0.000000 1.000000 1.154701 1.154701 0.000000 1.000000 1.000000 1.414214 135.000000 1.000000 -90.000000 
18.000000 126.000000 59.098504 2.000000 5.000000 4.962000 0.765092 0.833333 3.306559 2.129163 18.434949 1.000000 0.956808 3.605551 146.309932 2.000000 -90.000000 
23.000000 127.000000 117.514820 1.000000 37.000000 21.825000 0.840808 0.685185 9.871082 5.343544 82.184868 0.902439 0.745921 9.848858 113.962489 6.000000 0.000000 
40.000000 128.000000 37.161327 7.000000 5.000000 8.328000 0.969048 0.500000 6.024504 1.487286 -17.143438 0.714286 0.477622 5.385165 -158.198591 1.897367 -71.565051 
54.000000 131.000000 56.290158 1.000000 20.000000 24.472000 0.968463 0.222222 12.706068 3.165836 45.817424 0.714286 0.329605 12.206556 124.992020 4.216692 38.659808 
15.000000 130.000000 91.443851 1.000000 27.000000 19.220000 0.866447 0.551020 8.841457 4.414261 49.953097 0.900000 0.678529 8.602325 125.537678 4.949747 45.000000 
29.000000 128.000000 50.239916 1.000000 7.000000 9.089000 0.682405 0.583333 4.130478 3.019275 -4.731161 0.777778 0.588048 4.472136 -153.434949 3.000000 -90.000000 
49.000000 132.000000 38.258664 9.000000 6.000000 7.220000 0.869227 0.500000 4.472136 2.211083 -30.963757 0.857143 0.702276 4.472136 -153.434949 2.683282 116.565051 
8.000000 133.000000 103.785390 1.000000 27.000000 21.544000 0.948627 0.540000 10.945947 3.463266 -70.043455 0.843750 0.556784 10.770330 -111.801409 4.110961 -18.434949 
36.000000 132.000000 61.496445 1.000000 27.000000 24.496000 0.975366 0.692308 12.859773 2.836789 -81.624348 0.931034 0.444195 13.341664 -102.994617 3.000000 0.000000 
26.000000 132.000000 45.606788 1.000000 1.000000 0.000000 0.000000 1.000000 1.154701 1.154701 0.000000 1.000000 1.000000 1.414214 135.000000 1.000000 -90.000000 
57.000000 132.000000 39.049959 12.000000 1.000000 0.000000 0.000000 1.000000 1.154701 1.154701 0.000000 1.000000 1.000000 1.414214 135.000000 1.000000 -90.000000 
60.000000 133.000000 37.304580 12.000000 2.000000 2.812000 0.925820 0.500000 3.055050 1.154701 -45.000000 1.000000 0.709058 2.828427 -135.000000 1.414214 -45.000000 
16.000000 135.000000 88.597090 1.000000 13.000000 10.958000 0.837275 0.722222 5.689708 3.111030 -84.954471 0.928571 0.821751 6.082763 99.462322 3.000000 0.000000 
50.000000 140.000000 100.367186 1.000000 31.000000 27.705000 0.973899 0.476923 14.750854 3.348147 7.739045 0.720930 0.409409 13.341664 167.005383 4.255180 84.805571 
30.000000 136.000000 33.310866 1.000000 1.000000 0.000000 0.000000 1.000000 1.154701 1.154701 0.000000 1.000000 1.000000 1.414214 135.000000 1.000000 -90.000000 
33.000000 137.000000 40.602389 1.000000 2.000000 1.960000 0.866025 1.000000 2.309401 1.154701 90.000000 1.000000 0.965669 2.236068 116.565051 1.000000 0.000000 
11.000000 140.000000 75.568248 1.000000 28.000000 27.151000 0.960975 0.388889 13.002874 3.597064 -70.609277 0.700000 0.383438 12.649111 -108.434949 4.919350 153.434949 
43.000000 140.000000 55.361341 1.000000 17.000000 18.616000 0.976163 0.566667 10.572688 2.294683 -76.890612 0.850000 0.451271 10.440307 -106.699244 2.910428 -14.036243 
31.000000 142.000000 62.829989 1.000000 3.000000 3.920000 0.942809 1.000000 3.464102 1.154701 90.000000 1.000000 0.756007 3.162278 108.434949 1.000000 0.000000 
7.000000 144.000000 68.339370 1.000000 12.000000 12.372000 0.953463 0.500000 7.659417 2.309401 63.434949 0.857143 0.626565 7.211103 123.690068 2.683282 26.565051 
22.000000 143.000000 89.950890 1.000000 51.000000 32.452000 0.973760 0.637500 17.832101 4.058211 85.974955 0.850000 0.505867 16.124515 97.125016 4.345716 -174.805571 
43.000000 145.000000 52.179034 7.000000 5.000000 4.962000 0.765092 0.833333 3.306559 2.129163 18.434949 1.000000 0.956808 3.605551 146.309932 2.000000 -90.000000 
30.000000 144.000000 38.574736 11.000000 3.000000 3.093000 0.730297 0.750000 2.581989 1.763834 45.000000 1.000000 0.969873 2.828427 135.000000 2.000000 -90.000000 
40.000000 146.000000 39.266325 10.000000 8.000000 11.512000 0.964439 0.444444 7.514767 1.986188 -68.367852 0.666667 0.468179 6.708204 -116.565051 2.529822 -18.434949 
54.000000 145.000000 124.992899 1.000000 29.000000 21.891000 0.895921 0.805556 9.887125 4.391986 -89.624904 0.852941 0.581562 9.848858 113.962489 4.000000 0.000000 
12.000000 145.000000 51.847480 1.000000 8.000000 13.398000 0.937110 0.320000 7.444170 2.598268 42.642623 0.666667 0.367494 7.071068 135.000000 3.400000 -143.130102 
27.000000 156.000000 99.706181 1.000000 54.000000 44.420000 0.984304 0.218623 23.930004 4.223151 -34.307060 0.658537 0.299979 21.954498 -149.931417 5.463639 -54.462322 
45.000000 148.000000 75.524018 1.000000 12.000000 10.313000 0.663034 0.600000 4.795832 3.590110 0.000000 0.923077 0.833010 5.385165 158.198591 4.000000 -90.000000 
14.000000 150.000000 53.731649 1.000000 21.000000 20.692000 0.956308 0.525000 10.855279 3.173675 81.484091 0.724138 0.464569 10.198039 101.309932 4.000000 0.000000 
47.000000 150.000000 129.635612 1.000000 1.000000 0.000000 0.000000 1.000000 1.154701 1.154701 0.000000 1.000000 1.000000 1.414214 135.000000 1.000000 -90.000000 
54.000000 150.000000 123.040576 1.000000 19.000000 19.865000 0.649245 0.452381 7.085831 5.389334 65.717125 0.655172 0.451085 7.280110 105.945396 5.883484 11.309932 
59.000000 151.000000 78.493723 1.000000 21.000000 22.214000 0.959717 0.525000 11.077919 3.112534 -13.578617 0.750000 0.410470 10.440307 -163.300756 3.638034 -75.963757 
7.000000 151.000000 93.929074 1.000000 21.000000 15.895000 0.876656 0.750000 7.842258 3.773056 89.032237 0.913043 0.728200 7.615773 -113.198591 4.000000 0.000000 
44.000000 153.000000 113.569323 1.000000 15.000000 16.474000 0.891070 0.416667 7.933777 3.600875 -30.441025 0.714286 0.489890 7.810250 -129.805571 4.400000 126.869898 
50.000000 152.000000 75.458690 1.000000 8.000000 13.216000 0.808497 0.400000 5.479036 3.224411 -22.758082 0.800000 0.375717 5.385165 -158.198591 3.535534 -45.000000 
37.000000 160.000000 68.695260 1.000000 30.000000 28.028000 0.978183 0.329670 14.886261 3.092521 -20.778472 0.750000 0.388033 13.928388 -158.962489 4.085297 -68.198591 
53.000000 156.000000 167.640091 6.000000 33.000000 19.675000 0.553187 0.589286 7.495404 6.244101 -30.030386 0.891892 0.796567 8.246211 165.963757 6.800000 126.869898 
14.000000 158.000000 127.988388 1.000000 69.000000 48.124000 0.965972 0.392045 22.391576 5.791540 -87.037161 0.633028 0.329919 22.803509 -105.255119 7.288481 173.659808 
43.000000 158.000000 97.212571 1.000000 17.000000 17.806000 0.796888 0.485714 7.069430 4.270831 -61.013286 0.772727 0.486845 7.615773 -113.198591 4.919350 -26.565051 
56.000000 159.000000 112.819631 11.000000 8.000000 10.032000 0.848761 0.533333 5.033223 2.661453 69.443955 0.800000 0.579284 5.385165 111.801409 3.000000 0.000000 
5.000000 160.000000 90.921828 1.000000 9.000000 8.328000 0.760176 0.750000 4.464505 2.900668 -29.518122 1.000000 0.859719 5.000000 -143.130102 3.000000 -90.000000 
60.000000 160.000000 122.407673 3.000000 5.000000 4.962000 0.765092 0.833333 3.306559 2.129163 71.565051 1.000000 0.956808 3.605551 123.690068 2.000000 0.000000 
54.000000 165.000000 94.238192 1.000000 8.000000 7.774000 0.782273 0.666667 4.279143 2.665633 70.670096 1.000000 0.843733 4.472136 116.565051 3.000000 0.000000 
36.000000 165.000000 113.319572 1.000000 22.000000 16.863000 0.884669 0.523810 8.327409 3.882395 -58.454208 0.916667 0.690833 8.602325 -125.537678 4.743416 161.565051 
58.000000 166.000000 126.295623 1.000000 8.000000 8.626000 0.868041 0.500000 4.939795 2.452569 -50.884144 0.888889 0.725980 5.000000 -143.130102 2.828427 -45.000000 
7.000000 168.000000 99.822166 1.000000 4.000000 4.590000 0.731925 0.666667 3.055050 2.081666 90.000000 1.000000 0.840876 3.162278 108.434949 2.000000 0.000000 
28.000000 166.000000 70.476093 1.000000 15.000000 19.170000 0.969416 0.416667 10.912610 2.678192 79.538749 0.625000 0.378652 9.219544 102.528808 3.333974 11.309932 
44.000000 166.000000 118.404230 1.000000 57.000000 47.860000 0.737766 0.475000 13.444344 9.075688 33.040304 0.647727 0.275370 12.649111 161.565051 9.800000 -126.869898 
13.000000 168.000000 159.905820 1.000000 37.000000 32.709000 0.896961 0.420455 12.912366 5.708681 64.664373 0.660714 0.361759 13.038405 122.471192 6.708204 -153.434949 
21.000000 167.000000 73.724086 1.000000 20.000000 14.787000 0.780664 0.666667 6.685184 4.177916 -64.310192 0.909091 0.781893 7.211103 -123.690068 4.608177 165.963757 
59.000000 170.000000 147.258186 1.000000 17.000000 17.045000 0.764453 0.566667 6.624723 4.270822 -61.330456 0.809524 0.524243 6.708204 -116.565051 5.000000 0.000000 
23.000000 173.000000 141.786019 1.000000 44.000000 34.024000 0.970699 0.338462 16.403406 3.941712 -59.265804 0.771930 0.400295 15.264338 -121.607502 4.973459 -30.963757 
32.000000 172.000000 111.605551 1.000000 46.000000 44.403000 0.973553 0.345865 19.395219 4.431020 -74.591580 0.597403 0.255720 19.416488 -101.888658 5.656854 -8.130102 
56.000000 173.000000 109.858709 1.000000 34.000000 29.988000 0.802608 0.472222 9.950298 5.935416 -33.826840 0.790698 0.389275 9.848858 -156.037511 6.363961 -45.000000 
16.000000 176.000000 184.402289 1.000000 49.000000 31.386000 0.951351 0.418803 15.214892 4.687846 -59.334899 0.790323 0.516504 14.764823 -118.300756 5.705598 -29.744881 
22.000000 177.000000 99.101334 1.000000 7.000000 8.717000 0.843754 0.583333 4.619135 2.479231 -57.731673 0.875000 0.625521 5.000000 -126.869898 2.828427 -45.000000 
50.000000 173.000000 103.008504 1.000000 28.000000 18.823000 0.680087 0.583333 7.584461 5.560407 81.985044 0.933333 0.729326 8.246211 -104.036243 6.000000 0.000000 
7.000000 176.000000 86.666307 1.000000 6.000000 10.288000 0.976006 0.500000 7.105970 1.547283 -76.835853 0.750000 0.418057 6.324555 -108.434949 1.940285 165.963757 
33.000000 179.000000 125.380781 1.000000 37.000000 25.100000 0.878689 0.616667 10.547485 5.035316 -73.965906 0.840909 0.582953 10.770330 -111.801409 5.578319 165.963757 
40.000000 176.000000 104.389211 1.000000 17.000000 22.214000 0.896446 0.425000 8.849064 3.921483 32.732133 0.653846 0.332285 9.433981 147.994617 4.600000 -126.869898 
47.000000 177.000000 97.271459 1.000000 26.000000 20.874000 0.721417 0.541667 8.456815 5.856353 -28.074126 0.742857 0.566496 9.433981 -147.994617 6.000000 -90.000000 
55.000000 179.000000 145.762126 1.000000 20.000000 15.366000 0.868022 0.625000 7.503683 3.725777 5.654966 0.909091 0.733736 8.062258 172.874984 4.000000 -90.000000 
12.000000 180.000000 141.692920 2.000000 17.000000 21.842000 0.947658 0.303571 10.513788 3.356904 -36.035146 0.680000 0.342254 10.000000 -143.130102 3.882901 -56.309932 
26.000000 181.000000 113.282341 1.000000 34.000000 34.942000 0.826067 0.515152 10.797479 6.085163 -73.976176 0.739130 0.294587 11.401754 -105.255119 6.000000 0.000000 
52.000000 183.000000 130.081982 1.000000 23.000000 21.842000 0.843684 0.479167 8.545408 4.587518 -20.778008 0.718750 0.463050 9.219544 -139.398705 5.366563 -63.434949 
41.000000 183.000000 227.738884 1.000000 1.000000 0.000000 0.000000 1.000000 1.154701 1.154701 0.000000 1.000000 1.000000 1.414214 135.000000 1.000000 -90.000000 
35.000000 185.000000 108.223781 1.000000 21.000000 26.878000 0.417377 0.583333 7.151163 6.498499 -33.492623 0.656250 0.292833 7.810250 -140.194429 6.000000 -90.000000 
29.000000 185.000000 68.820510 1.000000 11.000000 15.085000 0.870980 0.458333 6.674017 3.279065 86.854665 0.733333 0.416094 6.324555 -108.434949 3.638034 14.036243 
47.000000 185.000000 110.790241 1.000000 32.000000 31.030000 0.838708 0.400000 11.074269 6.030837 -72.046588 0.711111 0.344373 10.770330 -111.801409 7.071068 -45.000000 
13.000000 187.000000 193.859255 1.000000 1.000000 0.000000 0.000000 1.000000 1.154701 1.154701 0.000000 1.000000 1.000000 1.414214 135.000000 1.000000 -90.000000 
22.000000 187.000000 173.656813 1.000000 46.000000 25.100000 0.825150 0.766667 10.546856 5.958066 -88.523521 0.901961 0.724752 10.770330 -111.801409 6.000000 0.000000 
6.000000 189.000000 152.801729 1.000000 1.000000 0.000000 0.000000 1.000000 1.154701 1.154701 0.000000 1.000000 1.000000 1.414214 135.000000 1.000000 -90.000000 
29.000000 189.000000 128.883132 1.000000 14.000000 16.375000 0.869496 0.500000 7.139095 3.526284 -89.757227 0.777778 0.461881 7.280110 105.945396 4.000000 0.000000 
47.000000 189.000000 66.167313 1.000000 10.000000 15.366000 0.953007 0.476190 8.505695 2.576784 -85.234434 0.588235 0.366868 7.280110 -105.945396 3.000000 0.000000 
42.000000 189.000000 119.788520 3.000000 16.000000 16.863000 0.883914 0.457143 7.976638 3.730271 -12.573724 0.727273 0.502424 7.280110 164.054604 4.365641 -75.963757 
39.000000 189.000000 79.502643 1.000000 6.000000 7.683000 0.775535 0.500000 4.218562 2.663198 -65.816770 0.857143 0.643484 4.472136 -116.565051 2.846050 161.565051 
10.000000 193.000000 63.188668 1.000000 13.000000 14.696000 0.965043 0.541667 8.492728 2.225858 72.841397 0.866667 0.513429 8.544004 110.556045 2.846050 18.434949 
27.000000 193.000000 96.879112 1.000000 35.000000 29.086000 0.966617 0.538462 14.816940 3.796461 82.429715 0.729167 0.423470 13.601471 107.102729 4.382693 10.304846 
47.000000 193.000000 157.640980 1.000000 31.000000 24.273000 0.894454 0.492063 10.871497 4.861304 66.893597 0.704545 0.518332 10.000000 126.869898 5.942251 -158.198591 
36.000000 192.000000 130.641613 1.000000 2.000000 1.960000 0.866025 1.000000 2.309401 1.154701 90.000000 1.000000 0.965669 2.236068 116.565051 1.000000 0.000000 
54.000000 191.000000 106.016383 1.000000 23.000000 23.992000 0.735560 0.410714 8.545090 5.788955 -15.737656 0.605263 0.392575 8.602325 144.462322 6.957011 -71.565051 
18.000000 194.000000 93.931690 1.000000 18.000000 16.772000 0.911501 0.562500 8.122505 3.340766 77.872006 0.857143 0.570405 8.246211 104.036243 3.880570 14.036243 
42.000000 196.000000 86.514960 1.000000 10.000000 14.622000 0.878425 0.400000 6.462826 3.088454 -41.578613 0.714286 0.398243 6.403124 -141.340192 3.535534 -45.000000 
24.000000 197.000000 47.753526 1.000000 10.000000 18.724000 0.945222 0.312500 9.480962 3.094840 -79.247674 0.526316 0.262838 8.544004 -110.556045 3.571375 -15.945396 
50.000000 198.000000 165.489526 1.000000 44.000000 44.378000 0.941384 0.419048 16.413143 5.536747 72.708810 0.611111 0.244860 16.155494 111.801409 7.000000 0.000000 
9.000000 198.000000 87.854236 1.000000 24.000000 19.286000 0.950185 0.600000 10.266428 3.199898 -74.969898 0.888889 0.599592 10.440307 -106.699244 3.794733 -18.434949 
15.000000 198.000000 61.390552 1.000000 7.000000 10.470000 0.965786 0.583333 6.778199 1.757848 86.058430 0.777778 0.474777 6.082763 99.462322 2.000000 0.000000 
54.000000 202.000000 172.033785 1.000000 27.000000 26.597000 0.938708 0.409091 11.917061 4.107955 69.156526 0.729730 0.383648 11.704700 109.983107 5.335784 14.036243 
14.000000 201.000000 39.760414 11.000000 4.000000 3.556000 0.000000 1.000000 2.309401 2.309401 0.000000 1.000000 1.000000 2.828427 135.000000 2.000000 -90.000000 
29.000000 203.000000 61.237081 1.000000 7.000000 8.717000 0.624347 0.583333 3.930119 3.070002 -24.699353 0.875000 0.625521 4.472136 -153.434949 3.000000 -90.000000 
9.000000 203.000000 68.016184 1.000000 13.000000 17.210000 0.976775 0.722222 10.318200 2.210837 -86.305017 0.812500 0.394418 9.219544 -102.528808 2.000000 0.000000 
20.000000 204.000000 83.802748 1.000000 62.000000 34.437000 0.956953 0.775000 17.335017 5.031375 89.649876 0.873239 0.551722 16.124515 97.125016 5.000000 0.000000 
32.000000 205.000000 119.481570 4.000000 14.000000 17.806000 0.837069 0.466667 6.935769 3.794537 -65.880150 0.736842 0.400931 6.708204 -116.565051 4.024922 -26.565051 
37.000000 205.000000 210.523641 1.000000 22.000000 18.360000 0.815931 0.523810 7.484035 4.326892 40.820013 0.814815 0.597986 9.219544 139.398705 4.949747 45.000000 
57.000000 206.000000 115.747562 1.000000 20.000000 17.971000 0.938205 0.625000 9.308527 3.221489 75.917800 0.800000 0.563841 8.944272 116.565051 3.530090 11.309932 
12.000000 206.000000 45.032893 2.000000 4.000000 4.590000 0.731925 0.666667 3.055050 2.081666 90.000000 1.000000 0.840876 3.162278 108.434949 2.000000 0.000000 
42.000000 205.000000 146.660696 1.000000 36.000000 28.838000 0.757717 0.666667 9.429824 6.153742 -4.690161 0.800000 0.442350 9.848858 -156.037511 6.000000 -90.000000 
47.000000 205.000000 135.326822 1.000000 11.000000 8.791000 0.684690 0.916667 4.496908 3.277500 -74.929307 1.000000 0.970807 5.000000 -126.869898 3.000000 0.000000 
9.000000 210.000000 80.716666 1.000000 21.000000 20.320000 0.951681 0.525000 10.130652 3.110995 -77.187562 0.807692 0.479418 10.440307 -106.699244 3.616778 -9.462322 
13.000000 208.000000 38.751134 3.000000 3.000000 3.093000 0.730297 0.750000 2.581989 1.763834 45.000000 1.000000 0.969873 2.828427 135.000000 2.000000 -90.000000 
29.000000 212.000000 173.595337 1.000000 38.000000 28.020000 0.970343 0.345455 15.186174 3.670986 44.679852 0.863636 0.491761 14.212670 129.289407 4.242641 45.000000 
51.000000 209.000000 193.693691 1.000000 32.000000 28.193000 0.697654 0.500000 9.224825 6.608983 57.963531 0.695652 0.409555 9.219544 130.601295 7.726752 -170.537678 
35.000000 213.000000 255.085699 1.000000 1.000000 0.000000 0.000000 1.000000 1.154701 1.154701 0.000000 1.000000 1.000000 1.414214 135.000000 1.000000 -90.000000 
14.000000 211.000000 62.180284 12.000000 3.000000 3.920000 0.942809 1.000000 3.464102 1.154701 90.000000 1.000000 0.756007 3.162278 108.434949 1.000000 0.000000 
37.000000 217.000000 167.284264 1.000000 58.000000 43.973000 0.987623 0.230159 23.782122 3.730206 54.480532 0.763158 0.328342 22.203603 125.837653 4.869908 -145.304846 
57.000000 212.000000 90.515885 1.000000 20.000000 16.028000 0.661411 0.555556 6.257682 4.693408 -46.003604 0.869565 0.683934 7.211103 -123.690068 4.949747 -45.000000 
56.000000 215.000000 34.907117 1.000000 3.000000 3.093000 0.730297 0.750000 2.581989 1.763834 -45.000000 1.000000 0.969873 2.828427 -135.000000 2.000000 -90.000000 
60.000000 218.000000 105.837114 1.000000 31.000000 25.092000 0.925910 0.563636 11.127470 4.203349 -10.727154 0.837838 0.488697 11.401754 -164.744881 5.000000 -90.000000 
9.000000 217.000000 92.948636 1.000000 43.000000 25.447000 0.901353 0.651515 12.058136 5.222189 -81.787465 0.877551 0.661139 12.083046 -114.443955 5.857122 167.471192 
53.000000 221.000000 48.864713 1.000000 17.000000 19.170000 0.978504 0.566667 11.233251 2.316584 -79.021289 0.809524 0.429139 10.440307 -106.699244 2.794783 -9.462322 
22.000000 222.000000 168.658929 1.000000 40.000000 28.855000 0.950327 0.416667 13.578797 4.226458 27.313157 0.769231 0.490978 13.416408 153.434949 5.366563 -116.565051 
27.000000 226.000000 74.996883 1.000000 11.000000 13.216000 0.875943 0.440000 6.584378 3.176396 41.804752 0.785714 0.516611 6.403124 128.659808 4.000000 36.869898 
36.000000 226.000000 40.520075 1.000000 17.000000 23.206000 0.986350 0.472222 13.581639 2.236423 -83.329134 0.680000 0.307735 12.165525 -99.462322 2.545584 -8.130102 
5.000000 229.000000 42.271785 1.000000 5.000000 7.402000 0.765173 0.555556 3.931770 2.531373 49.065051 0.833333 0.565201 4.242641 135.000000 2.828427 -135.000000 
24.000000 229.000000 85.494976 1.000000 15.000000 11.975000 0.884979 0.833333 6.556140 3.052744 -77.637789 0.937500 0.824885 6.708204 -116.565051 3.000000 0.000000 
12.000000 229.000000 69.644672 1.000000 34.000000 30.997000 0.979552 0.485714 16.127934 3.244799 80.813171 0.739130 0.366604 14.317821 102.094757 3.935480 10.304846 
56.000000 231.000000 61.480875 1.000000 26.000000 23.760000 0.974075 0.541667 12.670190 2.866321 -80.420733 0.812500 0.451468 12.369317 -104.036243 3.452379 -9.462322 
18.000000 232.000000 96.327855 5.000000 13.000000 11.421000 0.874350 0.722222 6.203219 3.010396 8.225988 1.000000 0.770328 6.324555 161.565051 3.000000 -90.000000 
41.000000 232.000000 59.363356 3.000000 2.000000 2.812000 0.925820 0.500000 3.055050 1.154701 45.000000 1.000000 0.709058 2.828427 135.000000 1.414214 45.000000 
33.000000 233.000000 50.990210 1.000000 1.000000 0.000000 0.000000 1.000000 1.154701 1.154701 0.000000 1.000000 1.000000 1.414214 135.000000 1.000000 -90.000000 
43.000000 234.000000 76.048076 1.000000 7.000000 8.328000 0.930558 0.700000 5.262061 1.926673 -75.321123 1.000000 0.668670 5.385165 -111.801409 2.000000 0.000000 
10.000000 235.000000 96.698876 1.000000 35.000000 29.119000 0.974354 0.500000 15.075793 3.392339 77.907476 0.795455 0.422604 14.560220 105.945396 3.922323 11.309932 
18.000000 236.000000 64.159143 6.000000 6.000000 6.277000 0.456435 0.666667 3.265986 2.905933 -63.434949 0.857143 0.849942 3.605551 123.690068 3.000000 -90.000000 
53.000000 237.000000 36.088277 1.000000 2.000000 1.960000 0.866025 1.000000 2.309401 1.154701 90.000000 1.000000 0.965669 2.236068 116.565051 1.000000 0.000000 
