247
31.000000 121.000000 17.321650 1.000000 10799.000000 591.556000 0.962557 0.703060 280.780461 76.113295 -0.266210 0.703060 0.383708 248.386795 165.068583 64.000000 -90.000000 
24.000000 7.000000 120.889892 1.000000 32.000000 24.819000 0.940267 0.484848 11.808596 4.020103 69.463054 0.864865 0.514360 12.083046 114.443955 4.850713 14.036243 
49.000000 6.000000 77.190293 1.000000 7.000000 7.592000 0.815930 0.583333 4.429339 2.560825 -71.565051 0.875000 0.763515 4.472136 -116.565051 2.846050 -18.434949 
56.000000 7.000000 103.639480 1.000000 30.000000 21.891000 0.955646 0.681818 11.854897 3.491462 80.291868 0.909091 0.601616 11.401754 105.255119 3.945576 9.462322 
16.000000 8.000000 130.662812 1.000000 18.000000 15.159000 0.928467 0.642857 8.410461 3.123776 74.390799 0.857143 0.675386 8.062258 119.744881 3.530090 11.309932 
17.000000 10.000000 105.624696 1.000000 16.000000 15.738000 0.941208 0.457143 8.688431 2.935188 67.064540 0.800000 0.564085 8.062258 119.744881 3.577709 26.565051 
51.000000 9.000000 51.135862 1.000000 4.000000 5.905000 0.926289 0.444444 4.355771 1.641317 -39.690172 1.000000 0.614186 4.242641 -135.000000 2.121320 135.000000 
59.000000 11.000000 87.375510 6.000000 11.000000 11.330000 0.792535 0.550000 5.537774 3.377082 49.343177 0.785714 0.660039 5.830952 120.963757 4.000000 0.000000 
10.000000 11.000000 100.566381 1.000000 31.000000 18.459000 0.540298 0.738095 7.267259 6.115206 68.900615 0.911765 0.834911 7.810250 129.805571 6.000000 0.000000 
40.000000 11.000000 68.317198 1.000000 27.000000 20.394000 0.938545 0.675000 10.514738 3.629246 76.705925 0.900000 0.612524 10.770330 111.801409 4.000000 0.000000 
48.000000 11.000000 64.359290 1.000000 19.000000 17.301000 0.957385 0.703704 9.817753 2.835520 -87.899851 0.904762 0.571336 9.219544 102.528808 3.000000 0.000000 
54.000000 11.000000 79.522198 1.000000 7.000000 7.592000 0.849496 0.583333 4.525150 2.387444 -67.500000 0.875000 0.763515 4.472136 -116.565051 2.683282 -26.565051 
6.000000 13.000000 60.371347 2.000000 5.000000 7.220000 0.342160 0.555556 3.306559 3.106981 45.000000 0.833333 0.585230 3.605551 123.690068 3.000000 -90.000000 
31.000000 15.000000 56.753096 1.000000 12.000000 14.142000 0.884859 0.500000 6.995380 3.258867 88.004543 0.705882 0.504804 6.708204 116.565051 4.000000 0.000000 
55.000000 16.000000 84.949234 1.000000 15.000000 14.903000 0.781400 0.500000 6.143756 3.833890 -57.017144 0.750000 0.578905 6.708204 -116.565051 4.714952 -56.309932 
60.000000 17.000000 169.149898 1.000000 25.000000 22.379000 0.938890 0.500000 11.256658 3.874728 12.413250 0.735294 0.482357 10.440307 163.300756 5.000000 -90.000000 
8.000000 16.000000 82.869643 5.000000 10.000000 8.146000 0.657536 0.833333 4.258325 3.208323 0.000000 1.000000 0.986296 4.472136 153.434949 3.000000 -90.000000 
24.000000 15.000000 61.961698 1.000000 29.000000 29.210000 0.956006 0.371795 14.294322 4.193184 76.007363 0.690476 0.348190 14.317821 114.775141 5.160538 -174.805571 
30.000000 17.000000 69.224998 2.000000 4.000000 5.053000 0.866025 0.666667 3.651484 1.825742 71.565051 0.800000 0.748540 3.605551 123.690068 2.000000 0.000000 
35.000000 19.000000 66.381908 10.000000 6.000000 7.220000 0.934535 0.500000 4.985233 1.774106 -39.690172 1.000000 0.702276 5.000000 -143.130102 2.121320 -45.000000 
44.000000 19.000000 60.303528 1.000000 6.000000 8.436000 0.790569 0.500000 4.216370 2.581989 -63.434949 0.857143 0.562503 4.472136 -116.565051 2.828427 -45.000000 
49.000000 18.000000 65.195044 1.000000 10.000000 13.307000 0.886756 0.555556 6.552353 3.028751 90.000000 0.714286 0.464464 6.324555 108.434949 3.000000 0.000000 
7.000000 18.000000 61.579752 6.000000 3.000000 3.920000 0.942809 1.000000 3.464102 1.154701 0.000000 1.000000 0.756007 3.162278 161.565051 1.000000 -90.000000 
11.000000 20.000000 54.868232 9.000000 8.000000 10.032000 0.962055 0.400000 6.590378 1.798216 -47.855297 1.000000 0.579284 6.403124 -128.659808 2.121320 -45.000000 
23.000000 21.000000 123.648198 1.000000 31.000000 24.455000 0.972569 0.402597 13.725942 3.192871 59.106147 0.837838 0.511518 13.038405 122.471192 3.921992 -147.994617 
40.000000 21.000000 80.345047 1.000000 18.000000 14.622000 0.760454 0.600000 6.256682 4.063035 58.562008 0.900000 0.716838 6.708204 116.565051 4.472136 26.565051 
46.000000 20.000000 58.951002 1.000000 5.000000 6.186000 0.889464 0.555556 4.253087 1.943686 58.282526 0.833333 0.722172 4.242641 135.000000 2.236068 26.565051 
17.000000 22.000000 53.796395 5.000000 4.000000 4.590000 0.731925 0.666667 3.055050 2.081666 0.000000 1.000000 0.840876 3.162278 161.565051 2.000000 -90.000000 
51.000000 22.000000 103.178713 1.000000 32.000000 37.365000 0.961755 0.266667 17.026033 4.663650 59.837654 0.551724 0.245080 16.155494 111.801409 6.041523 -155.556045 
43.000000 22.000000 58.149238 1.000000 3.000000 3.093000 0.730297 0.750000 2.581989 1.763834 45.000000 1.000000 0.969873 2.828427 135.000000 2.000000 -90.000000 
29.000000 26.000000 90.778664 1.000000 63.000000 39.656000 0.972834 0.336898 19.461358 4.505346 60.876740 0.828947 0.432227 18.867962 122.005383 5.316456 -149.036243 
13.000000 26.000000 86.531623 3.000000 2.000000 2.812000 0.925820 0.500000 3.055050 1.154701 45.000000 1.000000 0.709058 2.828427 135.000000 1.414214 45.000000 
16.000000 25.000000 82.881212 2.000000 11.000000 15.838000 0.816604 0.366667 6.637423 3.831109 51.767928 0.687500 0.383733 6.708204 116.565051 4.242641 45.000000 
54.000000 25.000000 113.220743 1.000000 15.000000 15.548000 0.912644 0.428571 7.638138 3.122138 65.482536 0.789474 0.539637 8.062258 119.744881 3.478505 18.434949 
11.000000 27.000000 54.276928 3.000000 6.000000 7.220000 0.869227 0.500000 4.472136 2.211083 59.036243 0.857143 0.702276 4.472136 116.565051 2.683282 -153.434949 
59.000000 25.000000 92.811708 1.000000 15.000000 19.493000 0.914155 0.468750 9.132260 3.701899 0.350773 0.600000 0.367922 8.544004 159.443955 4.000000 -90.000000 
51.000000 28.000000 65.090026 3.000000 2.000000 2.812000 0.925820 0.500000 3.055050 1.154701 45.000000 1.000000 0.709058 2.828427 135.000000 1.414214 45.000000 
57.000000 30.000000 173.602782 2.000000 1.000000 0.000000 0.000000 1.000000 1.154701 1.154701 0.000000 1.000000 1.000000 1.414214 135.000000 1.000000 -90.000000 
44.000000 28.000000 80.579400 1.000000 12.000000 12.455000 0.841727 0.666667 6.256595 3.377954 -85.853794 0.800000 0.619914 6.324555 -108.434949 3.000000 0.000000 
38.000000 32.000000 65.091989 1.000000 12.000000 12.736000 0.954612 0.571429 7.580114 2.257749 -71.163812 0.923077 0.598166 7.615773 -113.198591 2.846050 161.565051 
7.000000 35.000000 52.064914 3.000000 10.000000 13.588000 0.970745 0.357143 8.183264 1.964908 28.396715 0.833333 0.448993 8.062258 150.255119 2.683282 63.434949 
17.000000 38.000000 66.998191 1.000000 8.000000 8.998000 0.931551 0.533333 5.671347 2.062156 29.650139 1.000000 0.682168 5.830952 149.036243 2.683282 63.434949 
28.000000 32.000000 73.011560 4.000000 1.000000 0.000000 0.000000 1.000000 1.154701 1.154701 0.000000 1.000000 1.000000 1.414214 135.000000 1.000000 -90.000000 
49.000000 32.000000 74.976704 9.000000 5.000000 4.962000 0.765092 0.833333 3.306559 2.129163 -71.565051 1.000000 0.956808 3.605551 -123.690068 2.000000 0.000000 
52.000000 34.000000 120.764005 1.000000 13.000000 10.404000 0.710198 0.650000 5.032996 3.543240 70.205935 0.928571 0.890343 5.385165 111.801409 4.000000 0.000000 
34.000000 37.000000 47.428704 1.000000 6.000000 7.683000 0.877971 0.750000 4.618802 2.211083 9.462322 0.857143 0.643484 4.472136 153.434949 2.000000 -90.000000 
27.000000 36.000000 87.125839 1.000000 1.000000 0.000000 0.000000 1.000000 1.154701 1.154701 0.000000 1.000000 1.000000 1.414214 135.000000 1.000000 -90.000000 
49.000000 36.000000 75.676762 1.000000 9.000000 8.998000 0.803349 0.562500 4.852812 2.889888 -49.486313 0.900000 0.767439 5.000000 -143.130102 3.328201 146.309932 
54.000000 38.000000 108.143301 1.000000 22.000000 17.326000 0.739954 0.628571 6.825078 4.590938 5.756916 0.880000 0.659932 7.280110 -164.054604 5.000000 -90.000000 
36.000000 40.000000 76.350283 1.000000 9.000000 10.404000 0.949886 0.450000 6.646577 2.077701 -51.880393 0.900000 0.616391 6.403124 -128.659808 2.773501 146.309932 
50.000000 41.000000 72.340860 2.000000 13.000000 11.694000 0.581042 0.650000 5.597542 4.555690 -67.137388 0.812500 0.742238 5.830952 -120.963757 4.000000 0.000000 
5.000000 43.000000 44.962706 7.000000 2.000000 1.960000 0.866025 1.000000 2.309401 1.154701 0.000000 1.000000 0.965669 2.236068 153.434949 1.000000 -90.000000 
39.000000 47.000000 92.340097 1.000000 20.000000 19.311000 0.963746 0.370370 10.699375 2.854826 27.548136 0.833333 0.498548 10.295630 150.945396 3.577709 63.434949 
47.000000 43.000000 52.828483 2.000000 7.000000 8.237000 0.774059 0.583333 4.429339 2.804273 90.000000 0.875000 0.679408 4.472136 116.565051 3.000000 0.000000 
58.000000 44.000000 89.376880 1.000000 11.000000 14.142000 0.904460 0.366667 7.539984 3.216246 -56.021709 0.647059 0.462737 7.211103 -123.690068 3.772969 -30.963757 
29.000000 46.000000 58.279538 1.000000 9.000000 12.736000 0.976184 0.428571 8.166299 1.771646 -70.781349 0.818182 0.448625 7.615773 -113.198591 2.213594 -18.434949 
52.000000 44.000000 92.684432 5.000000 9.000000 8.146000 0.667390 0.750000 4.179851 3.112770 78.018756 1.000000 0.887666 4.472136 116.565051 3.000000 0.000000 
55.000000 46.000000 192.218862 1.000000 25.000000 21.064000 0.950983 0.625000 11.031385 3.411394 -8.661111 0.781250 0.536190 10.440307 -163.300756 4.000000 -90.000000 
18.000000 47.000000 57.366412 7.000000 5.000000 8.328000 0.969048 0.500000 6.024504 1.487286 -72.856562 0.833333 0.477622 5.385165 -111.801409 1.897367 161.565051 
13.000000 50.000000 70.083300 5.000000 16.000000 18.062000 0.937504 0.500000 8.763799 3.049588 14.148581 0.761905 0.447209 8.544004 159.443955 4.000000 -90.000000 
44.000000 49.000000 63.580529 1.000000 19.000000 24.182000 0.971913 0.345455 13.612154 3.203489 74.769434 0.593750 0.319807 11.704700 109.983107 4.217181 -172.874984 
22.000000 49.000000 56.405266 1.000000 8.000000 9.461000 0.910892 0.533333 5.710814 2.356539 -76.243999 0.800000 0.632966 5.385165 -111.801409 2.667892 165.963757 
29.000000 51.000000 54.366564 1.000000 9.000000 13.381000 0.976935 0.428571 8.511729 1.817571 -75.472698 0.750000 0.414282 7.615773 -113.198591 2.182821 -14.036243 
51.000000 51.000000 126.822249 1.000000 19.000000 21.825000 0.702658 0.633333 7.097865 5.050329 -75.621440 0.730769 0.383041 7.211103 -123.690068 5.000000 0.000000 
19.000000 52.000000 55.605798 5.000000 7.000000 8.328000 0.930558 0.700000 5.262061 1.926673 14.678877 0.875000 0.668670 5.385165 158.198591 2.000000 -90.000000 
36.000000 52.000000 79.609698 5.000000 11.000000 10.776000 0.905585 0.611111 6.101264 2.587941 17.739989 0.916667 0.713632 6.324555 161.565051 3.000000 -90.000000 
57.000000 53.000000 136.955362 1.000000 11.000000 11.421000 0.895647 0.611111 6.305563 2.804499 -82.059931 0.846154 0.651816 6.324555 -108.434949 3.000000 0.000000 
25.000000 55.000000 77.565574 2.000000 10.000000 10.958000 0.848283 0.500000 5.718189 3.028032 -53.909444 0.833333 0.632116 5.830952 -120.963757 3.535534 -45.000000 
47.000000 53.000000 115.639117 2.000000 14.000000 14.051000 0.828294 0.466667 6.474266 3.627493 35.731093 0.823529 0.595189 7.211103 146.309932 4.242641 45.000000 
54.000000 58.000000 210.850816 1.000000 38.000000 27.060000 0.767796 0.603175 10.011386 6.414236 0.376076 0.791667 0.523521 10.295630 -150.945396 7.000000 -90.000000 
40.000000 57.000000 63.494024 1.000000 10.000000 12.736000 0.967318 0.476190 7.770728 1.970395 -70.315341 0.833333 0.498472 7.615773 -113.198591 2.529822 -18.434949 
49.000000 57.000000 150.487722 1.000000 15.000000 13.497000 0.793975 0.625000 6.450941 3.921850 -4.680095 0.833333 0.680876 6.324555 161.565051 4.000000 -90.000000 
30.000000 59.000000 80.177426 1.000000 27.000000 23.157000 0.951070 0.385714 11.116077 3.434580 -54.309978 0.870968 0.490579 11.661904 -120.963757 4.242641 -45.000000 
20.000000 58.000000 61.849401 1.000000 18.000000 20.783000 0.972888 0.450000 10.928788 2.527597 79.048172 0.750000 0.395178 10.440307 106.699244 3.123581 -170.537678 
47.000000 58.000000 52.296376 1.000000 3.000000 3.093000 0.730297 0.750000 2.581989 1.763834 -45.000000 1.000000 0.969873 2.828427 -135.000000 2.000000 -90.000000 
12.000000 60.000000 62.995733 1.000000 1.000000 0.000000 0.000000 1.000000 1.154701 1.154701 0.000000 1.000000 1.000000 1.414214 135.000000 1.000000 -90.000000 
43.000000 60.000000 42.253757 5.000000 1.000000 0.000000 0.000000 1.000000 1.154701 1.154701 0.000000 1.000000 1.000000 1.414214 135.000000 1.000000 -90.000000 
14.000000 62.000000 46.398045 4.000000 2.000000 2.812000 0.925820 0.500000 3.055050 1.154701 45.000000 1.000000 0.709058 2.828427 135.000000 1.414214 45.000000 
42.000000 62.000000 42.251712 6.000000 1.000000 0.000000 0.000000 1.000000 1.154701 1.154701 0.000000 1.000000 1.000000 1.414214 135.000000 1.000000 -90.000000 
49.000000 62.000000 77.860672 1.000000 17.000000 12.827000 0.743244 0.708333 5.996406 4.011716 78.862051 0.944444 0.837771 6.324555 108.434949 4.000000 0.000000 
20.000000 64.000000 48.197816 1.000000 5.000000 6.368000 0.923687 0.625000 4.492622 1.721341 -69.006394 1.000000 0.694794 4.472136 -116.565051 2.000000 0.000000 
12.000000 69.000000 90.683474 5.000000 33.000000 28.284000 0.975221 0.471429 14.669494 3.245350 -11.417825 0.804878 0.419911 14.317821 -167.905243 3.880570 -75.963757 
55.000000 65.000000 159.789496 1.000000 34.000000 27.358000 0.780573 0.539683 9.495012 5.935000 0.563066 0.755556 0.459305 9.848858 -156.037511 7.000000 -90.000000 
36.000000 68.000000 45.921998 5.000000 2.000000 2.812000 0.925820 0.500000 3.055050 1.154701 45.000000 1.000000 0.709058 2.828427 135.000000 1.414214 45.000000 
47.000000 68.000000 123.294573 1.000000 25.000000 26.779000 0.961070 0.416667 12.428135 3.433965 78.396655 0.735294 0.350921 12.649111 108.434949 4.417261 -173.659808 
37.000000 69.000000 83.563074 1.000000 8.000000 8.328000 0.894059 0.800000 5.033223 2.254625 90.000000 1.000000 0.764194 5.099020 101.309932 2.000000 0.000000 
16.000000 71.000000 59.918418 1.000000 8.000000 9.089000 0.911321 0.500000 5.503066 2.265598 41.861351 1.000000 0.672055 5.656854 135.000000 2.828427 -135.000000 
30.000000 71.000000 103.925961 1.000000 32.000000 22.354000 0.951395 0.727273 11.962209 3.684051 83.303751 0.888889 0.618628 11.180340 100.304846 4.000000 0.000000 
54.000000 72.000000 145.777773 2.000000 12.000000 12.182000 0.776213 0.480000 5.575609 3.515257 -51.688376 0.857143 0.642199 6.403124 -128.659808 4.024922 -26.565051 
20.000000 72.000000 101.924603 1.000000 40.000000 23.595000 0.873930 0.606061 10.513492 5.110102 73.499447 0.909091 0.703166 11.401754 105.255119 5.820855 -165.963757 
41.000000 73.000000 53.701604 11.000000 2.000000 2.812000 0.925820 0.500000 3.055050 1.154701 -45.000000 1.000000 0.709058 2.828427 -135.000000 1.414214 -45.000000 
48.000000 73.000000 65.118580 1.000000 9.000000 8.882000 0.907936 0.900000 5.399179 2.262845 85.268839 1.000000 0.782319 5.385165 111.801409 2.000000 0.000000 
5.000000 75.000000 42.237680 3.000000 2.000000 1.960000 0.866025 1.000000 2.309401 1.154701 0.000000 1.000000 0.965669 2.236068 153.434949 1.000000 -90.000000 
26.000000 76.000000 70.317605 1.000000 14.000000 15.085000 0.894869 0.388889 7.419408 3.311493 -45.000000 0.736842 0.529574 7.211103 -146.309932 4.242641 -45.000000 
43.000000 74.000000 57.412144 1.000000 11.000000 10.495000 0.807145 0.733333 5.241399 3.094279 80.514796 0.916667 0.743346 5.385165 111.801409 3.000000 0.000000 
45.000000 76.000000 55.921975 8.000000 6.000000 8.626000 0.760117 0.500000 4.472136 2.905933 -11.309932 0.750000 0.544485 4.472136 -153.434949 3.000000 -90.000000 
6.000000 85.000000 75.371941 2.000000 42.000000 35.297000 0.962085 0.500000 15.938502 4.347229 -14.910820 0.763636 0.357210 15.231546 -156.801409 6.000000 -90.000000 
55.000000 77.000000 153.792713 1.000000 34.000000 21.180000 0.853462 0.629630 9.558883 4.981658 15.704616 0.850000 0.722279 9.848858 156.037511 5.820855 -104.036243 
15.000000 79.000000 117.013608 5.000000 32.000000 21.544000 0.821839 0.592593 8.903833 5.072689 -16.775478 0.888889 0.659892 9.219544 -167.471192 5.578319 104.036243 
48.000000 80.000000 60.979409 1.000000 5.000000 7.013000 0.815239 0.555556 4.163332 2.411086 45.000000 0.833333 0.609333 4.242641 135.000000 2.828427 -135.000000 
25.000000 80.000000 54.801652 6.000000 6.000000 7.774000 0.829891 0.500000 4.433787 2.473724 33.400705 0.857143 0.632800 4.472136 153.434949 2.828427 45.000000 
44.000000 81.000000 76.867538 1.000000 13.000000 12.066000 0.894604 0.722222 6.601129 2.949785 -83.887439 0.866667 0.706370 6.324555 108.434949 3.000000 0.000000 
33.000000 83.000000 81.897222 1.000000 22.000000 29.062000 0.979065 0.203704 15.744832 3.204850 -35.108211 0.578947 0.266578 13.416408 -153.434949 4.160251 123.690068 
49.000000 81.000000 67.871961 7.000000 7.000000 10.288000 0.967949 0.583333 6.654453 1.671252 75.910705 0.875000 0.487733 6.324555 108.434949 2.000000 0.000000 
27.000000 83.000000 53.398362 8.000000 11.000000 11.901000 0.909294 0.440000 6.648435 2.766779 -35.716970 0.916667 0.610882 6.403124 -141.340192 3.535534 135.000000 
19.000000 84.000000 104.922189 6.000000 15.000000 14.903000 0.899865 0.416667 7.484048 3.264305 -39.027911 0.833333 0.578905 7.211103 -146.309932 4.160251 -56.309932 
53.000000 83.000000 103.556980 1.000000 11.000000 11.140000 0.898926 0.611111 6.106873 2.675424 5.309828 0.846154 0.677718 6.082763 170.537678 3.000000 -90.000000 
56.000000 84.000000 191.332405 1.000000 22.000000 20.419000 0.788336 0.628571 7.951651 4.892216 0.964211 0.785714 0.498035 8.062258 150.255119 5.000000 -90.000000 
45.000000 85.000000 75.937823 1.000000 7.000000 9.089000 0.682405 0.583333 4.130478 3.019275 -4.731161 0.875000 0.588048 4.472136 -153.434949 3.000000 -90.000000 
12.000000 87.000000 42.198919 4.000000 2.000000 2.812000 0.925820 0.500000 3.055050 1.154701 45.000000 1.000000 0.709058 2.828427 135.000000 1.414214 45.000000 
17.000000 85.000000 62.480498 8.000000 1.000000 0.000000 0.000000 1.000000 1.154701 1.154701 0.000000 1.000000 1.000000 1.414214 135.000000 1.000000 -90.000000 
50.000000 87.000000 114.871710 1.000000 22.000000 16.383000 0.907235 0.628571 8.555046 3.598463 -68.645305 0.880000 0.725218 8.602325 -125.537678 4.110961 -18.434949 
32.000000 88.000000 74.869052 1.000000 8.000000 9.552000 0.897371 0.533333 5.501996 2.427903 -77.243065 0.888889 0.623923 5.385165 -111.801409 2.846050 161.565051 
20.000000 88.000000 78.912723 1.000000 12.000000 10.867000 0.715759 0.600000 5.803779 4.053055 59.437722 0.800000 0.768426 5.830952 120.963757 4.000000 0.000000 
44.000000 93.000000 195.520078 1.000000 90.000000 46.305000 0.977307 0.357143 24.211661 5.128657 -62.014232 0.865385 0.462572 22.847319 -113.198591 5.829633 -29.744881 
25.000000 91.000000 81.677622 10.000000 13.000000 14.804000 0.949278 0.361111 7.985607 2.510983 -47.836511 0.928571 0.507268 8.485281 -135.000000 2.828427 -45.000000 
57.000000 92.000000 183.759038 1.000000 47.000000 32.783000 0.872920 0.534091 12.631636 6.162523 -18.058105 0.723077 0.457640 12.206556 -145.007980 7.318049 -82.874984 
21.000000 91.000000 54.117011 8.000000 7.000000 8.717000 0.699854 0.583333 4.163332 2.973809 -11.309932 0.875000 0.625521 4.472136 -153.434949 3.000000 -90.000000 
16.000000 95.000000 47.496706 10.000000 2.000000 2.812000 0.925820 0.500000 3.055050 1.154701 -45.000000 1.000000 0.709058 2.828427 -135.000000 1.414214 -45.000000 
34.000000 95.000000 74.141981 1.000000 31.000000 25.770000 0.963729 0.369048 13.290051 3.546864 -67.652140 0.738095 0.466045 12.649111 -108.434949 4.472136 -26.565051 
7.000000 94.000000 64.419512 1.000000 22.000000 17.971000 0.711323 0.523810 7.224246 5.077670 -9.421613 0.785714 0.620225 8.062258 -150.255119 5.813777 116.565051 
24.000000 100.000000 70.088628 1.000000 38.000000 35.124000 0.948775 0.316667 15.059092 4.757975 23.196070 0.655172 0.326119 16.155494 158.198591 5.813777 -116.565051 
33.000000 100.000000 62.174563 1.000000 11.000000 11.330000 0.939671 0.611111 6.813534 2.330774 71.565051 0.916667 0.660039 6.708204 116.565051 2.846050 -161.565051 
40.000000 99.000000 79.496776 1.000000 11.000000 9.552000 0.825584 0.733333 5.186141 2.926431 -76.717474 1.000000 0.857894 5.385165 -111.801409 3.000000 0.000000 
56.000000 99.000000 175.897084 1.000000 6.000000 6.277000 0.456435 0.666667 3.265986 2.905933 63.434949 0.857143 0.849942 3.605551 123.690068 3.000000 -90.000000 
60.000000 104.000000 187.324931 1.000000 39.000000 29.268000 0.972834 0.696429 15.313601 3.545127 -4.672675 0.866667 0.466581 14.317821 -167.905243 4.000000 -90.000000 
16.000000 103.000000 48.152255 6.000000 7.000000 8.328000 0.930558 0.700000 5.262061 1.926673 14.678877 0.875000 0.668670 5.385165 158.198591 2.000000 -90.000000 
44.000000 102.000000 66.951515 1.000000 15.000000 12.645000 0.882923 0.625000 6.833780 3.208582 -67.658274 0.882353 0.756353 6.708204 -116.565051 3.794733 161.565051 
6.000000 106.000000 68.945510 7.000000 17.000000 14.233000 0.671511 0.566667 5.936771 4.399115 -19.672790 0.894737 0.707668 6.403124 -128.659808 4.949747 -45.000000 
52.000000 106.000000 67.922966 1.000000 14.000000 15.738000 0.946901 0.400000 8.608575 2.767877 67.076908 0.777778 0.493574 8.062258 119.744881 3.577709 26.565051 
39.000000 105.000000 43.093968 6.000000 1.000000 0.000000 0.000000 1.000000 1.154701 1.154701 0.000000 1.000000 1.000000 1.414214 135.000000 1.000000 -90.000000 
30.000000 109.000000 52.759955 1.000000 34.000000 34.834000 0.973536 0.400000 17.771309 4.061318 84.189937 0.618182 0.296265 17.262677 100.007980 4.755183 4.398705 
21.000000 108.000000 56.038107 11.000000 2.000000 1.960000 0.866025 1.000000 2.309401 1.154701 90.000000 1.000000 0.965669 2.236068 116.565051 1.000000 0.000000 
47.000000 108.000000 52.586286 1.000000 9.000000 9.461000 0.845654 0.600000 5.223808 2.788110 -79.314689 0.900000 0.712086 5.385165 -111.801409 3.000000 0.000000 
55.000000 110.000000 92.157937 1.000000 26.000000 20.212000 0.953936 0.650000 10.858227 3.257565 -73.985920 0.928571 0.599068 10.770330 -111.801409 4.000000 0.000000 
9.000000 111.000000 96.723870 1.000000 28.000000 17.508000 0.747551 0.666667 7.616582 5.058965 -15.834469 0.875000 0.825173 7.615773 156.801409 5.692100 -71.565051 
13.000000 112.000000 75.791826 1.000000 10.000000 10.106000 0.771560 0.666667 5.024804 3.196563 13.964489 0.909091 0.716038 5.385165 158.198591 3.000000 -90.000000 
39.000000 111.000000 65.590513 1.000000 18.000000 16.102000 0.926522 0.562500 8.314327 3.128185 14.647710 0.857143 0.610816 8.544004 159.443955 4.000000 -90.000000 
50.000000 114.000000 54.346567 1.000000 8.000000 12.918000 0.977399 0.380952 8.033224 1.698229 -72.703856 0.800000 0.389790 7.615773 -113.198591 2.182821 -14.036243 
61.000000 114.000000 82.907162 1.000000 11.000000 12.802000 0.960985 0.785714 7.631749 2.110954 -5.958838 0.916667 0.543789 7.280110 -164.054604 2.000000 -90.000000 
6.000000 116.000000 88.845626 5.000000 7.000000 8.419000 0.853277 0.583333 4.811222 2.508849 62.768839 0.875000 0.658185 5.000000 126.869898 3.000000 0.000000 
12.000000 119.000000 128.846099 4.000000 35.000000 25.811000 0.947086 0.530303 12.816543 4.113844 -5.928895 0.760870 0.524690 11.401754 -164.744881 5.085424 -82.874984 
7.000000 121.000000 175.021730 1.000000 36.000000 25.745000 0.921802 0.600000 11.719059 4.543013 15.654441 0.800000 0.542150 11.661904 149.036243 5.091169 -98.130102 
43.000000 119.000000 84.039658 1.000000 14.000000 12.645000 0.908725 0.583333 6.984300 2.915214 -70.089781 0.823529 0.705929 6.708204 -116.565051 3.478505 -18.434949 
21.000000 120.000000 76.270553 1.000000 18.000000 15.250000 0.936539 0.750000 8.301421 2.910176 -78.047273 0.947368 0.668719 8.544004 -110.556045 3.000000 0.000000 
48.000000 121.000000 84.608494 1.000000 20.000000 17.326000 0.887284 0.500000 8.347647 3.850124 -83.468248 0.800000 0.599938 8.246211 -104.036243 5.000000 0.000000 
26.000000 124.000000 62.615721 1.000000 14.000000 16.193000 0.954907 0.583333 8.498166 2.523135 -6.811406 0.736842 0.470617 8.246211 -165.963757 3.000000 -90.000000 
39.000000 124.000000 77.467954 1.000000 15.000000 17.326000 0.972745 0.416667 9.937855 2.304375 72.864748 0.750000 0.449953 9.486833 108.434949 2.846050 18.434949 
57.000000 125.000000 68.131869 1.000000 19.000000 17.971000 0.958236 0.527778 9.728763 2.782233 -71.792967 0.826087 0.535649 9.848858 -113.962489 3.395499 165.963757 
44.000000 124.000000 58.611459 1.000000 6.000000 10.404000 0.760870 0.500000 4.577595 2.970421 -4.213485 0.750000 0.410927 4.472136 -153.434949 3.000000 -90.000000 
19.000000 127.000000 63.848811 1.000000 1.000000 0.000000 0.000000 1.000000 1.154701 1.154701 0.000000 1.000000 1.000000 1.414214 135.000000 1.000000 -90.000000 
31.000000 127.000000 61.628343 1.000000 17.000000 20.113000 0.966116 0.377778 10.807212 2.789420 76.105822 0.680000 0.395040 9.848858 113.962489 3.296654 -164.054604 
13.000000 132.000000 86.823767 1.000000 55.000000 43.584000 0.975225 0.261905 20.170515 4.462010 -41.114383 0.662651 0.316565 19.209373 -128.659808 5.633623 -50.194429 
35.000000 128.000000 45.212865 1.000000 5.000000 7.402000 0.882464 0.416667 4.587955 2.158086 -64.329904 0.833333 0.565201 4.472136 -116.565051 2.529822 161.565051 
47.000000 131.000000 77.550382 1.000000 45.000000 33.767000 0.966132 0.500000 16.252205 4.193841 -83.284272 0.750000 0.415114 15.524175 -104.931417 5.129788 -4.085617 
5.000000 133.000000 72.152200 1.000000 27.000000 28.838000 0.976021 0.519231 15.511107 3.376401 -5.063107 0.642857 0.331763 13.601471 -162.897271 3.802501 -84.805571 
29.000000 133.000000 44.819172 7.000000 1.000000 0.000000 0.000000 1.000000 1.154701 1.154701 0.000000 1.000000 1.000000 1.414214 135.000000 1.000000 -90.000000 
40.000000 134.000000 62.515408 1.000000 4.000000 4.590000 0.731925 0.666667 3.055050 2.081666 0.000000 1.000000 0.840876 3.162278 161.565051 2.000000 -90.000000 
26.000000 136.000000 43.848970 3.000000 2.000000 2.812000 0.925820 0.500000 3.055050 1.154701 45.000000 1.000000 0.709058 2.828427 135.000000 1.414214 45.000000 
35.000000 135.000000 82.138537 1.000000 21.000000 17.119000 0.931864 0.875000 9.220075 3.345110 -89.267765 0.913043 0.642873 8.544004 -110.556045 3.000000 0.000000 
57.000000 136.000000 62.256499 8.000000 11.000000 20.246000 0.977805 0.196429 11.119891 2.329790 -41.660057 0.611111 0.252715 10.000000 -143.130102 2.828427 -45.000000 
43.000000 136.000000 63.614214 1.000000 11.000000 12.918000 0.935019 0.523810 7.108317 2.520590 -85.522603 0.733333 0.535961 7.071068 98.130102 2.941742 -11.309932 
26.000000 142.000000 84.253493 1.000000 50.000000 33.825000 0.970747 0.370370 17.356861 4.167450 -66.914964 0.781250 0.459792 16.155494 -111.801409 5.048396 155.556045 
13.000000 141.000000 62.195643 1.000000 24.000000 31.857000 0.947065 0.342857 14.774302 4.743182 -85.164597 0.489796 0.246218 14.142136 -98.130102 4.875682 -5.710593 
50.000000 144.000000 166.586671 1.000000 74.000000 41.822000 0.975042 0.528571 21.703361 4.818590 -76.811097 0.804348 0.459959 20.396078 -101.309932 5.820855 165.963757 
6.000000 152.000000 67.315169 6.000000 35.000000 39.300000 0.988577 0.368421 20.150615 3.037012 -12.907210 0.700000 0.244171 19.646883 -165.256437 3.880570 -75.963757 
37.000000 147.000000 246.495617 1.000000 43.000000 25.191000 0.919214 0.558442 12.407331 4.885501 -72.350355 0.843137 0.673140 11.704700 -109.983107 5.617975 159.443955 
26.000000 149.000000 101.664608 1.000000 32.000000 25.117000 0.957752 0.363636 12.757429 3.668997 59.052293 0.800000 0.503569 12.083046 114.443955 4.345991 -147.994617 
60.000000 146.000000 175.597634 1.000000 6.000000 6.459000 0.778499 0.666667 3.829708 2.403701 45.000000 1.000000 0.818022 4.242641 135.000000 2.828427 45.000000 
50.000000 152.000000 317.328340 1.000000 85.000000 46.156000 0.969023 0.505952 22.424976 5.538290 -80.543923 0.801887 0.439519 21.095023 -95.440332 6.260990 169.695154 
20.000000 153.000000 54.107477 1.000000 11.000000 9.643000 0.726101 0.733333 4.739293 3.258679 -75.286272 0.916667 0.845724 5.385165 -111.801409 3.000000 0.000000 
14.000000 155.000000 75.946493 2.000000 11.000000 14.440000 0.918743 0.366667 6.965836 2.750505 49.457463 0.785714 0.447184 7.211103 123.690068 3.328201 33.690068 
39.000000 153.000000 60.239017 1.000000 7.000000 7.592000 0.849496 0.583333 4.525150 2.387444 67.500000 0.875000 0.763515 4.472136 116.565051 2.683282 26.565051 
31.000000 158.000000 183.997538 1.000000 57.000000 41.566000 0.985288 0.333333 22.347073 3.819104 -74.371297 0.760000 0.358362 20.248457 -110.224859 5.059644 161.565051 
60.000000 155.000000 250.235344 1.000000 8.000000 7.865000 0.717406 0.666667 4.136643 2.881814 17.296144 1.000000 0.829839 4.472136 153.434949 3.000000 -90.000000 
18.000000 159.000000 53.865740 2.000000 11.000000 14.233000 0.950450 0.523810 8.262408 2.568585 5.438123 0.687500 0.457903 7.280110 164.054604 3.000000 -90.000000 
10.000000 160.000000 91.042022 3.000000 8.000000 10.404000 0.931534 0.400000 6.333410 2.303167 28.212034 0.727273 0.547903 5.830952 149.036243 2.683282 63.434949 
49.000000 162.000000 255.547855 1.000000 90.000000 50.374000 0.965709 0.535714 22.861060 5.935378 -81.149868 0.708661 0.394904 21.095023 95.440332 7.298745 -8.746162 
60.000000 162.000000 99.431552 1.000000 6.000000 6.186000 0.833333 0.666667 4.000000 2.211083 -53.130102 1.000000 0.866607 4.242641 -135.000000 2.683282 -26.565051 
6.000000 171.000000 80.270395 2.000000 35.000000 40.416000 0.993483 0.291667 24.104862 2.747515 14.012064 0.625000 0.231820 20.880613 163.300756 3.607277 -104.931417 
22.000000 164.000000 54.817950 10.000000 10.000000 12.844000 0.975432 0.333333 8.209493 1.808561 -46.788167 1.000000 0.491759 7.810250 -129.805571 2.121320 -45.000000 
17.000000 164.000000 50.773910 4.000000 7.000000 7.592000 0.849496 0.583333 4.525150 2.387444 22.500000 0.875000 0.763515 4.472136 153.434949 2.683282 63.434949 
36.000000 164.000000 79.121658 1.000000 13.000000 15.730000 0.892897 0.464286 7.476731 3.366483 79.935657 0.722222 0.458708 7.615773 113.198591 4.000000 0.000000 
60.000000 165.000000 170.067712 1.000000 11.000000 8.791000 0.684690 0.916667 4.496908 3.277500 74.929307 1.000000 0.970807 5.000000 126.869898 3.000000 0.000000 
24.000000 168.000000 61.248360 1.000000 6.000000 6.368000 0.833333 0.750000 4.000000 2.211083 90.000000 1.000000 0.833753 4.123106 104.036243 2.000000 0.000000 
35.000000 170.000000 92.967367 1.000000 1.000000 0.000000 0.000000 1.000000 1.154701 1.154701 0.000000 1.000000 1.000000 1.414214 135.000000 1.000000 -90.000000 
8.000000 170.000000 42.196201 12.000000 1.000000 0.000000 0.000000 1.000000 1.154701 1.154701 0.000000 1.000000 1.000000 1.414214 135.000000 1.000000 -90.000000 
13.000000 172.000000 50.813426 1.000000 9.000000 12.918000 0.967124 0.428571 7.866068 2.000379 -73.914391 0.750000 0.438514 7.280110 -105.945396 2.529822 -18.434949 
24.000000 172.000000 52.578342 2.000000 3.000000 3.093000 0.730297 0.750000 2.581989 1.763834 -45.000000 1.000000 0.969873 2.828427 -135.000000 2.000000 -90.000000 
56.000000 176.000000 138.228066 1.000000 12.000000 13.679000 0.577423 0.480000 5.151182 4.205657 -39.203912 0.750000 0.532977 5.830952 -149.036243 4.743416 -18.434949 
59.000000 178.000000 120.413782 1.000000 19.000000 15.085000 0.781400 0.678571 6.806107 4.247218 -9.416218 0.904762 0.718708 7.280110 -164.054604 4.000000 -90.000000 
43.000000 179.000000 224.927043 1.000000 85.000000 54.393000 0.987443 0.425000 27.841820 4.398388 76.798707 0.772727 0.322679 25.495098 101.309932 5.491252 -168.690068 
28.000000 180.000000 86.605985 1.000000 1.000000 0.000000 0.000000 1.000000 1.154701 1.154701 0.000000 1.000000 1.000000 1.414214 135.000000 1.000000 -90.000000 
14.000000 180.000000 88.878308 1.000000 47.000000 37.712000 0.979734 0.373016 19.814166 3.968791 75.985069 0.691176 0.353873 18.681542 105.524111 5.189985 17.354025 
48.000000 184.000000 160.778902 1.000000 68.000000 51.995000 0.987327 0.280992 26.152493 4.150406 70.063787 0.653846 0.281086 23.086793 107.650124 5.266852 -159.443955 
7.000000 189.000000 78.571397 6.000000 34.000000 31.840000 0.988723 0.323810 19.259866 2.884333 -20.656224 0.723404 0.349148 16.552945 -154.983107 3.588302 -70.016893 
21.000000 182.000000 59.071306 1.000000 2.000000 2.812000 0.925820 0.500000 3.055050 1.154701 45.000000 1.000000 0.709058 2.828427 135.000000 1.414214 45.000000 
26.000000 184.000000 290.998262 1.000000 25.000000 20.990000 0.944918 0.500000 10.422816 3.411449 72.530005 0.892857 0.539483 10.440307 106.699244 4.110961 -161.565051 
32.000000 185.000000 107.185381 2.000000 7.000000 12.000000 0.963875 0.291667 7.733764 2.059930 -30.211081 0.700000 0.383676 6.708204 -153.434949 2.683282 -63.434949 
60.000000 187.000000 164.091584 1.000000 13.000000 11.512000 0.643993 0.650000 5.115455 3.913483 -23.560548 0.866667 0.760790 5.830952 -149.036243 4.000000 -90.000000 
18.000000 188.000000 177.133942 1.000000 27.000000 19.766000 0.826923 0.500000 8.539850 4.802082 66.679675 0.870968 0.646569 9.219544 102.528808 5.692100 18.434949 
23.000000 191.000000 52.578439 7.000000 11.000000 15.548000 0.974024 0.343750 9.001351 2.038320 -22.987873 0.785714 0.395734 8.944272 -153.434949 2.599735 -68.198591 
36.000000 189.000000 174.526104 1.000000 14.000000 11.992000 0.749777 0.583333 5.530160 3.659252 80.868555 0.933333 0.768164 6.082763 99.462322 4.000000 0.000000 
48.000000 193.000000 198.404919 1.000000 110.000000 54.641000 0.981841 0.327381 28.459101 5.398908 62.924862 0.814815 0.414008 26.400758 114.623565 6.260990 26.565051 
14.000000 192.000000 92.644734 2.000000 21.000000 17.624000 0.822724 0.500000 7.680879 4.366126 33.161465 0.840000 0.611985 8.062258 150.255119 5.059644 71.565051 
31.000000 193.000000 131.128624 1.000000 30.000000 23.620000 0.924429 0.476190 10.922764 4.165453 53.438616 0.833333 0.526389 10.816654 123.690068 4.949747 45.000000 
51.000000 201.000000 160.244202 1.000000 63.000000 47.074000 0.988739 0.225000 24.741293 3.702525 58.110777 0.828947 0.313959 23.600847 126.384352 4.831879 -147.528808 
8.000000 199.000000 61.619437 1.000000 8.000000 12.455000 0.940480 0.320000 7.420086 2.521703 37.411137 0.615385 0.413276 6.403124 128.659808 3.000000 -126.869898 
13.000000 203.000000 89.905734 1.000000 31.000000 27.920000 0.981942 0.369048 15.427082 2.918525 -18.942961 0.815789 0.403761 14.560220 -164.054604 3.478505 -71.565051 
24.000000 199.000000 64.837041 1.000000 15.000000 20.436000 0.909448 0.428571 8.413293 3.498388 24.963555 0.681818 0.339080 8.062258 150.255119 4.024922 -116.565051 
35.000000 201.000000 78.683250 1.000000 12.000000 11.901000 0.741415 0.600000 5.416874 3.634973 65.964269 0.923077 0.666416 5.830952 120.963757 4.000000 0.000000 
19.000000 202.000000 67.683417 1.000000 17.000000 15.432000 0.907666 0.809524 7.683495 3.224707 -82.681332 0.894737 0.619251 7.615773 -113.198591 3.000000 0.000000 
25.000000 202.000000 54.175917 2.000000 3.000000 3.093000 0.730297 0.750000 2.581989 1.763834 45.000000 1.000000 0.969873 2.828427 135.000000 2.000000 -90.000000 
28.000000 205.000000 63.224303 1.000000 21.000000 23.438000 0.978984 0.272727 12.502433 2.549700 60.917382 0.807692 0.373536 12.529964 118.610460 3.130495 26.565051 
5.000000 205.000000 61.393572 3.000000 16.000000 18.732000 0.961501 0.444444 9.758358 2.681625 14.993530 0.761905 0.420232 9.219544 167.471192 3.333974 78.690068 
35.000000 205.000000 66.815874 1.000000 8.000000 10.776000 0.967878 0.444444 7.170532 1.802816 -69.183230 0.800000 0.519005 6.708204 -116.565051 2.213594 -18.434949 
56.000000 207.000000 182.025488 1.000000 37.000000 23.785000 0.882186 0.740000 10.544140 4.965239 83.171460 0.860465 0.641282 10.770330 111.801409 5.000000 0.000000 
38.000000 209.000000 84.619690 1.000000 34.000000 24.612000 0.933848 0.515152 11.932162 4.267792 63.890997 0.871795 0.554690 12.529964 118.610460 5.087990 32.005383 
19.000000 209.000000 71.270839 1.000000 10.000000 10.958000 0.895527 0.555556 5.854779 2.605422 -83.952621 0.833333 0.632116 6.082763 99.462322 3.000000 0.000000 
48.000000 209.000000 213.343819 1.000000 26.000000 18.459000 0.855775 0.650000 8.617900 4.458448 75.071893 0.838710 0.700248 8.544004 110.556045 4.902903 11.309932 
16.000000 211.000000 47.384581 6.000000 4.000000 3.556000 0.000000 1.000000 2.309401 2.309401 0.000000 1.000000 1.000000 2.828427 135.000000 2.000000 -90.000000 
26.000000 211.000000 65.799145 1.000000 22.000000 22.445000 0.978675 0.500000 12.928686 2.655738 -83.046439 0.733333 0.422287 11.401754 -105.255119 3.202514 -6.340192 
44.000000 211.000000 110.421724 4.000000 6.000000 8.436000 0.790569 0.500000 4.216370 2.581989 -26.565051 0.857143 0.562503 4.472136 -153.434949 2.828427 -45.000000 
53.000000 212.000000 129.474342 1.000000 21.000000 18.732000 0.642199 0.583333 6.557299 5.026417 -48.053589 0.807692 0.551555 7.810250 -140.194429 5.375872 -18.434949 
34.000000 215.000000 74.845062 1.000000 15.000000 16.681000 0.878331 0.357143 7.741947 3.701055 -58.243120 0.681818 0.479712 7.810250 -140.194429 4.743416 -18.434949 
44.000000 216.000000 147.820717 1.000000 57.000000 35.132000 0.951121 0.475000 16.952298 5.235161 76.384499 0.750000 0.488975 15.524175 104.931417 6.260990 10.304846 
7.000000 215.000000 43.146815 11.000000 1.000000 0.000000 0.000000 1.000000 1.154701 1.154701 0.000000 1.000000 1.000000 1.414214 135.000000 1.000000 -90.000000 
58.000000 215.000000 53.373966 1.000000 12.000000 10.958000 0.882039 0.666667 5.992948 2.823732 -75.749320 1.000000 0.758539 6.324555 -108.434949 3.000000 0.000000 
9.000000 216.000000 41.728085 12.000000 1.000000 0.000000 0.000000 1.000000 1.154701 1.154701 0.000000 1.000000 1.000000 1.414214 135.000000 1.000000 -90.000000 
20.000000 217.000000 44.466241 7.000000 2.000000 1.960000 0.866025 1.000000 2.309401 1.154701 0.000000 1.000000 0.965669 2.236068 153.434949 1.000000 -90.000000 
56.000000 217.000000 43.028616 2.000000 3.000000 3.093000 0.730297 0.750000 2.581989 1.763834 45.000000 1.000000 0.969873 2.828427 135.000000 2.000000 -90.000000 
9.000000 227.000000 75.073545 1.000000 35.000000 35.454000 0.988257 0.486111 18.363883 2.806005 10.786784 0.795455 0.295259 18.439089 167.471192 3.577709 -100.304846 
45.000000 224.000000 60.432383 1.000000 18.000000 25.398000 0.912210 0.450000 10.295959 4.218494 21.626652 0.642857 0.277707 9.433981 147.994617 4.919350 63.434949 
28.000000 222.000000 67.867363 1.000000 11.000000 14.696000 0.975798 0.458333 8.775032 1.918855 71.089697 0.785714 0.434440 8.544004 110.556045 2.529822 18.434949 
36.000000 220.000000 79.283405 2.000000 16.000000 12.273000 0.715727 0.666667 5.645503 3.942710 12.693953 0.941176 0.846186 6.082763 170.537678 4.000000 -90.000000 
39.000000 224.000000 46.163091 1.000000 7.000000 8.328000 0.930558 0.700000 5.262061 1.926673 -75.321123 1.000000 0.668670 5.385165 -111.801409 2.000000 0.000000 
17.000000 225.000000 61.682252 1.000000 18.000000 15.366000 0.928256 0.562500 8.268550 3.075427 73.834393 0.857143 0.660363 8.246211 104.036243 3.478505 18.434949 
35.000000 225.000000 78.236019 3.000000 7.000000 10.495000 0.920740 0.350000 6.073525 2.369745 30.647024 0.700000 0.473038 5.830952 149.036243 2.683282 63.434949 
52.000000 226.000000 73.545453 1.000000 21.000000 23.322000 0.964399 0.636364 11.549198 3.054184 88.742850 0.724138 0.376818 11.180340 100.304846 3.000000 0.000000 
30.000000 228.000000 84.064229 1.000000 20.000000 14.696000 0.839274 0.714286 7.181850 3.904830 82.339245 0.909091 0.789891 7.280110 105.945396 4.000000 0.000000 
39.000000 228.000000 92.769185 1.000000 22.000000 21.982000 0.970950 0.500000 11.714224 2.803008 87.007759 0.758621 0.437995 11.180340 100.304846 3.721042 7.125016 
26.000000 235.000000 64.141698 1.000000 45.000000 50.332000 0.993931 0.360000 27.605732 3.036826 81.125763 0.625000 0.197762 25.317978 99.090277 3.881206 10.007980 
40.000000 235.000000 46.998345 1.000000 7.000000 9.734000 0.908997 0.466667 5.733585 2.389779 85.155607 0.700000 0.530608 5.385165 111.801409 2.910428 -165.963757 
55.000000 235.000000 73.424047 1.000000 39.000000 34.784000 0.981885 0.764706 17.274978 3.273205 87.354612 0.886364 0.340729 17.262677 100.007980 3.000000 0.000000 
10.000000 236.000000 52.309935 1.000000 3.000000 3.920000 0.942809 1.000000 3.464102 1.154701 90.000000 1.000000 0.756007 3.162278 108.434949 1.000000 0.000000 
7.000000 237.000000 50.621171 2.000000 2.000000 2.812000 0.925820 0.500000 3.055050 1.154701 45.000000 1.000000 0.709058 2.828427 135.000000 1.414214 45.000000 
37.000000 237.000000 48.530195 3.000000 2.000000 2.812000 0.925820 0.500000 3.055050 1.154701 45.000000 1.000000 0.709058 2.828427 135.000000 1.414214 45.000000 
