219
31.000000 116.000000 8.284686 1.000000 11028.000000 591.556000 0.961013 0.717969 278.729096 77.069241 0.488782 0.717969 0.391845 248.386795 165.068583 64.000000 -90.000000 
32.000000 4.000000 25.982371 1.000000 13.000000 20.576000 0.987934 0.590909 12.329414 1.909526 83.921979 0.764706 0.290410 11.180340 100.304846 2.000000 0.000000 
48.000000 5.000000 55.657641 1.000000 15.000000 19.261000 0.979950 0.750000 10.749647 2.141800 -85.353346 0.833333 0.375582 10.198039 -101.309932 2.000000 0.000000 
13.000000 7.000000 23.742402 5.000000 4.000000 5.053000 0.866025 0.666667 3.651484 1.825742 18.434949 1.000000 0.748540 3.605551 146.309932 2.000000 -90.000000 
58.000000 6.000000 69.902876 1.000000 17.000000 12.736000 0.738977 0.708333 5.900036 3.975032 73.201247 0.944444 0.847402 6.708204 116.565051 4.000000 0.000000 
4.000000 9.000000 21.827062 3.000000 4.000000 6.550000 0.946293 0.500000 4.820546 1.558527 17.608796 0.800000 0.535155 4.472136 153.434949 1.897367 -108.434949 
9.000000 8.000000 26.417368 1.000000 6.000000 8.328000 0.953154 0.600000 5.526219 1.671596 72.391204 0.857143 0.573146 5.385165 111.801409 2.000000 0.000000 
42.000000 8.000000 37.543951 1.000000 21.000000 16.400000 0.828967 0.750000 7.279589 4.071454 -9.235526 0.913043 0.691050 7.615773 -156.801409 4.000000 -90.000000 
23.000000 10.000000 28.332494 1.000000 29.000000 39.837000 0.993180 0.362500 23.128827 2.696696 -82.457777 0.557692 0.197289 20.223748 -98.530766 3.491105 175.914383 
61.000000 7.000000 77.646217 1.000000 5.000000 6.550000 0.889464 0.625000 4.253087 1.943686 5.152423 1.000000 0.668944 4.123106 165.963757 2.000000 -90.000000 
12.000000 10.000000 27.458795 1.000000 5.000000 6.550000 0.889464 0.625000 4.253087 1.943686 84.847577 1.000000 0.668944 4.123106 104.036243 2.000000 0.000000 
50.000000 10.000000 47.888464 1.000000 24.000000 21.428000 0.949614 0.800000 10.524197 3.298511 87.415048 0.888889 0.499603 10.198039 101.309932 3.000000 0.000000 
37.000000 12.000000 40.520766 1.000000 25.000000 18.434000 0.937840 0.694444 9.967259 3.459309 78.806280 0.892857 0.674877 9.486833 108.434949 3.880570 14.036243 
57.000000 12.000000 23.411989 8.000000 1.000000 0.000000 0.000000 1.000000 1.154701 1.154701 0.000000 1.000000 1.000000 1.414214 135.000000 1.000000 -90.000000 
45.000000 14.000000 58.041303 1.000000 15.000000 14.324000 0.867747 0.535714 6.861063 3.409990 -11.327616 0.833333 0.617923 7.280110 -164.054604 4.000000 -90.000000 
30.000000 14.000000 24.482816 1.000000 8.000000 11.421000 0.963881 0.444444 7.241994 1.928781 70.624186 0.727273 0.474048 6.708204 116.565051 2.414039 21.801409 
58.000000 15.000000 22.991677 8.000000 2.000000 1.960000 0.866025 1.000000 2.309401 1.154701 0.000000 1.000000 0.965669 2.236068 153.434949 1.000000 -90.000000 
48.000000 17.000000 49.678264 1.000000 18.000000 19.956000 0.685243 0.514286 7.103910 5.173880 83.619037 0.720000 0.423983 7.615773 -113.198591 5.000000 0.000000 
21.000000 19.000000 26.520051 1.000000 16.000000 18.823000 0.933071 0.444444 9.566304 3.440930 82.823815 0.666667 0.416758 9.486833 108.434949 3.597007 7.125016 
60.000000 17.000000 37.069118 12.000000 5.000000 6.368000 0.923687 0.625000 4.492622 1.721341 -69.006394 0.833333 0.694794 4.472136 -116.565051 2.000000 0.000000 
43.000000 19.000000 33.058357 1.000000 14.000000 12.645000 0.880213 0.777778 6.654663 3.158158 85.896392 0.933333 0.705929 6.324555 108.434949 3.000000 0.000000 
8.000000 21.000000 25.027366 3.000000 2.000000 1.960000 0.866025 1.000000 2.309401 1.154701 0.000000 1.000000 0.965669 2.236068 153.434949 1.000000 -90.000000 
14.000000 21.000000 39.996210 1.000000 23.000000 18.922000 0.909259 0.479167 9.184487 3.822869 66.832256 0.766667 0.593725 8.602325 125.537678 4.472136 26.565051 
48.000000 22.000000 43.694756 7.000000 18.000000 19.584000 0.521841 0.500000 6.323600 5.394303 -10.080349 0.720000 0.437978 7.211103 -123.690068 5.656854 -45.000000 
54.000000 25.000000 69.509598 1.000000 44.000000 30.616000 0.971836 0.488889 16.236672 3.826283 74.300904 0.862745 0.485199 15.524175 104.931417 4.608177 14.036243 
8.000000 25.000000 41.230723 1.000000 15.000000 13.125000 0.913158 0.500000 7.129282 2.905933 55.007980 0.937500 0.712374 7.211103 123.690068 3.535534 45.000000 
23.000000 33.000000 35.888187 1.000000 54.000000 54.560000 0.990461 0.142105 26.517967 3.653987 46.227178 0.710526 0.203811 27.586228 136.468801 4.242641 45.000000 
8.000000 30.000000 25.505912 4.000000 12.000000 23.620000 0.993834 0.155844 14.689850 1.628731 33.977272 0.600000 0.210556 13.038405 147.528808 2.218801 56.309932 
5.000000 28.000000 29.240300 2.000000 5.000000 4.962000 0.765092 0.833333 3.306559 2.129163 -71.565051 1.000000 0.956808 3.605551 -123.690068 2.000000 0.000000 
60.000000 28.000000 27.483190 2.000000 11.000000 13.869000 0.972352 0.392857 8.660612 2.022428 23.482260 0.733333 0.477709 8.062258 150.255119 2.599735 68.198591 
15.000000 33.000000 38.949621 3.000000 17.000000 25.498000 0.992156 0.170000 14.468356 1.808604 45.000000 1.000000 0.260450 14.142136 135.000000 2.121320 45.000000 
43.000000 29.000000 44.914974 1.000000 26.000000 21.064000 0.934685 0.520000 10.306085 3.663564 74.099550 0.838710 0.557637 10.770330 111.801409 4.314555 -168.690068 
50.000000 33.000000 40.353316 1.000000 27.000000 22.586000 0.962755 0.409091 11.836001 3.200164 -22.082262 0.843750 0.512596 11.704700 -160.016893 3.794733 -71.565051 
56.000000 32.000000 46.726160 1.000000 10.000000 11.330000 0.949149 0.555556 7.052440 2.220307 -72.076566 0.833333 0.600036 6.708204 -116.565051 2.667892 -14.036243 
39.000000 33.000000 22.584002 3.000000 2.000000 2.812000 0.925820 0.500000 3.055050 1.154701 45.000000 1.000000 0.709058 2.828427 135.000000 1.414214 45.000000 
60.000000 34.000000 37.682016 1.000000 5.000000 4.962000 0.765092 0.833333 3.306559 2.129163 -71.565051 1.000000 0.956808 3.605551 -123.690068 2.000000 0.000000 
55.000000 38.000000 31.952840 1.000000 17.000000 15.432000 0.949286 0.708333 8.808956 2.769665 84.060344 0.894737 0.619251 8.246211 104.036243 3.000000 0.000000 
39.000000 38.000000 29.047612 1.000000 26.000000 25.993000 0.977883 0.666667 13.807068 2.887774 -85.616173 0.812500 0.384915 13.152946 -98.746162 3.000000 0.000000 
30.000000 41.000000 28.172298 4.000000 2.000000 2.812000 0.925820 0.500000 3.055050 1.154701 45.000000 1.000000 0.709058 2.828427 135.000000 1.414214 45.000000 
34.000000 40.000000 20.919405 3.000000 2.000000 2.812000 0.925820 0.500000 3.055050 1.154701 45.000000 1.000000 0.709058 2.828427 135.000000 1.414214 45.000000 
52.000000 41.000000 25.520033 1.000000 7.000000 9.180000 0.906434 0.700000 5.162168 2.180225 -8.677012 0.875000 0.579394 5.385165 -158.198591 2.000000 -90.000000 
30.000000 43.000000 25.081721 1.000000 6.000000 6.277000 0.456435 0.666667 3.265986 2.905933 26.565051 0.857143 0.849942 3.605551 123.690068 3.000000 -90.000000 
51.000000 42.000000 26.926743 1.000000 5.000000 6.368000 0.923687 0.625000 4.492622 1.721341 -69.006394 0.833333 0.694794 4.472136 -116.565051 2.000000 0.000000 
27.000000 44.000000 30.760356 1.000000 11.000000 13.034000 0.899305 0.366667 6.631394 2.900051 36.793208 0.916667 0.528302 7.211103 146.309932 3.535534 45.000000 
42.000000 46.000000 30.705973 1.000000 10.000000 11.421000 0.946709 0.555556 6.828563 2.199409 15.688787 0.833333 0.592560 6.708204 153.434949 2.667892 -104.036243 
7.000000 49.000000 33.566980 5.000000 14.000000 17.789000 0.980164 0.388889 10.428898 2.066908 18.434949 0.777778 0.401583 9.848858 156.037511 2.529822 71.565051 
60.000000 46.000000 25.149501 1.000000 4.000000 8.436000 0.759555 0.444444 4.163332 2.708013 -45.000000 0.666667 0.375002 4.242641 -135.000000 2.828427 135.000000 
57.000000 49.000000 28.579813 1.000000 29.000000 19.675000 0.872420 0.604167 9.153574 4.473868 24.580698 0.878788 0.700013 9.433981 147.994617 5.366563 -116.565051 
47.000000 48.000000 27.211286 1.000000 13.000000 16.168000 0.970973 0.722222 9.067684 2.168902 88.740026 0.866667 0.438134 9.055385 96.340192 2.000000 0.000000 
34.000000 49.000000 20.945136 6.000000 1.000000 0.000000 0.000000 1.000000 1.154701 1.154701 0.000000 1.000000 1.000000 1.414214 135.000000 1.000000 -90.000000 
12.000000 52.000000 31.339272 1.000000 9.000000 10.032000 0.299566 0.562500 3.984056 3.801090 61.845034 0.818182 0.651694 4.472136 116.565051 4.000000 -90.000000 
38.000000 56.000000 27.884261 5.000000 11.000000 14.696000 0.975798 0.458333 8.775032 1.918855 18.910303 0.846154 0.434440 8.544004 159.443955 2.529822 -108.434949 
9.000000 57.000000 51.350160 5.000000 33.000000 22.743000 0.903661 0.660000 10.530356 4.509609 4.170229 0.916667 0.618929 10.440307 -163.300756 5.000000 -90.000000 
59.000000 59.000000 28.299403 1.000000 6.000000 9.643000 0.950897 0.400000 6.207344 1.921224 56.647282 0.750000 0.461304 5.830952 120.963757 2.496151 33.690068 
51.000000 58.000000 24.320584 1.000000 6.000000 8.328000 0.951618 0.600000 5.664082 1.740486 -14.655004 0.857143 0.573146 5.385165 -158.198591 2.000000 -90.000000 
7.000000 62.000000 41.597513 2.000000 10.000000 10.958000 0.722782 0.500000 5.561774 3.843609 5.710593 0.769231 0.632116 5.385165 158.198591 3.880570 75.963757 
23.000000 62.000000 32.158104 1.000000 35.000000 33.858000 0.975609 0.514706 16.603746 3.644765 -85.368237 0.777778 0.321280 17.117243 -96.709837 3.776094 175.914383 
41.000000 66.000000 22.819393 1.000000 13.000000 22.214000 0.991187 0.185714 14.475697 1.917570 -54.500778 0.590909 0.254101 12.206556 -124.992020 2.773501 -33.690068 
10.000000 64.000000 32.470238 4.000000 11.000000 14.051000 0.479339 0.687500 4.859706 4.265023 23.487467 0.785714 0.467649 5.656854 135.000000 4.000000 -90.000000 
61.000000 65.000000 20.889266 5.000000 1.000000 0.000000 0.000000 1.000000 1.154701 1.154701 0.000000 1.000000 1.000000 1.414214 135.000000 1.000000 -90.000000 
6.000000 68.000000 31.697285 6.000000 20.000000 18.616000 0.954950 0.740741 10.112392 3.001032 -6.746911 0.869565 0.530907 9.486833 -161.565051 3.000000 -90.000000 
57.000000 68.000000 34.142634 1.000000 8.000000 10.586000 0.899762 0.533333 5.754246 2.511041 -80.191060 0.800000 0.533471 5.385165 -111.801409 2.910428 -14.036243 
11.000000 71.000000 23.752365 7.000000 7.000000 8.882000 0.942088 0.700000 5.788786 1.941356 -9.615336 0.875000 0.608470 5.385165 -158.198591 2.000000 -90.000000 
50.000000 70.000000 32.631625 1.000000 1.000000 0.000000 0.000000 1.000000 1.154701 1.154701 0.000000 1.000000 1.000000 1.414214 135.000000 1.000000 -90.000000 
59.000000 77.000000 39.777090 1.000000 59.000000 41.293000 0.980286 0.621053 20.922497 4.133922 5.760801 0.766234 0.375508 19.416488 168.111342 4.858987 -96.340192 
44.000000 71.000000 25.023157 1.000000 3.000000 3.920000 0.942809 1.000000 3.464102 1.154701 90.000000 1.000000 0.756007 3.162278 108.434949 1.000000 0.000000 
45.000000 77.000000 28.352279 1.000000 23.000000 28.466000 0.988422 0.410714 16.205007 2.458761 -79.303749 0.696970 0.289304 14.560220 -105.945396 3.100868 -7.125016 
54.000000 77.000000 22.674266 2.000000 3.000000 3.920000 0.942809 1.000000 3.464102 1.154701 90.000000 1.000000 0.756007 3.162278 108.434949 1.000000 0.000000 
11.000000 81.000000 26.970779 8.000000 16.000000 17.806000 0.953876 0.333333 9.166856 2.751892 -37.004785 0.842105 0.458207 10.000000 -143.130102 3.535534 -45.000000 
30.000000 78.000000 32.986125 1.000000 11.000000 12.736000 0.965422 0.523810 7.900901 2.059715 -71.565051 0.846154 0.548319 7.615773 -113.198591 2.529822 -18.434949 
45.000000 81.000000 30.091084 1.000000 29.000000 35.297000 0.991926 0.284314 19.469161 2.469097 -76.816814 0.690476 0.246645 18.027756 -109.440035 3.145492 167.471192 
20.000000 83.000000 31.493621 2.000000 18.000000 30.658000 0.994830 0.142857 18.969560 1.926485 60.138512 0.642857 0.197997 16.124515 119.744881 2.728764 29.744881 
38.000000 89.000000 29.679229 1.000000 22.000000 30.327000 0.958663 0.366667 14.204517 4.041828 -79.029115 0.536585 0.246807 12.369317 -104.036243 5.000000 0.000000 
13.000000 88.000000 29.919036 2.000000 7.000000 7.501000 0.755897 0.583333 4.172402 2.731631 33.400705 0.875000 0.776628 4.472136 153.434949 3.000000 -90.000000 
16.000000 89.000000 25.761325 11.000000 3.000000 4.590000 0.928995 0.500000 3.854129 1.426385 -61.845034 1.000000 0.630657 3.605551 -123.690068 1.788854 -26.565051 
58.000000 89.000000 31.330367 1.000000 9.000000 14.622000 0.726312 0.360000 5.426396 3.729914 -48.652880 0.692308 0.358419 5.656854 -135.000000 3.535534 -45.000000 
16.000000 96.000000 32.989741 5.000000 20.000000 21.064000 0.978115 0.454545 11.697154 2.433772 17.510353 0.869565 0.428952 11.704700 160.016893 3.152963 75.963757 
9.000000 94.000000 27.597611 7.000000 7.000000 8.328000 0.930558 0.700000 5.262061 1.926673 -14.678877 0.875000 0.668670 5.385165 -158.198591 2.000000 -90.000000 
49.000000 93.000000 49.405125 1.000000 44.000000 29.417000 0.960168 0.423077 15.104401 4.220543 -66.418830 0.880000 0.521592 14.422205 -123.690068 4.919350 -26.565051 
56.000000 93.000000 27.313423 1.000000 11.000000 12.455000 0.862562 0.611111 6.089043 3.080755 -2.199353 0.785714 0.568255 6.324555 -161.565051 3.000000 -90.000000 
19.000000 97.000000 23.036091 2.000000 2.000000 1.960000 0.866025 1.000000 2.309401 1.154701 90.000000 1.000000 0.965669 2.236068 116.565051 1.000000 0.000000 
27.000000 97.000000 37.116799 1.000000 28.000000 21.982000 0.915910 0.622222 10.467365 4.201424 -79.295373 0.777778 0.557448 10.295630 -119.054604 4.850713 165.963757 
58.000000 98.000000 48.122888 1.000000 11.000000 13.216000 0.928576 0.458333 7.070707 2.624242 -71.740803 0.785714 0.516611 6.708204 -116.565051 3.152963 -14.036243 
35.000000 99.000000 55.144129 1.000000 20.000000 17.045000 0.802269 0.571429 7.681202 4.585390 -81.106971 0.769231 0.616757 7.615773 -113.198591 4.706787 -11.309932 
43.000000 101.000000 50.762436 1.000000 12.000000 14.142000 0.956020 0.428571 8.110806 2.378923 -73.419265 0.750000 0.504804 7.615773 -113.198591 2.846050 -18.434949 
5.000000 104.000000 23.601376 5.000000 8.000000 10.288000 0.956611 0.666667 6.470141 1.885191 11.525650 0.888889 0.557409 6.324555 161.565051 2.000000 -90.000000 
39.000000 101.000000 45.654060 1.000000 8.000000 8.626000 0.537086 0.500000 4.163332 3.511885 26.565051 0.888889 0.725980 4.472136 153.434949 3.535534 45.000000 
44.000000 103.000000 32.972645 1.000000 4.000000 5.053000 0.866025 0.666667 3.651484 1.825742 -71.565051 0.800000 0.748540 3.605551 -123.690068 2.000000 0.000000 
53.000000 104.000000 54.653839 1.000000 48.000000 33.866000 0.977570 0.600000 18.060565 3.803784 -79.669390 0.827586 0.440422 16.763055 -107.354025 4.510671 -11.309932 
8.000000 113.000000 28.398012 4.000000 30.000000 30.732000 0.985735 0.285714 16.514735 2.779523 25.393969 0.769231 0.328555 16.552945 154.983107 3.422308 65.224859 
20.000000 106.000000 21.415734 6.000000 2.000000 1.960000 0.866025 1.000000 2.309401 1.154701 0.000000 1.000000 0.965669 2.236068 153.434949 1.000000 -90.000000 
19.000000 109.000000 22.926334 5.000000 3.000000 4.590000 0.928995 0.500000 3.854129 1.426385 28.154966 1.000000 0.630657 3.605551 146.309932 1.788854 63.434949 
35.000000 112.000000 29.141805 5.000000 18.000000 19.658000 0.980598 0.450000 11.862386 2.325351 17.454040 0.782609 0.435139 10.770330 158.198591 2.846050 71.565051 
48.000000 112.000000 31.998541 7.000000 6.000000 6.368000 0.833333 0.750000 4.000000 2.211083 0.000000 1.000000 0.833753 4.123106 165.963757 2.000000 -90.000000 
58.000000 111.000000 41.143799 1.000000 15.000000 15.432000 0.959637 0.625000 8.823793 2.481622 83.698615 0.833333 0.546398 8.246211 104.036243 2.959182 -170.537678 
52.000000 112.000000 31.538341 2.000000 7.000000 8.717000 0.843754 0.583333 4.619135 2.479231 57.731673 0.875000 0.625521 5.000000 126.869898 2.828427 45.000000 
37.000000 117.000000 27.023980 2.000000 8.000000 11.810000 0.972693 0.333333 7.649481 1.775419 55.035763 0.800000 0.449702 7.211103 123.690068 2.400000 -143.130102 
49.000000 115.000000 35.026151 5.000000 14.000000 10.867000 0.757320 0.700000 5.427055 3.544105 28.615750 1.000000 0.896497 5.830952 149.036243 4.000000 -90.000000 
53.000000 116.000000 67.964797 4.000000 21.000000 17.326000 0.859859 0.525000 7.970673 4.069283 15.998001 0.875000 0.629935 8.246211 165.963757 5.000000 -90.000000 
50.000000 120.000000 42.635387 1.000000 19.000000 15.639000 0.524556 0.633333 5.730936 4.879182 -34.360198 0.863636 0.676932 6.403124 -128.659808 5.000000 -90.000000 
23.000000 124.000000 62.728651 6.000000 40.000000 32.088000 0.974119 0.444444 16.688529 3.772221 -12.336541 0.727273 0.405000 15.524175 -165.068583 4.850713 -75.963757 
32.000000 121.000000 48.717807 1.000000 18.000000 13.960000 0.840136 0.600000 6.886955 3.735313 42.842781 0.900000 0.773409 7.211103 146.309932 4.242641 45.000000 
44.000000 122.000000 27.989825 1.000000 7.000000 9.461000 0.954630 0.466667 6.296111 1.874953 69.699353 0.777778 0.553845 5.830952 120.963757 2.213594 18.434949 
36.000000 121.000000 30.800362 1.000000 9.000000 12.339000 0.864942 0.450000 6.374200 3.199027 -58.948636 0.750000 0.471930 6.403124 -128.659808 3.800000 -36.869898 
8.000000 128.000000 43.311511 1.000000 25.000000 23.942000 0.909765 0.462963 10.445131 4.336023 18.188046 0.757576 0.428289 10.816654 146.309932 5.705598 60.255119 
29.000000 123.000000 35.267945 1.000000 5.000000 6.550000 0.889464 0.625000 4.253087 1.943686 84.847577 1.000000 0.668944 4.123106 104.036243 2.000000 0.000000 
55.000000 124.000000 53.820653 1.000000 35.000000 26.481000 0.962952 0.538462 13.911271 3.751509 -81.963145 0.795455 0.501224 13.341664 -102.994617 4.278660 174.289407 
17.000000 128.000000 24.364343 6.000000 10.000000 10.958000 0.888525 0.555556 5.790354 2.656778 -2.079821 0.833333 0.632116 6.082763 170.537678 3.000000 -90.000000 
30.000000 125.000000 50.268768 2.000000 8.000000 8.626000 0.704561 0.666667 4.191542 2.974499 13.649786 0.888889 0.725980 4.472136 153.434949 3.000000 -90.000000 
34.000000 127.000000 26.135557 1.000000 8.000000 12.893000 0.981511 0.571429 8.571750 1.640663 85.734617 0.800000 0.391007 7.280110 105.945396 2.000000 0.000000 
28.000000 129.000000 48.526132 1.000000 16.000000 13.216000 0.615124 0.533333 5.418107 4.271801 -2.582621 0.888889 0.751434 6.324555 -161.565051 4.743416 -108.434949 
49.000000 128.000000 37.344821 2.000000 6.000000 7.683000 0.723566 0.666667 3.956404 2.730930 65.300647 0.857143 0.643484 4.242641 135.000000 3.000000 -90.000000 
54.000000 128.000000 54.440412 1.000000 13.000000 14.696000 0.919504 0.433333 7.706137 3.029126 -67.576394 0.684211 0.513429 7.211103 -123.690068 3.528211 -21.801409 
59.000000 130.000000 66.123792 1.000000 18.000000 14.994000 0.705074 0.600000 6.221561 4.411918 74.215514 0.857143 0.687731 6.708204 116.565051 5.000000 0.000000 
35.000000 132.000000 30.689690 9.000000 5.000000 7.220000 0.948099 0.416667 5.066665 1.611077 -54.720017 0.833333 0.585230 5.000000 -126.869898 2.121320 -45.000000 
43.000000 132.000000 38.449158 1.000000 25.000000 18.343000 0.932534 0.694444 9.711174 3.506531 77.597440 0.925926 0.680606 9.486833 108.434949 4.000000 0.000000 
10.000000 132.000000 27.431553 1.000000 5.000000 4.962000 0.765092 0.833333 3.306559 2.129163 71.565051 1.000000 0.956808 3.605551 123.690068 2.000000 0.000000 
27.000000 137.000000 98.876276 2.000000 58.000000 31.096000 0.911577 0.637363 14.293241 5.876363 -13.640399 0.852941 0.621772 13.928388 -158.962489 6.616379 -77.471192 
53.000000 135.000000 33.173045 1.000000 24.000000 27.358000 0.958629 0.333333 12.660548 3.603929 48.378905 0.666667 0.324215 11.401754 127.874984 4.737365 39.805571 
6.000000 133.000000 29.437382 1.000000 10.000000 11.438000 0.724385 0.500000 4.958139 3.418117 -56.692611 0.833333 0.591179 5.656854 -135.000000 3.535534 -45.000000 
39.000000 137.000000 50.954078 1.000000 21.000000 17.326000 0.934944 0.583333 9.127816 3.238511 -14.252836 0.913043 0.629935 9.219544 -167.471192 3.794733 108.434949 
61.000000 136.000000 97.718510 2.000000 4.000000 3.556000 0.000000 1.000000 2.309401 2.309401 0.000000 1.000000 1.000000 2.828427 135.000000 2.000000 -90.000000 
21.000000 136.000000 20.864939 3.000000 1.000000 0.000000 0.000000 1.000000 1.154701 1.154701 0.000000 1.000000 1.000000 1.414214 135.000000 1.000000 -90.000000 
17.000000 138.000000 27.587738 1.000000 5.000000 5.624000 0.000000 0.555556 2.780887 2.780887 0.000000 1.000000 0.817744 3.162278 108.434949 2.828427 -45.000000 
56.000000 138.000000 109.694010 1.000000 27.000000 22.950000 0.934877 0.490909 10.883999 3.863518 71.749670 0.818182 0.498394 11.401754 105.255119 4.642383 21.801409 
19.000000 139.000000 37.872631 2.000000 7.000000 8.055000 0.909717 0.583333 5.175277 2.148922 67.500000 0.777778 0.701675 5.000000 126.869898 2.529822 18.434949 
8.000000 154.000000 72.684081 4.000000 93.000000 57.560000 0.987727 0.344444 29.955564 4.678774 -18.162022 0.768595 0.317170 28.460499 -161.565051 6.185419 -69.145542 
60.000000 139.000000 31.433806 11.000000 3.000000 3.093000 0.730297 0.750000 2.581989 1.763834 -45.000000 1.000000 0.969873 2.828427 -135.000000 2.000000 -90.000000 
12.000000 140.000000 31.623154 1.000000 5.000000 4.962000 0.765092 0.833333 3.306559 2.129163 71.565051 1.000000 0.956808 3.605551 123.690068 2.000000 0.000000 
15.000000 140.000000 42.503046 1.000000 14.000000 10.958000 0.651305 0.700000 5.082604 3.856762 -30.762898 0.933333 0.884962 5.656854 -135.000000 4.000000 -90.000000 
46.000000 142.000000 42.361989 1.000000 31.000000 31.212000 0.856243 0.402597 12.475318 6.444417 -83.215063 0.574074 0.330086 11.180340 100.304846 7.000000 0.000000 
13.000000 143.000000 28.925648 3.000000 7.000000 7.501000 0.755897 0.583333 4.172402 2.731631 33.400705 0.875000 0.776628 4.472136 153.434949 3.000000 -90.000000 
26.000000 143.000000 73.164064 7.000000 6.000000 5.905000 0.632456 0.666667 3.333333 2.581989 -45.000000 1.000000 0.921279 3.605551 -146.309932 2.828427 -45.000000 
41.000000 145.000000 30.553711 1.000000 18.000000 21.453000 0.952069 0.500000 10.111215 3.092862 -15.277665 0.692308 0.373941 9.848858 -156.037511 3.530090 101.309932 
53.000000 142.000000 58.269274 1.000000 13.000000 13.935000 0.658733 0.520000 5.840025 4.393898 36.825914 0.764706 0.560210 6.403124 128.659808 4.949747 -135.000000 
59.000000 144.000000 37.847951 1.000000 8.000000 9.552000 0.877927 0.533333 5.424193 2.597074 82.981878 0.800000 0.623923 5.385165 111.801409 2.910428 -165.963757 
29.000000 147.000000 93.392408 1.000000 25.000000 15.738000 0.782926 0.714286 7.351491 4.573471 -12.331907 0.892857 0.881383 7.615773 -156.801409 5.000000 -90.000000 
18.000000 147.000000 26.427391 8.000000 6.000000 6.186000 0.833333 0.666667 4.000000 2.211083 53.130102 1.000000 0.866607 4.242641 135.000000 2.683282 26.565051 
55.000000 148.000000 64.015480 1.000000 29.000000 25.381000 0.969162 0.439394 13.677489 3.370444 -68.478397 0.763158 0.447950 12.529964 -118.610460 4.427189 161.565051 
46.000000 148.000000 37.078758 1.000000 6.000000 8.998000 0.940866 0.375000 5.717717 1.937049 50.309828 0.857143 0.511626 5.656854 135.000000 2.496151 -146.309932 
20.000000 150.000000 43.644376 2.000000 23.000000 15.730000 0.770643 0.657143 6.984897 4.451248 -20.086571 0.920000 0.811560 7.615773 -156.801409 5.000000 -90.000000 
26.000000 151.000000 36.483577 1.000000 8.000000 11.992000 0.845395 0.400000 5.607596 2.995252 -58.567570 0.727273 0.438951 5.385165 -111.801409 3.328201 146.309932 
15.000000 152.000000 23.075717 7.000000 4.000000 6.368000 0.958153 0.500000 4.964579 1.421135 -22.500000 0.800000 0.555835 4.472136 -153.434949 1.788854 -63.434949 
36.000000 150.000000 61.745542 1.000000 36.000000 28.954000 0.928669 0.467532 12.294091 4.560000 -72.274372 0.720000 0.439159 11.704700 -109.983107 5.769144 -15.945396 
57.000000 156.000000 160.584606 1.000000 49.000000 27.631000 0.877633 0.490000 11.949830 5.727958 53.780555 0.875000 0.650246 12.806248 141.340192 6.933752 -146.309932 
20.000000 154.000000 31.167870 1.000000 7.000000 11.810000 0.898693 0.350000 6.283365 2.755750 62.496010 0.636364 0.393489 5.830952 120.963757 3.130495 -153.434949 
33.000000 154.000000 54.117016 8.000000 23.000000 19.874000 0.909874 0.410714 9.253232 3.839026 -53.714931 0.920000 0.545624 8.944272 -116.565051 4.919350 -26.565051 
47.000000 154.000000 90.363429 1.000000 47.000000 29.128000 0.927133 0.489583 13.454034 5.041668 -65.967833 0.796610 0.567180 13.000000 -112.619865 5.908789 -23.198591 
35.000000 162.000000 49.057705 1.000000 58.000000 56.337000 0.989835 0.180124 30.580635 4.349243 -60.757855 0.508772 0.206023 26.419690 -119.475889 5.588957 -27.758541 
21.000000 158.000000 37.366747 1.000000 1.000000 0.000000 0.000000 1.000000 1.154701 1.154701 0.000000 1.000000 1.000000 1.414214 135.000000 1.000000 -90.000000 
42.000000 159.000000 65.749227 1.000000 53.000000 32.618000 0.944930 0.407692 15.325357 5.015550 -60.612387 0.828125 0.520836 15.264338 -121.607502 5.813777 -26.565051 
16.000000 161.000000 29.063132 3.000000 17.000000 23.620000 0.921238 0.377778 10.792320 4.198218 9.410284 0.548387 0.298287 9.486833 161.565051 5.000000 -90.000000 
50.000000 161.000000 134.657317 1.000000 30.000000 17.988000 0.738078 0.625000 7.752714 5.230878 32.677613 1.000000 0.844401 8.544004 159.443955 5.656854 45.000000 
22.000000 164.000000 38.094433 9.000000 8.000000 10.495000 0.652319 0.500000 4.606944 3.491810 -42.618179 0.727273 0.540615 5.000000 -143.130102 3.794733 108.434949 
14.000000 167.000000 55.079774 5.000000 31.000000 18.459000 0.402152 0.632653 6.844307 6.266461 52.384599 0.861111 0.834911 7.810250 129.805571 6.933752 33.690068 
5.000000 168.000000 35.820195 7.000000 8.000000 8.998000 0.580609 0.500000 4.205954 3.424415 -28.488066 0.888889 0.682168 4.472136 -153.434949 3.794733 108.434949 
24.000000 166.000000 44.611459 9.000000 17.000000 12.844000 0.541452 0.566667 5.294375 4.451149 -7.018122 0.944444 0.835990 6.082763 170.537678 4.919350 116.565051 
50.000000 166.000000 66.883448 7.000000 3.000000 3.093000 0.730297 0.750000 2.581989 1.763834 45.000000 1.000000 0.969873 2.828427 135.000000 2.000000 -90.000000 
33.000000 171.000000 132.880327 1.000000 82.000000 39.035000 0.959636 0.569444 19.996252 5.623877 -75.731057 0.863158 0.579270 18.681542 -105.524111 6.305926 165.963757 
46.000000 170.000000 138.606978 1.000000 37.000000 25.381000 0.879192 0.528571 11.135429 5.305682 28.385555 0.770833 0.571523 11.180340 153.434949 6.708204 -116.565051 
8.000000 170.000000 45.601877 8.000000 14.000000 11.992000 0.767537 0.583333 5.577536 3.575227 76.774542 0.933333 0.768164 6.324555 108.434949 4.000000 0.000000 
20.000000 171.000000 37.810053 1.000000 20.000000 23.231000 0.946233 0.400000 11.751418 3.801427 78.255891 0.606061 0.361355 10.198039 101.309932 4.510671 -168.690068 
12.000000 172.000000 62.014617 1.000000 22.000000 16.028000 0.499924 0.523810 6.390035 5.534213 -65.069134 0.814815 0.752327 7.071068 98.130102 5.656854 -45.000000 
31.000000 176.000000 74.347487 1.000000 26.000000 25.100000 0.972696 0.361111 13.562131 3.147516 -70.755287 0.702703 0.409642 12.649111 -108.434949 4.427189 -18.434949 
18.000000 176.000000 64.902657 1.000000 40.000000 20.717000 0.754941 0.625000 9.039984 5.928352 -50.370282 1.000000 0.883040 9.433981 -147.994617 6.363961 -45.000000 
50.000000 178.000000 24.386341 1.000000 5.000000 6.368000 0.923687 0.625000 4.492622 1.721341 20.993606 1.000000 0.694794 4.472136 153.434949 2.000000 -90.000000 
43.000000 177.000000 109.471092 3.000000 27.000000 20.138000 0.733106 0.562500 7.754909 5.274228 -1.712931 0.794118 0.626070 8.062258 150.255119 5.883484 -101.309932 
28.000000 179.000000 111.757396 1.000000 44.000000 29.946000 0.967505 0.483516 15.650074 3.957171 -74.287175 0.830189 0.505047 14.764823 -118.300756 4.365641 -14.036243 
38.000000 180.000000 115.337634 1.000000 35.000000 19.650000 0.708119 0.729167 8.326281 5.879133 -72.533971 1.000000 0.846698 8.944272 -116.565051 6.000000 0.000000 
21.000000 182.000000 42.366114 7.000000 17.000000 14.250000 0.729030 0.472222 6.053997 4.143850 -42.063686 0.944444 0.706285 6.324555 -161.565051 4.242641 -45.000000 
35.000000 186.000000 58.285235 1.000000 42.000000 40.995000 0.990613 0.315789 22.274500 3.044782 -74.051221 0.711864 0.270933 20.248457 -110.224859 4.330268 -12.094757 
45.000000 187.000000 135.241791 1.000000 46.000000 25.472000 0.893735 0.696970 12.005583 5.385651 -14.522368 0.920000 0.706030 12.083046 -155.556045 6.000000 -90.000000 
10.000000 184.000000 20.965739 11.000000 1.000000 0.000000 0.000000 1.000000 1.154701 1.154701 0.000000 1.000000 1.000000 1.414214 135.000000 1.000000 -90.000000 
25.000000 186.000000 66.013951 1.000000 8.000000 11.529000 0.921312 0.400000 6.366945 2.475618 -27.231161 0.727273 0.467094 5.830952 -149.036243 3.050851 -56.309932 
12.000000 186.000000 35.774142 9.000000 10.000000 8.998000 0.773102 0.666667 4.712847 2.989271 82.311874 1.000000 0.852711 5.099020 101.309932 3.000000 0.000000 
18.000000 188.000000 71.760667 1.000000 47.000000 27.151000 0.924011 0.783333 13.174380 5.037441 -88.467406 0.886792 0.643628 12.369317 -104.036243 5.000000 0.000000 
33.000000 190.000000 119.397131 1.000000 57.000000 37.621000 0.971246 0.527778 18.601015 4.428471 -81.265331 0.802817 0.431083 18.110770 -96.340192 5.099020 -11.309932 
11.000000 190.000000 23.015707 2.000000 6.000000 9.180000 0.933428 0.400000 5.716842 2.051001 72.906939 0.750000 0.496624 5.385165 111.801409 2.425356 -165.963757 
13.000000 197.000000 24.539932 5.000000 13.000000 14.787000 0.941157 0.619048 7.865852 2.658427 12.574221 0.866667 0.508231 7.615773 156.801409 3.000000 -90.000000 
43.000000 192.000000 88.787884 1.000000 11.000000 8.791000 0.684690 0.916667 4.496908 3.277500 74.929307 1.000000 0.970807 5.000000 126.869898 3.000000 0.000000 
21.000000 196.000000 26.617825 1.000000 16.000000 20.436000 0.958051 0.253968 10.491125 3.006738 51.416274 0.727273 0.361685 10.816654 123.690068 3.815992 -147.994617 
44.000000 198.000000 72.027803 1.000000 37.000000 29.111000 0.962877 0.440476 14.978842 4.043412 20.413079 0.740000 0.446974 13.892444 149.743563 4.798687 69.443955 
50.000000 195.000000 69.742757 2.000000 26.000000 17.045000 0.833117 0.650000 8.052468 4.453791 -20.911858 0.962963 0.801784 8.544004 -159.443955 5.000000 -90.000000 
55.000000 201.000000 113.402789 1.000000 37.000000 25.117000 0.889930 0.456790 11.085600 5.056115 -49.776406 0.804348 0.582251 10.816654 -146.309932 6.363961 -45.000000 
48.000000 201.000000 125.021523 1.000000 22.000000 15.548000 0.733620 0.611111 6.889137 4.681581 49.767733 0.916667 0.791467 7.211103 123.690068 5.547002 56.309932 
11.000000 202.000000 23.670602 3.000000 8.000000 10.288000 0.956611 0.666667 6.470141 1.885191 11.525650 0.888889 0.557409 6.324555 161.565051 2.000000 -90.000000 
28.000000 203.000000 21.343453 6.000000 2.000000 1.960000 0.866025 1.000000 2.309401 1.154701 0.000000 1.000000 0.965669 2.236068 153.434949 1.000000 -90.000000 
19.000000 206.000000 29.483849 9.000000 11.000000 13.125000 0.964025 0.366667 7.937768 2.109951 -48.241537 0.916667 0.522407 7.810250 -129.805571 2.828427 135.000000 
26.000000 206.000000 21.664878 10.000000 3.000000 5.624000 0.970143 0.333333 4.760952 1.154701 -45.000000 1.000000 0.490646 4.242641 -135.000000 1.414214 -45.000000 
49.000000 207.000000 185.845519 1.000000 5.000000 7.013000 0.931488 0.625000 4.881890 1.775899 79.099295 0.833333 0.609333 4.472136 116.565051 2.000000 0.000000 
60.000000 206.000000 113.048709 1.000000 15.000000 12.455000 0.592699 0.750000 5.177468 4.170058 32.491553 0.937500 0.774893 5.830952 149.036243 4.000000 -90.000000 
37.000000 208.000000 93.455419 1.000000 45.000000 28.193000 0.913605 0.511364 12.947284 5.264411 61.325428 0.849057 0.575936 13.038405 122.471192 6.201737 29.744881 
42.000000 211.000000 53.357555 1.000000 23.000000 19.005000 0.927383 0.638889 9.503696 3.555464 -12.803609 0.884615 0.589283 9.486833 -161.565051 4.000000 -90.000000 
21.000000 213.000000 77.385430 1.000000 57.000000 41.872000 0.986524 0.300000 22.836743 3.736463 69.931441 0.740260 0.353506 20.248457 110.224859 4.681646 -159.443955 
53.000000 214.000000 104.285847 1.000000 59.000000 40.896000 0.978799 0.621053 19.819902 4.059545 80.169746 0.855072 0.382309 19.646883 104.743563 5.000000 0.000000 
36.000000 215.000000 44.730095 1.000000 35.000000 26.762000 0.923266 0.530303 12.642049 4.856592 -74.127155 0.744681 0.491848 11.401754 -105.255119 5.692100 161.565051 
30.000000 217.000000 38.540223 1.000000 12.000000 14.994000 0.554636 0.600000 5.169245 4.301294 -85.332501 0.800000 0.458488 5.385165 111.801409 4.000000 0.000000 
11.000000 218.000000 40.728291 1.000000 9.000000 10.685000 0.823147 0.600000 5.431439 3.084123 80.782526 0.818182 0.591592 5.385165 -111.801409 3.000000 0.000000 
41.000000 219.000000 43.410272 1.000000 18.000000 14.051000 0.880790 0.642857 7.327380 3.469568 13.085062 0.900000 0.765243 7.280110 164.054604 3.880570 -104.036243 
48.000000 220.000000 36.212556 1.000000 13.000000 12.736000 0.942029 0.619048 7.299543 2.449229 70.670096 0.928571 0.648013 7.615773 113.198591 3.000000 0.000000 
8.000000 220.000000 30.570519 1.000000 5.000000 6.550000 0.889464 0.625000 4.253087 1.943686 84.847577 1.000000 0.668944 4.123106 104.036243 2.000000 0.000000 
59.000000 221.000000 183.024163 1.000000 15.000000 11.975000 0.723257 0.750000 5.548986 3.832011 -59.527302 0.882353 0.824885 6.403124 -128.659808 4.000000 0.000000 
22.000000 223.000000 31.302144 1.000000 40.000000 52.094000 0.948954 0.211640 25.714975 8.110902 87.088216 0.341880 0.164752 21.213203 98.130102 8.636495 6.009006 
54.000000 224.000000 179.320960 1.000000 42.000000 22.586000 0.699637 0.583333 8.989916 6.423279 36.170955 0.857143 0.797372 9.848858 156.037511 7.374439 30.963757 
41.000000 223.000000 26.113540 7.000000 3.000000 3.920000 0.942809 1.000000 3.464102 1.154701 0.000000 1.000000 0.756007 3.162278 161.565051 1.000000 -90.000000 
59.000000 225.000000 157.885179 1.000000 11.000000 10.313000 0.838093 0.550000 5.456475 2.976657 61.041094 0.916667 0.763592 5.830952 120.963757 3.535534 45.000000 
46.000000 226.000000 136.832148 1.000000 29.000000 22.197000 0.958211 0.483333 11.952847 3.419279 69.199102 0.852941 0.567601 11.180340 116.565051 3.979399 -159.443955 
7.000000 228.000000 23.494625 11.000000 5.000000 6.368000 0.923687 0.625000 4.492622 1.721341 -69.006394 0.833333 0.694794 4.472136 -116.565051 2.000000 0.000000 
38.000000 229.000000 99.269850 1.000000 20.000000 14.605000 0.742462 0.666667 6.524218 4.370497 80.859743 0.869565 0.798013 6.708204 -116.565051 4.608177 -165.963757 
50.000000 229.000000 77.296010 2.000000 20.000000 13.315000 0.713409 0.666667 6.221102 4.359422 23.487467 0.909091 0.928026 6.708204 153.434949 4.919350 -116.565051 
55.000000 233.000000 117.889192 1.000000 42.000000 29.326000 0.968206 0.461538 15.331085 3.835152 65.823723 0.840000 0.500679 14.764823 118.300756 4.472136 26.565051 
33.000000 231.000000 79.649259 1.000000 23.000000 18.451000 0.861703 0.479167 8.380837 4.252552 66.865573 0.821429 0.619909 8.062258 97.125016 4.828079 -158.198591 
46.000000 232.000000 69.258682 1.000000 22.000000 20.899000 0.837686 0.550000 8.567417 4.679116 -81.375637 0.758621 0.478346 8.544004 -110.556045 5.000000 0.000000 
7.000000 234.000000 22.581777 7.000000 3.000000 4.590000 0.928995 0.500000 3.854129 1.426385 -28.154966 0.750000 0.630657 3.605551 -146.309932 1.788854 116.565051 
39.000000 233.000000 63.307096 1.000000 16.000000 13.406000 0.802264 0.666667 6.359390 3.796358 80.760773 0.842105 0.734277 6.324555 108.434949 4.000000 0.000000 
26.000000 234.000000 42.715291 1.000000 23.000000 19.956000 0.913140 0.460000 9.399036 3.831472 81.868957 0.741935 0.541757 10.049876 95.710593 4.532899 15.945396 
36.000000 234.000000 32.714125 2.000000 5.000000 6.368000 0.576018 0.555556 3.401960 2.780887 0.000000 1.000000 0.694794 3.605551 146.309932 3.000000 -90.000000 
30.000000 235.000000 23.470571 6.000000 3.000000 3.093000 0.730297 0.750000 2.581989 1.763834 45.000000 1.000000 0.969873 2.828427 135.000000 2.000000 -90.000000 
47.000000 236.000000 74.174659 1.000000 9.000000 10.106000 0.712362 0.600000 4.764162 3.343547 74.518122 0.900000 0.644434 5.099020 101.309932 3.000000 0.000000 
