195
32.000000 115.000000 6.343885 1.000000 11266.000000 591.556000 0.959599 0.733464 275.894917 77.628927 0.300998 0.733464 0.400302 248.386795 165.068583 64.000000 -90.000000 
54.000000 4.000000 21.701590 1.000000 5.000000 6.550000 0.889464 0.625000 4.253087 1.943686 -84.847577 0.833333 0.668944 4.123106 104.036243 2.000000 0.000000 
58.000000 5.000000 24.731828 1.000000 15.000000 12.918000 0.901417 0.714286 6.919439 2.995779 -79.391015 1.000000 0.730856 7.280110 -105.945396 3.000000 0.000000 
46.000000 9.000000 23.118604 1.000000 35.000000 37.414000 0.991501 0.368421 20.444852 2.659831 80.238261 0.714286 0.267409 19.416488 101.888658 3.452379 9.462322 
18.000000 11.000000 43.742484 1.000000 75.000000 55.691000 0.992401 0.308642 29.336653 3.609776 73.515311 0.757576 0.272292 27.892651 104.534455 4.472996 15.255119 
56.000000 14.000000 17.371225 1.000000 1.000000 0.000000 0.000000 1.000000 1.154701 1.154701 0.000000 1.000000 1.000000 1.414214 135.000000 1.000000 -90.000000 
53.000000 15.000000 21.389677 2.000000 1.000000 0.000000 0.000000 1.000000 1.154701 1.154701 0.000000 1.000000 1.000000 1.414214 135.000000 1.000000 -90.000000 
51.000000 16.000000 19.108907 2.000000 2.000000 1.960000 0.866025 1.000000 2.309401 1.154701 90.000000 1.000000 0.965669 2.236068 116.565051 1.000000 0.000000 
37.000000 18.000000 18.356808 1.000000 7.000000 12.918000 0.982915 0.333333 8.488938 1.562476 -71.887528 0.700000 0.341066 7.615773 -113.198591 1.897367 -18.434949 
54.000000 21.000000 20.278028 1.000000 15.000000 27.432000 0.995520 0.214286 17.171417 1.623502 71.088188 0.625000 0.201655 14.866069 109.653824 2.213594 -161.565051 
8.000000 22.000000 29.644815 2.000000 14.000000 17.326000 0.974104 0.388889 9.692554 2.191507 71.538817 0.777778 0.419957 9.848858 113.962489 2.846050 -161.565051 
32.000000 22.000000 23.018285 1.000000 15.000000 16.656000 0.969796 0.555556 9.481791 2.312785 76.006273 0.882353 0.480924 9.486833 108.434949 2.910428 14.036243 
48.000000 28.000000 26.133208 1.000000 56.000000 53.309000 0.995058 0.358974 29.372905 2.916548 82.805555 0.682927 0.220831 26.683328 102.994617 3.644240 -173.659808 
12.000000 28.000000 29.152813 1.000000 36.000000 30.376000 0.983191 0.750000 16.483931 3.009618 -85.669301 0.900000 0.402686 16.124515 -97.125016 3.000000 0.000000 
51.000000 34.000000 25.085422 1.000000 24.000000 27.126000 0.978336 0.571429 14.287743 2.957918 86.865885 0.705882 0.329204 14.035669 94.085617 3.000000 0.000000 
22.000000 35.000000 34.656886 1.000000 42.000000 39.060000 0.981896 0.368421 20.089264 3.805314 77.009863 0.688525 0.296348 19.416488 101.888658 4.609640 -167.905243 
54.000000 39.000000 16.880570 2.000000 1.000000 0.000000 0.000000 1.000000 1.154701 1.154701 0.000000 1.000000 1.000000 1.414214 135.000000 1.000000 -90.000000 
61.000000 39.000000 17.762892 8.000000 1.000000 0.000000 0.000000 1.000000 1.154701 1.154701 0.000000 1.000000 1.000000 1.414214 135.000000 1.000000 -90.000000 
26.000000 40.000000 29.256682 1.000000 23.000000 22.561000 0.970916 0.522727 11.962099 2.863992 76.964532 0.793103 0.437506 11.704700 109.983107 3.452379 -170.537678 
32.000000 40.000000 22.366747 1.000000 4.000000 5.053000 0.866025 0.666667 3.651484 1.825742 -71.565051 1.000000 0.748540 3.605551 -123.690068 2.000000 0.000000 
8.000000 42.000000 20.313711 2.000000 3.000000 3.093000 0.730297 0.750000 2.581989 1.763834 -45.000000 1.000000 0.969873 2.828427 -135.000000 2.000000 -90.000000 
10.000000 43.000000 21.552014 1.000000 11.000000 12.091000 0.922789 0.611111 6.787813 2.615378 74.816182 0.846154 0.595737 6.708204 116.565051 3.000000 0.000000 
30.000000 42.000000 19.853498 1.000000 3.000000 3.093000 0.730297 0.750000 2.581989 1.763834 45.000000 1.000000 0.969873 2.828427 135.000000 2.000000 -90.000000 
48.000000 43.000000 26.080344 1.000000 21.000000 18.616000 0.948729 0.777778 9.820036 3.104016 83.034155 0.913043 0.557452 9.486833 108.434949 3.000000 0.000000 
54.000000 44.000000 18.312860 1.000000 1.000000 0.000000 0.000000 1.000000 1.154701 1.154701 0.000000 1.000000 1.000000 1.414214 135.000000 1.000000 -90.000000 
12.000000 48.000000 23.879760 1.000000 6.000000 6.368000 0.833333 0.750000 4.000000 2.211083 90.000000 1.000000 0.833753 4.123106 104.036243 2.000000 0.000000 
19.000000 49.000000 41.801746 1.000000 49.000000 29.136000 0.925304 0.753846 13.507803 5.122507 -85.689540 0.907407 0.591022 13.341664 -102.994617 5.000000 0.000000 
30.000000 49.000000 28.069612 1.000000 3.000000 3.920000 0.942809 1.000000 3.464102 1.154701 90.000000 1.000000 0.756007 3.162278 108.434949 1.000000 0.000000 
58.000000 48.000000 17.333999 3.000000 1.000000 0.000000 0.000000 1.000000 1.154701 1.154701 0.000000 1.000000 1.000000 1.414214 135.000000 1.000000 -90.000000 
36.000000 50.000000 31.064742 1.000000 24.000000 22.263000 0.974746 0.545455 12.871746 2.874474 -82.942645 0.800000 0.467301 11.401754 -105.255119 3.312946 173.659808 
46.000000 50.000000 20.036781 1.000000 11.000000 15.341000 0.974745 0.458333 9.159895 2.045600 77.014994 0.785714 0.404647 8.544004 110.556045 2.609851 -164.054604 
10.000000 52.000000 32.464358 1.000000 23.000000 20.419000 0.963897 0.460000 11.213542 2.985898 70.431485 0.821429 0.520673 10.770330 111.801409 3.676580 23.198591 
29.000000 51.000000 21.322013 1.000000 6.000000 6.368000 0.833333 0.750000 4.000000 2.211083 90.000000 1.000000 0.833753 4.123106 104.036243 2.000000 0.000000 
29.000000 54.000000 23.071653 1.000000 4.000000 6.550000 0.946293 0.500000 4.820546 1.558527 17.608796 0.800000 0.535155 4.472136 153.434949 1.897367 -108.434949 
22.000000 58.000000 28.597030 1.000000 33.000000 29.971000 0.963353 0.336735 14.773313 3.962741 65.959316 0.687500 0.378214 14.866069 109.653824 4.727032 23.198591 
33.000000 55.000000 21.460915 1.000000 7.000000 10.933000 0.973565 0.583333 7.351929 1.679251 -84.488272 0.777778 0.444054 6.324555 -108.434949 2.000000 0.000000 
44.000000 59.000000 31.742718 1.000000 33.000000 27.589000 0.977214 0.785714 14.802575 3.141947 86.855672 0.916667 0.439119 14.317821 102.094757 3.000000 0.000000 
58.000000 65.000000 20.855120 2.000000 5.000000 6.368000 0.923687 0.625000 4.492622 1.721341 69.006394 1.000000 0.694794 4.472136 116.565051 2.000000 0.000000 
30.000000 66.000000 38.996966 1.000000 42.000000 25.993000 0.949797 0.807692 13.431320 4.202213 -86.880332 0.954545 0.621786 13.152946 -98.746162 4.000000 0.000000 
46.000000 65.000000 40.075334 1.000000 64.000000 41.954000 0.987060 0.761905 23.596993 3.783823 -86.743706 0.901408 0.395477 21.377558 -100.784298 4.000000 0.000000 
8.000000 68.000000 26.203793 12.000000 4.000000 3.556000 0.000000 1.000000 2.309401 2.309401 0.000000 1.000000 1.000000 2.828427 135.000000 2.000000 -90.000000 
36.000000 68.000000 28.716586 1.000000 2.000000 1.960000 0.866025 1.000000 2.309401 1.154701 0.000000 1.000000 0.965669 2.236068 153.434949 1.000000 -90.000000 
58.000000 67.000000 22.467497 1.000000 3.000000 3.093000 0.730297 0.750000 2.581989 1.763834 -45.000000 1.000000 0.969873 2.828427 -135.000000 2.000000 -90.000000 
13.000000 69.000000 37.822284 1.000000 28.000000 22.073000 0.956741 0.848485 11.395533 3.315443 89.016093 0.965517 0.553432 11.180340 100.304846 3.000000 0.000000 
41.000000 70.000000 18.577397 1.000000 8.000000 13.588000 0.935180 0.380952 7.739678 2.741176 -82.816094 0.615385 0.359194 7.280110 -105.945396 2.794783 -9.462322 
60.000000 74.000000 25.553421 5.000000 20.000000 19.104000 0.966226 0.500000 10.548791 2.718395 16.624764 0.869565 0.507869 10.440307 163.300756 3.395499 75.963757 
51.000000 71.000000 20.575427 1.000000 14.000000 17.210000 0.967945 0.518519 9.877893 2.480953 84.595885 0.736842 0.424758 9.219544 102.528808 2.828427 -171.869898 
17.000000 74.000000 23.488132 9.000000 6.000000 8.328000 0.657643 0.500000 4.090064 3.081168 -66.255224 0.857143 0.573146 4.242641 -135.000000 3.000000 0.000000 
44.000000 74.000000 17.382410 8.000000 2.000000 1.960000 0.866025 1.000000 2.309401 1.154701 0.000000 1.000000 0.965669 2.236068 153.434949 1.000000 -90.000000 
31.000000 75.000000 22.997041 1.000000 16.000000 19.104000 0.979433 0.400000 10.961311 2.211634 -70.471155 0.842105 0.406295 10.770330 -111.801409 2.846050 161.565051 
7.000000 75.000000 17.501243 1.000000 2.000000 1.960000 0.866025 1.000000 2.309401 1.154701 90.000000 1.000000 0.965669 2.236068 116.565051 1.000000 0.000000 
21.000000 75.000000 26.201050 1.000000 4.000000 5.053000 0.866025 0.666667 3.651484 1.825742 -71.565051 1.000000 0.748540 3.605551 -123.690068 2.000000 0.000000 
21.000000 79.000000 20.188161 1.000000 13.000000 23.066000 0.988007 0.185714 13.775477 2.127017 -30.643355 0.565217 0.237848 11.661904 -149.036243 2.816729 119.054604 
13.000000 78.000000 18.706971 12.000000 2.000000 1.960000 0.866025 1.000000 2.309401 1.154701 90.000000 1.000000 0.965669 2.236068 116.565051 1.000000 0.000000 
16.000000 79.000000 22.316301 1.000000 7.000000 8.328000 0.910849 0.700000 5.125685 2.115574 85.692176 0.875000 0.668670 5.099020 101.309932 2.000000 0.000000 
49.000000 80.000000 23.468854 1.000000 14.000000 15.250000 0.968298 0.583333 9.154491 2.286767 -78.048975 0.823529 0.520115 8.544004 -110.556045 2.745626 -11.309932 
10.000000 82.000000 26.770955 2.000000 15.000000 18.459000 0.981333 0.333333 11.102402 2.135155 65.337877 0.789474 0.403989 10.295630 119.054604 2.683282 26.565051 
14.000000 83.000000 16.945270 8.000000 1.000000 0.000000 0.000000 1.000000 1.154701 1.154701 0.000000 1.000000 1.000000 1.414214 135.000000 1.000000 -90.000000 
16.000000 85.000000 18.557317 11.000000 1.000000 0.000000 0.000000 1.000000 1.154701 1.154701 0.000000 1.000000 1.000000 1.414214 135.000000 1.000000 -90.000000 
5.000000 88.000000 27.185412 1.000000 7.000000 9.180000 0.712540 0.583333 4.291469 3.011028 -83.952621 0.777778 0.579394 4.472136 116.565051 3.000000 0.000000 
25.000000 86.000000 18.775115 7.000000 5.000000 7.220000 0.845251 0.625000 4.243260 2.267468 -2.855297 0.833333 0.585230 4.123106 165.963757 2.000000 -90.000000 
60.000000 89.000000 20.810905 6.000000 5.000000 6.368000 0.923687 0.625000 4.492622 1.721341 20.993606 1.000000 0.694794 4.472136 153.434949 2.000000 -90.000000 
12.000000 90.000000 23.963749 1.000000 13.000000 17.326000 0.975596 0.481481 10.609132 2.329504 -77.057157 0.722222 0.389960 9.486833 -108.434949 2.745626 168.690068 
51.000000 91.000000 35.162596 1.000000 33.000000 30.889000 0.981017 0.550000 16.897132 3.276690 -83.859543 0.750000 0.358084 15.297059 -101.309932 3.781141 -5.710593 
8.000000 91.000000 26.967711 10.000000 7.000000 10.495000 0.946603 0.350000 6.438892 2.075905 -39.937664 0.777778 0.473038 6.403124 -141.340192 2.773501 -56.309932 
39.000000 92.000000 25.286036 1.000000 1.000000 0.000000 0.000000 1.000000 1.154701 1.154701 0.000000 1.000000 1.000000 1.414214 135.000000 1.000000 -90.000000 
29.000000 94.000000 43.504664 1.000000 40.000000 27.151000 0.956470 0.512821 14.051066 4.100512 -78.077054 0.800000 0.547768 13.341664 -102.994617 4.706787 -11.309932 
60.000000 92.000000 29.690264 8.000000 6.000000 6.922000 0.894483 0.750000 4.513541 2.018017 -77.066822 0.857143 0.744483 4.472136 -116.565051 2.000000 0.000000 
58.000000 94.000000 18.120738 5.000000 2.000000 2.812000 0.925820 0.500000 3.055050 1.154701 45.000000 1.000000 0.709058 2.828427 135.000000 1.414214 45.000000 
13.000000 97.000000 19.511364 10.000000 4.000000 8.436000 0.983739 0.250000 6.429101 1.154701 -45.000000 1.000000 0.375002 5.656854 -135.000000 1.414214 -45.000000 
19.000000 97.000000 22.546835 2.000000 6.000000 7.220000 0.509175 0.666667 3.464102 2.981424 0.000000 0.857143 0.702276 3.605551 123.690068 3.000000 -90.000000 
35.000000 96.000000 21.120629 1.000000 3.000000 3.093000 0.730297 0.750000 2.581989 1.763834 45.000000 1.000000 0.969873 2.828427 135.000000 2.000000 -90.000000 
45.000000 98.000000 26.962354 1.000000 11.000000 12.000000 0.899723 0.611111 6.599912 2.880609 -79.218993 0.785714 0.602920 6.324555 -108.434949 3.000000 0.000000 
16.000000 99.000000 42.491493 1.000000 13.000000 10.288000 0.764418 0.866667 5.186084 3.343574 90.000000 1.000000 0.905790 5.385165 111.801409 3.000000 0.000000 
53.000000 100.000000 32.538395 1.000000 27.000000 26.018000 0.980234 0.415385 14.008831 2.771522 -78.684425 0.771429 0.399035 13.341664 -102.994617 3.333974 -11.309932 
10.000000 100.000000 36.282197 1.000000 19.000000 19.104000 0.957103 0.633333 10.122920 2.933107 81.715157 0.863636 0.482476 10.198039 101.309932 3.000000 0.000000 
25.000000 101.000000 23.102935 2.000000 16.000000 13.770000 0.895277 0.571429 7.111085 3.168065 61.489710 0.941176 0.703009 7.615773 113.198591 3.882901 33.690068 
46.000000 105.000000 25.796142 1.000000 43.000000 43.666000 0.994349 0.390909 24.668473 2.618741 -81.937996 0.728814 0.246630 22.561028 -102.804266 3.304093 172.405357 
60.000000 103.000000 19.212349 1.000000 6.000000 9.180000 0.915424 0.600000 5.320122 2.141305 -6.497308 0.750000 0.496624 5.099020 168.690068 2.000000 -90.000000 
20.000000 104.000000 33.385198 1.000000 3.000000 3.920000 0.942809 1.000000 3.464102 1.154701 90.000000 1.000000 0.756007 3.162278 108.434949 1.000000 0.000000 
27.000000 106.000000 33.096548 1.000000 29.000000 21.709000 0.937177 0.725000 10.780468 3.760821 -81.447850 0.878788 0.590112 10.770330 -111.801409 4.000000 0.000000 
20.000000 107.000000 24.875840 1.000000 12.000000 15.085000 0.933813 0.342857 8.232269 2.945197 37.145681 0.705882 0.453921 8.062258 150.255119 3.772969 -120.963757 
11.000000 108.000000 21.192778 1.000000 5.000000 4.962000 0.765092 0.833333 3.306559 2.129163 18.434949 1.000000 0.956808 3.605551 146.309932 2.000000 -90.000000 
59.000000 109.000000 20.434099 7.000000 4.000000 5.880000 0.968246 1.000000 4.618802 1.154701 0.000000 1.000000 0.617595 4.123106 165.963757 1.000000 -90.000000 
15.000000 109.000000 29.403378 1.000000 20.000000 16.102000 0.866845 0.714286 7.597299 3.787838 85.863955 0.869565 0.678684 7.615773 113.198591 4.000000 0.000000 
9.000000 110.000000 24.648942 1.000000 9.000000 8.882000 0.907936 0.900000 5.399179 2.262845 -85.268839 1.000000 0.782319 5.385165 -111.801409 2.000000 0.000000 
6.000000 111.000000 21.752453 1.000000 6.000000 6.368000 0.833333 0.750000 4.000000 2.211083 90.000000 1.000000 0.833753 4.123106 104.036243 2.000000 0.000000 
7.000000 113.000000 18.303034 11.000000 2.000000 1.960000 0.866025 1.000000 2.309401 1.154701 0.000000 1.000000 0.965669 2.236068 153.434949 1.000000 -90.000000 
30.000000 116.000000 28.381996 1.000000 32.000000 28.532000 0.977990 0.571429 14.834756 3.095327 84.765026 0.800000 0.400835 14.317821 102.094757 3.530894 5.194429 
9.000000 118.000000 23.463094 1.000000 16.000000 21.064000 0.987203 0.363636 12.729719 2.030005 72.073004 0.727273 0.343161 11.704700 109.983107 2.747211 15.945396 
61.000000 118.000000 25.733377 1.000000 7.000000 8.882000 0.942088 0.700000 5.788786 1.941356 -9.615336 0.875000 0.608470 5.385165 -158.198591 2.000000 -90.000000 
23.000000 117.000000 22.450621 1.000000 5.000000 6.550000 0.889464 0.625000 4.253087 1.943686 84.847577 1.000000 0.668944 4.123106 104.036243 2.000000 0.000000 
38.000000 119.000000 45.850568 1.000000 20.000000 17.144000 0.938714 0.555556 9.112639 3.141094 -12.273819 0.833333 0.610751 9.219544 -167.471192 3.638034 104.036243 
58.000000 117.000000 18.117598 2.000000 2.000000 1.960000 0.866025 1.000000 2.309401 1.154701 90.000000 1.000000 0.965669 2.236068 116.565051 1.000000 0.000000 
26.000000 124.000000 38.586617 1.000000 28.000000 24.728000 0.950704 0.424242 11.933998 3.700720 -19.142643 0.800000 0.453009 11.704700 -160.016893 4.919350 -63.434949 
20.000000 123.000000 26.037190 6.000000 12.000000 16.011000 0.971294 0.375000 8.980975 2.136426 -16.450556 0.705882 0.411089 8.944272 -153.434949 2.667892 104.036243 
42.000000 123.000000 42.573787 1.000000 21.000000 21.453000 0.790904 0.600000 7.753579 4.744724 20.426558 0.777778 0.436265 7.615773 156.801409 5.000000 -90.000000 
58.000000 123.000000 32.511142 1.000000 5.000000 7.840000 0.979796 1.000000 5.773503 1.154701 90.000000 1.000000 0.521014 5.099020 101.309932 1.000000 0.000000 
49.000000 125.000000 79.686678 1.000000 46.000000 26.696000 0.908011 0.522727 12.475209 5.226432 -69.605235 0.851852 0.649292 11.704700 -109.983107 5.908789 156.801409 
9.000000 125.000000 19.117286 2.000000 6.000000 10.776000 0.981812 0.333333 7.610030 1.444797 65.078000 0.750000 0.389254 6.708204 116.565051 1.788854 26.565051 
36.000000 125.000000 29.643269 1.000000 21.000000 21.916000 0.955182 0.525000 10.785937 3.192832 -77.374421 0.724138 0.420291 10.440307 -106.699244 4.000000 0.000000 
59.000000 126.000000 155.548978 1.000000 13.000000 9.461000 0.505790 0.812500 4.470371 3.856397 -45.000000 1.000000 1.000000 5.000000 -143.130102 4.000000 -90.000000 
17.000000 131.000000 44.409520 1.000000 36.000000 25.307000 0.964274 0.409091 13.809967 3.658356 -57.547485 0.878049 0.558973 13.038405 -122.471192 4.437602 146.309932 
25.000000 129.000000 25.698920 1.000000 6.000000 6.368000 0.833333 0.750000 4.000000 2.211083 90.000000 1.000000 0.833753 4.123106 104.036243 2.000000 0.000000 
55.000000 129.000000 227.981488 1.000000 31.000000 18.641000 0.532276 0.632653 7.074329 5.988920 34.973959 0.911765 0.821018 7.810250 140.194429 6.600000 53.130102 
28.000000 130.000000 49.097700 2.000000 18.000000 14.812000 0.697169 0.600000 6.219756 4.458984 15.843184 0.900000 0.701745 6.708204 153.434949 4.949747 45.000000 
46.000000 130.000000 168.477780 1.000000 68.000000 34.371000 0.880586 0.693878 14.139395 6.700479 -81.214045 0.883117 0.607246 15.231546 -113.198591 7.000000 0.000000 
60.000000 130.000000 119.270991 1.000000 9.000000 9.461000 0.872743 0.562500 5.321085 2.597648 59.221464 0.900000 0.712086 5.656854 135.000000 3.130495 26.565051 
35.000000 133.000000 237.436615 1.000000 64.000000 32.229000 0.918704 0.571429 15.040617 5.940231 77.121925 0.831169 0.642843 14.317821 102.094757 6.790998 -165.963757 
7.000000 136.000000 45.426790 1.000000 28.000000 20.337000 0.930624 0.437500 10.390455 3.802660 -47.780635 0.965517 0.638298 10.000000 -143.130102 4.242641 -45.000000 
25.000000 136.000000 194.478300 1.000000 35.000000 21.081000 0.685349 0.648148 8.087916 5.889738 -76.935325 0.921053 0.749612 9.486833 -108.434949 6.000000 0.000000 
16.000000 139.000000 181.330819 1.000000 56.000000 30.062000 0.936442 0.538462 14.912975 5.231816 69.426214 0.848485 0.638304 13.928388 111.037511 6.008328 -161.565051 
56.000000 138.000000 27.482347 1.000000 20.000000 23.578000 0.986005 0.416667 13.597351 2.266874 76.500795 0.769231 0.352030 12.649111 108.434949 2.910428 14.036243 
37.000000 140.000000 19.660391 1.000000 5.000000 4.962000 0.765092 0.833333 3.306559 2.129163 -18.434949 1.000000 0.956808 3.605551 -146.309932 2.000000 -90.000000 
20.000000 149.000000 32.597164 1.000000 76.000000 69.082000 0.996211 0.140741 38.445888 3.343452 60.152603 0.617886 0.183090 33.541020 116.565051 4.613883 30.465545 
8.000000 143.000000 91.779984 1.000000 25.000000 16.309000 0.506856 0.595238 6.278616 5.412360 -61.202272 0.961538 0.830394 7.280110 -105.945396 5.656854 -45.000000 
5.000000 146.000000 58.037096 2.000000 13.000000 12.546000 0.693387 0.541667 5.481578 3.949838 -5.286762 0.928571 0.663805 6.082763 170.537678 4.000000 -90.000000 
40.000000 145.000000 20.786358 1.000000 7.000000 8.882000 0.942088 0.700000 5.788786 1.941356 80.384664 0.875000 0.608470 5.385165 111.801409 2.000000 0.000000 
56.000000 146.000000 40.018390 1.000000 26.000000 21.618000 0.967422 0.590909 11.820451 2.992563 75.253616 0.896552 0.532962 11.704700 109.983107 3.638034 14.036243 
33.000000 151.000000 41.098566 1.000000 49.000000 42.128000 0.991159 0.333333 23.065922 3.060299 72.675986 0.777778 0.300464 21.840330 105.945396 3.794733 18.434949 
60.000000 150.000000 19.383398 1.000000 3.000000 3.920000 0.942809 1.000000 3.464102 1.154701 90.000000 1.000000 0.756007 3.162278 108.434949 1.000000 0.000000 
50.000000 152.000000 36.590803 1.000000 49.000000 38.481000 0.981756 0.388889 21.299821 4.050044 76.999801 0.653333 0.355425 18.681542 105.524111 5.093248 -165.963757 
39.000000 154.000000 23.220135 1.000000 4.000000 6.550000 0.946293 0.500000 4.820546 1.558527 -72.391204 0.800000 0.535155 4.472136 -116.565051 1.897367 -18.434949 
18.000000 158.000000 19.443602 2.000000 11.000000 15.846000 0.983244 0.261905 10.245177 1.867655 38.217285 0.785714 0.383409 9.219544 139.398705 2.498780 -128.659808 
41.000000 157.000000 26.537238 2.000000 8.000000 8.436000 0.787839 0.500000 4.396969 2.708013 45.000000 1.000000 0.750004 4.472136 116.565051 2.828427 45.000000 
6.000000 161.000000 24.716433 2.000000 31.000000 22.197000 0.947977 0.563636 11.547183 3.675919 16.085391 0.837838 0.606746 11.401754 164.744881 4.365641 -104.036243 
27.000000 163.000000 38.917349 1.000000 88.000000 61.018000 0.989523 0.220000 31.205178 4.505345 62.734135 0.698413 0.268639 29.154759 120.963757 5.666434 -152.447188 
49.000000 160.000000 33.902745 1.000000 26.000000 25.100000 0.948926 0.337662 12.371028 3.903049 65.546676 0.702703 0.409642 11.704700 109.983107 5.231144 -144.462322 
40.000000 160.000000 20.698722 1.000000 5.000000 6.550000 0.889464 0.625000 4.253087 1.943686 -84.847577 1.000000 0.668944 4.123106 104.036243 2.000000 0.000000 
53.000000 164.000000 27.995222 1.000000 29.000000 32.990000 0.986906 0.258929 17.463991 2.816896 65.326120 0.617021 0.279147 16.124515 119.744881 4.024922 -153.434949 
38.000000 166.000000 30.436498 1.000000 47.000000 46.090000 0.970774 0.276471 21.401486 5.136282 69.175406 0.534091 0.243680 19.235384 117.897271 6.008328 -161.565051 
55.000000 169.000000 35.007963 1.000000 7.000000 9.643000 0.930984 0.700000 5.735421 2.093767 -79.952384 0.875000 0.538188 5.385165 -111.801409 2.000000 0.000000 
59.000000 169.000000 30.396639 1.000000 7.000000 6.922000 0.856222 0.875000 4.312826 2.228038 81.650378 1.000000 0.868564 4.472136 116.565051 2.000000 0.000000 
44.000000 170.000000 35.806476 3.000000 23.000000 21.916000 0.697925 0.410714 8.502590 6.089304 -4.795884 0.676471 0.460319 8.602325 -125.537678 6.505382 -81.869898 
26.000000 175.000000 29.145305 1.000000 28.000000 28.309000 0.984282 0.269231 15.292566 2.700722 -60.146422 0.800000 0.355722 15.264338 -121.607502 3.577709 -26.565051 
53.000000 175.000000 39.475122 1.000000 35.000000 33.470000 0.906108 0.318182 12.461076 5.271612 42.649377 0.673077 0.328126 12.206556 124.992020 6.859943 30.963757 
37.000000 174.000000 41.570824 1.000000 37.000000 23.992000 0.926616 0.462500 11.837277 4.450921 49.076858 0.860465 0.631534 11.661904 120.963757 5.656854 -135.000000 
56.000000 178.000000 34.984048 1.000000 11.000000 15.829000 0.943878 0.458333 8.938703 2.952401 -81.354734 0.687500 0.384097 8.062258 97.125016 3.000000 0.000000 
10.000000 182.000000 18.114752 6.000000 8.000000 14.696000 0.986971 0.333333 9.606131 1.545614 -16.137822 0.666667 0.315957 8.544004 -159.443955 1.940285 -75.963757 
45.000000 179.000000 36.954640 1.000000 5.000000 8.717000 0.968023 0.312500 6.215727 1.559295 -40.934949 0.833333 0.446800 5.656854 -135.000000 2.121320 135.000000 
34.000000 180.000000 21.053971 5.000000 9.000000 8.328000 0.760176 0.750000 4.464505 2.900668 60.481878 1.000000 0.859719 5.000000 126.869898 3.000000 0.000000 
20.000000 183.000000 47.895308 1.000000 42.000000 30.773000 0.921852 0.500000 13.551649 5.251842 -89.230689 0.711864 0.458866 12.649111 108.434949 7.000000 0.000000 
28.000000 185.000000 41.166268 1.000000 27.000000 31.369000 0.780509 0.375000 10.467723 6.543839 73.907447 0.613636 0.284884 10.295630 119.054604 7.761140 -14.036243 
49.000000 182.000000 36.812705 1.000000 21.000000 22.123000 0.832023 0.428571 8.850631 4.909810 59.706023 0.677419 0.413432 8.062258 119.744881 5.756555 -158.198591 
56.000000 184.000000 34.311193 1.000000 26.000000 18.823000 0.782030 0.541667 8.250045 5.141765 -76.251222 0.838710 0.677231 8.944272 -116.565051 6.000000 0.000000 
36.000000 186.000000 18.524655 9.000000 3.000000 4.590000 0.928995 0.500000 3.854129 1.426385 -28.154966 1.000000 0.630657 3.605551 -146.309932 1.788854 -63.434949 
46.000000 189.000000 37.252176 1.000000 45.000000 50.663000 0.949562 0.281250 21.145283 6.630717 -63.695018 0.500000 0.195337 17.888544 -116.565051 7.589466 161.565051 
49.000000 186.000000 20.605136 10.000000 2.000000 2.812000 0.925820 0.500000 3.055050 1.154701 -45.000000 1.000000 0.709058 2.828427 -135.000000 1.414214 -45.000000 
29.000000 189.000000 57.966264 7.000000 13.000000 10.751000 0.755291 0.866667 5.237291 3.432467 -79.356797 0.928571 0.846421 5.830952 -120.963757 3.000000 0.000000 
57.000000 189.000000 27.156285 6.000000 24.000000 17.144000 0.785128 0.571429 7.780210 4.818541 -50.341270 0.827586 0.732902 8.602325 -125.537678 5.547002 -56.309932 
10.000000 192.000000 22.588225 1.000000 11.000000 11.330000 0.939671 0.611111 6.813534 2.330774 71.565051 0.846154 0.660039 6.708204 116.565051 2.846050 18.434949 
33.000000 193.000000 84.611360 1.000000 23.000000 17.235000 0.917371 0.575000 9.034482 3.596023 -64.318084 0.884615 0.696105 8.944272 -116.565051 4.287465 149.036243 
26.000000 190.000000 24.601807 1.000000 4.000000 8.436000 0.983739 0.250000 6.429101 1.154701 -45.000000 1.000000 0.375002 5.656854 -135.000000 1.414214 -45.000000 
15.000000 195.000000 18.793965 1.000000 1.000000 0.000000 0.000000 1.000000 1.154701 1.154701 0.000000 1.000000 1.000000 1.414214 135.000000 1.000000 -90.000000 
58.000000 194.000000 74.764166 1.000000 15.000000 12.000000 0.439792 0.600000 4.954022 4.449207 85.692176 0.937500 0.822163 5.385165 111.801409 4.919350 26.565051 
20.000000 195.000000 20.228437 1.000000 3.000000 3.920000 0.942809 1.000000 3.464102 1.154701 90.000000 1.000000 0.756007 3.162278 108.434949 1.000000 0.000000 
39.000000 197.000000 81.627053 1.000000 29.000000 19.030000 0.857946 0.537037 8.888012 4.566121 -68.786233 0.906250 0.741334 9.219544 -102.528808 4.919350 -26.565051 
60.000000 195.000000 57.661548 1.000000 6.000000 6.459000 0.778499 0.666667 3.829708 2.403701 45.000000 1.000000 0.818022 4.242641 135.000000 2.828427 45.000000 
35.000000 198.000000 20.641633 2.000000 5.000000 4.962000 0.765092 0.833333 3.306559 2.129163 -71.565051 1.000000 0.956808 3.605551 -123.690068 2.000000 0.000000 
52.000000 198.000000 49.714725 1.000000 17.000000 15.548000 0.898806 0.607143 7.841828 3.437440 79.348298 0.809524 0.611588 7.615773 113.198591 3.922323 -168.690068 
45.000000 199.000000 79.693696 1.000000 23.000000 16.284000 0.807216 0.821429 7.370966 4.350758 -84.633039 0.958333 0.765930 7.615773 -113.198591 4.000000 0.000000 
56.000000 199.000000 21.502283 11.000000 3.000000 3.920000 0.942809 1.000000 3.464102 1.154701 90.000000 1.000000 0.756007 3.162278 108.434949 1.000000 0.000000 
29.000000 206.000000 46.380225 1.000000 74.000000 59.604000 0.992168 0.203297 30.842411 3.852608 64.047737 0.666667 0.236197 29.068884 116.565051 4.919350 26.565051 
20.000000 203.000000 21.084254 10.000000 8.000000 8.055000 0.829512 0.666667 4.633571 2.587796 -33.018756 0.888889 0.801915 5.000000 -143.130102 3.000000 -90.000000 
55.000000 203.000000 59.174541 1.000000 39.000000 28.747000 0.971896 0.464286 15.129378 3.561615 -70.989650 0.812500 0.481952 14.866069 -109.653824 4.427189 -18.434949 
9.000000 205.000000 17.141665 4.000000 1.000000 0.000000 0.000000 1.000000 1.154701 1.154701 0.000000 1.000000 1.000000 1.414214 135.000000 1.000000 -90.000000 
8.000000 213.000000 109.369464 1.000000 58.000000 29.417000 0.864239 0.527273 12.661059 6.369549 -58.004642 0.878788 0.687554 12.806248 -141.340192 6.821910 -29.744881 
29.000000 210.000000 19.585324 11.000000 2.000000 1.960000 0.866025 1.000000 2.309401 1.154701 90.000000 1.000000 0.965669 2.236068 116.565051 1.000000 0.000000 
58.000000 212.000000 22.203065 11.000000 8.000000 10.776000 0.966506 0.444444 6.995924 1.795469 -65.504543 0.888889 0.519005 6.708204 -116.565051 2.236068 -26.565051 
35.000000 214.000000 22.207014 2.000000 6.000000 9.180000 0.873278 0.500000 5.155515 2.511882 26.062508 0.750000 0.496624 5.000000 143.130102 3.000000 -90.000000 
47.000000 213.000000 17.263248 3.000000 1.000000 0.000000 0.000000 1.000000 1.154701 1.154701 0.000000 1.000000 1.000000 1.414214 135.000000 1.000000 -90.000000 
44.000000 215.000000 24.232806 2.000000 3.000000 3.920000 0.942809 1.000000 3.464102 1.154701 90.000000 1.000000 0.756007 3.162278 108.434949 1.000000 0.000000 
39.000000 215.000000 31.486489 1.000000 25.000000 17.946000 0.938391 0.925926 9.800680 3.386877 90.000000 1.000000 0.706473 9.219544 102.528808 3.000000 0.000000 
17.000000 218.000000 115.258732 1.000000 52.000000 26.895000 0.793010 0.525253 10.932376 6.660100 -60.811434 0.866667 0.724289 11.045361 95.194429 7.484467 -23.198591 
54.000000 220.000000 31.676620 1.000000 33.000000 31.997000 0.986695 0.412500 16.964390 2.758097 -77.445813 0.804878 0.335858 16.763055 -107.354025 3.333974 -11.309932 
4.000000 222.000000 32.034361 7.000000 10.000000 12.248000 0.956947 0.714286 7.275121 2.111699 -3.984805 0.909091 0.530586 7.071068 171.869898 2.000000 -90.000000 
13.000000 224.000000 28.342235 6.000000 27.000000 31.468000 0.983784 0.296703 16.289939 2.921708 -19.186142 0.642857 0.283257 14.764823 -151.699244 3.478505 -71.565051 
24.000000 221.000000 144.985042 1.000000 39.000000 20.783000 0.642422 0.696429 8.237703 6.312971 -34.454978 0.928571 0.856220 9.433981 -147.994617 7.000000 -90.000000 
31.000000 222.000000 173.679265 1.000000 45.000000 25.654000 0.731483 0.714286 9.739039 6.640654 -73.607732 0.882353 0.681978 10.000000 -126.869898 7.000000 0.000000 
7.000000 225.000000 23.158241 2.000000 6.000000 9.180000 0.938721 0.400000 5.912527 2.037924 66.915430 0.750000 0.496624 5.385165 111.801409 2.529822 18.434949 
22.000000 226.000000 26.092698 1.000000 26.000000 23.711000 0.796600 0.464286 9.414957 5.691408 -60.711354 0.722222 0.453117 8.944272 -116.565051 6.260990 -26.565051 
41.000000 226.000000 115.812866 1.000000 74.000000 29.293000 0.693426 0.747475 11.631503 8.380823 -62.201909 0.973684 0.883944 12.206556 -124.992020 8.973818 -14.036243 
60.000000 227.000000 126.671976 1.000000 10.000000 8.791000 0.630126 0.833333 4.258325 3.306559 -26.565051 0.909091 0.882552 5.000000 -143.130102 3.000000 -90.000000 
5.000000 227.000000 27.960890 7.000000 6.000000 7.501000 0.932940 0.500000 5.134278 1.848505 -29.232604 0.857143 0.665681 5.000000 -143.130102 2.236068 -63.434949 
35.000000 228.000000 37.639815 1.000000 13.000000 12.273000 0.912195 0.541667 6.690353 2.741407 -54.493812 0.866667 0.687526 7.211103 -123.690068 3.535534 -45.000000 
52.000000 227.000000 134.185639 1.000000 79.000000 34.114000 0.881649 0.759615 15.040722 7.097811 -81.222626 0.918605 0.715244 14.764823 -118.300756 7.069156 -9.462322 
26.000000 230.000000 38.769121 5.000000 21.000000 19.030000 0.905816 0.583333 8.966096 3.798681 8.639412 0.807692 0.536828 9.486833 161.565051 4.000000 -90.000000 
8.000000 232.000000 25.627888 7.000000 17.000000 14.423000 0.921555 0.607143 8.011764 3.110552 -17.119400 0.850000 0.692441 7.615773 -156.801409 3.638034 -75.963757 
14.000000 232.000000 32.262757 1.000000 6.000000 6.368000 0.877058 0.750000 4.163332 2.000000 -71.565051 1.000000 0.833753 4.472136 -116.565051 2.000000 0.000000 
47.000000 233.000000 22.661349 2.000000 14.000000 19.013000 0.943489 0.437500 10.066446 3.336053 14.036243 0.608696 0.358435 8.944272 153.434949 4.000000 -90.000000 
60.000000 232.000000 29.790543 1.000000 12.000000 14.605000 0.910011 0.500000 7.629946 3.163249 -12.691931 0.666667 0.478808 7.211103 -146.309932 4.000000 -90.000000 
20.000000 233.000000 40.361258 1.000000 27.000000 22.197000 0.957497 0.490909 11.605700 3.347570 -71.102700 0.870968 0.528456 11.401754 -105.255119 3.899602 -21.801409 
44.000000 233.000000 30.279710 5.000000 22.000000 14.878000 0.728726 0.733333 6.664530 4.563904 -22.244476 0.956522 0.851418 7.211103 -146.309932 5.000000 -90.000000 
34.000000 236.000000 48.740845 1.000000 51.000000 40.689000 0.980525 0.510000 19.493749 3.828490 -81.598078 0.809524 0.333599 20.396078 -101.309932 4.713320 -7.125016 
50.000000 237.000000 20.153740 12.000000 4.000000 6.368000 0.958153 0.500000 4.964579 1.421135 -67.500000 0.800000 0.555835 4.472136 -116.565051 1.788854 -26.565051 
