211
31.000000 118.000000 6.934003 1.000000 11543.000000 591.556000 0.962591 0.751497 281.130039 76.174548 -0.115769 0.751497 0.410144 248.386795 165.068583 64.000000 -90.000000 
57.000000 7.000000 43.122762 1.000000 17.000000 15.250000 0.926808 0.708333 7.954808 2.987311 7.074738 0.894737 0.631568 8.246211 165.963757 3.000000 -90.000000 
41.000000 6.000000 24.521132 2.000000 4.000000 4.590000 0.731925 0.666667 3.055050 2.081666 90.000000 1.000000 0.840876 3.162278 108.434949 2.000000 0.000000 
36.000000 7.000000 37.170899 1.000000 31.000000 20.576000 0.933531 0.775000 10.764498 3.859033 -79.234368 0.968750 0.692517 10.770330 -111.801409 4.000000 0.000000 
14.000000 8.000000 19.906340 6.000000 2.000000 1.960000 0.866025 1.000000 2.309401 1.154701 0.000000 1.000000 0.965669 2.236068 153.434949 1.000000 -90.000000 
25.000000 8.000000 25.797793 1.000000 24.000000 31.534000 0.990809 0.375000 17.384481 2.351556 81.507795 0.685714 0.250826 16.492423 104.036243 3.041144 -171.253838 
50.000000 10.000000 32.943346 1.000000 34.000000 33.618000 0.979125 0.566667 17.507959 3.558648 -89.541220 0.680000 0.316189 15.132746 97.594643 4.000000 0.000000 
60.000000 12.000000 20.316873 5.000000 1.000000 0.000000 0.000000 1.000000 1.154701 1.154701 0.000000 1.000000 1.000000 1.414214 135.000000 1.000000 -90.000000 
13.000000 12.000000 19.185318 7.000000 6.000000 7.774000 0.908344 0.500000 4.920353 2.057808 -28.862178 0.857143 0.632800 5.000000 -143.130102 2.529822 -71.565051 
11.000000 21.000000 32.157711 1.000000 46.000000 43.502000 0.987832 0.191667 21.805922 3.391335 -46.758813 0.730159 0.265695 21.931712 -136.847610 4.242641 -45.000000 
33.000000 16.000000 20.326617 11.000000 4.000000 6.368000 0.958153 0.500000 4.964579 1.421135 -67.500000 0.800000 0.555835 4.472136 -116.565051 1.788854 -26.565051 
56.000000 16.000000 36.933968 1.000000 26.000000 22.305000 0.806843 0.541667 8.450051 4.992005 16.820759 0.812500 0.504573 8.544004 159.443955 5.692100 -108.434949 
22.000000 20.000000 25.416167 7.000000 12.000000 16.474000 0.978113 0.375000 9.957496 2.071886 -14.889089 0.705882 0.391912 8.944272 -153.434949 2.609851 105.945396 
42.000000 20.000000 30.149401 1.000000 51.000000 57.784000 0.981938 0.291429 32.207801 6.093730 83.106657 0.404762 0.172656 25.317978 99.090277 6.541828 -177.137595 
58.000000 19.000000 34.129167 1.000000 12.000000 11.992000 0.879591 0.500000 6.285216 2.990068 65.436204 0.800000 0.658426 6.324555 108.434949 3.577709 -153.434949 
28.000000 22.000000 28.258940 1.000000 8.000000 8.882000 0.920807 0.800000 5.445698 2.123921 81.322988 1.000000 0.695395 5.385165 111.801409 2.000000 0.000000 
55.000000 24.000000 41.624158 6.000000 13.000000 11.140000 0.844112 0.722222 5.779028 3.098526 12.976688 1.000000 0.800940 6.324555 161.565051 3.000000 -90.000000 
30.000000 24.000000 32.050567 2.000000 2.000000 2.812000 0.925820 0.500000 3.055050 1.154701 45.000000 1.000000 0.709058 2.828427 135.000000 1.414214 45.000000 
47.000000 27.000000 26.571117 1.000000 28.000000 30.360000 0.973305 0.285714 16.116427 3.698995 69.819452 0.608696 0.313500 14.560220 105.945396 4.456688 -158.198591 
21.000000 28.000000 18.894890 1.000000 1.000000 0.000000 0.000000 1.000000 1.154701 1.154701 0.000000 1.000000 1.000000 1.414214 135.000000 1.000000 -90.000000 
54.000000 32.000000 38.082362 1.000000 41.000000 26.944000 0.953444 0.683333 13.605307 4.102944 10.646732 0.872340 0.569215 13.000000 157.380135 4.510671 78.690068 
31.000000 30.000000 26.156371 1.000000 40.000000 37.902000 0.988448 0.392157 21.452393 3.251388 -79.071137 0.645161 0.298386 18.027756 -109.440035 4.361403 172.405357 
39.000000 29.000000 25.616962 3.000000 4.000000 4.590000 0.731925 0.666667 3.055050 2.081666 90.000000 1.000000 0.840876 3.162278 108.434949 2.000000 0.000000 
20.000000 31.000000 27.167735 1.000000 10.000000 13.770000 0.955002 0.476190 7.827907 2.321752 78.185311 0.769231 0.439381 7.280110 105.945396 2.745626 -168.690068 
41.000000 32.000000 30.289969 1.000000 10.000000 8.146000 0.657536 0.833333 4.258325 3.208323 0.000000 1.000000 0.986296 4.472136 153.434949 3.000000 -90.000000 
45.000000 32.000000 22.749489 1.000000 9.000000 10.776000 0.938527 0.500000 6.635981 2.290787 -73.316817 0.818182 0.583881 6.324555 -108.434949 2.667892 165.963757 
58.000000 37.000000 31.722750 1.000000 9.000000 12.918000 0.968133 0.428571 7.584708 1.899477 72.572772 0.750000 0.438514 7.615773 113.198591 2.425356 -165.963757 
35.000000 38.000000 32.142434 1.000000 16.000000 19.286000 0.977957 0.400000 10.794618 2.253972 -73.252999 0.842105 0.399728 10.440307 -106.699244 2.846050 161.565051 
46.000000 39.000000 26.836637 2.000000 5.000000 6.550000 0.889464 0.625000 4.253087 1.943686 -84.847577 0.833333 0.668944 4.123106 104.036243 2.000000 0.000000 
57.000000 39.000000 35.582011 1.000000 9.000000 10.842000 0.952175 0.750000 6.686870 2.043198 -82.372441 0.900000 0.578382 6.324555 -108.434949 2.000000 0.000000 
50.000000 40.000000 40.292584 1.000000 19.000000 15.730000 0.891411 0.593750 7.765821 3.519430 82.879060 0.904762 0.670419 8.062258 97.125016 4.000000 0.000000 
34.000000 42.000000 23.425727 1.000000 10.000000 11.512000 0.938635 0.555556 6.654252 2.295125 -73.611208 0.909091 0.585223 6.708204 -116.565051 2.846050 -18.434949 
47.000000 42.000000 24.026738 2.000000 4.000000 5.814000 0.774597 0.444444 3.651484 2.309401 45.000000 0.800000 0.626731 3.605551 123.690068 2.683282 -153.434949 
60.000000 42.000000 26.251410 1.000000 8.000000 10.867000 0.953073 0.400000 6.995140 2.117707 37.669226 0.800000 0.512284 6.403124 141.340192 2.773501 56.309932 
33.000000 48.000000 26.026191 1.000000 68.000000 70.594000 0.994636 0.222222 39.290251 4.064142 -79.570761 0.485714 0.157168 34.525353 -100.007980 5.341440 -8.880659 
30.000000 43.000000 21.241192 1.000000 9.000000 8.998000 0.783579 0.600000 4.677237 2.905933 90.000000 0.900000 0.767439 5.099020 101.309932 3.000000 0.000000 
26.000000 44.000000 18.929813 2.000000 1.000000 0.000000 0.000000 1.000000 1.154701 1.154701 0.000000 1.000000 1.000000 1.414214 135.000000 1.000000 -90.000000 
59.000000 45.000000 24.273527 1.000000 3.000000 3.920000 0.942809 1.000000 3.464102 1.154701 90.000000 1.000000 0.756007 3.162278 108.434949 1.000000 0.000000 
56.000000 48.000000 31.745940 2.000000 17.000000 13.588000 0.817121 0.708333 6.472528 3.731197 18.072050 0.894737 0.763287 6.708204 153.434949 4.000000 -90.000000 
15.000000 48.000000 19.611143 6.000000 3.000000 3.920000 0.942809 1.000000 3.464102 1.154701 0.000000 1.000000 0.756007 3.162278 161.565051 1.000000 -90.000000 
8.000000 63.000000 28.266615 4.000000 53.000000 51.440000 0.993794 0.530000 29.548242 3.286961 3.963516 0.670886 0.223560 25.079872 175.426079 3.617941 86.423666 
52.000000 52.000000 26.366058 2.000000 12.000000 14.440000 0.964697 0.342857 8.643331 2.276338 32.167940 0.857143 0.487837 8.062258 150.255119 3.000000 -126.869898 
29.000000 53.000000 23.405000 1.000000 8.000000 11.140000 0.951524 0.444444 6.511919 2.002891 -68.687481 0.800000 0.492886 6.708204 -116.565051 2.529822 161.565051 
55.000000 53.000000 42.468212 1.000000 9.000000 8.882000 0.907936 0.900000 5.399179 2.262845 4.731161 1.000000 0.782319 5.385165 158.198591 2.000000 -90.000000 
39.000000 54.000000 20.152637 5.000000 2.000000 1.960000 0.866025 1.000000 2.309401 1.154701 0.000000 1.000000 0.965669 2.236068 153.434949 1.000000 -90.000000 
59.000000 55.000000 33.144210 1.000000 12.000000 13.588000 0.860822 0.500000 6.662731 3.390708 76.760749 0.750000 0.538791 6.324555 108.434949 4.000000 0.000000 
13.000000 56.000000 18.822693 12.000000 1.000000 0.000000 0.000000 1.000000 1.154701 1.154701 0.000000 1.000000 1.000000 1.414214 135.000000 1.000000 -90.000000 
25.000000 59.000000 27.911677 1.000000 23.000000 28.772000 0.987227 0.273810 15.897653 2.532832 -68.768979 0.696970 0.283783 14.866069 -109.653824 3.246559 160.016893 
56.000000 58.000000 44.916144 5.000000 16.000000 12.273000 0.665322 0.800000 5.459393 4.075745 13.525299 0.941176 0.846186 5.830952 149.036243 4.000000 -90.000000 
47.000000 58.000000 20.619654 1.000000 11.000000 14.208000 0.965662 0.687500 8.134344 2.113304 88.525875 0.916667 0.459223 8.062258 97.125016 2.000000 0.000000 
58.000000 61.000000 30.005954 1.000000 6.000000 9.825000 0.753009 0.500000 4.592439 3.021874 69.006394 0.750000 0.448445 4.472136 116.565051 3.000000 0.000000 
56.000000 66.000000 63.971419 2.000000 30.000000 22.098000 0.926437 0.750000 10.727819 4.038497 -1.237834 0.909091 0.591788 10.198039 168.690068 4.000000 -90.000000 
22.000000 63.000000 33.560107 1.000000 3.000000 3.093000 0.730297 0.750000 2.581989 1.763834 -45.000000 1.000000 0.969873 2.828427 -135.000000 2.000000 -90.000000 
31.000000 66.000000 43.183519 1.000000 45.000000 38.729000 0.990140 0.473684 22.404732 3.138507 -81.358548 0.762712 0.322555 19.416488 -101.888658 3.676955 171.869898 
41.000000 66.000000 22.893171 1.000000 4.000000 4.408000 0.870424 0.666667 3.435909 1.691507 58.282526 1.000000 0.881907 3.605551 123.690068 2.000000 0.000000 
17.000000 67.000000 30.242740 1.000000 19.000000 19.956000 0.964810 0.475000 10.489458 2.758165 74.241729 0.826087 0.447538 10.440307 106.699244 3.478505 -161.565051 
35.000000 73.000000 22.936888 2.000000 13.000000 18.178000 0.966713 0.270833 10.344041 2.646649 -30.625499 0.619048 0.359414 9.433981 -147.994617 3.224903 119.744881 
29.000000 71.000000 21.348581 1.000000 7.000000 9.180000 0.895136 0.700000 5.118152 2.281640 87.322087 0.875000 0.579394 5.099020 101.309932 2.000000 0.000000 
59.000000 70.000000 40.324826 1.000000 10.000000 9.461000 0.804316 0.666667 4.979248 2.958675 80.692154 0.909091 0.791207 5.385165 111.801409 3.000000 0.000000 
16.000000 73.000000 31.306543 1.000000 24.000000 24.066000 0.982912 0.400000 13.682551 2.518604 72.578962 0.800000 0.407419 13.000000 112.619865 3.152963 14.036243 
56.000000 74.000000 42.216404 1.000000 29.000000 18.823000 0.784890 0.725000 8.007359 4.961636 0.413958 0.906250 0.755373 8.544004 -159.443955 5.000000 -90.000000 
46.000000 73.000000 20.989696 9.000000 1.000000 0.000000 0.000000 1.000000 1.154701 1.154701 0.000000 1.000000 1.000000 1.414214 135.000000 1.000000 -90.000000 
6.000000 75.000000 22.345001 4.000000 5.000000 4.962000 0.765092 0.833333 3.306559 2.129163 -18.434949 1.000000 0.956808 3.605551 -146.309932 2.000000 -90.000000 
30.000000 78.000000 29.018923 1.000000 18.000000 23.049000 0.984559 0.272727 13.016348 2.278586 66.829925 0.720000 0.329755 12.529964 118.610460 2.888742 -156.801409 
51.000000 77.000000 19.142568 1.000000 2.000000 2.812000 0.925820 0.500000 3.055050 1.154701 45.000000 1.000000 0.709058 2.828427 135.000000 1.414214 45.000000 
10.000000 76.000000 23.835776 1.000000 4.000000 5.053000 0.866025 0.666667 3.651484 1.825742 -18.434949 0.800000 0.748540 3.605551 -146.309932 2.000000 -90.000000 
39.000000 78.000000 28.333799 8.000000 10.000000 12.000000 0.922474 0.400000 6.897526 2.662856 -37.322791 0.714286 0.548109 6.403124 -141.340192 3.535534 -45.000000 
59.000000 78.000000 44.401003 1.000000 9.000000 9.552000 0.878639 0.600000 5.462501 2.608267 78.916827 0.818182 0.701913 5.385165 111.801409 2.910428 -165.963757 
55.000000 80.000000 42.080042 5.000000 16.000000 14.531000 0.770123 0.666667 6.172571 3.937453 -11.047842 0.842105 0.643768 6.403124 -141.340192 4.000000 -90.000000 
44.000000 80.000000 25.096958 1.000000 8.000000 9.552000 0.925959 0.533333 5.779562 2.182505 -67.146340 1.000000 0.623923 5.830952 -120.963757 2.683282 -26.565051 
20.000000 84.000000 21.253851 1.000000 8.000000 8.998000 0.904964 0.533333 5.339096 2.271721 68.367852 0.888889 0.682168 5.385165 111.801409 2.683282 26.565051 
41.000000 82.000000 23.622632 8.000000 4.000000 5.905000 0.926289 0.444444 4.355771 1.641317 -39.690172 1.000000 0.614186 4.242641 -135.000000 2.121320 135.000000 
33.000000 85.000000 27.219727 1.000000 14.000000 17.698000 0.977042 0.388889 10.281316 2.190422 71.959051 0.777778 0.405097 9.848858 113.962489 2.846050 18.434949 
59.000000 84.000000 39.941394 10.000000 8.000000 10.222000 0.957752 0.400000 6.704391 1.928161 -56.416827 0.888889 0.562929 6.403124 -128.659808 2.496151 146.309932 
55.000000 87.000000 37.422541 2.000000 27.000000 18.459000 0.860081 0.675000 8.521341 4.347229 -17.020347 0.900000 0.727181 8.944272 -153.434949 4.850713 -75.963757 
40.000000 91.000000 31.888091 1.000000 30.000000 28.400000 0.977870 0.288462 15.097215 3.158532 -64.274433 0.731707 0.378934 14.422205 -123.690068 4.024922 153.434949 
54.000000 91.000000 32.489984 6.000000 8.000000 10.404000 0.885841 0.400000 5.766881 2.675770 -33.436740 0.727273 0.547903 5.830952 -149.036243 3.130495 116.565051 
57.000000 91.000000 30.870847 5.000000 7.000000 7.683000 0.871772 0.583333 4.651537 2.278845 41.578613 0.875000 0.750732 5.000000 143.130102 2.828427 45.000000 
10.000000 95.000000 25.538038 6.000000 11.000000 18.658000 0.986763 0.196429 12.077732 1.958666 -41.470573 0.647059 0.290875 10.000000 -143.130102 2.816811 129.805571 
57.000000 94.000000 56.301449 1.000000 22.000000 17.996000 0.908454 0.550000 8.928311 3.731907 74.448996 0.846154 0.618759 8.944272 116.565051 4.274374 9.462322 
49.000000 95.000000 25.420322 1.000000 7.000000 10.495000 0.785270 0.466667 5.145502 3.185853 -81.869898 0.700000 0.473038 5.099020 101.309932 3.000000 0.000000 
15.000000 95.000000 28.677094 2.000000 7.000000 13.952000 0.934063 0.388889 7.381929 2.636153 82.027302 0.538462 0.301052 6.708204 116.565051 3.000000 0.000000 
26.000000 95.000000 33.454855 1.000000 42.000000 38.018000 0.982213 0.308824 19.692779 3.697692 -71.969973 0.656250 0.311542 18.384776 -112.380135 4.637928 165.068583 
35.000000 97.000000 27.123675 1.000000 2.000000 2.812000 0.925820 0.500000 3.055050 1.154701 -45.000000 1.000000 0.709058 2.828427 -135.000000 1.414214 -45.000000 
38.000000 99.000000 35.559224 1.000000 14.000000 13.497000 0.923261 0.466667 7.307393 2.807298 -61.275002 0.875000 0.635484 7.211103 -123.690068 3.130495 -26.565051 
57.000000 98.000000 31.939821 1.000000 19.000000 18.641000 0.904726 0.475000 9.001993 3.834785 -75.621440 0.703704 0.503204 8.944272 -116.565051 4.532899 -15.945396 
21.000000 103.000000 28.093749 1.000000 46.000000 39.449000 0.978926 0.261364 19.787567 4.040879 -61.214918 0.666667 0.318669 18.357560 -119.357754 5.182673 149.743563 
43.000000 101.000000 19.061681 12.000000 1.000000 0.000000 0.000000 1.000000 1.154701 1.154701 0.000000 1.000000 1.000000 1.414214 135.000000 1.000000 -90.000000 
54.000000 101.000000 24.808852 6.000000 13.000000 18.914000 0.899296 0.325000 8.634799 3.776342 -24.728625 0.590909 0.335827 8.544004 -159.443955 4.287465 120.963757 
10.000000 106.000000 50.477720 6.000000 26.000000 24.984000 0.977992 0.500000 13.420304 2.800040 13.782475 0.838710 0.413028 13.341664 167.005383 3.395499 -104.036243 
51.000000 105.000000 38.382637 1.000000 14.000000 16.681000 0.965042 0.437500 9.144214 2.396642 -70.435590 0.777778 0.447731 8.944272 -116.565051 3.130495 -26.565051 
57.000000 108.000000 28.976806 7.000000 12.000000 14.622000 0.951439 0.428571 8.046908 2.477128 -22.883997 0.750000 0.477892 7.615773 -156.801409 3.130495 116.565051 
60.000000 109.000000 31.970112 3.000000 12.000000 13.381000 0.947224 0.571429 7.723211 2.475841 16.053128 0.857143 0.552376 7.615773 156.801409 3.000000 -90.000000 
8.000000 112.000000 26.149275 6.000000 9.000000 12.918000 0.907842 0.360000 7.140457 2.994075 -40.401672 0.642857 0.438514 6.403124 -141.340192 3.400000 126.869898 
30.000000 111.000000 28.017600 7.000000 17.000000 15.829000 0.880482 0.485714 7.583317 3.595091 -20.485868 0.772727 0.593604 7.280110 -164.054604 4.427189 -71.565051 
34.000000 112.000000 19.109893 4.000000 2.000000 2.812000 0.925820 0.500000 3.055050 1.154701 45.000000 1.000000 0.709058 2.828427 135.000000 1.414214 45.000000 
56.000000 113.000000 27.399489 1.000000 22.000000 23.802000 0.784873 0.392857 8.854960 5.487039 -46.883562 0.594595 0.380822 8.944272 -116.565051 6.260990 -63.434949 
16.000000 114.000000 23.162276 1.000000 9.000000 9.089000 0.803349 0.562500 4.852812 2.889888 31.051364 0.900000 0.756062 5.000000 126.869898 3.478505 71.565051 
41.000000 116.000000 28.690463 1.000000 37.000000 36.281000 0.988268 0.513889 19.131661 2.922005 -81.377296 0.787234 0.299172 18.439089 -102.528808 3.482630 -5.710593 
21.000000 115.000000 25.066296 1.000000 12.000000 16.582000 0.891308 0.428571 7.461066 3.382840 -87.116056 0.705882 0.387631 7.071068 98.130102 4.000000 0.000000 
31.000000 116.000000 28.155654 6.000000 5.000000 7.013000 0.931488 0.625000 4.881890 1.775899 -10.900705 0.833333 0.609333 4.472136 -153.434949 2.000000 -90.000000 
23.000000 124.000000 104.905958 1.000000 82.000000 44.346000 0.978879 0.303704 23.323870 4.768385 -38.054956 0.891304 0.456944 21.633308 -146.309932 5.613171 127.874984 
9.000000 119.000000 33.535257 3.000000 39.000000 23.760000 0.928126 0.709091 12.023635 4.475984 13.596374 0.906977 0.677202 12.083046 155.556045 4.931970 80.537678 
32.000000 124.000000 24.213733 1.000000 8.000000 10.867000 0.868711 0.533333 5.499640 2.724082 -30.594603 0.727273 0.512284 5.830952 -149.036243 3.000000 -90.000000 
59.000000 122.000000 36.882009 1.000000 44.000000 31.468000 0.913836 0.458333 13.253896 5.382179 -24.800885 0.758621 0.461604 13.000000 -157.380135 6.626115 125.537678 
10.000000 124.000000 22.276995 1.000000 4.000000 7.402000 0.965676 0.333333 5.615939 1.458730 53.909444 0.800000 0.452160 5.000000 126.869898 1.941451 -146.309932 
36.000000 125.000000 25.364034 1.000000 2.000000 1.960000 0.866025 1.000000 2.309401 1.154701 90.000000 1.000000 0.965669 2.236068 116.565051 1.000000 0.000000 
51.000000 126.000000 28.961569 1.000000 34.000000 37.373000 0.988918 0.250000 19.489955 2.893497 -70.117304 0.680000 0.260295 18.788294 -115.201124 3.478505 -18.434949 
40.000000 125.000000 26.067347 1.000000 13.000000 18.840000 0.940214 0.309524 8.911722 3.035190 46.855642 0.684211 0.338092 8.602325 125.537678 3.535534 45.000000 
61.000000 129.000000 30.785384 1.000000 5.000000 6.550000 0.889464 0.625000 4.253087 1.943686 -5.152423 0.833333 0.668944 4.123106 165.963757 2.000000 -90.000000 
4.000000 134.000000 22.449003 5.000000 6.000000 9.800000 0.986013 1.000000 6.928203 1.154701 0.000000 1.000000 0.450179 6.082763 170.537678 1.000000 -90.000000 
13.000000 131.000000 19.450772 1.000000 5.000000 6.368000 0.923687 0.625000 4.492622 1.721341 -69.006394 0.833333 0.694794 4.472136 -116.565051 2.000000 0.000000 
48.000000 133.000000 25.304629 8.000000 6.000000 10.032000 0.970820 0.300000 6.450369 1.546850 -36.090556 0.857143 0.434463 6.403124 -141.340192 2.121320 -45.000000 
33.000000 135.000000 194.763544 6.000000 34.000000 22.123000 0.873739 0.472222 9.983410 4.855874 -42.997290 0.871795 0.669367 10.295630 -150.945396 5.505586 129.805571 
57.000000 133.000000 45.350062 1.000000 23.000000 19.170000 0.953315 0.638889 10.397369 3.139771 -80.737903 0.851852 0.580599 9.848858 -113.962489 3.535534 171.869898 
10.000000 139.000000 25.900443 5.000000 12.000000 16.838000 0.973768 0.666667 9.810162 2.232252 -2.935125 0.750000 0.377762 9.055385 173.659808 2.000000 -90.000000 
52.000000 134.000000 27.145316 2.000000 1.000000 0.000000 0.000000 1.000000 1.154701 1.154701 0.000000 1.000000 1.000000 1.414214 135.000000 1.000000 -90.000000 
27.000000 135.000000 22.524316 1.000000 6.000000 13.026000 0.806780 0.300000 5.937146 3.507971 55.797655 0.545455 0.288450 5.385165 111.801409 3.794733 -161.565051 
21.000000 137.000000 20.959340 1.000000 5.000000 7.840000 0.979796 1.000000 5.773503 1.154701 90.000000 1.000000 0.521014 5.099020 101.309932 1.000000 0.000000 
38.000000 139.000000 147.973543 1.000000 28.000000 17.144000 0.404704 0.666667 6.477084 5.922955 21.777937 0.875000 0.855052 7.615773 -156.801409 6.000000 -90.000000 
17.000000 142.000000 20.756194 1.000000 6.000000 10.288000 0.978356 0.500000 7.151462 1.479838 75.321123 0.750000 0.418057 6.324555 108.434949 1.897367 18.434949 
44.000000 141.000000 129.105187 1.000000 60.000000 26.597000 0.520638 0.666667 9.694831 8.277226 -76.692890 0.952381 0.852551 10.770330 111.801409 8.497058 -26.565051 
53.000000 142.000000 156.281311 1.000000 36.000000 20.601000 0.748620 0.666667 8.708455 5.773704 -81.695810 0.947368 0.802520 9.486833 -108.434949 6.000000 0.000000 
49.000000 145.000000 110.945405 1.000000 16.000000 14.250000 0.601178 0.533333 5.951623 4.756032 76.967668 0.842105 0.664739 6.324555 108.434949 4.949747 45.000000 
57.000000 146.000000 154.588147 1.000000 16.000000 14.051000 0.779188 0.666667 6.141823 3.849634 26.158504 0.888889 0.680216 6.708204 153.434949 4.000000 -90.000000 
60.000000 144.000000 146.577056 1.000000 14.000000 10.751000 0.798804 0.933333 5.570349 3.351077 -7.161360 1.000000 0.911531 5.830952 -149.036243 3.000000 -90.000000 
13.000000 150.000000 21.339200 2.000000 7.000000 8.328000 0.930558 0.700000 5.262061 1.926673 -14.678877 1.000000 0.668670 5.385165 -158.198591 2.000000 -90.000000 
53.000000 148.000000 150.851393 1.000000 18.000000 14.051000 0.886412 0.642857 7.324055 3.390283 -67.666142 0.900000 0.765243 7.615773 -113.198591 4.000000 0.000000 
59.000000 150.000000 151.854554 1.000000 20.000000 12.645000 0.383662 0.800000 5.341660 4.932883 -63.434949 1.000000 1.000000 5.830952 120.963757 5.000000 -90.000000 
29.000000 151.000000 21.447351 2.000000 3.000000 3.920000 0.942809 1.000000 3.464102 1.154701 90.000000 1.000000 0.756007 3.162278 108.434949 1.000000 0.000000 
24.000000 152.000000 29.800264 1.000000 17.000000 14.878000 0.923978 0.708333 7.844799 3.000204 -79.502918 0.944444 0.657914 8.246211 -104.036243 3.000000 0.000000 
45.000000 153.000000 31.078882 1.000000 17.000000 18.616000 0.971149 0.566667 10.667113 2.543829 83.196948 0.809524 0.451271 10.198039 101.309932 2.852799 7.125016 
54.000000 154.000000 90.179940 3.000000 27.000000 19.956000 0.925064 0.500000 10.180568 3.866701 62.918826 0.818182 0.635975 9.848858 113.962489 4.472136 -153.434949 
22.000000 154.000000 20.158442 1.000000 2.000000 1.960000 0.866025 1.000000 2.309401 1.154701 0.000000 1.000000 0.965669 2.236068 153.434949 1.000000 -90.000000 
28.000000 153.000000 21.330635 1.000000 3.000000 3.093000 0.730297 0.750000 2.581989 1.763834 45.000000 1.000000 0.969873 2.828427 135.000000 2.000000 -90.000000 
6.000000 158.000000 43.183373 1.000000 13.000000 13.770000 0.763686 0.433333 6.041260 3.900161 -17.976214 0.812500 0.571195 6.324555 -161.565051 4.472136 -63.434949 
47.000000 159.000000 166.699325 1.000000 30.000000 20.064000 0.868853 0.468750 9.093149 4.501750 47.278827 0.937500 0.700077 9.433981 147.994617 4.949747 45.000000 
5.000000 160.000000 62.689558 1.000000 6.000000 6.459000 0.778499 0.666667 3.829708 2.403701 -45.000000 1.000000 0.818022 4.242641 -135.000000 2.828427 -45.000000 
15.000000 162.000000 106.665909 1.000000 68.000000 35.934000 0.960074 0.571429 18.343739 5.131578 -80.562399 0.839506 0.559639 17.262677 -100.007980 5.753965 170.537678 
36.000000 161.000000 146.576425 1.000000 39.000000 24.546000 0.903494 0.590909 11.406120 4.888671 79.894017 0.847826 0.639299 11.401754 105.255119 5.769144 -164.054604 
43.000000 162.000000 227.764203 1.000000 12.000000 10.495000 0.790917 0.600000 5.258081 3.217543 -31.223594 1.000000 0.810923 5.830952 -149.036243 3.535534 -45.000000 
7.000000 163.000000 33.139708 1.000000 3.000000 3.093000 0.730297 0.750000 2.581989 1.763834 -45.000000 1.000000 0.969873 2.828427 -135.000000 2.000000 -90.000000 
46.000000 163.000000 63.490283 1.000000 8.000000 8.998000 0.758360 0.500000 4.601221 2.999239 54.589504 0.888889 0.682168 5.000000 143.130102 3.478505 -161.565051 
28.000000 164.000000 148.432772 1.000000 48.000000 25.580000 0.729427 0.685714 9.726054 6.653194 -79.387027 0.872727 0.731196 10.198039 -101.309932 7.000000 0.000000 
40.000000 165.000000 226.659607 2.000000 15.000000 11.438000 0.543149 0.600000 4.958494 4.163332 45.000000 1.000000 0.886769 5.385165 111.801409 4.242641 45.000000 
21.000000 168.000000 62.884074 1.000000 30.000000 20.990000 0.837114 0.555556 8.941530 4.891277 80.095430 0.833333 0.647380 9.219544 102.528808 6.000000 0.000000 
35.000000 167.000000 112.955204 1.000000 28.000000 17.715000 0.782270 0.583333 7.806271 4.862836 -72.920153 0.903226 0.808875 8.246211 -104.036243 5.366563 153.434949 
45.000000 170.000000 44.024988 1.000000 23.000000 27.466000 0.983460 0.230000 16.118982 2.919544 42.625051 0.718750 0.308517 13.453624 131.987212 3.535534 45.000000 
10.000000 170.000000 53.893343 1.000000 44.000000 29.781000 0.964731 0.448980 15.489287 4.077338 71.954196 0.830189 0.510123 14.560220 105.945396 4.828079 21.801409 
17.000000 173.000000 45.856157 6.000000 10.000000 9.924000 0.917200 0.666667 6.056681 2.413148 19.237118 0.833333 0.736125 5.830952 149.036243 2.846050 71.565051 
39.000000 173.000000 58.128260 3.000000 9.000000 8.237000 0.759113 0.750000 4.430771 2.884248 6.047379 1.000000 0.873525 4.472136 153.434949 3.000000 -90.000000 
4.000000 174.000000 25.702826 3.000000 4.000000 4.590000 0.731925 0.666667 3.055050 2.081666 0.000000 1.000000 0.840876 3.162278 161.565051 2.000000 -90.000000 
33.000000 176.000000 170.090394 1.000000 55.000000 28.003000 0.872153 0.572917 12.372780 6.053165 74.437336 0.901639 0.712537 12.369317 104.036243 6.827935 -156.801409 
40.000000 178.000000 106.763756 1.000000 27.000000 17.715000 0.688315 0.642857 7.240456 5.252311 -4.115172 0.870968 0.779986 7.615773 -156.801409 6.000000 -90.000000 
27.000000 179.000000 160.452797 1.000000 17.000000 15.639000 0.776652 0.680000 6.308774 3.974087 -48.710007 0.894737 0.605676 7.071068 -135.000000 4.242641 -45.000000 
21.000000 181.000000 156.115081 1.000000 47.000000 25.952000 0.744824 0.587500 9.855844 6.576416 60.419804 0.854545 0.697771 10.630146 138.814075 7.142749 15.945396 
35.000000 182.000000 87.301936 1.000000 32.000000 21.271000 0.884482 0.640000 10.028468 4.679034 86.463602 0.888889 0.674733 10.198039 -101.309932 5.000000 0.000000 
11.000000 183.000000 42.006414 1.000000 5.000000 7.402000 0.765173 0.555556 3.931770 2.531373 40.934949 0.833333 0.565201 4.242641 135.000000 2.828427 -135.000000 
26.000000 182.000000 37.183968 1.000000 8.000000 7.220000 0.547723 0.666667 3.651484 3.055050 90.000000 1.000000 0.936369 4.123106 104.036243 3.000000 0.000000 
14.000000 183.000000 183.613340 1.000000 27.000000 19.493000 0.705505 0.482143 7.598087 5.384803 38.151704 0.870968 0.662260 8.544004 159.443955 6.090777 51.340192 
41.000000 184.000000 103.198838 2.000000 19.000000 12.554000 0.131184 0.760000 5.074878 5.031021 18.434949 0.950000 0.969188 5.830952 149.036243 5.000000 -90.000000 
21.000000 194.000000 67.045601 1.000000 105.000000 63.830000 0.985565 0.217391 33.320001 5.641033 39.457478 0.652174 0.294183 30.479501 138.990913 7.724899 -128.290163 
9.000000 187.000000 141.031713 1.000000 26.000000 15.548000 0.418656 0.722222 6.198059 5.628737 -81.833645 0.962963 0.935370 6.708204 116.565051 6.000000 -90.000000 
32.000000 191.000000 61.605116 1.000000 43.000000 40.492000 0.982804 0.206731 20.277378 3.744222 48.869258 0.614286 0.283816 18.357560 119.357754 4.854823 39.289407 
5.000000 187.000000 107.495059 1.000000 8.000000 7.683000 0.856680 0.666667 4.653433 2.400464 35.354977 1.000000 0.857979 5.000000 143.130102 2.828427 45.000000 
42.000000 188.000000 77.829267 7.000000 16.000000 13.497000 0.704373 0.666667 5.714202 4.056114 8.063788 0.888889 0.726268 6.708204 153.434949 4.000000 -90.000000 
5.000000 191.000000 66.555272 2.000000 19.000000 14.986000 0.825933 0.542857 6.925656 3.904470 30.849622 1.000000 0.726580 7.615773 156.801409 4.242641 45.000000 
48.000000 192.000000 56.274966 4.000000 8.000000 6.831000 0.580948 0.888889 3.651484 2.972092 45.000000 1.000000 1.000000 4.242641 135.000000 3.000000 -90.000000 
44.000000 192.000000 63.945370 8.000000 11.000000 10.032000 0.616057 0.550000 4.536179 3.573154 -14.150378 0.916667 0.796515 5.099020 168.690068 4.000000 -90.000000 
33.000000 201.000000 38.219452 3.000000 45.000000 36.728000 0.981161 0.294118 18.566746 3.586928 22.545337 0.775862 0.355745 18.788294 154.798876 4.594932 -111.037511 
47.000000 195.000000 106.407305 4.000000 13.000000 14.994000 0.885438 0.371429 7.125727 3.311738 -62.071793 0.764706 0.496695 7.615773 -113.198591 4.024922 153.434949 
10.000000 200.000000 19.638335 3.000000 4.000000 5.905000 0.926289 0.444444 4.355771 1.641317 -50.309828 1.000000 0.614186 4.242641 -135.000000 2.121320 135.000000 
25.000000 204.000000 61.934765 1.000000 66.000000 38.084000 0.972008 0.523810 19.681279 4.624055 9.791789 0.825000 0.488000 18.439089 167.471192 5.447756 -102.094757 
46.000000 198.000000 99.517450 4.000000 24.000000 19.013000 0.800285 0.600000 8.019910 4.808897 -82.175900 0.827586 0.614460 8.544004 -110.556045 5.000000 0.000000 
42.000000 200.000000 48.451794 5.000000 5.000000 7.402000 0.765173 0.555556 3.931770 2.531373 49.065051 0.833333 0.565201 4.242641 135.000000 2.828427 -135.000000 
54.000000 201.000000 81.775428 1.000000 32.000000 28.954000 0.823672 0.444444 10.380360 5.886354 -42.738187 0.727273 0.390363 10.295630 -150.945396 6.933752 123.690068 
59.000000 202.000000 74.256846 3.000000 5.000000 7.683000 0.840982 0.555556 4.346853 2.351922 36.650378 0.714286 0.536237 4.242641 135.000000 2.683282 -116.565051 
44.000000 202.000000 90.721974 2.000000 20.000000 14.713000 0.373590 0.555556 5.553910 5.151772 -69.006394 0.909091 0.788388 6.324555 108.434949 5.656854 45.000000 
41.000000 205.000000 48.696400 2.000000 12.000000 15.548000 0.927823 0.428571 8.035601 2.997444 -69.363942 0.705882 0.431709 7.615773 -113.198591 3.944467 149.036243 
49.000000 204.000000 44.391891 1.000000 21.000000 19.774000 0.852653 0.525000 8.640492 4.514470 73.197455 0.777778 0.502536 8.246211 104.036243 5.000000 0.000000 
59.000000 206.000000 46.868331 1.000000 23.000000 15.920000 0.519986 0.638889 7.155753 6.112265 -47.506557 0.766667 0.795462 7.211103 -146.309932 6.000000 -90.000000 
45.000000 209.000000 73.476702 6.000000 17.000000 13.216000 0.801314 0.566667 6.256783 3.743084 -37.859452 0.944444 0.798399 6.708204 -153.434949 4.242641 -45.000000 
15.000000 209.000000 27.183737 3.000000 29.000000 26.299000 0.926961 0.527273 11.986015 4.496633 3.434362 0.674419 0.420450 11.401754 164.744881 5.000000 -90.000000 
11.000000 208.000000 20.666260 3.000000 9.000000 9.552000 0.913743 0.600000 5.786612 2.351055 23.645305 0.900000 0.701913 5.830952 149.036243 2.846050 71.565051 
36.000000 210.000000 52.698996 1.000000 21.000000 17.301000 0.942723 0.777778 9.387974 3.131612 -85.308106 0.954545 0.631477 9.219544 -102.528808 3.000000 0.000000 
54.000000 209.000000 44.106433 1.000000 26.000000 21.842000 0.681542 0.619048 7.322647 5.358558 0.707884 0.787879 0.523448 7.615773 156.801409 6.000000 -90.000000 
30.000000 210.000000 28.145886 2.000000 4.000000 4.590000 0.731925 0.666667 3.055050 2.081666 0.000000 1.000000 0.840876 3.162278 161.565051 2.000000 -90.000000 
44.000000 212.000000 28.559737 1.000000 7.000000 9.180000 0.886581 0.466667 5.138532 2.376953 83.637822 0.875000 0.579394 5.099020 101.309932 2.846050 -161.565051 
50.000000 212.000000 38.664843 1.000000 21.000000 19.377000 0.802063 0.750000 7.341606 4.384693 -78.676232 0.875000 0.520411 8.062258 -119.744881 4.000000 0.000000 
57.000000 213.000000 31.556853 1.000000 25.000000 26.142000 0.877878 0.462963 9.929046 4.754862 30.465198 0.714286 0.366354 9.848858 156.037511 5.269652 56.309932 
20.000000 214.000000 23.118164 1.000000 6.000000 8.328000 0.953154 0.600000 5.526219 1.671596 72.391204 0.857143 0.573146 5.385165 111.801409 2.000000 0.000000 
25.000000 216.000000 53.623823 1.000000 16.000000 13.844000 0.922045 0.761905 7.635811 2.955682 -1.517785 0.888889 0.696897 7.280110 164.054604 3.000000 -90.000000 
51.000000 217.000000 57.775450 1.000000 22.000000 24.157000 0.924355 0.407407 10.418788 3.975107 -59.954762 0.687500 0.370981 10.295630 -119.054604 5.309908 141.340192 
15.000000 219.000000 20.571974 5.000000 5.000000 8.328000 0.969048 0.500000 6.024504 1.487286 17.143438 0.714286 0.477622 5.385165 158.198591 1.897367 71.565051 
40.000000 221.000000 28.611043 2.000000 15.000000 22.876000 0.980983 0.208333 12.849969 2.494097 49.895560 0.714286 0.278463 11.401754 127.874984 3.535534 -135.000000 
9.000000 221.000000 30.296846 1.000000 19.000000 21.552000 0.983983 0.345455 12.521891 2.232148 -65.309719 0.863636 0.391557 12.083046 -114.443955 2.683282 -26.565051 
26.000000 221.000000 32.184879 1.000000 12.000000 10.867000 0.625082 0.600000 4.873525 3.804073 -8.349622 0.923077 0.768426 5.385165 158.198591 4.000000 -90.000000 
45.000000 228.000000 34.114934 1.000000 33.000000 32.204000 0.989056 0.343750 18.170638 2.680850 15.232905 0.733333 0.331935 16.763055 162.645975 3.332820 74.744881 
58.000000 221.000000 50.569229 1.000000 24.000000 16.028000 0.769708 0.571429 7.196125 4.593982 -45.830141 0.960000 0.820721 7.615773 -156.801409 4.949747 -45.000000 
4.000000 225.000000 24.243901 4.000000 7.000000 10.288000 0.967949 0.583333 6.654453 1.671252 14.089295 0.875000 0.487733 6.324555 161.565051 2.000000 -90.000000 
24.000000 224.000000 22.677740 1.000000 10.000000 11.992000 0.923830 0.555556 6.488277 2.483732 77.345117 0.833333 0.548688 6.324555 108.434949 3.000000 0.000000 
28.000000 224.000000 23.456884 8.000000 6.000000 7.220000 0.869227 0.500000 4.472136 2.211083 -30.963757 1.000000 0.702276 4.472136 -153.434949 2.683282 -63.434949 
56.000000 223.000000 47.985386 7.000000 14.000000 13.588000 0.911038 0.466667 7.553102 3.114315 -31.850000 0.823529 0.628590 7.211103 -146.309932 3.800000 -53.130102 
35.000000 225.000000 28.253870 4.000000 5.000000 4.962000 0.765092 0.833333 3.306559 2.129163 71.565051 1.000000 0.956808 3.605551 123.690068 2.000000 0.000000 
27.000000 226.000000 32.574346 1.000000 8.000000 8.998000 0.872569 0.533333 5.115813 2.499024 -78.164731 0.800000 0.682168 5.099020 101.309932 2.846050 -18.434949 
32.000000 227.000000 37.838704 1.000000 14.000000 14.878000 0.943333 0.583333 7.899782 2.621517 -83.717326 0.933333 0.541811 8.246211 -104.036243 3.000000 0.000000 
59.000000 230.000000 36.640602 2.000000 33.000000 24.893000 0.962387 0.550000 13.099569 3.558899 -15.787095 0.825000 0.527637 12.649111 -161.565051 4.365641 104.036243 
49.000000 229.000000 19.370877 12.000000 2.000000 1.960000 0.866025 1.000000 2.309401 1.154701 90.000000 1.000000 0.965669 2.236068 116.565051 1.000000 0.000000 
23.000000 233.000000 19.110377 5.000000 3.000000 3.093000 0.730297 0.750000 2.581989 1.763834 45.000000 1.000000 0.969873 2.828427 135.000000 2.000000 -90.000000 
30.000000 235.000000 20.754308 6.000000 2.000000 1.960000 0.866025 1.000000 2.309401 1.154701 0.000000 1.000000 0.965669 2.236068 153.434949 1.000000 -90.000000 
58.000000 237.000000 23.519840 1.000000 4.000000 4.408000 0.870424 0.666667 3.435909 1.691507 58.282526 1.000000 0.881907 3.605551 123.690068 2.000000 0.000000 
