269
31.000000 115.000000 13.810786 1.000000 10255.000000 591.556000 0.962205 0.667643 283.813676 77.289842 0.756177 0.667643 0.364379 248.386795 165.068583 64.000000 -90.000000 
11.000000 5.000000 50.865817 1.000000 18.000000 22.652000 0.952246 0.300000 11.960686 3.651993 -62.797998 0.642857 0.339984 11.661904 -120.963757 4.273658 150.945396 
18.000000 5.000000 37.995648 2.000000 4.000000 6.368000 0.958153 0.500000 4.964579 1.421135 67.500000 0.800000 0.555835 4.472136 116.565051 1.788854 26.565051 
27.000000 4.000000 46.370550 1.000000 7.000000 8.882000 0.942088 0.700000 5.788786 1.941356 -80.384664 0.875000 0.608470 5.385165 -111.801409 2.000000 0.000000 
50.000000 5.000000 58.824408 1.000000 53.000000 51.134000 0.993229 0.509615 27.315574 3.173275 -84.419031 0.757143 0.226088 26.305893 -98.746162 4.000000 0.000000 
25.000000 9.000000 54.313188 1.000000 28.000000 24.984000 0.972950 0.717949 13.619889 3.146423 -86.957855 0.875000 0.444800 13.152946 -98.746162 3.000000 0.000000 
36.000000 9.000000 35.680501 3.000000 2.000000 2.812000 0.925820 0.500000 3.055050 1.154701 45.000000 1.000000 0.709058 2.828427 135.000000 1.414214 45.000000 
10.000000 10.000000 35.081933 7.000000 2.000000 2.812000 0.925820 0.500000 3.055050 1.154701 -45.000000 1.000000 0.709058 2.828427 -135.000000 1.414214 -45.000000 
17.000000 10.000000 96.670833 1.000000 11.000000 9.180000 0.732334 0.733333 4.658001 3.171846 90.000000 1.000000 0.910477 5.099020 101.309932 3.000000 0.000000 
33.000000 10.000000 36.934493 6.000000 1.000000 0.000000 0.000000 1.000000 1.154701 1.154701 0.000000 1.000000 1.000000 1.414214 135.000000 1.000000 -90.000000 
41.000000 10.000000 33.923600 12.000000 1.000000 0.000000 0.000000 1.000000 1.154701 1.154701 0.000000 1.000000 1.000000 1.414214 135.000000 1.000000 -90.000000 
13.000000 11.000000 87.605541 1.000000 12.000000 11.992000 0.846959 0.500000 5.930427 3.152957 81.021917 0.857143 0.658426 6.082763 99.462322 3.638034 14.036243 
52.000000 11.000000 32.438423 8.000000 1.000000 0.000000 0.000000 1.000000 1.154701 1.154701 0.000000 1.000000 1.000000 1.414214 135.000000 1.000000 -90.000000 
20.000000 13.000000 53.967738 2.000000 10.000000 9.180000 0.806180 0.666667 4.888755 2.892531 -69.379278 1.000000 0.827706 5.385165 -111.801409 3.000000 0.000000 
50.000000 13.000000 53.699881 1.000000 16.000000 20.510000 0.976976 0.400000 11.578613 2.470299 78.621182 0.666667 0.359426 10.440307 106.699244 3.224903 7.125016 
59.000000 12.000000 34.449169 1.000000 3.000000 3.920000 0.942809 1.000000 3.464102 1.154701 90.000000 1.000000 0.756007 3.162278 108.434949 1.000000 0.000000 
9.000000 14.000000 51.193649 1.000000 10.000000 8.998000 0.793574 0.625000 4.864662 2.960022 37.534291 1.000000 0.852711 5.000000 126.869898 3.535534 -135.000000 
25.000000 14.000000 48.978422 1.000000 13.000000 12.802000 0.954127 0.928571 7.642111 2.288059 87.855423 1.000000 0.642659 7.280110 105.945396 2.000000 0.000000 
37.000000 17.000000 73.912720 1.000000 45.000000 39.796000 0.988518 0.296053 20.721366 3.131015 73.610150 0.775862 0.306723 19.646883 104.743563 3.794733 18.434949 
53.000000 16.000000 34.825338 7.000000 2.000000 1.960000 0.866025 1.000000 2.309401 1.154701 0.000000 1.000000 0.965669 2.236068 153.434949 1.000000 -90.000000 
18.000000 16.000000 48.109894 1.000000 6.000000 6.922000 0.894483 0.750000 4.513541 2.018017 77.066822 1.000000 0.744483 4.472136 116.565051 2.000000 0.000000 
52.000000 22.000000 55.971403 1.000000 38.000000 41.773000 0.951200 0.230303 20.477708 6.318898 -59.821800 0.426966 0.236711 17.492856 -120.963757 6.976040 -28.300756 
56.000000 17.000000 51.373543 1.000000 8.000000 8.328000 0.894059 0.800000 5.033223 2.254625 90.000000 1.000000 0.764194 5.099020 101.309932 2.000000 0.000000 
17.000000 20.000000 42.347274 2.000000 10.000000 15.656000 0.910983 0.285714 7.876171 3.248476 25.211213 0.666667 0.355636 7.615773 156.801409 3.794733 -108.434949 
53.000000 18.000000 47.708952 1.000000 7.000000 6.922000 0.856222 0.875000 4.312826 2.228038 -81.650378 1.000000 0.868564 4.472136 -116.565051 2.000000 0.000000 
10.000000 23.000000 69.107560 1.000000 27.000000 25.050000 0.981540 0.692308 14.156849 2.707626 84.236466 0.843750 0.426908 13.152946 98.746162 3.000000 0.000000 
43.000000 23.000000 35.278582 10.000000 3.000000 5.624000 0.970143 0.333333 4.760952 1.154701 -45.000000 1.000000 0.490646 4.242641 -135.000000 1.414214 -45.000000 
37.000000 25.000000 36.321678 8.000000 4.000000 4.408000 0.870424 0.666667 3.435909 1.691507 -31.717474 1.000000 0.881907 3.605551 -146.309932 2.000000 -90.000000 
12.000000 27.000000 33.482537 7.000000 2.000000 1.960000 0.866025 1.000000 2.309401 1.154701 0.000000 1.000000 0.965669 2.236068 153.434949 1.000000 -90.000000 
27.000000 33.000000 46.736160 2.000000 12.000000 15.548000 0.958593 0.500000 8.924768 2.541579 10.496899 0.750000 0.431709 8.246211 165.963757 3.000000 -90.000000 
56.000000 31.000000 46.791080 7.000000 6.000000 6.368000 0.833333 0.750000 4.000000 2.211083 0.000000 1.000000 0.833753 4.123106 165.963757 2.000000 -90.000000 
35.000000 32.000000 39.617566 1.000000 5.000000 8.328000 0.969048 0.500000 6.024504 1.487286 17.143438 0.833333 0.477622 5.385165 158.198591 1.897367 -108.434949 
16.000000 33.000000 36.054644 1.000000 4.000000 7.220000 0.966087 0.333333 5.361879 1.384531 58.282526 0.800000 0.468184 5.000000 126.869898 1.788854 26.565051 
47.000000 33.000000 35.100045 1.000000 8.000000 12.736000 0.956114 0.571429 7.687246 2.252314 89.204430 0.800000 0.398777 7.071068 98.130102 2.000000 0.000000 
8.000000 34.000000 76.582780 1.000000 21.000000 17.508000 0.932210 0.583333 8.918555 3.227779 -76.919217 0.913043 0.618880 9.486833 -108.434949 3.880570 -14.036243 
39.000000 34.000000 42.940374 1.000000 6.000000 10.288000 0.978356 0.500000 7.151462 1.479838 75.321123 0.750000 0.418057 6.324555 108.434949 1.897367 18.434949 
59.000000 33.000000 34.868640 1.000000 4.000000 6.550000 0.946293 0.500000 4.820546 1.558527 -72.391204 0.800000 0.535155 4.472136 -116.565051 1.897367 -18.434949 
32.000000 35.000000 42.023464 1.000000 10.000000 14.696000 0.973552 0.416667 9.109098 2.081104 77.995084 0.714286 0.394946 8.246211 104.036243 2.465985 -170.537678 
54.000000 36.000000 62.523002 1.000000 19.000000 18.178000 0.938598 0.475000 9.189574 3.170520 19.404536 0.826087 0.525298 8.944272 153.434949 3.794733 71.565051 
43.000000 36.000000 34.529190 1.000000 4.000000 6.368000 0.958153 0.500000 4.964579 1.421135 -67.500000 0.800000 0.555835 4.472136 -116.565051 1.788854 -26.565051 
24.000000 37.000000 69.706685 1.000000 9.000000 11.140000 0.930178 0.750000 6.096250 2.237984 -84.690172 0.900000 0.554497 6.324555 -108.434949 2.000000 0.000000 
9.000000 38.000000 34.559951 4.000000 3.000000 4.590000 0.928995 0.500000 3.854129 1.426385 61.845034 1.000000 0.630657 3.605551 123.690068 1.788854 26.565051 
17.000000 38.000000 51.961711 2.000000 4.000000 5.053000 0.866025 0.666667 3.651484 1.825742 71.565051 1.000000 0.748540 3.605551 123.690068 2.000000 0.000000 
21.000000 38.000000 80.394879 1.000000 12.000000 10.106000 0.783576 0.800000 5.174507 3.214901 83.357567 0.923077 0.859245 5.385165 111.801409 3.000000 0.000000 
10.000000 39.000000 84.011864 1.000000 5.000000 6.550000 0.889464 0.625000 4.253087 1.943686 84.847577 0.833333 0.668944 4.123106 104.036243 2.000000 0.000000 
57.000000 39.000000 48.128820 1.000000 7.000000 9.180000 0.920119 0.466667 5.533783 2.167249 -65.457192 0.777778 0.579394 5.385165 -111.801409 2.683282 153.434949 
6.000000 41.000000 118.854262 2.000000 16.000000 12.736000 0.861801 0.666667 6.616471 3.356186 69.448481 0.888889 0.797555 6.708204 116.565051 3.794733 18.434949 
13.000000 43.000000 63.292094 2.000000 25.000000 24.943000 0.985083 0.284091 14.595777 2.511644 57.984253 0.833333 0.398303 13.601471 126.027373 3.258473 30.963757 
46.000000 46.000000 55.746298 1.000000 48.000000 48.810000 0.953102 0.285714 22.619930 6.845915 8.858508 0.470588 0.223488 21.840330 164.054604 7.482103 -104.743563 
37.000000 41.000000 37.993714 1.000000 4.000000 5.053000 0.866025 0.666667 3.651484 1.825742 -71.565051 1.000000 0.748540 3.605551 -123.690068 2.000000 0.000000 
29.000000 44.000000 51.074608 1.000000 1.000000 0.000000 0.000000 1.000000 1.154701 1.154701 0.000000 1.000000 1.000000 1.414214 135.000000 1.000000 -90.000000 
52.000000 45.000000 47.388887 2.000000 18.000000 24.058000 0.972875 0.545455 11.671192 2.699896 -5.431159 0.692308 0.305744 11.180340 -169.695154 3.000000 -90.000000 
38.000000 56.000000 83.264427 2.000000 64.000000 59.512000 0.994824 0.367816 32.881460 3.341223 -6.666251 0.633663 0.204879 29.274562 -172.146687 4.289228 96.842773 
19.000000 46.000000 35.558818 1.000000 2.000000 1.960000 0.866025 1.000000 2.309401 1.154701 90.000000 1.000000 0.965669 2.236068 116.565051 1.000000 0.000000 
21.000000 51.000000 38.786595 1.000000 9.000000 10.776000 0.957335 0.500000 6.851564 1.979967 22.127970 0.900000 0.583881 6.708204 153.434949 2.529822 -108.434949 
58.000000 52.000000 47.013595 1.000000 14.000000 13.869000 0.939458 0.500000 7.728798 2.648391 -63.186537 0.875000 0.607994 8.062258 -119.744881 3.130495 -26.565051 
23.000000 50.000000 36.758820 6.000000 6.000000 6.922000 0.894483 0.750000 4.513541 2.018017 12.933178 0.857143 0.744483 4.472136 153.434949 2.000000 -90.000000 
31.000000 53.000000 33.853327 2.000000 1.000000 0.000000 0.000000 1.000000 1.154701 1.154701 0.000000 1.000000 1.000000 1.414214 135.000000 1.000000 -90.000000 
53.000000 56.000000 63.178530 7.000000 9.000000 10.288000 0.932998 0.750000 6.081723 2.188704 -3.170096 1.000000 0.627085 6.082763 170.537678 2.000000 -90.000000 
8.000000 55.000000 74.078905 1.000000 20.000000 19.402000 0.922738 0.500000 8.927821 3.441028 -68.479238 0.769231 0.494531 8.944272 -116.565051 4.110961 161.565051 
29.000000 54.000000 33.407410 11.000000 1.000000 0.000000 0.000000 1.000000 1.154701 1.154701 0.000000 1.000000 1.000000 1.414214 135.000000 1.000000 -90.000000 
17.000000 56.000000 58.104026 1.000000 27.000000 28.838000 0.967309 0.519231 14.253209 3.614624 -87.283597 0.642857 0.331763 13.341664 102.994617 4.000000 0.000000 
61.000000 60.000000 63.345403 2.000000 5.000000 7.013000 0.931488 0.625000 4.881890 1.775899 10.900705 0.833333 0.609333 4.472136 153.434949 2.000000 -90.000000 
58.000000 60.000000 71.341073 1.000000 8.000000 10.958000 0.950093 0.666667 6.778285 2.114596 -83.023761 0.800000 0.505693 6.324555 -108.434949 2.000000 0.000000 
34.000000 62.000000 37.259168 4.000000 9.000000 14.622000 0.983744 0.257143 9.498750 1.705743 37.258759 0.750000 0.358419 8.602325 144.462322 2.342606 -128.659808 
55.000000 62.000000 70.136403 7.000000 14.000000 14.812000 0.922243 0.466667 7.564170 2.924387 -31.588528 0.777778 0.545802 7.810250 -140.194429 3.577709 116.565051 
48.000000 65.000000 78.791209 1.000000 32.000000 28.168000 0.973892 0.615385 14.590522 3.312224 -7.132110 0.780488 0.410209 13.341664 -167.005383 3.865103 96.340192 
23.000000 64.000000 78.719463 1.000000 39.000000 32.088000 0.962347 0.520000 15.437692 4.196343 84.915966 0.722222 0.394875 15.132746 -97.594643 4.916046 -4.085617 
10.000000 65.000000 51.047268 1.000000 12.000000 14.696000 0.969462 0.500000 8.626320 2.115537 74.190286 0.800000 0.473935 8.544004 110.556045 2.667892 -165.963757 
31.000000 67.000000 42.230838 2.000000 3.000000 4.590000 0.928995 0.500000 3.854129 1.426385 61.845034 0.750000 0.630657 3.605551 123.690068 1.788854 -153.434949 
27.000000 69.000000 42.969167 2.000000 4.000000 5.905000 0.926289 0.444444 4.355771 1.641317 50.309828 1.000000 0.614186 4.242641 135.000000 2.121320 -135.000000 
59.000000 69.000000 82.965892 1.000000 43.000000 26.597000 0.861915 0.651515 11.664534 5.914537 11.788007 0.811321 0.610995 12.083046 155.556045 6.000000 -90.000000 
11.000000 71.000000 51.503138 1.000000 30.000000 33.908000 0.965122 0.375000 16.109866 4.217554 -82.455036 0.588235 0.274640 16.124515 -97.125016 4.559811 175.914383 
29.000000 72.000000 50.274524 1.000000 41.000000 41.086000 0.992925 0.292857 24.729772 2.936528 76.255113 0.661290 0.263395 20.880613 106.699244 4.118439 -168.690068 
43.000000 71.000000 74.947359 1.000000 24.000000 15.920000 0.792918 0.685714 7.344648 4.475307 80.834464 0.923077 0.830047 7.615773 113.198591 5.000000 0.000000 
53.000000 72.000000 61.195595 1.000000 20.000000 15.523000 0.903915 0.833333 7.942662 3.397173 -86.881460 1.000000 0.721444 8.246211 -104.036243 3.000000 0.000000 
46.000000 76.000000 53.458869 1.000000 20.000000 23.785000 0.928829 0.400000 10.723797 3.973266 5.485079 0.606061 0.346639 10.198039 168.690068 4.465250 -97.125016 
15.000000 75.000000 58.383699 1.000000 18.000000 18.434000 0.968135 0.500000 10.704733 2.680758 -75.656926 0.818182 0.485911 9.848858 -113.962489 3.287980 -9.462322 
30.000000 81.000000 49.937371 3.000000 21.000000 24.546000 0.969920 0.437500 11.713012 2.851249 -13.599462 0.700000 0.344238 12.649111 -161.565051 3.794733 -71.565051 
59.000000 76.000000 51.653631 5.000000 14.000000 14.051000 0.644484 0.560000 5.581162 4.267455 -50.087755 0.777778 0.595189 5.830952 -149.036243 4.714952 -33.690068 
10.000000 80.000000 79.665852 1.000000 45.000000 32.229000 0.970616 0.401786 16.734095 4.026784 -66.016565 0.803571 0.451999 16.124515 -119.744881 5.013774 158.198591 
25.000000 79.000000 33.249386 2.000000 1.000000 0.000000 0.000000 1.000000 1.154701 1.154701 0.000000 1.000000 1.000000 1.414214 135.000000 1.000000 -90.000000 
42.000000 81.000000 43.935800 1.000000 4.000000 5.905000 0.926289 0.444444 4.355771 1.641317 -39.690172 1.000000 0.614186 4.242641 -135.000000 2.121320 135.000000 
53.000000 82.000000 46.675270 1.000000 19.000000 29.781000 0.886311 0.234568 12.654867 5.860352 45.484485 0.404255 0.220280 10.630146 131.185925 6.742363 35.537678 
58.000000 83.000000 84.610629 5.000000 26.000000 20.394000 0.935520 0.650000 10.336669 3.651676 10.407869 0.866667 0.589838 10.198039 168.690068 3.945576 80.537678 
7.000000 85.000000 51.450366 1.000000 10.000000 12.918000 0.956546 0.476190 7.570589 2.207454 78.125253 0.769231 0.487238 7.280110 105.945396 2.667892 14.036243 
33.000000 86.000000 46.155581 2.000000 4.000000 4.408000 0.870424 0.666667 3.435909 1.691507 58.282526 1.000000 0.881907 3.605551 123.690068 2.000000 0.000000 
47.000000 85.000000 53.170414 4.000000 15.000000 15.432000 0.948765 0.625000 8.369847 2.644720 4.869248 0.882353 0.546398 8.246211 165.963757 3.000000 -90.000000 
28.000000 87.000000 50.709475 1.000000 7.000000 10.404000 0.922277 0.350000 6.034106 2.332360 57.471953 0.777778 0.479415 5.830952 120.963757 2.828427 45.000000 
8.000000 90.000000 85.766754 1.000000 33.000000 25.588000 0.942400 0.412500 12.701810 4.248603 -57.559911 0.785714 0.502418 12.206556 -124.992020 5.231144 -35.537678 
46.000000 92.000000 87.667922 1.000000 43.000000 38.415000 0.988097 0.265432 20.159395 3.101218 -67.960356 0.767857 0.312895 19.697716 -113.962489 3.745317 -20.556045 
23.000000 90.000000 42.612788 1.000000 10.000000 13.381000 0.962210 0.714286 7.887550 2.147841 83.580231 0.833333 0.460313 7.280110 105.945396 2.000000 0.000000 
15.000000 90.000000 43.288176 1.000000 7.000000 8.328000 0.930558 0.700000 5.262061 1.926673 75.321123 0.875000 0.668670 5.385165 111.801409 2.000000 0.000000 
53.000000 90.000000 34.302729 3.000000 1.000000 0.000000 0.000000 1.000000 1.154701 1.154701 0.000000 1.000000 1.000000 1.414214 135.000000 1.000000 -90.000000 
58.000000 92.000000 53.532026 1.000000 24.000000 21.916000 0.945088 0.480000 10.752798 3.514194 -10.794819 0.750000 0.480333 10.198039 -168.690068 4.123106 104.036243 
32.000000 92.000000 66.913310 1.000000 29.000000 24.802000 0.973262 0.483333 13.636664 3.132333 -73.642426 0.852941 0.466706 13.000000 -112.619865 3.796283 167.471192 
18.000000 97.000000 51.346696 1.000000 33.000000 44.891000 0.990479 0.152778 24.366841 3.354473 56.162633 0.507692 0.179743 21.095023 121.429566 4.300698 34.695154 
14.000000 94.000000 42.089282 11.000000 4.000000 4.408000 0.870424 0.666667 3.435909 1.691507 -58.282526 1.000000 0.881907 3.605551 -123.690068 2.000000 0.000000 
8.000000 96.000000 68.426127 1.000000 18.000000 16.102000 0.919877 0.750000 8.244083 3.233395 84.103814 0.900000 0.610816 8.246211 104.036243 3.000000 0.000000 
40.000000 98.000000 45.790889 7.000000 9.000000 9.924000 0.937614 0.600000 6.359595 2.211083 -18.434949 0.818182 0.662513 5.830952 -149.036243 2.529822 -71.565051 
55.000000 95.000000 67.893022 2.000000 7.000000 7.774000 0.613667 0.583333 3.862352 3.049577 -72.231161 1.000000 0.738267 4.242641 -135.000000 3.000000 0.000000 
4.000000 103.000000 75.674055 2.000000 1.000000 0.000000 0.000000 1.000000 1.154701 1.154701 0.000000 1.000000 1.000000 1.414214 135.000000 1.000000 -90.000000 
32.000000 98.000000 36.244085 2.000000 2.000000 1.960000 0.866025 1.000000 2.309401 1.154701 90.000000 1.000000 0.965669 2.236068 116.565051 1.000000 0.000000 
54.000000 102.000000 49.028314 1.000000 23.000000 22.007000 0.915739 0.511111 9.982032 4.010525 6.761580 0.793103 0.456994 9.219544 167.471192 5.000000 -90.000000 
58.000000 101.000000 53.864178 1.000000 21.000000 19.104000 0.960133 0.583333 10.698862 2.990783 12.683395 0.807692 0.533263 9.848858 156.037511 3.452379 80.537678 
44.000000 101.000000 62.060531 1.000000 15.000000 15.548000 0.939269 0.468750 8.325403 2.857136 -74.689527 0.789474 0.539637 8.246211 -104.036243 3.162278 -18.434949 
35.000000 105.000000 72.951316 1.000000 55.000000 55.021000 0.996362 0.254630 31.619827 2.694775 -75.757103 0.696203 0.204308 28.160256 -106.504361 3.395499 -14.036243 
41.000000 103.000000 39.940531 7.000000 2.000000 1.960000 0.866025 1.000000 2.309401 1.154701 0.000000 1.000000 0.965669 2.236068 153.434949 1.000000 -90.000000 
10.000000 107.000000 36.549787 1.000000 7.000000 9.461000 0.954630 0.466667 6.296111 1.874953 -69.699353 0.777778 0.553845 5.830952 -120.963757 2.213594 -18.434949 
50.000000 104.000000 59.989491 3.000000 7.000000 8.998000 0.761824 0.583333 4.399925 2.850202 -27.231161 0.777778 0.596897 4.472136 -153.434949 3.000000 -90.000000 
57.000000 107.000000 42.735039 7.000000 8.000000 8.146000 0.273861 0.666667 3.651484 3.511885 0.000000 0.888889 0.789037 4.242641 135.000000 3.000000 -90.000000 
54.000000 111.000000 65.058932 3.000000 15.000000 16.838000 0.966209 0.555556 9.450873 2.436047 13.216970 0.833333 0.472202 9.486833 161.565051 2.941742 -101.309932 
37.000000 111.000000 49.507775 2.000000 3.000000 4.590000 0.928995 0.500000 3.854129 1.426385 61.845034 1.000000 0.630657 3.605551 123.690068 1.788854 26.565051 
6.000000 111.000000 32.925095 2.000000 2.000000 2.812000 0.925820 0.500000 3.055050 1.154701 -45.000000 1.000000 0.709058 2.828427 -135.000000 1.414214 -45.000000 
4.000000 113.000000 70.048685 4.000000 4.000000 5.880000 0.968246 1.000000 4.618802 1.154701 0.000000 1.000000 0.617595 4.123106 165.963757 1.000000 -90.000000 
33.000000 113.000000 78.301337 1.000000 22.000000 16.011000 0.898158 0.687500 8.252967 3.628605 78.414284 0.916667 0.753663 8.246211 104.036243 4.000000 0.000000 
50.000000 114.000000 43.221350 1.000000 5.000000 7.683000 0.950267 0.416667 5.516767 1.718124 58.879270 0.833333 0.536237 5.000000 126.869898 2.218801 -146.309932 
16.000000 114.000000 45.985102 1.000000 10.000000 8.791000 0.630126 0.833333 4.258325 3.306559 63.434949 0.909091 0.882552 5.000000 126.869898 3.000000 0.000000 
27.000000 114.000000 69.685969 1.000000 11.000000 10.404000 0.786783 0.733333 5.104959 3.150932 -84.805571 0.916667 0.753367 5.385165 -111.801409 3.000000 0.000000 
45.000000 115.000000 54.563515 1.000000 19.000000 18.062000 0.942385 0.527778 9.153879 3.062241 -75.694770 0.863636 0.531061 9.848858 -113.962489 3.638034 165.963757 
25.000000 117.000000 42.261230 2.000000 9.000000 9.643000 0.849825 0.600000 5.178886 2.729605 -5.884144 0.818182 0.691956 5.385165 -158.198591 3.000000 -90.000000 
28.000000 120.000000 46.607588 5.000000 13.000000 17.301000 0.977510 0.481481 9.986129 2.105947 10.784422 0.812500 0.390914 9.486833 161.565051 2.667892 75.963757 
56.000000 116.000000 45.749999 1.000000 12.000000 11.694000 0.916901 0.666667 6.574619 2.624022 -82.195746 0.923077 0.685143 6.324555 -108.434949 3.000000 0.000000 
60.000000 117.000000 49.689823 1.000000 5.000000 5.814000 0.743786 0.555556 3.529850 2.359413 34.099295 1.000000 0.783414 3.605551 123.690068 2.683282 63.434949 
12.000000 117.000000 57.623905 1.000000 26.000000 20.783000 0.885194 0.464286 9.519785 4.428806 67.466241 0.787879 0.570813 9.899495 135.000000 5.357062 -164.054604 
20.000000 118.000000 66.537192 1.000000 24.000000 19.079000 0.953614 0.666667 10.675999 3.213814 -78.349290 0.857143 0.610815 9.848858 -113.962489 3.530090 -11.309932 
52.000000 120.000000 71.302597 5.000000 21.000000 18.914000 0.914198 0.656250 8.955322 3.629300 9.246897 0.840000 0.542490 8.544004 159.443955 4.000000 -90.000000 
59.000000 122.000000 96.448269 3.000000 23.000000 16.102000 0.831292 0.821429 7.502801 4.170331 5.786017 0.920000 0.780486 7.615773 156.801409 4.000000 -90.000000 
41.000000 122.000000 52.629122 8.000000 3.000000 3.920000 0.942809 1.000000 3.464102 1.154701 0.000000 1.000000 0.756007 3.162278 161.565051 1.000000 -90.000000 
44.000000 122.000000 40.871095 1.000000 4.000000 4.408000 0.870424 0.666667 3.435909 1.691507 31.717474 1.000000 0.881907 3.605551 146.309932 2.000000 -90.000000 
7.000000 124.000000 67.690127 1.000000 16.000000 13.869000 0.900205 0.571429 7.250678 3.157425 -69.343780 0.888889 0.694850 7.615773 -113.198591 3.577709 -26.565051 
48.000000 122.000000 48.916791 1.000000 9.000000 8.328000 0.760176 0.750000 4.464505 2.900668 60.481878 1.000000 0.859719 5.000000 126.869898 3.000000 0.000000 
20.000000 125.000000 49.125539 1.000000 14.000000 14.696000 0.958355 0.583333 8.488546 2.424161 78.298623 0.823529 0.552924 8.246211 104.036243 2.910428 -165.963757 
42.000000 128.000000 114.749696 1.000000 30.000000 21.800000 0.952021 0.681818 11.566403 3.539693 -11.131580 0.882353 0.606014 11.401754 -164.744881 4.000000 -90.000000 
47.000000 131.000000 88.785906 5.000000 30.000000 28.838000 0.961835 0.357143 14.108578 3.860514 20.795639 0.681818 0.368625 13.892444 149.743563 4.975196 66.037511 
54.000000 125.000000 130.097907 1.000000 18.000000 14.812000 0.850696 0.514286 7.004353 3.681892 -73.574928 0.900000 0.701745 7.280110 -105.945396 4.024922 -26.565051 
58.000000 127.000000 148.325642 1.000000 9.000000 7.683000 0.665812 0.750000 4.053691 3.024539 69.699353 1.000000 0.965227 4.472136 116.565051 3.000000 0.000000 
11.000000 128.000000 50.673545 8.000000 6.000000 11.529000 0.935059 0.300000 6.252040 2.216302 -34.721977 0.857143 0.350321 5.830952 -149.036243 2.683282 -63.434949 
56.000000 130.000000 71.730099 8.000000 7.000000 7.592000 0.815930 0.583333 4.429339 2.560825 -71.565051 0.875000 0.763515 4.472136 -116.565051 2.846050 -18.434949 
59.000000 129.000000 134.209706 6.000000 7.000000 7.220000 0.692996 0.583333 3.827022 2.759060 79.099295 0.875000 0.819322 4.123106 104.036243 3.000000 0.000000 
21.000000 130.000000 37.995301 1.000000 3.000000 3.920000 0.942809 1.000000 3.464102 1.154701 90.000000 1.000000 0.756007 3.162278 108.434949 1.000000 0.000000 
32.000000 131.000000 44.545521 1.000000 13.000000 16.168000 0.975463 0.722222 9.135100 2.011223 82.749917 0.928571 0.438134 9.219544 102.528808 2.000000 0.000000 
58.000000 132.000000 105.684216 7.000000 7.000000 6.922000 0.856222 0.875000 4.312826 2.228038 8.349622 1.000000 0.868564 4.472136 153.434949 2.000000 -90.000000 
9.000000 135.000000 51.940315 1.000000 25.000000 25.563000 0.952384 0.312500 13.298268 4.054668 -55.994097 0.625000 0.381283 12.206556 -124.992020 5.114896 144.462322 
27.000000 136.000000 58.497353 7.000000 15.000000 14.994000 0.918323 0.416667 7.862354 3.112172 -46.563903 0.833333 0.573110 7.810250 -140.194429 4.000000 126.869898 
57.000000 135.000000 109.610742 6.000000 8.000000 9.279000 0.917967 0.500000 5.742650 2.277859 -40.862054 0.800000 0.651651 5.656854 -135.000000 2.828427 -45.000000 
60.000000 136.000000 125.872929 6.000000 3.000000 4.590000 0.928995 0.500000 3.854129 1.426385 -61.845034 0.750000 0.630657 3.605551 -123.690068 1.788854 153.434949 
31.000000 138.000000 53.194270 4.000000 7.000000 11.248000 0.856431 0.466667 5.280824 2.726284 81.650378 0.700000 0.424826 5.099020 101.309932 3.000000 0.000000 
48.000000 137.000000 90.725475 1.000000 25.000000 21.635000 0.745832 0.625000 7.614848 5.072510 -72.574771 0.806452 0.511760 8.246211 -104.036243 5.000000 0.000000 
54.000000 139.000000 81.937840 1.000000 16.000000 23.992000 0.850592 0.333333 8.976389 4.720022 67.130791 0.571429 0.273096 8.602325 125.537678 5.656854 -135.000000 
8.000000 140.000000 56.794301 1.000000 15.000000 14.878000 0.943092 0.625000 7.999922 2.660226 73.413048 1.000000 0.580512 8.544004 110.556045 3.000000 0.000000 
18.000000 142.000000 94.817922 1.000000 33.000000 25.299000 0.960866 0.366667 13.111969 3.632200 -43.105310 0.825000 0.512680 12.806248 -141.340192 4.609532 131.185925 
21.000000 141.000000 112.174352 1.000000 9.000000 9.461000 0.845654 0.600000 5.223808 2.788110 -10.685311 0.900000 0.712086 5.385165 -158.198591 3.000000 -90.000000 
40.000000 139.000000 43.237795 1.000000 3.000000 4.590000 0.928995 0.500000 3.854129 1.426385 -61.845034 1.000000 0.630657 3.605551 -123.690068 1.788854 -26.565051 
29.000000 141.000000 114.699780 7.000000 11.000000 12.273000 0.935147 0.458333 7.142050 2.530137 -24.423015 0.733333 0.581753 6.708204 -153.434949 3.130495 116.565051 
55.000000 142.000000 101.822201 1.000000 4.000000 5.905000 0.926289 0.444444 4.355771 1.641317 39.690172 0.800000 0.614186 4.242641 135.000000 2.121320 45.000000 
60.000000 142.000000 104.618550 2.000000 15.000000 18.914000 0.961822 0.555556 9.676984 2.648350 -12.167484 0.714286 0.387493 9.486833 -161.565051 3.000000 -90.000000 
49.000000 144.000000 143.474137 1.000000 14.000000 11.884000 0.736683 0.700000 5.920103 4.003400 -58.392498 0.823529 0.779246 6.403124 -128.659808 4.000000 0.000000 
25.000000 144.000000 145.417273 1.000000 20.000000 16.582000 0.799541 0.714286 6.915006 4.153234 84.874401 0.869565 0.646052 7.615773 113.198591 4.000000 0.000000 
33.000000 145.000000 160.221211 1.000000 9.000000 9.180000 0.836258 0.600000 4.952447 2.715603 -82.661803 0.900000 0.744936 5.099020 101.309932 3.000000 0.000000 
10.000000 147.000000 38.106645 1.000000 7.000000 8.328000 0.930558 0.700000 5.262061 1.926673 14.678877 0.875000 0.668670 5.385165 158.198591 2.000000 -90.000000 
30.000000 147.000000 84.137312 1.000000 16.000000 22.876000 0.943471 0.285714 10.047439 3.330261 -42.925960 0.640000 0.297027 9.433981 -147.994617 4.216692 -51.340192 
39.000000 147.000000 151.552805 1.000000 40.000000 27.333000 0.945690 0.833333 13.055478 4.243956 -86.192495 0.930233 0.541245 12.369317 -104.036243 4.000000 0.000000 
58.000000 147.000000 129.640697 1.000000 19.000000 14.696000 0.871395 0.678571 7.344981 3.603311 -66.316152 0.950000 0.750397 8.062258 -119.744881 4.000000 0.000000 
28.000000 151.000000 78.485760 1.000000 28.000000 29.525000 0.980679 0.291667 15.670836 3.065567 -62.636753 0.682927 0.329731 14.422205 -123.690068 4.270993 -21.801409 
17.000000 159.000000 67.921255 1.000000 23.000000 36.058000 0.986012 0.287500 20.319524 3.386710 7.806656 0.418182 0.188094 16.124515 172.874984 4.164644 -95.194429 
41.000000 151.000000 91.989650 1.000000 32.000000 29.508000 0.959677 0.615385 13.849444 3.893126 89.178889 0.744186 0.377228 13.152946 98.746162 4.000000 0.000000 
27.000000 159.000000 125.257800 1.000000 76.000000 74.788000 0.913305 0.285714 21.973016 8.949074 -36.657776 0.535211 0.157260 22.472205 -147.724356 9.899495 -45.000000 
55.000000 152.000000 108.696999 1.000000 41.000000 37.117000 0.961156 0.266234 16.798005 4.636321 -57.055590 0.630769 0.317890 16.124515 -119.744881 7.071068 135.000000 
7.000000 155.000000 51.341144 1.000000 12.000000 12.554000 0.895220 0.666667 6.855655 3.055050 90.000000 0.750000 0.612119 6.324555 108.434949 3.000000 0.000000 
39.000000 155.000000 115.332819 3.000000 15.000000 14.051000 0.739672 0.600000 6.176765 4.156763 -42.067014 0.789474 0.637703 7.071068 -135.000000 4.608177 -75.963757 
50.000000 155.000000 150.397449 1.000000 36.000000 29.690000 0.928379 0.409091 13.137530 4.882358 -60.259654 0.679245 0.419690 12.529964 -118.610460 6.507914 -40.601295 
9.000000 156.000000 41.605704 2.000000 7.000000 8.419000 0.853277 0.583333 4.811222 2.508849 27.231161 0.875000 0.658185 5.000000 143.130102 3.000000 -90.000000 
57.000000 159.000000 86.693053 3.000000 11.000000 10.776000 0.857619 0.611111 5.602617 2.881345 -85.053040 0.846154 0.713632 6.082763 99.462322 3.000000 0.000000 
49.000000 160.000000 118.911543 1.000000 36.000000 29.872000 0.945675 0.409091 13.626934 4.430311 -66.000888 0.705882 0.415075 12.806248 -128.659808 5.730587 -29.054604 
37.000000 161.000000 111.643538 1.000000 24.000000 27.151000 0.828130 0.500000 9.271604 5.197074 22.032282 0.685714 0.328661 8.602325 144.462322 5.578319 75.963757 
7.000000 163.000000 123.299213 1.000000 19.000000 15.250000 0.924182 0.791667 8.142580 3.110071 -82.840489 0.950000 0.705870 8.246211 -104.036243 3.000000 0.000000 
42.000000 161.000000 85.199955 1.000000 30.000000 22.495000 0.857052 0.666667 9.370315 4.827868 4.248202 0.789474 0.573602 9.219544 167.471192 5.000000 -90.000000 
58.000000 163.000000 43.382711 3.000000 4.000000 4.408000 0.870424 0.666667 3.435909 1.691507 58.282526 1.000000 0.881907 3.605551 123.690068 2.000000 0.000000 
60.000000 164.000000 80.239557 2.000000 5.000000 7.013000 0.931488 0.625000 4.881890 1.775899 79.099295 0.833333 0.609333 4.472136 116.565051 2.000000 0.000000 
12.000000 165.000000 118.900923 1.000000 15.000000 12.918000 0.809336 0.625000 6.218975 3.652687 86.776622 0.882353 0.730856 6.324555 108.434949 3.922323 -168.690068 
55.000000 166.000000 129.174001 1.000000 1.000000 0.000000 0.000000 1.000000 1.154701 1.154701 0.000000 1.000000 1.000000 1.414214 135.000000 1.000000 -90.000000 
22.000000 166.000000 172.391583 1.000000 30.000000 19.931000 0.908668 0.833333 10.031313 4.188275 -85.866465 0.909091 0.708171 9.486833 -108.434949 4.000000 0.000000 
45.000000 166.000000 182.797320 1.000000 20.000000 14.903000 0.800378 0.571429 6.822046 4.089787 72.664578 0.869565 0.771873 7.615773 113.198591 4.919350 -153.434949 
51.000000 167.000000 159.543788 1.000000 25.000000 17.144000 0.776334 0.595238 7.460709 4.702647 -45.743366 0.925926 0.763439 8.485281 -135.000000 5.366563 -26.565051 
17.000000 168.000000 72.612031 1.000000 13.000000 12.182000 0.867578 0.722222 6.307605 3.136777 -1.268381 0.866667 0.695716 6.324555 -161.565051 3.000000 -90.000000 
37.000000 168.000000 148.530256 1.000000 39.000000 34.280000 0.686942 0.541667 10.249830 7.448674 53.006097 0.684211 0.349969 10.295630 119.054604 8.000000 0.000000 
48.000000 170.000000 115.656656 1.000000 11.000000 10.776000 0.825694 0.733333 5.468916 3.085118 -1.486866 0.916667 0.713632 5.385165 158.198591 3.000000 -90.000000 
8.000000 170.000000 45.645128 3.000000 12.000000 13.770000 0.920943 0.571429 7.102791 2.767937 4.180778 0.750000 0.527257 7.071068 171.869898 3.000000 -90.000000 
22.000000 170.000000 56.842629 1.000000 10.000000 15.920000 0.975715 0.312500 9.866886 2.161303 72.029945 0.588235 0.345853 8.544004 110.556045 2.785430 21.801409 
29.000000 168.000000 187.578022 1.000000 26.000000 25.282000 0.707027 0.530612 8.465102 5.986410 68.504073 0.742857 0.404413 8.602325 125.537678 6.516946 -149.036243 
13.000000 172.000000 77.858218 1.000000 18.000000 17.235000 0.958480 0.450000 9.825708 2.801880 67.454885 0.857143 0.544778 8.944272 116.565051 3.528211 -158.198591 
43.000000 172.000000 190.768758 1.000000 18.000000 12.918000 0.735531 0.750000 6.110101 4.139541 90.000000 1.000000 0.877028 6.324555 108.434949 4.000000 0.000000 
52.000000 172.000000 130.840751 1.000000 21.000000 16.838000 0.916476 0.656250 8.553811 3.422299 78.276343 0.913043 0.661083 8.944272 116.565051 3.922323 11.309932 
26.000000 174.000000 52.222688 1.000000 11.000000 9.643000 0.726101 0.733333 4.739293 3.258679 14.713728 0.916667 0.845724 5.385165 158.198591 3.000000 -90.000000 
57.000000 172.000000 68.041316 1.000000 10.000000 10.106000 0.701368 0.625000 4.805552 3.425395 0.000000 0.833333 0.716038 5.000000 143.130102 4.000000 -90.000000 
16.000000 176.000000 66.042380 5.000000 17.000000 14.696000 0.919153 0.708333 7.765321 3.058771 5.703812 0.944444 0.671408 8.246211 165.963757 3.000000 -90.000000 
39.000000 176.000000 194.643240 1.000000 31.000000 31.675000 0.784540 0.492063 10.344336 6.414295 -10.642501 0.645833 0.321365 9.899495 -135.000000 7.000000 -90.000000 
45.000000 177.000000 144.130217 1.000000 17.000000 21.734000 0.948835 0.377778 11.128942 3.514206 18.605639 0.629630 0.345233 9.848858 156.037511 4.085297 68.198591 
7.000000 175.000000 71.378972 1.000000 13.000000 11.810000 0.874231 0.541667 6.190332 3.005470 69.860068 0.928571 0.730766 6.324555 108.434949 3.478505 -161.565051 
32.000000 175.000000 75.199280 1.000000 28.000000 25.398000 0.726325 0.571429 8.559970 5.883712 29.279481 0.736842 0.431989 9.219544 130.601295 6.870728 68.198591 
57.000000 179.000000 39.245055 1.000000 1.000000 0.000000 0.000000 1.000000 1.154701 1.154701 0.000000 1.000000 1.000000 1.414214 135.000000 1.000000 -90.000000 
48.000000 179.000000 156.162318 1.000000 26.000000 18.823000 0.929244 0.577778 9.712564 3.588473 64.107600 0.962963 0.677231 10.295630 119.054604 4.427189 -161.565051 
23.000000 179.000000 46.708969 1.000000 1.000000 0.000000 0.000000 1.000000 1.154701 1.154701 0.000000 1.000000 1.000000 1.414214 135.000000 1.000000 -90.000000 
52.000000 180.000000 54.167228 1.000000 5.000000 7.402000 0.882464 0.416667 4.587955 2.158086 -64.329904 0.833333 0.565201 4.472136 -116.565051 2.529822 161.565051 
14.000000 181.000000 36.660420 2.000000 1.000000 0.000000 0.000000 1.000000 1.154701 1.154701 0.000000 1.000000 1.000000 1.414214 135.000000 1.000000 -90.000000 
17.000000 183.000000 39.153129 7.000000 6.000000 9.800000 0.986013 1.000000 6.928203 1.154701 0.000000 1.000000 0.450179 6.082763 170.537678 1.000000 -90.000000 
10.000000 183.000000 42.998690 2.000000 6.000000 7.501000 0.932940 0.500000 5.134278 1.848505 60.767396 0.857143 0.665681 5.000000 126.869898 2.236068 26.565051 
26.000000 182.000000 101.666400 1.000000 29.000000 18.550000 0.895983 0.604167 9.430212 4.187839 30.563163 0.935484 0.774506 9.433981 147.994617 4.801960 -120.963757 
33.000000 182.000000 159.025521 2.000000 3.000000 3.093000 0.730297 0.750000 2.581989 1.763834 45.000000 1.000000 0.969873 2.828427 135.000000 2.000000 -90.000000 
55.000000 182.000000 73.458650 4.000000 9.000000 8.626000 0.503953 0.562500 3.944053 3.406602 26.565051 0.900000 0.816727 4.472136 153.434949 3.535534 45.000000 
50.000000 184.000000 249.197840 1.000000 24.000000 18.897000 0.773612 0.600000 7.978774 5.055827 86.986751 0.857143 0.620945 8.246211 104.036243 5.000000 0.000000 
7.000000 185.000000 53.741900 1.000000 11.000000 12.091000 0.918917 0.611111 6.800569 2.682497 -74.285217 0.785714 0.595737 6.708204 -116.565051 3.000000 0.000000 
59.000000 183.000000 39.633370 6.000000 3.000000 3.920000 0.942809 1.000000 3.464102 1.154701 0.000000 1.000000 0.756007 3.162278 161.565051 1.000000 -90.000000 
29.000000 185.000000 81.579224 1.000000 9.000000 8.998000 0.857808 0.600000 5.085275 2.613682 65.816770 0.900000 0.767439 5.385165 111.801409 3.000000 0.000000 
40.000000 185.000000 187.598948 1.000000 62.000000 44.701000 0.759868 0.469697 12.828024 8.339208 52.401037 0.729412 0.340386 13.000000 112.619865 9.192388 -135.000000 
19.000000 197.000000 69.320939 6.000000 43.000000 50.614000 0.988141 0.134375 27.837555 4.274396 -36.537470 0.462366 0.186995 24.413111 -145.007980 5.404528 125.837653 
33.000000 188.000000 145.744927 1.000000 20.000000 14.142000 0.370867 0.666667 5.517901 5.124396 -36.388282 0.952381 0.841341 6.403124 -141.340192 5.000000 0.000000 
56.000000 188.000000 125.065778 1.000000 21.000000 21.354000 0.926553 0.420000 9.361824 3.521592 78.324523 0.750000 0.439798 10.198039 101.309932 4.110961 18.434949 
22.000000 189.000000 46.365535 3.000000 6.000000 8.626000 0.952745 0.375000 5.705418 1.733136 48.455614 0.857143 0.544485 5.656854 135.000000 2.121320 45.000000 
27.000000 189.000000 107.262845 1.000000 7.000000 6.922000 0.856222 0.875000 4.312826 2.228038 81.650378 1.000000 0.868564 4.472136 116.565051 2.000000 0.000000 
45.000000 190.000000 104.722570 1.000000 30.000000 37.101000 0.836287 0.370370 11.630348 6.376825 53.839520 0.638298 0.232787 10.295630 119.054604 6.363961 45.000000 
10.000000 195.000000 86.713324 1.000000 38.000000 28.673000 0.974761 0.365385 15.338945 3.424460 -60.746822 0.883721 0.471781 15.264338 -121.607502 4.472136 -26.565051 
51.000000 192.000000 101.080454 1.000000 26.000000 18.459000 0.656558 0.530612 8.014391 6.045057 46.592632 0.742857 0.700248 8.062258 119.744881 6.260990 63.434949 
26.000000 193.000000 103.547966 5.000000 24.000000 21.544000 0.882524 0.428571 9.570946 4.500901 -49.265383 0.727273 0.494919 8.944272 -153.434949 5.153734 -38.659808 
32.000000 193.000000 172.009284 2.000000 16.000000 17.235000 0.821996 0.533333 7.275703 4.143467 23.314245 0.727273 0.484247 7.211103 146.309932 4.919350 -116.565051 
59.000000 194.000000 43.036992 4.000000 5.000000 4.962000 0.765092 0.833333 3.306559 2.129163 18.434949 1.000000 0.956808 3.605551 146.309932 2.000000 -90.000000 
37.000000 196.000000 136.994500 1.000000 47.000000 31.402000 0.926767 0.388430 13.643549 5.125019 41.871181 0.783333 0.494963 13.038405 147.528808 6.363961 45.000000 
46.000000 197.000000 112.222246 1.000000 34.000000 30.360000 0.716598 0.531250 9.258233 6.457492 -44.738753 0.708333 0.380678 10.630146 -138.814075 7.155418 -63.434949 
60.000000 196.000000 108.986268 2.000000 6.000000 6.277000 0.456435 0.666667 3.265986 2.905933 -63.434949 0.857143 0.849942 3.605551 123.690068 3.000000 -90.000000 
28.000000 198.000000 133.042106 3.000000 17.000000 16.491000 0.612393 0.566667 6.038283 4.773586 60.879740 0.850000 0.554247 6.403124 128.659808 5.000000 0.000000 
54.000000 199.000000 175.778603 1.000000 46.000000 35.240000 0.840909 0.460000 11.954887 6.469697 41.467268 0.718750 0.392393 12.206556 145.007980 7.488453 -123.690068 
60.000000 199.000000 115.786098 2.000000 9.000000 8.717000 0.694350 0.562500 4.291184 3.088099 55.427229 0.900000 0.804241 4.472136 116.565051 3.535534 45.000000 
6.000000 201.000000 52.830211 1.000000 7.000000 7.683000 0.771307 0.583333 4.207199 2.677728 75.127559 0.875000 0.750732 4.472136 116.565051 3.000000 0.000000 
8.000000 202.000000 49.416620 1.000000 1.000000 0.000000 0.000000 1.000000 1.154701 1.154701 0.000000 1.000000 1.000000 1.414214 135.000000 1.000000 -90.000000 
29.000000 201.000000 130.185064 1.000000 20.000000 18.153000 0.832674 0.500000 8.652634 4.791513 78.189103 0.740741 0.554244 8.246211 104.036243 5.000000 0.000000 
58.000000 204.000000 74.475958 2.000000 13.000000 14.605000 0.951000 0.464286 8.210780 2.538705 61.993084 0.812500 0.518708 8.062258 119.744881 3.130495 26.565051 
12.000000 204.000000 49.733141 6.000000 5.000000 4.962000 0.765092 0.833333 3.306559 2.129163 18.434949 1.000000 0.956808 3.605551 146.309932 2.000000 -90.000000 
14.000000 205.000000 38.389361 9.000000 3.000000 4.590000 0.928995 0.500000 3.854129 1.426385 -61.845034 0.750000 0.630657 3.605551 -123.690068 1.788854 153.434949 
25.000000 207.000000 153.023841 1.000000 34.000000 23.058000 0.887848 0.485714 10.381074 4.776706 23.100732 0.850000 0.622443 10.440307 163.300756 5.570860 -111.801409 
35.000000 205.000000 42.008426 1.000000 12.000000 19.286000 0.892023 0.333333 8.860884 4.005033 -39.514901 0.545455 0.299796 7.810250 -140.194429 4.600000 -53.130102 
44.000000 204.000000 111.642173 1.000000 39.000000 32.411000 0.654166 0.481481 9.600934 7.261680 9.202979 0.709091 0.387732 9.848858 113.962489 8.629110 78.690068 
11.000000 208.000000 53.466113 6.000000 9.000000 10.842000 0.952175 0.750000 6.686870 2.043198 7.627559 0.900000 0.578382 6.324555 161.565051 2.000000 -90.000000 
60.000000 211.000000 122.619595 1.000000 3.000000 3.920000 0.942809 1.000000 3.464102 1.154701 90.000000 1.000000 0.756007 3.162278 108.434949 1.000000 0.000000 
5.000000 210.000000 51.557577 1.000000 7.000000 11.438000 0.945132 0.350000 6.521902 2.130638 30.616175 0.777778 0.413825 6.403124 141.340192 2.683282 63.434949 
41.000000 211.000000 71.420698 6.000000 18.000000 20.667000 0.905078 0.450000 9.386965 3.991774 0.862509 0.666667 0.399039 8.544004 159.443955 5.000000 -90.000000 
14.000000 211.000000 63.000743 2.000000 9.000000 10.015000 0.927417 0.600000 6.110940 2.285676 74.034659 0.818182 0.653380 5.830952 120.963757 2.667892 14.036243 
46.000000 210.000000 132.943719 5.000000 17.000000 13.406000 0.855186 0.566667 6.827449 3.538813 -27.793661 0.944444 0.780170 6.708204 -153.434949 4.024922 -63.434949 
26.000000 213.000000 60.601879 2.000000 11.000000 16.764000 0.903359 0.314286 8.228071 3.528897 57.607861 0.611111 0.348861 7.615773 113.198591 4.242641 45.000000 
53.000000 210.000000 125.990829 1.000000 48.000000 39.995000 0.859988 0.500000 13.140873 6.705985 -15.120145 0.676056 0.324160 12.649111 -161.565051 7.809496 -77.471192 
9.000000 212.000000 70.105841 1.000000 13.000000 11.512000 0.893927 0.722222 6.379097 2.859190 -80.307742 0.928571 0.760790 6.324555 -108.434949 3.000000 0.000000 
15.000000 216.000000 77.530577 1.000000 50.000000 41.310000 0.980389 0.277778 22.281681 4.391055 63.269733 0.649351 0.317984 20.124612 116.565051 5.813777 26.565051 
24.000000 216.000000 69.769777 5.000000 9.000000 7.683000 0.665812 0.750000 4.053691 3.024539 20.300647 1.000000 0.965227 4.472136 153.434949 3.000000 -90.000000 
31.000000 219.000000 51.310109 1.000000 19.000000 22.652000 0.980853 0.345455 12.885325 2.509407 -71.628642 0.655172 0.358872 11.704700 -109.983107 3.162278 -18.434949 
35.000000 217.000000 51.155483 12.000000 4.000000 4.590000 0.731925 0.666667 3.055050 2.081666 90.000000 1.000000 0.840876 3.162278 108.434949 2.000000 0.000000 
46.000000 216.000000 92.989869 1.000000 25.000000 23.322000 0.800300 0.520833 8.842288 5.301830 74.593471 0.714286 0.448593 8.944272 116.565051 6.000000 0.000000 
56.000000 218.000000 96.612146 1.000000 16.000000 16.400000 0.746466 0.444444 6.417305 4.270229 -33.113826 0.842105 0.526514 6.708204 -116.565051 4.919350 -63.434949 
39.000000 218.000000 52.175046 1.000000 18.000000 18.343000 0.885326 0.500000 8.594127 3.996015 53.251313 0.720000 0.490036 8.485281 135.000000 4.600000 36.869898 
28.000000 223.000000 51.187765 1.000000 29.000000 33.337000 0.966469 0.247863 17.901058 4.596694 -54.893545 0.527273 0.273862 15.811388 -124.695154 5.350054 -37.874984 
51.000000 219.000000 83.053182 1.000000 20.000000 22.214000 0.908169 0.370370 9.857038 4.126193 -69.240232 0.625000 0.390924 9.219544 -102.528808 4.919350 153.434949 
58.000000 222.000000 53.958167 3.000000 5.000000 5.814000 0.743786 0.555556 3.529850 2.359413 -34.099295 1.000000 0.783414 3.605551 -146.309932 2.683282 -63.434949 
48.000000 225.000000 69.759630 1.000000 44.000000 46.156000 0.989004 0.349206 23.822143 3.523043 -79.711594 0.564103 0.227516 21.377558 -100.784298 4.274374 -9.462322 
10.000000 226.000000 76.268376 1.000000 42.000000 27.771000 0.961376 0.750000 14.337118 3.946108 -82.024672 0.976744 0.552317 14.560220 -105.945396 4.000000 0.000000 
50.000000 232.000000 51.221675 1.000000 34.000000 43.253000 0.983172 0.236111 20.407432 3.728119 75.139288 0.515152 0.198497 19.313208 111.250506 4.850713 14.036243 
34.000000 234.000000 58.323082 1.000000 30.000000 33.312000 0.990645 0.352941 18.641881 2.543893 -75.565817 0.731707 0.283694 17.464249 -103.240520 3.256609 163.300756 
11.000000 234.000000 87.969508 1.000000 37.000000 28.739000 0.957964 0.569231 13.978249 4.010194 81.162806 0.787234 0.457466 13.341664 102.994617 4.638124 6.340192 
59.000000 233.000000 87.337819 7.000000 26.000000 18.343000 0.928834 0.722222 9.649110 3.574951 -15.856841 0.962963 0.707830 9.848858 -156.037511 4.000000 -90.000000 
5.000000 236.000000 39.917774 2.000000 4.000000 4.590000 0.731925 0.666667 3.055050 2.081666 90.000000 1.000000 0.840876 3.162278 108.434949 2.000000 0.000000 
42.000000 237.000000 55.920670 1.000000 6.000000 8.510000 0.942928 0.600000 5.514176 1.836202 -85.268839 0.857143 0.555380 5.099020 101.309932 2.000000 0.000000 
