228
31.000000 114.000000 13.418111 1.000000 10879.000000 591.556000 0.961543 0.708268 286.082331 78.573669 0.365590 0.708268 0.386551 248.386795 165.068583 64.000000 -90.000000 
5.000000 4.000000 36.008341 1.000000 1.000000 0.000000 0.000000 1.000000 1.154701 1.154701 0.000000 1.000000 1.000000 1.414214 135.000000 1.000000 -90.000000 
49.000000 8.000000 46.300184 5.000000 14.000000 14.696000 0.964092 0.583333 8.634331 2.293001 15.927566 0.875000 0.552924 8.544004 159.443955 2.846050 71.565051 
8.000000 5.000000 38.506823 11.000000 2.000000 1.960000 0.866025 1.000000 2.309401 1.154701 90.000000 1.000000 0.965669 2.236068 116.565051 1.000000 0.000000 
16.000000 6.000000 45.119553 1.000000 3.000000 3.920000 0.942809 1.000000 3.464102 1.154701 90.000000 1.000000 0.756007 3.162278 108.434949 1.000000 0.000000 
19.000000 7.000000 44.763839 7.000000 10.000000 12.736000 0.970693 0.476190 8.108597 1.948671 -17.132324 0.769231 0.498472 7.615773 -156.801409 2.425356 104.036243 
53.000000 11.000000 38.118183 5.000000 5.000000 6.368000 0.923687 0.625000 4.492622 1.721341 20.993606 0.833333 0.694794 4.472136 153.434949 2.000000 -90.000000 
24.000000 12.000000 43.605014 1.000000 5.000000 8.510000 0.962333 0.500000 5.887652 1.600692 78.250717 0.714286 0.462817 5.385165 111.801409 1.940285 -165.963757 
31.000000 12.000000 45.912124 1.000000 10.000000 11.330000 0.941925 0.555556 6.967867 2.339978 -76.765062 0.769231 0.600036 6.324555 -108.434949 2.667892 165.963757 
36.000000 14.000000 43.158351 1.000000 3.000000 5.624000 0.970143 0.333333 4.760952 1.154701 -45.000000 1.000000 0.490646 4.242641 -135.000000 1.414214 -45.000000 
25.000000 17.000000 53.037705 1.000000 39.000000 47.520000 0.994510 0.406250 25.249488 2.642237 83.262395 0.696429 0.190949 24.331050 99.462322 3.092083 -173.659808 
39.000000 16.000000 43.343670 1.000000 5.000000 7.013000 0.931488 0.625000 4.881890 1.775899 -79.099295 0.833333 0.609333 4.472136 -116.565051 2.000000 0.000000 
49.000000 21.000000 36.657265 7.000000 2.000000 1.960000 0.866025 1.000000 2.309401 1.154701 0.000000 1.000000 0.965669 2.236068 153.434949 1.000000 -90.000000 
16.000000 25.000000 39.706139 1.000000 29.000000 40.714000 0.991761 0.218045 24.155217 3.094354 -71.175287 0.483333 0.189478 20.248457 -110.224859 4.110961 161.565051 
23.000000 22.000000 40.093161 1.000000 5.000000 8.328000 0.969048 0.500000 6.024504 1.487286 -72.856562 0.833333 0.477622 5.385165 -111.801409 1.897367 161.565051 
39.000000 23.000000 53.104559 1.000000 25.000000 26.944000 0.986216 0.446429 14.649103 2.423891 75.277483 0.806452 0.347083 14.560220 105.945396 3.152963 -165.963757 
8.000000 28.000000 36.539183 1.000000 2.000000 1.960000 0.866025 1.000000 2.309401 1.154701 90.000000 1.000000 0.965669 2.236068 116.565051 1.000000 0.000000 
36.000000 31.000000 42.548641 1.000000 5.000000 6.368000 0.923687 0.625000 4.492622 1.721341 69.006394 1.000000 0.694794 4.472136 116.565051 2.000000 0.000000 
8.000000 32.000000 37.458845 1.000000 5.000000 6.368000 0.923687 0.625000 4.492622 1.721341 -69.006394 0.833333 0.694794 4.472136 -116.565051 2.000000 0.000000 
17.000000 33.000000 43.186168 1.000000 9.000000 14.878000 0.820158 0.360000 6.720560 3.845086 -38.614379 0.562500 0.348307 6.403124 -141.340192 4.000000 126.869898 
47.000000 35.000000 42.223176 2.000000 6.000000 10.958000 0.978582 0.333333 7.387565 1.520781 69.223693 0.666667 0.379270 6.708204 116.565051 1.897367 18.434949 
7.000000 37.000000 45.850142 1.000000 10.000000 11.512000 0.913543 0.555556 6.435449 2.617569 85.203433 0.769231 0.585223 6.324555 108.434949 2.941742 11.309932 
16.000000 36.000000 38.020855 2.000000 3.000000 4.590000 0.928995 0.500000 3.854129 1.426385 -61.845034 0.750000 0.630657 3.605551 -123.690068 1.788854 153.434949 
24.000000 40.000000 52.615332 1.000000 11.000000 15.821000 0.946176 0.314286 8.753500 2.833085 31.717474 0.611111 0.384421 8.602325 144.462322 3.577709 -116.565051 
52.000000 42.000000 144.341669 1.000000 98.000000 49.200000 0.974401 0.326667 24.653561 5.542592 51.759241 0.852174 0.449513 23.853721 123.023868 6.400000 36.869898 
29.000000 40.000000 34.977575 12.000000 1.000000 0.000000 0.000000 1.000000 1.154701 1.154701 0.000000 1.000000 1.000000 1.414214 135.000000 1.000000 -90.000000 
38.000000 41.000000 44.736398 1.000000 19.000000 20.576000 0.966282 0.575758 10.903416 2.807472 84.591799 0.791667 0.424446 11.180340 100.304846 3.000000 0.000000 
17.000000 43.000000 75.738080 1.000000 25.000000 24.157000 0.977003 0.416667 13.464903 2.871073 75.390377 0.806452 0.421570 12.649111 108.434949 3.530090 -168.690068 
8.000000 43.000000 39.331809 12.000000 2.000000 1.960000 0.866025 1.000000 2.309401 1.154701 90.000000 1.000000 0.965669 2.236068 116.565051 1.000000 0.000000 
60.000000 44.000000 43.786940 8.000000 11.000000 14.787000 0.826118 0.440000 6.781079 3.821123 -51.081102 0.733333 0.430041 7.071068 -135.000000 4.242641 135.000000 
8.000000 46.000000 36.575497 1.000000 1.000000 0.000000 0.000000 1.000000 1.154701 1.154701 0.000000 1.000000 1.000000 1.414214 135.000000 1.000000 -90.000000 
31.000000 47.000000 39.638522 3.000000 6.000000 7.592000 0.755090 0.500000 4.134723 2.710813 -66.576195 0.750000 0.654442 4.472136 -116.565051 3.000000 0.000000 
25.000000 51.000000 61.188264 2.000000 19.000000 24.083000 0.984407 0.246753 13.373479 2.352481 58.308736 0.760000 0.322137 13.038405 122.471192 3.258473 -149.036243 
52.000000 52.000000 89.098974 1.000000 31.000000 31.162000 0.982171 0.413333 16.350336 3.073700 -79.172107 0.704545 0.331049 15.297059 -101.309932 4.341216 172.874984 
9.000000 52.000000 36.440131 1.000000 2.000000 1.960000 0.866025 1.000000 2.309401 1.154701 90.000000 1.000000 0.965669 2.236068 116.565051 1.000000 0.000000 
41.000000 55.000000 184.230517 1.000000 48.000000 27.242000 0.915924 0.666667 12.862598 5.162440 15.173616 0.888889 0.653391 12.649111 161.565051 5.942251 68.198591 
17.000000 56.000000 64.714277 2.000000 11.000000 15.085000 0.967449 0.314286 8.961074 2.267747 60.810355 0.687500 0.416094 8.062258 119.744881 2.915476 30.963757 
27.000000 56.000000 54.472520 1.000000 26.000000 26.208000 0.961988 0.500000 13.211682 3.607981 83.393200 0.684211 0.379297 13.152946 98.746162 3.865103 6.340192 
37.000000 58.000000 100.010181 2.000000 12.000000 12.455000 0.779666 0.800000 5.412193 3.389093 -3.584681 0.857143 0.619914 5.830952 -149.036243 3.000000 -90.000000 
54.000000 57.000000 136.972359 1.000000 37.000000 27.838000 0.909841 0.513889 11.685812 4.849109 81.728677 0.787234 0.484463 12.165525 99.462322 5.515433 -171.869898 
60.000000 59.000000 95.797122 1.000000 9.000000 8.717000 0.694350 0.562500 4.291184 3.088099 55.427229 0.900000 0.804241 4.472136 116.565051 3.535534 45.000000 
7.000000 62.000000 57.195647 1.000000 13.000000 15.829000 0.972493 0.406250 9.178744 2.138028 -68.029565 0.812500 0.453933 8.944272 -116.565051 2.683282 -26.565051 
15.000000 62.000000 40.944313 7.000000 7.000000 8.328000 0.930558 0.700000 5.262061 1.926673 -14.678877 0.875000 0.668670 5.385165 -158.198591 2.000000 -90.000000 
47.000000 60.000000 84.890401 2.000000 6.000000 6.368000 0.833333 0.750000 4.000000 2.211083 90.000000 1.000000 0.833753 4.123106 104.036243 2.000000 0.000000 
28.000000 64.000000 64.137601 1.000000 14.000000 12.273000 0.870510 0.583333 6.498705 3.198346 26.126597 0.933333 0.740413 6.708204 153.434949 3.794733 -108.434949 
55.000000 64.000000 71.026499 1.000000 23.000000 21.552000 0.915751 0.425926 10.373618 4.167556 27.632991 0.718750 0.473990 10.295630 150.945396 5.059644 -108.434949 
50.000000 64.000000 86.053104 1.000000 19.000000 16.011000 0.760146 0.633333 6.615137 4.298197 -46.205515 0.863636 0.650891 7.211103 -146.309932 4.949747 -45.000000 
35.000000 63.000000 63.813253 2.000000 14.000000 15.548000 0.804668 0.466667 6.686105 3.969708 50.528206 0.823529 0.503661 7.071068 135.000000 4.242641 45.000000 
40.000000 65.000000 184.691241 1.000000 40.000000 28.276000 0.911421 0.606061 12.074092 4.968196 0.529930 0.754717 0.509242 11.401754 164.744881 6.000000 -90.000000 
49.000000 67.000000 67.322842 1.000000 12.000000 13.398000 0.903394 0.480000 6.697905 2.872138 -49.188003 0.857143 0.551241 7.071068 -135.000000 3.400000 -36.869898 
25.000000 67.000000 50.471756 3.000000 2.000000 2.812000 0.925820 0.500000 3.055050 1.154701 45.000000 1.000000 0.709058 2.828427 135.000000 1.414214 45.000000 
26.000000 68.000000 45.270973 3.000000 8.000000 8.998000 0.888746 0.533333 5.352293 2.453492 22.500000 0.888889 0.682168 5.385165 158.198591 2.846050 71.565051 
33.000000 69.000000 92.062030 1.000000 12.000000 10.015000 0.821945 0.800000 5.418787 3.086363 -85.163322 0.923077 0.871173 5.385165 111.801409 3.000000 0.000000 
7.000000 70.000000 85.141237 1.000000 15.000000 13.960000 0.934999 0.535714 7.921846 2.809492 -70.762882 0.833333 0.644508 7.615773 -113.198591 3.395499 -14.036243 
11.000000 69.000000 41.071748 2.000000 3.000000 4.590000 0.928995 0.500000 3.854129 1.426385 61.845034 0.750000 0.630657 3.605551 123.690068 1.788854 -153.434949 
58.000000 70.000000 73.277896 1.000000 14.000000 15.184000 0.910455 0.500000 7.568118 3.130242 -73.072998 0.777778 0.523868 7.615773 -113.198591 4.000000 0.000000 
36.000000 71.000000 106.085683 1.000000 12.000000 11.719000 0.722070 0.600000 5.420502 3.750014 84.141283 0.857143 0.682840 5.385165 111.801409 4.000000 0.000000 
13.000000 72.000000 67.733056 1.000000 14.000000 12.736000 0.914572 0.666667 6.935767 2.804981 -76.223594 0.933333 0.697860 7.280110 -105.945396 3.000000 0.000000 
52.000000 73.000000 98.166649 1.000000 5.000000 6.550000 0.889464 0.625000 4.253087 1.943686 -84.847577 1.000000 0.668944 4.123106 104.036243 2.000000 0.000000 
29.000000 74.000000 51.030339 1.000000 20.000000 27.614000 0.984523 0.384615 15.302121 2.681746 -80.816054 0.588235 0.265700 13.341664 -102.994617 3.312946 173.659808 
40.000000 74.000000 181.110933 2.000000 24.000000 17.715000 0.718208 0.685714 7.026568 4.889286 2.942353 0.857143 0.693321 7.615773 156.801409 5.000000 -90.000000 
58.000000 75.000000 70.434992 2.000000 15.000000 12.091000 0.620180 0.600000 5.297511 4.155684 54.217474 0.937500 0.812369 5.830952 120.963757 4.919350 -153.434949 
22.000000 78.000000 58.519306 2.000000 19.000000 17.971000 0.955784 0.703704 9.870254 2.902553 -6.533666 0.863636 0.535649 9.219544 -167.471192 3.000000 -90.000000 
38.000000 77.000000 52.928993 7.000000 7.000000 8.717000 0.843754 0.583333 4.619135 2.479231 -57.731673 0.875000 0.625521 5.000000 -126.869898 2.828427 -45.000000 
30.000000 80.000000 41.023264 1.000000 4.000000 5.905000 0.791649 0.666667 3.586706 2.191393 -14.872441 0.800000 0.614186 3.605551 -146.309932 2.000000 -90.000000 
42.000000 81.000000 182.408663 8.000000 36.000000 21.842000 0.883696 0.500000 10.415408 4.875057 -33.975252 0.972973 0.724774 10.295630 -150.945396 5.656854 -45.000000 
15.000000 81.000000 50.421024 1.000000 9.000000 12.736000 0.972944 0.428571 8.049130 1.859683 -70.900657 0.750000 0.448625 7.615773 -113.198591 2.425356 -14.036243 
53.000000 80.000000 80.407773 2.000000 10.000000 12.844000 0.803870 0.500000 5.603410 3.332936 54.431794 0.769231 0.491759 6.403124 128.659808 3.535534 45.000000 
57.000000 81.000000 102.494901 1.000000 22.000000 18.087000 0.818639 0.523810 7.662114 4.400413 -47.917569 0.814815 0.613465 7.810250 -140.194429 5.366563 153.434949 
6.000000 82.000000 34.456200 12.000000 1.000000 0.000000 0.000000 1.000000 1.154701 1.154701 0.000000 1.000000 1.000000 1.414214 135.000000 1.000000 -90.000000 
8.000000 82.000000 35.042163 1.000000 1.000000 0.000000 0.000000 1.000000 1.154701 1.154701 0.000000 1.000000 1.000000 1.414214 135.000000 1.000000 -90.000000 
24.000000 82.000000 44.222120 8.000000 3.000000 3.093000 0.730297 0.750000 2.581989 1.763834 45.000000 1.000000 0.969873 2.828427 135.000000 2.000000 -90.000000 
37.000000 83.000000 70.552353 1.000000 25.000000 28.102000 0.978837 0.320513 15.527231 3.177508 -72.436365 0.641026 0.321831 14.317821 -114.775141 4.357224 160.016893 
20.000000 84.000000 73.075210 1.000000 15.000000 10.685000 0.635252 0.750000 5.106858 3.944053 -80.537678 1.000000 0.985986 5.385165 111.801409 4.000000 0.000000 
9.000000 85.000000 39.662820 7.000000 4.000000 6.368000 0.958153 0.500000 4.964579 1.421135 -67.500000 0.800000 0.555835 4.472136 -116.565051 1.788854 -26.565051 
61.000000 84.000000 68.300407 1.000000 5.000000 7.220000 0.845251 0.625000 4.243260 2.267468 -2.855297 0.833333 0.585230 4.123106 165.963757 2.000000 -90.000000 
16.000000 85.000000 51.225052 1.000000 8.000000 8.998000 0.904964 0.533333 5.339096 2.271721 68.367852 0.888889 0.682168 5.385165 111.801409 2.683282 26.565051 
30.000000 87.000000 68.805258 1.000000 36.000000 35.868000 0.988475 0.302521 19.708361 2.983535 -69.760607 0.705882 0.297283 18.027756 -109.440035 4.076923 -22.619865 
51.000000 91.000000 235.067969 1.000000 79.000000 45.835000 0.964333 0.331933 20.555422 5.440828 -51.425016 0.868132 0.413866 19.723083 -120.465545 6.145366 -41.633539 
9.000000 92.000000 46.057756 1.000000 15.000000 18.914000 0.955536 0.375000 9.451693 2.787064 67.111458 0.750000 0.387493 8.944272 116.565051 3.577709 26.565051 
15.000000 92.000000 47.681009 10.000000 3.000000 5.624000 0.970143 0.333333 4.760952 1.154701 -45.000000 1.000000 0.490646 4.242641 -135.000000 1.414214 -45.000000 
34.000000 94.000000 49.364134 1.000000 17.000000 23.024000 0.981058 0.472222 13.270267 2.570642 -84.844229 0.680000 0.312031 12.165525 -99.462322 2.786104 174.289407 
22.000000 95.000000 55.987010 1.000000 29.000000 33.238000 0.964024 0.345238 16.213695 4.309833 81.094348 0.557692 0.275355 14.560220 105.945396 4.829907 -169.695154 
9.000000 97.000000 78.854016 1.000000 30.000000 24.893000 0.962035 0.681818 12.957061 3.536338 -82.534291 0.789474 0.479670 11.704700 -109.983107 4.000000 0.000000 
29.000000 97.000000 45.292622 2.000000 7.000000 11.603000 0.888795 0.466667 6.106089 2.798451 88.092963 0.700000 0.404615 5.385165 111.801409 3.000000 0.000000 
60.000000 98.000000 169.807727 7.000000 12.000000 9.552000 0.472904 0.750000 4.324626 3.810489 70.194656 0.923077 0.935884 5.000000 126.869898 4.000000 -90.000000 
20.000000 100.000000 91.034130 1.000000 30.000000 22.073000 0.948476 0.681818 11.447270 3.627059 90.000000 0.909091 0.592962 11.180340 100.304846 4.000000 0.000000 
10.000000 101.000000 52.081631 1.000000 22.000000 23.363000 0.980522 0.611111 12.951188 2.543736 -89.365703 0.814815 0.393541 12.165525 -99.462322 3.000000 0.000000 
39.000000 102.000000 47.733213 1.000000 10.000000 10.842000 0.940913 0.833333 6.448130 2.183642 83.978712 1.000000 0.642647 6.324555 108.434949 2.000000 0.000000 
46.000000 102.000000 50.880135 1.000000 12.000000 18.823000 0.977597 0.266667 10.350941 2.178739 -69.193557 0.631579 0.312568 10.295630 -119.054604 2.785430 -21.801409 
15.000000 107.000000 67.293077 1.000000 26.000000 21.800000 0.968539 0.590909 12.040674 2.996459 -76.503422 0.838710 0.525212 11.704700 -109.983107 3.530090 -11.309932 
58.000000 106.000000 49.897976 1.000000 8.000000 10.288000 0.956611 0.666667 6.470141 1.885191 -78.474350 0.888889 0.557409 6.324555 -108.434949 2.000000 0.000000 
37.000000 109.000000 51.752487 1.000000 43.000000 46.230000 0.991407 0.467391 25.757572 3.369362 88.853905 0.605634 0.221679 23.086793 94.969741 3.889354 3.012788 
16.000000 114.000000 65.967015 1.000000 37.000000 37.414000 0.989456 0.389474 19.420154 2.812728 -79.954835 0.755102 0.282690 19.646883 -104.743563 3.535534 -8.130102 
55.000000 112.000000 59.202459 1.000000 23.000000 20.576000 0.968446 0.696970 11.150572 2.778976 -80.242063 0.920000 0.513803 11.401754 -105.255119 3.000000 0.000000 
35.000000 114.000000 48.307072 1.000000 7.000000 10.288000 0.967949 0.583333 6.654453 1.671252 -75.910705 0.777778 0.487733 6.324555 -108.434949 2.000000 0.000000 
26.000000 116.000000 97.009446 1.000000 7.000000 6.922000 0.856222 0.875000 4.312826 2.228038 -81.650378 1.000000 0.868564 4.472136 -116.565051 2.000000 0.000000 
22.000000 117.000000 64.022515 1.000000 3.000000 3.920000 0.942809 1.000000 3.464102 1.154701 90.000000 1.000000 0.756007 3.162278 108.434949 1.000000 0.000000 
52.000000 119.000000 52.322142 1.000000 23.000000 27.986000 0.989461 0.328571 15.775029 2.284243 -74.718180 0.696970 0.298295 14.866069 -109.653824 2.910428 165.963757 
9.000000 119.000000 60.719461 1.000000 23.000000 23.760000 0.980842 0.479167 13.275654 2.586180 81.344937 0.766667 0.399376 12.369317 104.036243 3.111270 -171.869898 
32.000000 118.000000 79.331105 1.000000 25.000000 22.561000 0.961894 0.568182 11.739778 3.209904 -82.923294 0.806452 0.475550 11.180340 -100.304846 3.644240 173.659808 
43.000000 118.000000 37.883997 1.000000 2.000000 1.960000 0.866025 1.000000 2.309401 1.154701 90.000000 1.000000 0.965669 2.236068 116.565051 1.000000 0.000000 
40.000000 119.000000 36.994405 1.000000 1.000000 0.000000 0.000000 1.000000 1.154701 1.154701 0.000000 1.000000 1.000000 1.414214 135.000000 1.000000 -90.000000 
7.000000 125.000000 42.033885 1.000000 7.000000 8.328000 0.930558 0.700000 5.262061 1.926673 75.321123 1.000000 0.668670 5.385165 111.801409 2.000000 0.000000 
19.000000 132.000000 88.715161 1.000000 80.000000 72.860000 0.995257 0.196078 37.362097 3.634605 74.982724 0.629921 0.174042 36.055513 109.440035 4.608177 -165.963757 
44.000000 128.000000 49.545181 1.000000 21.000000 23.388000 0.978255 0.583333 12.607512 2.614858 83.465816 0.807692 0.374945 12.165525 99.462322 2.981651 -173.659808 
57.000000 127.000000 38.576917 1.000000 6.000000 9.800000 0.986013 1.000000 6.928203 1.154701 90.000000 1.000000 0.450179 6.082763 99.462322 1.000000 0.000000 
7.000000 131.000000 56.865258 1.000000 12.000000 13.290000 0.962244 0.571429 8.136714 2.214723 75.230609 0.800000 0.558511 7.615773 113.198591 2.667892 -165.963757 
56.000000 131.000000 47.581148 1.000000 19.000000 21.130000 0.980873 0.575758 12.337010 2.401415 -83.225827 0.791667 0.405291 11.401754 -105.255119 2.760788 -6.340192 
39.000000 136.000000 70.358231 1.000000 30.000000 25.166000 0.972933 0.576923 13.481859 3.115470 78.195481 0.882353 0.470463 13.341664 102.994617 3.638034 14.036243 
60.000000 137.000000 143.465489 2.000000 8.000000 8.237000 0.760668 0.666667 4.391892 2.850957 -82.203595 0.888889 0.776467 4.472136 116.565051 3.000000 0.000000 
28.000000 140.000000 74.864620 1.000000 35.000000 31.278000 0.971228 0.357143 14.794469 3.523354 69.906937 0.744681 0.371250 14.866069 109.653824 4.727032 23.198591 
50.000000 141.000000 185.602961 1.000000 66.000000 38.688000 0.969104 0.388235 19.289858 4.757921 63.585264 0.825000 0.474009 19.235384 117.897271 5.756555 21.801409 
7.000000 141.000000 35.627584 2.000000 3.000000 4.590000 0.928995 0.500000 3.854129 1.426385 61.845034 1.000000 0.630657 3.605551 123.690068 1.788854 26.565051 
58.000000 141.000000 162.121637 1.000000 21.000000 22.379000 0.774101 0.600000 7.840654 4.963621 17.486764 0.750000 0.405180 7.810250 140.194429 5.000000 -90.000000 
12.000000 147.000000 54.068975 1.000000 20.000000 18.525000 0.960567 0.555556 10.450963 2.905861 -82.923965 0.800000 0.535376 9.486833 -108.434949 3.394113 171.869898 
19.000000 147.000000 37.898277 2.000000 3.000000 4.590000 0.928995 0.500000 3.854129 1.426385 61.845034 1.000000 0.630657 3.605551 123.690068 1.788854 26.565051 
52.000000 146.000000 202.218935 2.000000 20.000000 16.383000 0.941727 0.625000 9.120051 3.067790 70.670096 0.869565 0.659289 8.944272 116.565051 3.713907 21.801409 
57.000000 147.000000 178.251085 2.000000 14.000000 11.603000 0.733746 0.700000 5.382194 3.656791 21.439452 0.875000 0.809231 5.830952 149.036243 4.000000 -90.000000 
35.000000 149.000000 129.728237 1.000000 58.000000 38.804000 0.957888 0.345238 17.281786 4.962342 37.479458 0.763158 0.414253 17.204651 144.462322 6.365809 57.528808 
46.000000 148.000000 246.071747 1.000000 15.000000 15.846000 0.619490 0.500000 5.665385 4.447355 -71.961994 0.789474 0.522831 6.324555 -108.434949 4.743416 -18.434949 
41.000000 151.000000 163.042610 2.000000 34.000000 24.844000 0.902711 0.425000 11.388685 4.899949 31.076524 0.790698 0.545531 11.661904 149.036243 6.171402 66.801409 
50.000000 150.000000 64.077502 1.000000 10.000000 13.406000 0.874936 0.400000 6.406457 3.102253 -46.751766 0.714286 0.458923 5.830952 -149.036243 3.535534 -45.000000 
55.000000 150.000000 164.981522 1.000000 16.000000 13.588000 0.565206 0.640000 5.511092 4.546375 52.465709 0.888889 0.718388 5.830952 120.963757 5.000000 -90.000000 
9.000000 152.000000 41.136609 1.000000 6.000000 8.328000 0.951618 0.600000 5.664082 1.740486 75.344996 0.857143 0.573146 5.385165 111.801409 2.000000 0.000000 
21.000000 152.000000 40.180570 1.000000 5.000000 5.814000 0.743786 0.555556 3.529850 2.359413 34.099295 1.000000 0.783414 3.605551 123.690068 2.683282 63.434949 
48.000000 156.000000 135.648922 6.000000 1.000000 0.000000 0.000000 1.000000 1.154701 1.154701 0.000000 1.000000 1.000000 1.414214 135.000000 1.000000 -90.000000 
23.000000 154.000000 87.070621 7.000000 10.000000 8.626000 0.592258 0.625000 4.163332 3.354599 -45.000000 1.000000 0.907475 4.472136 -153.434949 3.535534 -45.000000 
53.000000 155.000000 84.252232 2.000000 21.000000 14.605000 0.765539 0.700000 6.673228 4.293486 -29.149285 0.913043 0.837914 7.211103 -146.309932 4.743416 -71.565051 
15.000000 155.000000 47.631705 1.000000 9.000000 14.878000 0.980030 0.375000 9.425132 1.874186 79.271722 0.642857 0.348307 8.246211 104.036243 2.301586 9.462322 
43.000000 158.000000 109.456950 1.000000 25.000000 30.278000 0.935791 0.277778 13.304746 4.690672 -52.552869 0.609756 0.281286 11.661904 -120.963757 5.511989 147.994617 
10.000000 156.000000 51.104838 1.000000 8.000000 10.958000 0.956096 0.444444 6.947741 2.036067 75.047031 0.727273 0.505693 6.324555 108.434949 2.425356 -165.963757 
22.000000 157.000000 60.563251 1.000000 9.000000 11.438000 0.834607 0.450000 5.470876 3.013612 -58.525299 0.750000 0.532061 5.830952 -120.963757 3.478505 -18.434949 
27.000000 156.000000 158.769195 1.000000 18.000000 16.582000 0.813397 0.514286 6.861548 3.991429 -74.440232 0.818182 0.581447 7.280110 -105.945396 4.365641 165.963757 
59.000000 155.000000 75.255338 2.000000 21.000000 20.022000 0.864301 0.656250 8.473252 4.261829 -3.028848 0.750000 0.491833 8.944272 -153.434949 4.000000 -90.000000 
16.000000 164.000000 90.373024 1.000000 40.000000 36.538000 0.969829 0.236686 19.392431 4.727608 -48.578581 0.606061 0.319253 17.691806 -132.709390 5.381382 -42.273689 
34.000000 159.000000 93.181643 1.000000 35.000000 26.994000 0.214148 0.486111 8.295677 8.103227 -3.327213 0.686275 0.484304 9.848858 156.037511 8.000000 -90.000000 
25.000000 160.000000 114.196899 7.000000 10.000000 8.998000 0.650027 0.625000 4.351245 3.306559 -18.434949 0.909091 0.852711 4.472136 153.434949 3.577709 -63.434949 
41.000000 161.000000 66.760430 1.000000 14.000000 14.440000 0.858320 0.500000 6.795677 3.486963 74.871781 0.777778 0.569143 7.071068 98.130102 3.880570 -165.963757 
57.000000 162.000000 141.366389 1.000000 32.000000 26.432000 0.941688 0.400000 12.102027 4.072175 -54.784254 0.800000 0.459782 11.661904 -120.963757 4.766153 144.462322 
30.000000 162.000000 103.312248 1.000000 17.000000 20.626000 0.714587 0.404762 7.286181 5.097021 -71.986313 0.680000 0.378171 7.615773 -113.198591 5.656854 135.000000 
24.000000 164.000000 91.730022 1.000000 16.000000 13.952000 0.813247 0.666667 6.324348 3.680257 -5.309828 0.888889 0.688118 6.324555 161.565051 4.000000 -90.000000 
50.000000 164.000000 90.703984 1.000000 24.000000 22.677000 0.799295 0.500000 8.987466 5.400916 -76.524376 0.685714 0.452435 8.944272 -116.565051 6.000000 0.000000 
43.000000 166.000000 106.251068 1.000000 39.000000 28.681000 0.839527 0.506494 10.868316 5.904958 -67.694532 0.722222 0.483953 12.083046 -114.443955 7.000000 0.000000 
10.000000 167.000000 56.637287 1.000000 15.000000 14.142000 0.929349 0.535714 7.757018 2.863914 -75.244251 0.833333 0.631005 7.615773 -113.198591 3.333974 168.690068 
29.000000 167.000000 138.755348 1.000000 28.000000 21.453000 0.902474 0.583333 9.848676 4.242260 71.067701 0.800000 0.581686 10.000000 126.869898 4.902903 11.309932 
36.000000 168.000000 141.104303 1.000000 45.000000 39.639000 0.848976 0.409091 13.105470 6.925334 -33.149085 0.633803 0.308979 12.041595 -138.366461 7.765803 -56.309932 
57.000000 169.000000 36.570080 2.000000 3.000000 4.590000 0.928995 0.500000 3.854129 1.426385 61.845034 1.000000 0.630657 3.605551 123.690068 1.788854 26.565051 
51.000000 169.000000 138.602905 8.000000 25.000000 22.032000 0.903341 0.555556 9.853262 4.226287 -73.339822 0.806452 0.495746 9.486833 -108.434949 4.919350 -26.565051 
15.000000 172.000000 58.026806 1.000000 13.000000 14.051000 0.877433 0.541667 6.773735 3.249358 -20.217369 0.722222 0.552676 6.708204 -153.434949 4.000000 -90.000000 
23.000000 171.000000 77.883590 1.000000 14.000000 13.960000 0.715835 0.466667 5.859536 4.091536 25.607818 0.777778 0.601540 6.324555 161.565051 4.714952 -123.690068 
31.000000 172.000000 160.956485 1.000000 24.000000 22.859000 0.941584 0.400000 11.198854 3.771545 -68.557926 0.727273 0.446123 10.770330 -111.801409 4.743416 -18.434949 
9.000000 176.000000 43.308544 4.000000 15.000000 17.483000 0.957195 0.625000 9.126724 2.641679 4.502966 0.833333 0.443129 8.544004 159.443955 3.000000 -90.000000 
56.000000 172.000000 69.416140 4.000000 4.000000 3.556000 0.000000 1.000000 2.309401 2.309401 0.000000 1.000000 1.000000 2.828427 135.000000 2.000000 -90.000000 
20.000000 174.000000 143.518383 1.000000 19.000000 13.960000 0.770314 0.791667 6.469114 4.125127 -89.079492 0.950000 0.816376 6.708204 -116.565051 4.000000 0.000000 
46.000000 175.000000 136.527399 1.000000 81.000000 40.764000 0.883685 0.460227 16.050625 7.513015 -63.279372 0.771429 0.528026 16.492423 -104.036243 9.838699 153.434949 
28.000000 176.000000 242.877853 1.000000 31.000000 22.189000 0.922991 0.620000 10.715762 4.123660 -76.704391 0.861111 0.607129 10.770330 -111.801409 4.666905 -8.130102 
55.000000 176.000000 42.129411 1.000000 3.000000 3.920000 0.942809 1.000000 3.464102 1.154701 90.000000 1.000000 0.756007 3.162278 108.434949 1.000000 0.000000 
36.000000 176.000000 153.760384 1.000000 29.000000 22.189000 0.747208 0.604167 8.280737 5.503299 49.979249 0.805556 0.567959 8.944272 116.565051 6.000000 0.000000 
16.000000 181.000000 93.672947 1.000000 36.000000 33.519000 0.932124 0.500000 13.684590 4.955719 8.875151 0.666667 0.336599 12.369317 165.963757 5.705598 82.874984 
24.000000 179.000000 105.047396 1.000000 13.000000 13.406000 0.911608 0.619048 7.064213 2.903824 -7.271917 0.866667 0.596600 7.280110 -164.054604 3.000000 -90.000000 
54.000000 179.000000 47.258221 1.000000 4.000000 4.408000 0.870424 0.666667 3.435909 1.691507 58.282526 1.000000 0.881907 3.605551 123.690068 2.000000 0.000000 
10.000000 183.000000 55.642417 1.000000 3.000000 3.920000 0.942809 1.000000 3.464102 1.154701 0.000000 1.000000 0.756007 3.162278 161.565051 1.000000 -90.000000 
51.000000 183.000000 56.336351 1.000000 10.000000 10.404000 0.893414 0.500000 5.776836 2.595156 -64.329904 0.833333 0.684879 5.830952 -120.963757 3.130495 153.434949 
20.000000 183.000000 119.696608 1.000000 8.000000 12.918000 0.954214 0.333333 8.053756 2.409084 59.150378 0.666667 0.389790 7.211103 123.690068 2.915476 -149.036243 
30.000000 182.000000 129.847509 1.000000 1.000000 0.000000 0.000000 1.000000 1.154701 1.154701 0.000000 1.000000 1.000000 1.414214 135.000000 1.000000 -90.000000 
37.000000 182.000000 76.350193 1.000000 14.000000 10.958000 0.728706 0.700000 5.295723 3.626651 71.062508 0.933333 0.884962 5.830952 120.963757 4.000000 0.000000 
8.000000 185.000000 74.781757 1.000000 15.000000 15.085000 0.869940 0.535714 6.970747 3.437671 -82.605661 0.789474 0.567401 7.280110 -105.945396 4.000000 0.000000 
24.000000 184.000000 77.017431 1.000000 3.000000 4.590000 0.928995 0.500000 3.854129 1.426385 -28.154966 1.000000 0.630657 3.605551 -146.309932 1.788854 -63.434949 
33.000000 184.000000 99.606469 1.000000 8.000000 8.907000 0.749043 0.500000 4.521434 2.995546 53.230007 0.888889 0.692512 4.472136 116.565051 3.535534 -135.000000 
40.000000 185.000000 71.667466 1.000000 1.000000 0.000000 0.000000 1.000000 1.154701 1.154701 0.000000 1.000000 1.000000 1.414214 135.000000 1.000000 -90.000000 
44.000000 184.000000 57.176909 1.000000 2.000000 1.960000 0.866025 1.000000 2.309401 1.154701 90.000000 1.000000 0.965669 2.236068 116.565051 1.000000 0.000000 
55.000000 184.000000 52.587284 1.000000 5.000000 4.962000 0.765092 0.833333 3.306559 2.129163 -71.565051 1.000000 0.956808 3.605551 -123.690068 2.000000 0.000000 
29.000000 187.000000 197.013413 1.000000 31.000000 17.971000 0.787333 0.775000 8.160525 5.031190 -78.910486 0.939394 0.873954 8.544004 -110.556045 5.000000 0.000000 
23.000000 187.000000 167.409642 1.000000 14.000000 11.603000 0.870252 0.777778 6.186794 3.047656 -73.826278 1.000000 0.809231 6.708204 -116.565051 3.000000 0.000000 
35.000000 188.000000 146.013698 1.000000 18.000000 13.381000 0.816522 0.750000 6.506508 3.756301 86.381539 0.947368 0.828564 6.708204 116.565051 4.000000 0.000000 
45.000000 188.000000 140.103284 1.000000 35.000000 20.576000 0.879521 0.777778 9.912406 4.716910 -88.384416 0.897436 0.781874 9.486833 108.434949 5.000000 0.000000 
52.000000 187.000000 54.491689 5.000000 6.000000 7.501000 0.932940 0.500000 5.134278 1.848505 -29.232604 0.857143 0.665681 5.000000 -143.130102 2.236068 -63.434949 
12.000000 187.000000 91.243197 1.000000 20.000000 16.400000 0.707882 0.666667 6.330383 4.471344 74.136433 0.869565 0.658143 7.211103 123.690068 4.919350 26.565051 
21.000000 189.000000 103.781162 1.000000 22.000000 20.990000 0.940566 0.343750 10.867524 3.690723 -41.145177 0.758621 0.474745 9.433981 -147.994617 4.242641 -45.000000 
51.000000 191.000000 60.862490 2.000000 6.000000 6.277000 0.456435 0.666667 3.265986 2.905933 -63.434949 0.857143 0.849942 3.605551 123.690068 3.000000 -90.000000 
15.000000 191.000000 66.410061 1.000000 7.000000 7.501000 0.755897 0.583333 4.172402 2.731631 56.599295 0.875000 0.776628 4.472136 116.565051 3.000000 0.000000 
31.000000 193.000000 126.556861 1.000000 1.000000 0.000000 0.000000 1.000000 1.154701 1.154701 0.000000 1.000000 1.000000 1.414214 135.000000 1.000000 -90.000000 
43.000000 192.000000 123.610913 1.000000 1.000000 0.000000 0.000000 1.000000 1.154701 1.154701 0.000000 1.000000 1.000000 1.414214 135.000000 1.000000 -90.000000 
54.000000 194.000000 121.952660 1.000000 37.000000 29.144000 0.925436 0.513889 13.179612 4.993816 82.202284 0.685185 0.446061 12.165525 99.462322 6.000000 0.000000 
19.000000 197.000000 60.486165 1.000000 30.000000 27.424000 0.960370 0.461538 13.531128 3.771489 85.640218 0.731707 0.403520 13.152946 98.746162 5.000000 0.000000 
44.000000 197.000000 219.702832 1.000000 45.000000 27.333000 0.924232 0.625000 12.862952 4.911490 81.600062 0.833333 0.608901 12.369317 104.036243 5.411145 6.340192 
9.000000 199.000000 34.973587 4.000000 2.000000 2.812000 0.925820 0.500000 3.055050 1.154701 45.000000 1.000000 0.709058 2.828427 135.000000 1.414214 45.000000 
33.000000 199.000000 204.537889 1.000000 45.000000 26.415000 0.909170 0.535714 12.248837 5.100721 73.234948 0.882353 0.647312 12.369317 104.036243 5.631783 -164.054604 
25.000000 199.000000 89.883101 8.000000 20.000000 13.679000 0.712739 0.666667 6.225572 4.366798 51.396974 0.952381 0.888295 6.708204 116.565051 4.949747 45.000000 
51.000000 200.000000 81.427788 1.000000 10.000000 16.284000 0.765510 0.333333 6.708041 4.316116 -71.321689 0.588235 0.333013 6.403124 -128.659808 4.600000 -36.869898 
57.000000 201.000000 68.327006 1.000000 14.000000 14.696000 0.951052 0.583333 8.142156 2.516177 -77.432651 0.875000 0.552924 8.246211 -104.036243 3.000000 0.000000 
21.000000 205.000000 77.179443 1.000000 18.000000 23.620000 0.978267 0.250000 13.395730 2.777572 50.570955 0.600000 0.315834 11.401754 127.874984 3.687818 -139.398705 
33.000000 206.000000 171.968175 2.000000 68.000000 36.902000 0.924205 0.485714 17.070514 6.519166 -62.265338 0.772727 0.532909 16.643317 -122.735226 8.030962 -19.983107 
50.000000 203.000000 125.538586 2.000000 18.000000 20.973000 0.818013 0.514286 8.005127 4.604552 -86.826261 0.692308 0.388976 7.615773 -113.198591 5.000000 0.000000 
44.000000 205.000000 159.564759 2.000000 43.000000 23.049000 0.639982 0.671875 8.809026 6.768770 53.403412 0.877551 0.787749 10.000000 143.130102 7.488453 33.690068 
10.000000 205.000000 36.005634 11.000000 3.000000 3.920000 0.942809 1.000000 3.464102 1.154701 90.000000 1.000000 0.756007 3.162278 108.434949 1.000000 0.000000 
60.000000 206.000000 150.510248 1.000000 9.000000 8.791000 0.822473 0.750000 4.848301 2.757733 -76.717474 0.900000 0.794297 5.000000 -126.869898 3.000000 0.000000 
49.000000 207.000000 163.684996 2.000000 4.000000 6.550000 0.946293 0.500000 4.820546 1.558527 72.391204 0.800000 0.535155 4.472136 116.565051 1.897367 18.434949 
52.000000 209.000000 356.737436 1.000000 32.000000 24.645000 0.932177 0.484848 11.782135 4.265175 73.811648 0.744186 0.520822 11.401754 105.255119 4.902903 11.309932 
13.000000 213.000000 58.420031 1.000000 35.000000 31.113000 0.981063 0.269231 17.010186 3.294682 53.048735 0.760870 0.374835 15.811388 124.695154 4.122173 37.874984 
21.000000 209.000000 37.121244 2.000000 2.000000 1.960000 0.866025 1.000000 2.309401 1.154701 90.000000 1.000000 0.965669 2.236068 116.565051 1.000000 0.000000 
59.000000 210.000000 99.770480 1.000000 18.000000 20.047000 0.822697 0.642857 7.371578 4.190594 1.308268 0.782609 0.420662 7.280110 164.054604 4.000000 -90.000000 
30.000000 213.000000 66.436031 3.000000 7.000000 14.250000 0.753450 0.291667 6.479605 4.260373 -4.731161 0.500000 0.290823 6.082763 170.537678 4.000000 -90.000000 
45.000000 211.000000 182.031351 2.000000 26.000000 28.764000 0.788996 0.412698 8.825110 5.422129 -61.239887 0.722222 0.320959 9.486833 -108.434949 6.363961 135.000000 
54.000000 215.000000 195.658610 1.000000 37.000000 25.034000 0.929206 0.411111 12.236913 4.522311 51.058231 0.840909 0.585687 11.401754 127.874984 5.347391 -144.462322 
36.000000 213.000000 98.837920 3.000000 18.000000 23.132000 0.948017 0.375000 11.195220 3.562548 54.372369 0.666667 0.327675 10.000000 126.869898 4.630462 -149.036243 
19.000000 224.000000 56.645420 1.000000 48.000000 59.190000 0.968521 0.128342 28.200976 7.020067 53.389827 0.400000 0.155251 27.802878 127.694240 7.323601 35.537678 
43.000000 214.000000 107.716042 1.000000 21.000000 16.218000 0.891003 0.500000 8.078420 3.667580 -44.919754 0.954545 0.704104 8.602325 -144.462322 4.242641 -45.000000 
36.000000 216.000000 51.117068 1.000000 14.000000 18.277000 0.975633 0.291667 11.014371 2.416628 58.518007 0.636364 0.383492 10.000000 126.869898 3.086975 30.963757 
42.000000 218.000000 72.460862 4.000000 4.000000 7.402000 0.965676 0.333333 5.615939 1.458730 53.909444 0.800000 0.452160 5.000000 126.869898 1.941451 -146.309932 
47.000000 218.000000 102.383942 1.000000 14.000000 12.091000 0.809019 0.560000 5.976222 3.512719 -51.047379 0.875000 0.758211 5.830952 -149.036243 4.160251 -33.690068 
60.000000 218.000000 38.700918 5.000000 2.000000 2.812000 0.925820 0.500000 3.055050 1.154701 45.000000 1.000000 0.709058 2.828427 135.000000 1.414214 45.000000 
30.000000 219.000000 71.903019 2.000000 11.000000 16.582000 0.876115 0.440000 7.072257 3.409553 46.381929 0.733333 0.355329 6.403124 128.659808 3.535534 45.000000 
39.000000 221.000000 52.967418 4.000000 2.000000 2.812000 0.925820 0.500000 3.055050 1.154701 45.000000 1.000000 0.709058 2.828427 135.000000 1.414214 45.000000 
52.000000 221.000000 92.978817 1.000000 15.000000 15.829000 0.912956 0.535714 8.356451 3.409912 -81.181002 0.714286 0.523768 7.280110 105.945396 4.000000 0.000000 
27.000000 223.000000 59.350312 2.000000 10.000000 11.512000 0.943278 0.555556 6.850791 2.274496 21.801409 0.833333 0.585223 6.708204 153.434949 2.846050 71.565051 
40.000000 223.000000 43.632035 5.000000 6.000000 10.470000 0.973336 0.500000 6.998461 1.605334 -8.349622 0.750000 0.406952 6.324555 -161.565051 1.961161 -78.690068 
47.000000 224.000000 77.423084 2.000000 21.000000 17.417000 0.920967 0.525000 8.982467 3.499932 19.832780 0.840000 0.624371 8.944272 153.434949 4.314555 78.690068 
58.000000 222.000000 141.385605 1.000000 13.000000 13.497000 0.755855 0.541667 5.871106 3.844043 -68.474043 0.812500 0.590092 6.324555 -108.434949 4.000000 0.000000 
8.000000 224.000000 40.417655 1.000000 14.000000 15.730000 0.925142 0.437500 7.908878 3.002377 -82.939500 0.823529 0.493993 8.246211 -104.036243 3.535534 171.869898 
54.000000 227.000000 103.859419 1.000000 2.000000 2.812000 0.925820 0.500000 3.055050 1.154701 45.000000 1.000000 0.709058 2.828427 135.000000 1.414214 45.000000 
6.000000 231.000000 54.261010 1.000000 7.000000 7.220000 0.692996 0.583333 3.827022 2.759060 -79.099295 0.875000 0.819322 4.123106 104.036243 3.000000 0.000000 
11.000000 232.000000 48.323834 1.000000 13.000000 14.878000 0.959402 0.541667 8.511957 2.400738 -83.435629 0.812500 0.503110 8.062258 97.125016 2.794783 -9.462322 
17.000000 232.000000 49.573327 1.000000 9.000000 10.288000 0.942932 0.750000 6.161450 2.051676 79.721977 0.900000 0.627085 6.324555 108.434949 2.000000 0.000000 
41.000000 233.000000 57.438263 1.000000 47.000000 35.429000 0.982576 0.652778 19.268559 3.581235 -86.586982 0.839286 0.397004 18.110770 -96.340192 3.911521 -4.398705 
32.000000 233.000000 46.977576 1.000000 1.000000 0.000000 0.000000 1.000000 1.154701 1.154701 0.000000 1.000000 1.000000 1.414214 135.000000 1.000000 -90.000000 
14.000000 235.000000 43.300681 1.000000 4.000000 5.880000 0.968246 1.000000 4.618802 1.154701 0.000000 1.000000 0.617595 4.123106 165.963757 1.000000 -90.000000 
