222
32.000000 115.000000 12.664833 1.000000 10943.000000 591.556000 0.960571 0.712435 280.487573 77.985203 0.225708 0.712435 0.388825 248.386795 165.068583 64.000000 -90.000000 
22.000000 8.000000 38.456259 7.000000 7.000000 10.288000 0.967949 0.583333 6.654453 1.671252 -14.089295 0.777778 0.487733 6.324555 -161.565051 2.000000 -90.000000 
40.000000 6.000000 33.084667 1.000000 4.000000 4.408000 0.870424 0.666667 3.435909 1.691507 -58.282526 1.000000 0.881907 3.605551 -123.690068 2.000000 0.000000 
11.000000 8.000000 53.779524 1.000000 30.000000 26.092000 0.975220 0.576923 14.428273 3.192083 84.963078 0.810811 0.441130 13.341664 102.994617 3.681638 -174.289407 
58.000000 8.000000 35.125446 10.000000 4.000000 4.408000 0.870424 0.666667 3.435909 1.691507 -58.282526 1.000000 0.881907 3.605551 -123.690068 2.000000 0.000000 
6.000000 11.000000 33.141240 12.000000 1.000000 0.000000 0.000000 1.000000 1.154701 1.154701 0.000000 1.000000 1.000000 1.414214 135.000000 1.000000 -90.000000 
46.000000 14.000000 52.104781 1.000000 56.000000 55.848000 0.988394 0.400000 28.997041 4.405067 -87.550722 0.577320 0.202231 28.071338 -94.085617 4.787513 177.614056 
21.000000 16.000000 36.418657 5.000000 6.000000 8.998000 0.965254 0.400000 6.286764 1.642810 30.170445 0.750000 0.511626 5.830952 149.036243 2.218801 56.309932 
7.000000 17.000000 40.359318 1.000000 3.000000 3.920000 0.942809 1.000000 3.464102 1.154701 90.000000 1.000000 0.756007 3.162278 108.434949 1.000000 0.000000 
16.000000 20.000000 42.590797 1.000000 10.000000 13.770000 0.959532 0.357143 8.100793 2.281189 67.178127 0.769231 0.439381 7.615773 113.198591 3.086975 -149.036243 
26.000000 20.000000 50.342222 1.000000 22.000000 21.130000 0.973299 0.666667 11.519534 2.644202 -80.036767 0.880000 0.469284 11.401754 -105.255119 3.000000 0.000000 
48.000000 20.000000 43.786640 1.000000 29.000000 33.982000 0.985394 0.426471 20.052384 3.414693 -82.972398 0.604167 0.264428 17.262677 -100.007980 3.737047 175.236358 
10.000000 23.000000 38.060752 1.000000 3.000000 5.624000 0.769800 0.500000 3.464102 2.211083 0.000000 0.750000 0.490646 3.162278 161.565051 2.000000 -90.000000 
13.000000 22.000000 43.158127 1.000000 4.000000 5.905000 0.791649 0.666667 3.586706 2.191393 -14.872441 0.800000 0.614186 3.605551 -146.309932 2.000000 -90.000000 
24.000000 25.000000 39.544561 1.000000 8.000000 12.248000 0.976629 0.571429 7.831560 1.683251 78.690068 0.800000 0.424469 7.280110 105.945396 2.000000 0.000000 
16.000000 26.000000 37.949233 2.000000 5.000000 8.328000 0.969048 0.500000 6.024504 1.487286 72.856562 0.833333 0.477622 5.385165 111.801409 1.897367 -161.565051 
41.000000 27.000000 46.069862 1.000000 21.000000 24.496000 0.985296 0.538462 13.365634 2.283575 79.557836 0.807692 0.345485 13.341664 102.994617 2.941742 11.309932 
7.000000 28.000000 35.714569 1.000000 4.000000 6.550000 0.946293 0.500000 4.820546 1.558527 72.391204 0.800000 0.535155 4.472136 116.565051 1.897367 -161.565051 
54.000000 35.000000 153.945107 1.000000 106.000000 48.456000 0.970522 0.346405 24.935419 6.009734 47.230958 0.861789 0.500330 22.671568 131.423666 6.669754 42.709390 
22.000000 35.000000 47.290571 1.000000 31.000000 47.876000 0.976659 0.224638 25.943831 5.572574 -89.500741 0.392405 0.149669 23.086793 94.969741 5.612688 -177.273689 
38.000000 34.000000 52.926417 1.000000 15.000000 18.269000 0.958563 0.312500 9.750649 2.777762 59.617902 0.714286 0.411191 9.433981 122.005383 3.600000 -143.130102 
42.000000 35.000000 43.252953 1.000000 13.000000 25.009000 0.993626 0.180556 15.905662 1.793057 66.009749 0.520000 0.206148 13.416408 116.565051 2.494822 23.198591 
25.000000 40.000000 64.210838 1.000000 41.000000 36.910000 0.972691 0.401961 19.310571 4.482029 -84.055830 0.602941 0.321184 17.262677 -100.007980 5.388040 -3.814075 
34.000000 37.000000 39.175357 1.000000 11.000000 10.032000 0.715726 0.550000 4.771617 3.332409 -61.484702 0.916667 0.796515 5.385165 -111.801409 3.535534 -45.000000 
6.000000 43.000000 43.014195 3.000000 6.000000 10.032000 0.970820 0.300000 6.450369 1.546850 53.909444 0.857143 0.434463 6.403124 128.659808 2.121320 45.000000 
25.000000 45.000000 38.752114 6.000000 5.000000 7.013000 0.931488 0.625000 4.881890 1.775899 10.900705 0.833333 0.609333 4.472136 153.434949 2.000000 -90.000000 
44.000000 43.000000 84.279077 3.000000 6.000000 10.214000 0.862987 0.400000 5.421035 2.738844 14.583807 0.750000 0.422702 5.385165 158.198591 3.000000 -90.000000 
8.000000 45.000000 41.877485 1.000000 12.000000 17.690000 0.977163 0.444444 10.139166 2.154474 -79.520823 0.705882 0.347493 9.219544 -102.528808 2.630384 170.537678 
15.000000 50.000000 49.000744 4.000000 18.000000 21.660000 0.983007 0.257143 12.009434 2.204519 33.452688 0.818182 0.367725 12.206556 145.007980 3.050851 56.309932 
45.000000 46.000000 166.148310 2.000000 19.000000 13.679000 0.643894 0.760000 5.859568 4.483241 37.419379 0.950000 0.843880 6.403124 128.659808 4.949747 45.000000 
38.000000 49.000000 64.828017 1.000000 20.000000 24.728000 0.967533 0.454545 12.173729 3.076847 80.440345 0.666667 0.323578 11.401754 105.255119 4.000000 0.000000 
56.000000 47.000000 53.966941 1.000000 17.000000 15.457000 0.903167 0.485714 7.626433 3.273946 57.863901 0.894737 0.617588 8.602325 125.537678 4.024922 26.565051 
43.000000 51.000000 138.164439 4.000000 19.000000 16.673000 0.714927 0.542857 6.687067 4.675591 -6.613898 0.863636 0.608125 7.615773 -156.801409 5.000000 -90.000000 
59.000000 48.000000 46.646771 1.000000 17.000000 23.612000 0.692914 0.404762 7.715357 5.562928 22.107588 0.629630 0.298466 7.810250 129.805571 6.000000 -90.000000 
25.000000 54.000000 37.017896 1.000000 6.000000 8.328000 0.953154 0.600000 5.526219 1.671596 72.391204 0.857143 0.573146 5.385165 111.801409 2.000000 0.000000 
39.000000 54.000000 77.549969 1.000000 22.000000 23.992000 0.928363 0.400000 11.455028 4.257544 89.966504 0.628571 0.375507 11.401754 -105.255119 4.748556 173.659808 
55.000000 56.000000 83.781782 1.000000 18.000000 18.550000 0.951498 0.400000 9.811755 3.018639 69.797944 0.818182 0.480728 9.486833 108.434949 4.024922 26.565051 
4.000000 57.000000 52.996346 5.000000 4.000000 5.880000 0.968246 1.000000 4.618802 1.154701 0.000000 1.000000 0.617595 4.123106 165.963757 1.000000 -90.000000 
9.000000 57.000000 53.241059 1.000000 1.000000 0.000000 0.000000 1.000000 1.154701 1.154701 0.000000 1.000000 1.000000 1.414214 135.000000 1.000000 -90.000000 
32.000000 57.000000 87.962134 1.000000 18.000000 16.218000 0.849404 0.514286 7.337808 3.872477 70.078563 0.782609 0.603518 7.280110 105.945396 4.472136 26.565051 
19.000000 60.000000 42.180839 7.000000 6.000000 6.368000 0.877058 0.750000 4.163332 2.000000 -18.434949 1.000000 0.833753 4.472136 -153.434949 2.000000 -90.000000 
40.000000 58.000000 138.203449 1.000000 15.000000 14.051000 0.905572 0.714286 7.395407 3.137082 84.238139 0.882353 0.637703 7.280110 105.945396 3.000000 0.000000 
29.000000 59.000000 46.774004 1.000000 8.000000 8.998000 0.758360 0.500000 4.601221 2.999239 -54.589504 0.888889 0.682168 5.000000 -143.130102 3.478505 161.565051 
48.000000 57.000000 49.360597 3.000000 7.000000 10.495000 0.901428 0.350000 6.028639 2.609975 -35.982857 0.777778 0.473038 5.830952 -149.036243 3.130495 -63.434949 
4.000000 64.000000 65.499062 1.000000 15.000000 18.798000 0.980355 0.750000 11.110642 2.191465 -1.546102 0.833333 0.391601 10.049876 174.289407 2.000000 -90.000000 
13.000000 61.000000 64.321795 1.000000 21.000000 19.840000 0.964473 0.525000 10.753168 2.840786 78.377866 0.807692 0.499653 10.440307 106.699244 3.333974 -168.690068 
37.000000 61.000000 72.784149 7.000000 2.000000 2.812000 0.925820 0.500000 3.055050 1.154701 45.000000 1.000000 0.709058 2.828427 135.000000 1.414214 45.000000 
43.000000 61.000000 175.741022 1.000000 15.000000 14.994000 0.876534 0.535714 7.133942 3.433849 10.107284 0.789474 0.573110 7.615773 156.801409 4.000000 -90.000000 
56.000000 60.000000 120.192905 1.000000 21.000000 16.681000 0.895082 0.525000 8.250972 3.679126 -73.472089 0.913043 0.671596 8.246211 -104.036243 4.110961 161.565051 
24.000000 63.000000 56.833780 1.000000 27.000000 26.299000 0.981011 0.415385 14.394310 2.791817 -74.936696 0.794118 0.391454 13.601471 -107.102729 3.395499 -14.036243 
35.000000 64.000000 50.915223 1.000000 7.000000 9.552000 0.863147 0.583333 5.105115 2.577846 -21.136845 0.777778 0.545932 5.000000 -143.130102 2.846050 108.434949 
60.000000 62.000000 145.231817 1.000000 5.000000 4.962000 0.765092 0.833333 3.306559 2.129163 71.565051 1.000000 0.956808 3.605551 123.690068 2.000000 0.000000 
39.000000 64.000000 120.623452 1.000000 10.000000 11.694000 0.933250 0.833333 6.418036 2.305534 -88.721925 0.909091 0.570953 6.324555 -108.434949 2.000000 0.000000 
51.000000 66.000000 39.107981 1.000000 10.000000 11.719000 0.942025 0.400000 6.801356 2.282154 43.100390 0.833333 0.569033 7.071068 135.000000 2.828427 45.000000 
59.000000 67.000000 97.333778 2.000000 24.000000 19.005000 0.927849 0.666667 9.569154 3.568871 -4.500483 0.888889 0.614904 9.219544 -167.471192 4.000000 -90.000000 
44.000000 66.000000 153.487146 1.000000 16.000000 12.827000 0.779316 0.666667 6.027949 3.777301 0.649133 0.888889 0.788491 6.324555 -161.565051 4.000000 -90.000000 
20.000000 66.000000 39.206080 1.000000 9.000000 13.588000 0.921134 0.375000 6.949001 2.704869 -64.761316 0.750000 0.404093 6.708204 -116.565051 3.478505 161.565051 
39.000000 67.000000 96.210525 1.000000 14.000000 13.960000 0.860159 0.466667 6.502352 3.316373 -38.054404 0.823529 0.601540 7.211103 -146.309932 4.024922 -63.434949 
45.000000 72.000000 162.862967 6.000000 44.000000 23.529000 0.850676 0.550000 10.552852 5.547526 -33.621366 0.936170 0.777315 10.816654 -146.309932 6.260990 -63.434949 
29.000000 72.000000 47.827664 1.000000 34.000000 28.416000 0.973148 0.607143 14.845025 3.417013 -82.740878 0.829268 0.429023 14.560220 -105.945396 3.711966 174.805571 
57.000000 72.000000 141.107204 1.000000 10.000000 8.998000 0.773102 0.666667 4.712847 2.989271 82.311874 0.909091 0.852711 5.099020 101.309932 3.000000 0.000000 
61.000000 71.000000 133.525661 1.000000 5.000000 4.962000 0.765092 0.833333 3.306559 2.129163 18.434949 1.000000 0.956808 3.605551 146.309932 2.000000 -90.000000 
54.000000 73.000000 78.822581 2.000000 4.000000 4.590000 0.731925 0.666667 3.055050 2.081666 90.000000 1.000000 0.840876 3.162278 108.434949 2.000000 0.000000 
4.000000 75.000000 47.577359 9.000000 3.000000 3.920000 0.942809 1.000000 3.464102 1.154701 0.000000 1.000000 0.756007 3.162278 161.565051 1.000000 -90.000000 
11.000000 75.000000 51.771961 1.000000 24.000000 24.248000 0.966348 0.500000 12.872523 3.311315 -89.135886 0.685714 0.402022 12.165525 99.462322 3.781141 174.289407 
58.000000 78.000000 76.434271 1.000000 21.000000 21.842000 0.979448 0.300000 12.353638 2.491686 -37.561730 0.840000 0.422785 12.206556 -145.007980 3.279649 128.659808 
18.000000 77.000000 42.332669 1.000000 9.000000 13.100000 0.781781 0.600000 5.458670 3.403768 65.300647 0.750000 0.428741 5.830952 120.963757 3.000000 0.000000 
4.000000 77.000000 42.391522 8.000000 3.000000 3.093000 0.730297 0.750000 2.581989 1.763834 45.000000 1.000000 0.969873 2.828427 135.000000 2.000000 -90.000000 
30.000000 80.000000 43.886735 1.000000 24.000000 34.528000 0.993550 0.352941 19.150167 2.171535 81.358131 0.631579 0.212539 17.262677 100.007980 2.794783 9.462322 
50.000000 80.000000 131.728430 2.000000 36.000000 20.618000 0.744127 0.571429 8.610772 5.752320 -29.828376 0.923077 0.801372 9.486833 -161.565051 6.200000 126.869898 
9.000000 82.000000 39.995193 1.000000 11.000000 10.842000 0.936793 0.916667 6.513910 2.279105 -86.942248 1.000000 0.706911 6.324555 -108.434949 2.000000 0.000000 
18.000000 80.000000 59.442624 1.000000 15.000000 13.869000 0.867766 0.535714 7.594889 3.774460 -73.649295 0.750000 0.651422 7.280110 -105.945396 4.000000 0.000000 
56.000000 84.000000 106.066509 1.000000 28.000000 22.214000 0.889666 0.444444 10.329807 4.716722 -63.512480 0.777778 0.547294 9.848858 -113.962489 5.906504 164.054604 
23.000000 84.000000 53.444893 1.000000 14.000000 15.275000 0.945693 0.400000 8.408669 2.733343 -53.597588 0.777778 0.518704 8.602325 -125.537678 3.535534 -45.000000 
35.000000 86.000000 39.370346 10.000000 7.000000 9.180000 0.935083 0.466667 5.601610 1.985369 -64.116913 0.875000 0.579394 5.830952 -120.963757 2.529822 161.565051 
15.000000 88.000000 60.877439 1.000000 53.000000 46.255000 0.973187 0.301136 23.195341 5.335243 -79.429100 0.576087 0.272955 22.561028 -102.804266 6.174700 169.215702 
45.000000 91.000000 60.436166 2.000000 16.000000 15.920000 0.958016 0.500000 9.124680 2.616175 -22.218335 0.842105 0.553365 8.944272 -153.434949 3.342516 -68.198591 
52.000000 88.000000 34.083200 1.000000 2.000000 2.812000 0.925820 0.500000 3.055050 1.154701 -45.000000 1.000000 0.709058 2.828427 -135.000000 1.414214 -45.000000 
61.000000 87.000000 73.287987 11.000000 5.000000 4.962000 0.765092 0.833333 3.306559 2.129163 18.434949 1.000000 0.956808 3.605551 146.309932 2.000000 -90.000000 
34.000000 92.000000 35.092122 2.000000 5.000000 10.032000 0.979796 0.250000 7.023769 1.404754 54.462322 0.833333 0.362052 6.403124 128.659808 1.941451 -146.309932 
51.000000 90.000000 36.442248 1.000000 2.000000 1.960000 0.866025 1.000000 2.309401 1.154701 90.000000 1.000000 0.965669 2.236068 116.565051 1.000000 0.000000 
54.000000 91.000000 43.512649 8.000000 7.000000 8.998000 0.928683 0.466667 5.674257 2.104437 -69.407037 0.875000 0.596897 5.385165 -111.801409 2.529822 161.565051 
38.000000 93.000000 41.075021 1.000000 8.000000 10.313000 0.892701 0.533333 5.669178 2.554816 70.670096 0.727273 0.555340 5.830952 120.963757 3.000000 0.000000 
17.000000 93.000000 35.528388 2.000000 1.000000 0.000000 0.000000 1.000000 1.154701 1.154701 0.000000 1.000000 1.000000 1.414214 135.000000 1.000000 -90.000000 
11.000000 94.000000 44.108164 1.000000 22.000000 18.525000 0.945573 0.814815 9.886280 3.217083 87.700076 0.916667 0.588913 9.219544 102.528808 3.000000 0.000000 
57.000000 95.000000 32.650186 12.000000 1.000000 0.000000 0.000000 1.000000 1.154701 1.154701 0.000000 1.000000 1.000000 1.414214 135.000000 1.000000 -90.000000 
45.000000 97.000000 48.973609 3.000000 4.000000 5.880000 0.968246 1.000000 4.618802 1.154701 0.000000 1.000000 0.617595 4.123106 165.963757 1.000000 -90.000000 
39.000000 99.000000 50.933977 1.000000 13.000000 15.548000 0.965369 0.406250 8.711590 2.272752 68.367852 0.812500 0.467685 8.944272 116.565051 2.846050 18.434949 
23.000000 101.000000 55.999728 1.000000 33.000000 29.235000 0.916738 0.423077 13.391386 5.349705 86.382067 0.660000 0.395605 13.341664 -102.994617 5.813184 175.236358 
48.000000 103.000000 48.539681 1.000000 24.000000 24.918000 0.954608 0.436364 11.267568 3.356210 -23.278284 0.750000 0.383053 12.083046 -155.556045 4.024922 -63.434949 
12.000000 103.000000 71.946233 1.000000 29.000000 26.018000 0.973223 0.446154 13.426512 3.086269 -77.157166 0.805556 0.428593 13.601471 -107.102729 3.638034 -14.036243 
54.000000 102.000000 32.256917 7.000000 1.000000 0.000000 0.000000 1.000000 1.154701 1.154701 0.000000 1.000000 1.000000 1.414214 135.000000 1.000000 -90.000000 
41.000000 105.000000 45.604971 1.000000 10.000000 13.381000 0.970568 0.476190 8.098331 1.950307 75.090749 0.714286 0.460313 7.615773 113.198591 2.425356 -165.963757 
18.000000 105.000000 47.158730 1.000000 3.000000 3.920000 0.942809 1.000000 3.464102 1.154701 90.000000 1.000000 0.756007 3.162278 108.434949 1.000000 0.000000 
32.000000 105.000000 31.786325 11.000000 1.000000 0.000000 0.000000 1.000000 1.154701 1.154701 0.000000 1.000000 1.000000 1.414214 135.000000 1.000000 -90.000000 
54.000000 106.000000 36.436140 7.000000 4.000000 4.590000 0.731925 0.666667 3.055050 2.081666 0.000000 1.000000 0.840876 3.162278 161.565051 2.000000 -90.000000 
36.000000 107.000000 36.566099 9.000000 4.000000 5.053000 0.866025 0.666667 3.651484 1.825742 -71.565051 0.800000 0.748540 3.605551 -123.690068 2.000000 0.000000 
39.000000 109.000000 34.179118 10.000000 1.000000 0.000000 0.000000 1.000000 1.154701 1.154701 0.000000 1.000000 1.000000 1.414214 135.000000 1.000000 -90.000000 
54.000000 111.000000 38.247815 1.000000 11.000000 14.696000 0.975798 0.458333 8.775032 1.918855 -18.910303 0.846154 0.434440 8.544004 -159.443955 2.529822 108.434949 
15.000000 112.000000 45.725018 2.000000 4.000000 5.053000 0.866025 0.666667 3.651484 1.825742 71.565051 1.000000 0.748540 3.605551 123.690068 2.000000 0.000000 
9.000000 113.000000 84.279561 1.000000 33.000000 24.430000 0.942688 0.600000 11.938841 3.983712 -80.587073 0.785714 0.545507 11.401754 -105.255119 4.510671 -11.309932 
45.000000 114.000000 53.188999 1.000000 25.000000 29.574000 0.978484 0.333333 15.695132 3.238255 -77.724494 0.675676 0.293522 15.297059 -101.309932 3.945576 170.537678 
16.000000 115.000000 57.201444 10.000000 9.000000 8.882000 0.907936 0.900000 5.399179 2.262845 -85.268839 1.000000 0.782319 5.385165 -111.801409 2.000000 0.000000 
26.000000 115.000000 39.072466 1.000000 1.000000 0.000000 0.000000 1.000000 1.154701 1.154701 0.000000 1.000000 1.000000 1.414214 135.000000 1.000000 -90.000000 
21.000000 115.000000 53.527141 1.000000 15.000000 12.091000 0.878583 0.625000 6.552528 3.129420 64.713901 0.937500 0.812369 6.708204 116.565051 3.577709 26.565051 
31.000000 117.000000 47.493432 1.000000 25.000000 20.791000 0.958673 0.500000 11.413159 3.247165 -72.216918 0.862069 0.548492 10.770330 -111.801409 3.880570 165.963757 
15.000000 119.000000 50.412190 1.000000 18.000000 17.045000 0.930595 0.562500 8.809193 3.224611 71.261910 0.818182 0.555081 8.544004 110.556045 4.000000 0.000000 
42.000000 119.000000 34.952158 12.000000 2.000000 1.960000 0.866025 1.000000 2.309401 1.154701 90.000000 1.000000 0.965669 2.236068 116.565051 1.000000 0.000000 
29.000000 123.000000 49.975803 1.000000 28.000000 28.904000 0.980698 0.466667 15.256086 2.982969 79.098325 0.823529 0.342635 15.297059 101.309932 3.577709 -169.695154 
43.000000 123.000000 34.025715 8.000000 2.000000 1.960000 0.866025 1.000000 2.309401 1.154701 0.000000 1.000000 0.965669 2.236068 153.434949 1.000000 -90.000000 
53.000000 123.000000 35.106393 8.000000 3.000000 4.590000 0.928995 0.500000 3.854129 1.426385 -28.154966 1.000000 0.630657 3.605551 -146.309932 1.788854 -63.434949 
10.000000 126.000000 69.127724 1.000000 36.000000 28.747000 0.968361 0.642857 14.944109 3.729367 -88.648412 0.782609 0.444879 14.142136 -98.130102 4.000000 0.000000 
57.000000 128.000000 45.871450 1.000000 10.000000 13.588000 0.664020 0.500000 5.591632 4.180948 -10.900705 0.666667 0.448993 5.830952 -149.036243 4.000000 -90.000000 
37.000000 127.000000 33.623169 1.000000 4.000000 6.550000 0.946293 0.500000 4.820546 1.558527 -72.391204 0.800000 0.535155 4.472136 -116.565051 1.897367 161.565051 
16.000000 131.000000 63.295652 1.000000 52.000000 53.028000 0.995711 0.333333 29.013756 2.684380 80.699991 0.722222 0.207115 26.683328 102.994617 3.431177 -171.027373 
60.000000 131.000000 75.577464 1.000000 11.000000 14.804000 0.868267 0.366667 6.849859 3.398197 -39.177013 0.687500 0.429227 6.708204 -153.434949 4.200000 143.130102 
55.000000 133.000000 76.865346 1.000000 18.000000 15.159000 0.912360 0.642857 7.930417 3.246627 -18.029581 0.900000 0.675386 8.062258 -150.255119 3.638034 -75.963757 
28.000000 135.000000 52.449851 1.000000 28.000000 22.354000 0.960666 0.636364 11.893344 3.302865 79.846209 0.903226 0.541300 11.704700 109.983107 3.922323 -168.690068 
48.000000 137.000000 72.011949 1.000000 25.000000 19.675000 0.944458 0.446429 10.246543 3.367346 -40.057704 0.862069 0.603460 10.630146 -138.814075 4.200000 126.869898 
14.000000 136.000000 38.214146 1.000000 12.000000 14.208000 0.961047 0.750000 8.000000 2.211083 90.000000 0.857143 0.500971 8.062258 97.125016 2.000000 0.000000 
22.000000 136.000000 40.062457 1.000000 4.000000 5.053000 0.866025 0.666667 3.651484 1.825742 71.565051 1.000000 0.748540 3.605551 123.690068 2.000000 0.000000 
53.000000 138.000000 52.308383 3.000000 5.000000 9.180000 0.837331 0.416667 4.871687 2.663331 -78.690068 0.714286 0.413853 4.472136 -116.565051 2.846050 161.565051 
23.000000 138.000000 38.651542 2.000000 2.000000 2.812000 0.925820 0.500000 3.055050 1.154701 45.000000 1.000000 0.709058 2.828427 135.000000 1.414214 45.000000 
58.000000 139.000000 64.940271 1.000000 21.000000 21.734000 0.791759 0.500000 7.972406 4.869817 -51.954854 0.750000 0.426464 8.485281 -135.000000 5.687368 168.690068 
10.000000 143.000000 58.954131 1.000000 23.000000 25.836000 0.979574 0.353846 13.014164 2.616926 70.620137 0.766667 0.344202 13.928388 111.037511 3.478505 18.434949 
31.000000 145.000000 54.807690 1.000000 35.000000 36.124000 0.990094 0.324074 20.755983 2.914200 73.895691 0.686275 0.285268 18.973666 108.434949 4.047471 12.994617 
47.000000 144.000000 137.873479 1.000000 40.000000 22.032000 0.881786 0.571429 10.600843 4.999879 62.939204 0.952381 0.793194 10.770330 111.801409 5.366563 26.565051 
56.000000 146.000000 219.255971 1.000000 50.000000 28.111000 0.940521 0.454545 14.136000 4.802518 -43.597079 0.980392 0.643291 13.601471 -143.972627 4.949747 -45.000000 
40.000000 149.000000 156.738025 1.000000 30.000000 22.396000 0.654551 0.535714 8.111197 6.132213 37.394626 0.833333 0.578058 8.544004 110.556045 7.000000 0.000000 
49.000000 149.000000 79.245247 11.000000 6.000000 6.277000 0.456435 0.666667 3.265986 2.905933 -63.434949 1.000000 0.849942 3.605551 123.690068 3.000000 -90.000000 
18.000000 150.000000 63.339676 1.000000 17.000000 15.184000 0.938963 0.485714 8.536918 2.936847 -65.193553 0.809524 0.636125 8.062258 -119.744881 3.528211 -21.801409 
45.000000 151.000000 167.163445 11.000000 11.000000 12.000000 0.951786 0.458333 7.260461 2.227248 -62.197064 0.916667 0.602920 7.211103 -123.690068 2.683282 -26.565051 
12.000000 151.000000 38.400872 1.000000 9.000000 12.248000 0.969266 0.642857 7.393691 1.818967 78.690068 0.818182 0.477527 7.280110 105.945396 2.000000 0.000000 
34.000000 153.000000 152.516722 1.000000 36.000000 23.504000 0.864551 0.600000 10.327936 5.190249 72.985177 0.878049 0.637179 10.440307 106.699244 5.692100 -161.565051 
54.000000 152.000000 221.082834 1.000000 34.000000 23.231000 0.933925 0.515152 11.426464 4.084593 -69.258988 0.871795 0.614304 11.704700 -109.983107 4.727032 -23.198591 
60.000000 153.000000 129.705228 1.000000 3.000000 3.093000 0.730297 0.750000 2.581989 1.763834 45.000000 1.000000 0.969873 2.828427 135.000000 2.000000 -90.000000 
25.000000 153.000000 65.767797 1.000000 18.000000 21.362000 0.949321 0.400000 10.642179 3.344916 -73.362556 0.642857 0.376724 9.486833 -108.434949 4.085297 158.198591 
49.000000 153.000000 89.101612 1.000000 8.000000 7.683000 0.707879 0.666667 4.056654 2.865349 -7.018122 0.888889 0.857979 4.472136 -153.434949 3.000000 -90.000000 
22.000000 157.000000 49.529436 6.000000 21.000000 18.922000 0.956439 0.437500 10.413292 3.039960 -29.672663 0.840000 0.542097 10.000000 -143.130102 3.772969 -59.036243 
12.000000 156.000000 48.934261 1.000000 11.000000 12.918000 0.939367 0.523810 7.265655 2.491485 72.703856 0.785714 0.535961 7.280110 105.945396 3.000000 0.000000 
46.000000 155.000000 219.437593 1.000000 17.000000 15.085000 0.616347 0.566667 5.710183 4.496626 -68.949288 0.850000 0.643055 6.708204 -116.565051 4.949747 -45.000000 
28.000000 158.000000 152.253718 2.000000 26.000000 16.656000 0.552759 0.866667 6.502100 5.418466 15.067764 0.962963 0.833601 7.211103 146.309932 5.000000 -90.000000 
35.000000 158.000000 203.773742 1.000000 19.000000 19.013000 0.972199 0.422222 11.046533 2.586628 -67.749106 0.760000 0.486447 10.295630 -119.054604 3.162278 -18.434949 
40.000000 155.000000 108.969094 1.000000 18.000000 18.178000 0.737724 0.514286 6.896300 4.655708 13.380300 0.782609 0.497651 7.280110 164.054604 5.000000 -90.000000 
54.000000 157.000000 91.171680 1.000000 31.000000 29.202000 0.966840 0.596154 14.667414 3.745801 -88.243789 0.645833 0.372387 13.341664 102.994617 4.000000 0.000000 
14.000000 160.000000 52.697397 1.000000 20.000000 21.155000 0.957159 0.500000 10.963082 3.174509 -89.313082 0.714286 0.425745 10.440307 -106.699244 3.969112 -7.125016 
7.000000 160.000000 56.597323 1.000000 17.000000 14.605000 0.868115 0.607143 7.209584 3.578577 78.783505 1.000000 0.678311 7.280110 105.945396 4.000000 0.000000 
47.000000 162.000000 218.169563 1.000000 53.000000 38.035000 0.974017 0.389706 18.272212 4.138203 -69.620565 0.791045 0.392812 18.027756 -109.440035 5.375872 -18.434949 
35.000000 162.000000 156.628907 1.000000 19.000000 18.525000 0.964799 0.527778 10.257569 2.697629 -76.079671 0.826087 0.508607 9.848858 -113.962489 3.152963 -14.036243 
54.000000 161.000000 39.950094 1.000000 4.000000 5.053000 0.866025 0.666667 3.651484 1.825742 -71.565051 0.800000 0.748540 3.605551 -123.690068 2.000000 0.000000 
57.000000 162.000000 40.020786 1.000000 5.000000 4.962000 0.765092 0.833333 3.306559 2.129163 71.565051 1.000000 0.956808 3.605551 123.690068 2.000000 0.000000 
23.000000 165.000000 129.149213 1.000000 34.000000 21.734000 0.891105 0.539683 10.411495 4.724701 24.573442 0.850000 0.690465 10.000000 143.130102 5.692100 -108.434949 
29.000000 162.000000 82.079683 5.000000 11.000000 15.250000 0.627934 0.687500 5.308284 4.131258 -45.681964 0.733333 0.408662 5.656854 -135.000000 4.000000 -90.000000 
8.000000 166.000000 42.151165 11.000000 7.000000 6.368000 0.353094 0.777778 3.236694 3.028212 90.000000 1.000000 0.972712 3.605551 123.690068 3.000000 -90.000000 
32.000000 165.000000 155.773691 11.000000 8.000000 8.998000 0.872569 0.533333 5.115813 2.499024 -78.164731 0.888889 0.682168 5.099020 101.309932 2.846050 161.565051 
46.000000 166.000000 57.567770 1.000000 4.000000 7.402000 0.899903 0.500000 4.643862 2.025144 83.379740 0.666667 0.452160 4.123106 104.036243 2.000000 0.000000 
14.000000 168.000000 83.340569 1.000000 36.000000 29.318000 0.951950 0.461538 13.728896 4.204511 -73.537459 0.765957 0.429365 13.341664 -102.994617 4.884914 -16.699244 
38.000000 167.000000 203.842937 1.000000 38.000000 23.322000 0.881515 0.575758 10.605363 5.007378 -86.050516 0.844444 0.681861 11.180340 100.304846 5.656854 -8.130102 
29.000000 168.000000 147.509053 1.000000 23.000000 18.525000 0.941657 0.851852 9.765474 3.286811 87.599458 0.958333 0.615682 9.219544 102.528808 3.000000 0.000000 
9.000000 169.000000 43.097508 1.000000 3.000000 3.093000 0.730297 0.750000 2.581989 1.763834 -45.000000 1.000000 0.969873 2.828427 -135.000000 2.000000 -90.000000 
51.000000 170.000000 118.063262 1.000000 1.000000 0.000000 0.000000 1.000000 1.154701 1.154701 0.000000 1.000000 1.000000 1.414214 135.000000 1.000000 -90.000000 
43.000000 169.000000 83.389610 1.000000 8.000000 12.364000 0.716350 0.500000 5.033223 3.511885 33.690068 0.727273 0.418141 5.000000 126.869898 3.882901 56.309932 
21.000000 172.000000 102.122496 1.000000 18.000000 13.216000 0.804320 0.600000 6.393469 3.798973 33.105666 1.000000 0.845364 6.708204 153.434949 4.242641 45.000000 
30.000000 174.000000 127.796823 1.000000 44.000000 35.297000 0.958829 0.366667 16.461427 4.674760 -58.188172 0.745763 0.374221 15.620499 -129.805571 5.547002 146.309932 
14.000000 174.000000 106.065678 1.000000 27.000000 23.024000 0.966152 0.562500 12.319735 3.178154 78.683923 0.870968 0.495579 12.369317 104.036243 3.676955 -171.869898 
40.000000 176.000000 240.783949 1.000000 48.000000 29.111000 0.900194 0.623377 12.956743 5.642525 68.227032 0.827586 0.579858 12.529964 118.610460 6.548462 14.036243 
50.000000 175.000000 58.082194 1.000000 22.000000 21.453000 0.913006 0.488889 9.770999 3.986032 86.756313 0.687500 0.457039 9.486833 108.434949 5.000000 0.000000 
21.000000 177.000000 78.804311 6.000000 9.000000 8.055000 0.834966 0.750000 4.760952 2.619961 -26.565051 1.000000 0.902154 5.000000 -143.130102 3.000000 -90.000000 
24.000000 177.000000 105.684686 1.000000 7.000000 7.592000 0.658784 0.583333 3.879126 2.918391 71.565051 1.000000 0.763515 4.472136 116.565051 3.000000 0.000000 
29.000000 179.000000 164.230479 1.000000 41.000000 22.206000 0.721027 0.585714 8.912494 6.175529 -81.751571 0.953488 0.801900 10.198039 -101.309932 6.957011 18.434949 
46.000000 177.000000 77.050640 9.000000 1.000000 0.000000 0.000000 1.000000 1.154701 1.154701 0.000000 1.000000 1.000000 1.414214 135.000000 1.000000 -90.000000 
12.000000 180.000000 114.624026 1.000000 33.000000 22.288000 0.891948 0.550000 10.400542 4.702488 -75.330182 0.804878 0.641276 10.440307 -106.699244 5.491252 -11.309932 
19.000000 180.000000 219.776064 1.000000 14.000000 13.563000 0.883666 0.583333 6.965870 3.260847 70.824323 0.823529 0.630472 7.211103 123.690068 4.000000 0.000000 
42.000000 181.000000 79.474573 1.000000 7.000000 8.237000 0.741154 0.583333 4.300534 2.887099 -67.500000 0.875000 0.679408 4.472136 -116.565051 3.000000 0.000000 
47.000000 182.000000 69.746452 3.000000 8.000000 12.844000 0.979476 0.266667 8.167412 1.646221 50.062336 0.888889 0.393407 7.810250 129.805571 2.121320 45.000000 
25.000000 181.000000 122.180453 1.000000 8.000000 11.049000 0.936421 0.400000 6.497606 2.279864 -44.032534 0.800000 0.499228 6.403124 -128.659808 2.828427 -45.000000 
36.000000 181.000000 101.053620 1.000000 9.000000 10.288000 0.932998 0.750000 6.081723 2.188704 -86.829904 1.000000 0.627085 6.082763 99.462322 2.000000 0.000000 
19.000000 184.000000 105.668883 1.000000 21.000000 27.052000 0.713060 0.428571 8.198836 5.748228 45.304106 0.656250 0.289467 9.219544 139.398705 6.260990 26.565051 
47.000000 186.000000 142.468343 1.000000 24.000000 24.356000 0.933726 0.380952 11.431123 4.092200 55.974640 0.705882 0.398870 11.401754 127.874984 5.631783 15.945396 
34.000000 187.000000 180.649089 1.000000 94.000000 57.594000 0.960867 0.474747 24.514348 6.790697 79.895706 0.657343 0.320222 22.561028 102.804266 8.335905 -175.914383 
12.000000 187.000000 60.938163 1.000000 28.000000 23.413000 0.920600 0.437500 10.404785 4.063147 59.074851 0.823529 0.498986 10.630146 131.185925 4.713320 -150.255119 
20.000000 189.000000 169.006155 1.000000 21.000000 14.696000 0.409479 0.700000 5.766724 5.261096 -72.534531 0.913043 0.829386 6.708204 -116.565051 5.000000 0.000000 
22.000000 196.000000 193.424801 1.000000 44.000000 25.960000 0.903251 0.523810 12.031725 5.162977 -15.275258 0.880000 0.652873 12.369317 -165.963757 5.692100 108.434949 
51.000000 192.000000 65.531803 1.000000 5.000000 4.962000 0.765092 0.833333 3.306559 2.129163 -71.565051 1.000000 0.956808 3.605551 -123.690068 2.000000 0.000000 
12.000000 193.000000 39.664715 12.000000 2.000000 1.960000 0.866025 1.000000 2.309401 1.154701 90.000000 1.000000 0.965669 2.236068 116.565051 1.000000 0.000000 
14.000000 194.000000 35.648902 12.000000 1.000000 0.000000 0.000000 1.000000 1.154701 1.154701 0.000000 1.000000 1.000000 1.414214 135.000000 1.000000 -90.000000 
46.000000 195.000000 164.803596 1.000000 7.000000 7.592000 0.891825 0.583333 4.776412 2.160759 60.128219 0.875000 0.763515 5.000000 126.869898 2.683282 -153.434949 
52.000000 195.000000 86.309362 1.000000 5.000000 7.683000 0.942029 0.416667 5.263775 1.766164 64.329904 0.714286 0.536237 5.000000 126.869898 2.213594 18.434949 
16.000000 197.000000 38.152712 4.000000 4.000000 8.436000 0.983739 0.250000 6.429101 1.154701 45.000000 1.000000 0.375002 5.656854 135.000000 1.414214 45.000000 
35.000000 195.000000 202.600939 1.000000 29.000000 18.087000 0.795392 0.604167 8.155366 4.942927 32.424257 0.906250 0.808659 8.944272 153.434949 5.656854 45.000000 
40.000000 194.000000 216.922147 2.000000 18.000000 24.182000 0.677088 0.428571 7.660749 5.637558 -1.578248 0.600000 0.302975 7.810250 140.194429 5.820855 75.963757 
57.000000 199.000000 66.832771 6.000000 10.000000 8.998000 0.741935 0.625000 4.623527 3.099945 39.115856 1.000000 0.852711 5.000000 126.869898 3.535534 45.000000 
28.000000 200.000000 121.746168 1.000000 44.000000 41.219000 0.812472 0.444444 12.048840 7.024483 54.900368 0.687500 0.280975 12.727922 135.000000 8.170595 21.801409 
40.000000 199.000000 242.718692 2.000000 15.000000 14.324000 0.873331 0.535714 6.896306 3.359375 71.003400 0.937500 0.617923 7.280110 105.945396 4.000000 0.000000 
48.000000 204.000000 91.832037 1.000000 23.000000 22.677000 0.894518 0.410714 9.709934 4.340658 37.803597 0.766667 0.433583 10.000000 143.130102 4.841387 51.340192 
59.000000 201.000000 111.128217 3.000000 12.000000 10.313000 0.849837 0.600000 5.656854 2.981424 56.309932 0.923077 0.833010 5.830952 120.963757 3.535534 45.000000 
38.000000 204.000000 103.966561 1.000000 36.000000 35.240000 0.945717 0.300000 15.064292 4.895747 -54.416403 0.590164 0.307090 13.601471 -126.027373 6.273807 140.194429 
54.000000 203.000000 165.022981 1.000000 14.000000 11.901000 0.864994 0.560000 6.227359 3.124774 47.582621 0.933333 0.777486 6.403124 128.659808 3.535534 45.000000 
12.000000 206.000000 54.154437 1.000000 21.000000 24.910000 0.977674 0.350000 12.484295 2.623280 -70.157958 0.724138 0.335362 13.000000 -112.619865 3.478505 -18.434949 
57.000000 206.000000 105.211073 1.000000 15.000000 15.846000 0.846461 0.428571 7.359164 3.918395 12.812930 0.750000 0.522831 7.615773 156.801409 4.510671 78.690068 
33.000000 208.000000 141.819310 2.000000 49.000000 33.544000 0.912338 0.404959 14.681958 6.011353 -46.228231 0.710145 0.457525 13.601471 -126.027373 7.050240 -49.398705 
51.000000 207.000000 114.583128 1.000000 13.000000 14.142000 0.927962 0.433333 7.737360 2.883526 59.741927 0.722222 0.546871 7.211103 123.690068 3.577709 -153.434949 
27.000000 211.000000 65.579837 1.000000 44.000000 37.737000 0.966894 0.458333 17.513404 4.469021 2.397249 0.602740 0.330880 16.492423 -165.963757 5.752237 94.398705 
59.000000 208.000000 92.216778 1.000000 13.000000 14.713000 0.948759 0.361111 8.463573 2.674497 51.793677 0.812500 0.512452 7.810250 129.805571 3.535534 45.000000 
60.000000 214.000000 87.487938 2.000000 11.000000 12.364000 0.779894 0.458333 5.684995 3.558308 16.738139 0.785714 0.574944 6.324555 161.565051 4.000000 -90.000000 
12.000000 216.000000 63.348029 1.000000 36.000000 34.354000 0.989766 0.352941 20.000679 2.854063 72.891134 0.734694 0.321775 18.027756 109.440035 3.735523 16.699244 
46.000000 212.000000 101.310314 1.000000 19.000000 24.174000 0.897967 0.351852 10.134589 4.459852 -11.265119 0.575758 0.319994 9.848858 -156.037511 5.570860 111.801409 
51.000000 213.000000 72.375731 1.000000 25.000000 25.853000 0.878110 0.396825 10.479784 5.014140 22.242801 0.581395 0.373694 9.899495 135.000000 6.247162 80.537678 
42.000000 214.000000 124.004809 1.000000 5.000000 4.962000 0.765092 0.833333 3.306559 2.129163 71.565051 1.000000 0.956808 3.605551 123.690068 2.000000 0.000000 
21.000000 214.000000 38.362115 12.000000 3.000000 5.624000 0.769800 0.500000 3.464102 2.211083 0.000000 0.750000 0.490646 3.162278 161.565051 2.000000 -90.000000 
38.000000 215.000000 57.454201 5.000000 13.000000 12.157000 0.917954 0.722222 6.865252 2.723351 3.698038 0.866667 0.697992 6.324555 161.565051 3.000000 -90.000000 
56.000000 217.000000 83.864041 1.000000 34.000000 38.680000 0.766508 0.386364 11.052228 7.098129 -0.287298 0.566667 0.244280 11.401754 164.744881 8.000000 -90.000000 
16.000000 223.000000 88.165818 1.000000 56.000000 34.999000 0.973395 0.658824 18.252797 4.182326 -81.249625 0.875000 0.483752 17.464249 -103.240520 4.902903 -11.309932 
47.000000 221.000000 57.893695 1.000000 18.000000 19.567000 0.954894 0.375000 10.346692 3.072425 -50.822662 0.720000 0.438634 10.000000 -126.869898 3.969143 140.194429 
36.000000 222.000000 31.803243 2.000000 1.000000 0.000000 0.000000 1.000000 1.154701 1.154701 0.000000 1.000000 1.000000 1.414214 135.000000 1.000000 -90.000000 
27.000000 226.000000 50.002137 1.000000 14.000000 17.715000 0.936999 0.350000 8.676197 3.030874 -63.534027 0.736842 0.404437 8.602325 -125.537678 3.708735 164.054604 
58.000000 225.000000 72.081225 1.000000 33.000000 23.711000 0.843320 0.458333 10.027051 5.388662 -35.763911 0.825000 0.575111 10.000000 -143.130102 6.363961 135.000000 
7.000000 227.000000 49.565897 1.000000 11.000000 12.248000 0.954626 0.785714 7.143751 2.127452 82.586760 0.916667 0.583644 7.280110 105.945396 2.000000 0.000000 
22.000000 227.000000 35.866699 1.000000 2.000000 1.960000 0.866025 1.000000 2.309401 1.154701 90.000000 1.000000 0.965669 2.236068 116.565051 1.000000 0.000000 
40.000000 229.000000 36.232394 1.000000 6.000000 10.288000 0.976006 0.500000 7.105970 1.547283 76.835853 0.750000 0.418057 6.324555 108.434949 1.940285 -165.963757 
29.000000 235.000000 64.259892 1.000000 129.000000 101.565000 0.997220 0.430000 55.932907 4.167549 -89.303265 0.570796 0.147860 50.009999 91.145763 5.421754 -1.735705 
58.000000 236.000000 35.784656 1.000000 9.000000 12.248000 0.969266 0.642857 7.393691 1.818967 -78.690068 0.900000 0.477527 7.280110 -105.945396 2.000000 0.000000 
