294
31.000000 122.000000 11.809516 1.000000 9715.000000 591.556000 0.962647 0.632487 281.073891 76.103520 -0.157702 0.632487 0.345192 248.386795 165.068583 64.000000 -90.000000 
35.000000 5.000000 67.760786 1.000000 27.000000 22.189000 0.940320 0.540000 11.120962 3.784371 -75.693852 0.818182 0.528790 10.770330 -111.801409 4.743416 161.565051 
45.000000 5.000000 56.939365 1.000000 25.000000 26.324000 0.886261 0.500000 10.678718 4.946236 -82.969963 0.657895 0.361842 10.198039 101.309932 5.000000 0.000000 
52.000000 7.000000 112.332017 1.000000 22.000000 17.996000 0.691451 0.523810 6.917023 4.997021 66.504462 0.814815 0.618759 7.280110 -105.945396 5.366563 -153.434949 
14.000000 9.000000 45.910660 1.000000 48.000000 41.591000 0.985871 0.315789 21.329709 3.572916 71.979698 0.695652 0.301441 20.248457 110.224859 4.705374 -162.897271 
25.000000 12.000000 62.539950 1.000000 26.000000 24.728000 0.971427 0.433333 12.741668 3.024063 20.555075 0.896552 0.420651 12.649111 161.565051 3.794733 -108.434949 
40.000000 10.000000 45.280342 6.000000 14.000000 12.364000 0.833440 0.583333 6.098187 3.369916 -18.000374 0.875000 0.731747 6.324555 -161.565051 4.000000 -90.000000 
54.000000 12.000000 65.574575 1.000000 33.000000 26.895000 0.874754 0.428571 11.199487 5.426896 13.619867 0.717391 0.459645 11.704700 160.016893 6.933752 -123.690068 
49.000000 15.000000 72.325479 1.000000 39.000000 40.847000 0.926272 0.464286 15.193650 5.725802 -3.397941 0.629032 0.253276 14.035669 175.914383 6.000000 -90.000000 
17.000000 16.000000 43.437553 1.000000 15.000000 24.546000 0.933476 0.267857 11.162277 4.003224 -46.727304 0.500000 0.245884 10.630146 -138.814075 4.714952 -33.690068 
35.000000 13.000000 44.217404 2.000000 5.000000 4.962000 0.765092 0.833333 3.306559 2.129163 -71.565051 1.000000 0.956808 3.605551 -123.690068 2.000000 0.000000 
39.000000 13.000000 34.997493 8.000000 3.000000 3.093000 0.730297 0.750000 2.581989 1.763834 -45.000000 1.000000 0.969873 2.828427 -135.000000 2.000000 -90.000000 
6.000000 17.000000 40.440047 7.000000 20.000000 17.988000 0.918006 0.476190 8.737329 3.464931 -54.431513 0.909091 0.562934 9.219544 -130.601295 4.242641 -45.000000 
43.000000 15.000000 74.730883 3.000000 18.000000 18.178000 0.810585 0.500000 7.324615 4.289452 -47.048527 0.782609 0.497651 7.211103 -146.309932 4.949747 -45.000000 
30.000000 16.000000 75.347688 1.000000 33.000000 23.876000 0.945689 0.500000 12.371206 4.021533 73.404013 0.804878 0.568107 11.704700 109.983107 4.608177 14.036243 
21.000000 18.000000 91.842448 1.000000 15.000000 14.986000 0.541199 0.600000 5.397997 4.539147 78.212647 0.833333 0.573615 5.830952 120.963757 5.000000 -90.000000 
55.000000 19.000000 43.314393 1.000000 27.000000 26.018000 0.937681 0.409091 12.451889 4.326980 63.211718 0.729730 0.399035 12.083046 114.443955 5.087990 -147.994617 
18.000000 21.000000 44.948417 1.000000 13.000000 10.776000 0.532703 0.650000 5.294590 4.480822 89.318036 0.812500 0.843383 5.385165 111.801409 4.000000 0.000000 
41.000000 22.000000 51.728687 1.000000 32.000000 33.635000 0.973404 0.253968 17.525847 4.015064 63.468171 0.542373 0.297315 14.866069 109.653824 5.366563 -153.434949 
7.000000 23.000000 33.090070 5.000000 6.000000 9.180000 0.955069 0.400000 5.927544 1.756826 61.845034 1.000000 0.496624 5.830952 120.963757 2.236068 26.565051 
12.000000 24.000000 64.878780 1.000000 25.000000 19.493000 0.939698 0.462963 10.196333 3.487213 63.920676 0.833333 0.613203 9.848858 113.962489 4.024922 26.565051 
22.000000 26.000000 52.944553 6.000000 22.000000 17.062000 0.867777 0.523810 7.818237 3.885300 -35.984222 0.916667 0.677291 8.062258 -150.255119 4.242641 -45.000000 
56.000000 26.000000 55.187393 2.000000 16.000000 23.438000 0.445210 0.326531 6.565465 5.878889 -34.721977 0.592593 0.284599 7.615773 -156.801409 6.127946 -21.801409 
30.000000 28.000000 74.745178 1.000000 36.000000 27.358000 0.955131 0.500000 13.402850 3.969720 71.164912 0.782609 0.486322 12.649111 108.434949 4.850713 -165.963757 
44.000000 27.000000 41.515401 1.000000 2.000000 2.812000 0.925820 0.500000 3.055050 1.154701 -45.000000 1.000000 0.709058 2.828427 -135.000000 1.414214 -45.000000 
39.000000 28.000000 50.443929 1.000000 12.000000 11.396000 0.942809 1.000000 6.928203 2.309401 90.000000 1.000000 0.713520 6.324555 108.434949 2.000000 0.000000 
6.000000 28.000000 50.964202 2.000000 19.000000 15.184000 0.852147 0.678571 7.554262 3.953163 3.501701 0.863636 0.710964 7.280110 164.054604 4.000000 -90.000000 
52.000000 28.000000 82.124224 2.000000 7.000000 8.146000 0.874319 0.583333 4.881485 2.369237 -37.732772 0.875000 0.690407 5.000000 -143.130102 2.828427 -45.000000 
20.000000 35.000000 42.975433 1.000000 31.000000 29.145000 0.981560 0.258333 16.338900 3.123279 47.071347 0.738095 0.373703 14.422205 123.690068 4.152274 41.633539 
40.000000 31.000000 30.814221 1.000000 6.000000 11.529000 0.957124 0.300000 7.216277 2.090406 34.347108 0.750000 0.350321 6.403124 141.340192 2.683282 63.434949 
48.000000 32.000000 77.467914 1.000000 28.000000 22.586000 0.962734 0.424242 11.998070 3.244890 -62.249748 0.848485 0.531581 12.083046 -114.443955 4.024922 153.434949 
34.000000 33.000000 34.483741 11.000000 5.000000 8.998000 0.974418 0.333333 6.444305 1.448307 -62.876944 0.714286 0.426355 5.830952 -120.963757 1.788854 -26.565051 
10.000000 33.000000 29.547196 7.000000 5.000000 5.814000 0.743786 0.555556 3.529850 2.359413 55.900705 1.000000 0.783414 3.605551 123.690068 2.683282 26.565051 
29.000000 35.000000 39.308505 1.000000 9.000000 11.603000 0.927659 0.500000 6.334987 2.365658 -72.154970 0.818182 0.520220 6.708204 -116.565051 2.846050 -18.434949 
13.000000 35.000000 40.069264 7.000000 13.000000 11.628000 0.867377 0.541667 6.160646 3.065859 -26.679034 0.928571 0.748887 6.324555 -161.565051 3.577709 -63.434949 
38.000000 35.000000 30.442321 4.000000 3.000000 4.590000 0.928995 0.500000 3.854129 1.426385 -61.845034 1.000000 0.630657 3.605551 -123.690068 1.788854 -26.565051 
35.000000 37.000000 44.941674 1.000000 9.000000 10.495000 0.772398 0.600000 4.941698 3.138666 6.264404 0.818182 0.608192 5.385165 158.198591 3.000000 -90.000000 
42.000000 37.000000 38.227829 2.000000 3.000000 3.920000 0.942809 1.000000 3.464102 1.154701 90.000000 1.000000 0.756007 3.162278 108.434949 1.000000 0.000000 
56.000000 37.000000 79.567219 1.000000 23.000000 19.195000 0.848748 0.547619 8.184708 4.328054 -34.225996 0.821429 0.579300 8.602325 -144.462322 5.059644 -71.565051 
49.000000 38.000000 71.553000 1.000000 38.000000 36.703000 0.915826 0.395833 14.209741 5.706273 -75.999038 0.542857 0.300784 12.649111 -108.434949 8.000000 0.000000 
23.000000 40.000000 35.981393 3.000000 9.000000 10.313000 0.903666 0.450000 5.828224 2.495865 36.298648 0.900000 0.624757 5.830952 149.036243 3.050851 -123.690068 
31.000000 41.000000 49.281707 1.000000 23.000000 18.087000 0.858416 0.479167 8.543362 4.382357 29.871781 0.793103 0.641350 8.544004 159.443955 5.144958 -120.963757 
38.000000 39.000000 55.476514 1.000000 14.000000 12.455000 0.867214 0.777778 6.294366 3.134187 83.990994 0.933333 0.723233 6.324555 108.434949 3.000000 0.000000 
14.000000 42.000000 44.263557 5.000000 15.000000 13.290000 0.928246 0.714286 7.395324 2.750810 -15.333599 0.937500 0.698139 7.615773 -156.801409 3.000000 -90.000000 
41.000000 41.000000 35.253250 3.000000 4.000000 7.220000 0.966087 0.333333 5.361879 1.384531 31.717474 0.800000 0.468184 5.000000 143.130102 1.788854 63.434949 
57.000000 44.000000 135.024501 1.000000 42.000000 30.335000 0.747478 0.583333 10.046753 6.673920 -8.260034 0.777778 0.470952 10.295630 -150.945396 8.000000 -90.000000 
21.000000 43.000000 35.475755 1.000000 4.000000 7.402000 0.752083 0.444444 3.886558 2.561510 55.278023 0.666667 0.452160 3.605551 123.690068 2.683282 -153.434949 
27.000000 43.000000 48.411419 1.000000 19.000000 16.962000 0.919235 0.593750 8.708148 3.428482 -73.627625 0.826087 0.590767 8.944272 -116.565051 4.000000 0.000000 
49.000000 43.000000 54.525153 1.000000 14.000000 16.582000 0.920052 0.437500 7.970399 3.122764 87.910716 0.700000 0.452237 8.062258 97.125016 4.000000 0.000000 
39.000000 46.000000 34.854660 2.000000 6.000000 9.180000 0.906886 0.375000 5.563198 2.344199 38.952621 0.750000 0.496624 5.000000 126.869898 2.773501 -123.690068 
46.000000 46.000000 28.799153 1.000000 4.000000 7.402000 0.899903 0.500000 4.643862 2.025144 -83.379740 0.666667 0.452160 4.123106 104.036243 2.000000 0.000000 
10.000000 49.000000 45.798321 2.000000 9.000000 9.180000 0.836258 0.600000 4.952447 2.715603 7.338197 0.900000 0.744936 5.099020 168.690068 3.000000 -90.000000 
34.000000 48.000000 38.290924 1.000000 17.000000 17.880000 0.916541 0.531250 9.371722 3.748142 -89.096987 0.708333 0.483423 8.544004 -110.556045 4.000000 0.000000 
52.000000 47.000000 56.696076 1.000000 25.000000 21.246000 0.728400 0.510204 8.308287 5.692437 -54.166815 0.735294 0.528217 8.062258 -150.255119 6.667949 168.690068 
22.000000 50.000000 57.309711 1.000000 46.000000 33.701000 0.955941 0.575000 15.574044 4.571894 88.995120 0.718750 0.425860 16.124515 97.125016 5.000000 0.000000 
37.000000 50.000000 30.034209 5.000000 3.000000 4.590000 0.928995 0.500000 3.854129 1.426385 28.154966 0.750000 0.630657 3.605551 146.309932 1.788854 -116.565051 
48.000000 49.000000 41.700862 1.000000 8.000000 9.643000 0.767145 0.666667 4.584538 2.940863 52.018122 0.888889 0.615072 5.000000 126.869898 3.000000 0.000000 
57.000000 53.000000 124.864533 5.000000 45.000000 21.246000 0.763556 0.833333 9.484828 6.124753 12.904230 0.978261 0.950790 9.848858 156.037511 6.000000 -90.000000 
7.000000 51.000000 67.188779 1.000000 12.000000 10.958000 0.882039 0.666667 5.992948 2.823732 75.749320 1.000000 0.758539 6.324555 108.434949 3.000000 0.000000 
12.000000 54.000000 57.257550 3.000000 18.000000 15.920000 0.925519 0.750000 8.289355 3.139187 3.082504 0.900000 0.622535 8.246211 165.963757 3.000000 -90.000000 
28.000000 52.000000 43.412884 1.000000 11.000000 11.628000 0.924619 0.458333 6.695125 2.550123 31.452224 0.846154 0.633673 6.708204 153.434949 3.130495 -116.565051 
20.000000 60.000000 48.154351 2.000000 31.000000 25.100000 0.941997 0.430556 11.860102 3.980503 21.245834 0.815789 0.488420 13.000000 157.380135 4.670259 -105.945396 
27.000000 55.000000 60.699243 1.000000 6.000000 6.368000 0.877058 0.750000 4.163332 2.000000 -71.565051 1.000000 0.833753 4.472136 -116.565051 2.000000 0.000000 
31.000000 54.000000 34.201796 1.000000 4.000000 6.550000 0.946293 0.500000 4.820546 1.558527 -72.391204 0.800000 0.535155 4.472136 -116.565051 1.897367 161.565051 
30.000000 56.000000 69.948297 1.000000 5.000000 7.013000 0.931488 0.625000 4.881890 1.775899 -79.099295 0.833333 0.609333 4.472136 -116.565051 2.000000 0.000000 
53.000000 56.000000 41.198649 7.000000 5.000000 4.962000 0.765092 0.833333 3.306559 2.129163 71.565051 1.000000 0.956808 3.605551 123.690068 2.000000 0.000000 
42.000000 59.000000 86.409689 1.000000 64.000000 40.168000 0.970785 0.592593 19.755551 4.740339 -84.145144 0.780488 0.428767 18.973666 -108.434949 5.272282 -4.085617 
10.000000 62.000000 84.483437 5.000000 31.000000 20.576000 0.924495 0.775000 10.608851 4.044021 -2.591827 0.968750 0.692517 10.198039 168.690068 4.000000 -90.000000 
55.000000 60.000000 55.638784 1.000000 18.000000 20.047000 0.912434 0.562500 8.915157 3.648302 6.556601 0.692308 0.420662 8.544004 159.443955 4.000000 -90.000000 
59.000000 60.000000 226.033369 2.000000 26.000000 17.971000 0.852405 0.650000 8.418169 4.401711 -23.058731 0.928571 0.732993 8.602325 -144.462322 5.000000 -90.000000 
6.000000 70.000000 44.639948 6.000000 17.000000 23.876000 0.989517 0.283333 14.573353 2.104608 -22.543144 0.739130 0.292661 13.000000 -157.380135 2.971125 111.801409 
31.000000 66.000000 44.359493 1.000000 32.000000 22.677000 0.904951 0.533333 10.542179 4.485854 -70.951220 0.842105 0.603246 10.770330 -111.801409 5.366563 -26.565051 
57.000000 65.000000 90.649461 1.000000 8.000000 11.603000 0.895613 0.533333 6.224878 2.769036 76.614425 0.727273 0.462418 5.830952 120.963757 3.000000 0.000000 
14.000000 66.000000 58.941695 1.000000 12.000000 15.730000 0.964125 0.500000 8.852508 2.349890 80.381785 0.705882 0.423423 8.246211 104.036243 3.000000 0.000000 
40.000000 65.000000 68.413317 1.000000 25.000000 23.115000 0.971061 0.568182 12.600824 3.009500 81.284416 0.781250 0.455694 11.401754 105.255119 3.676955 8.130102 
60.000000 69.000000 197.260065 2.000000 30.000000 17.946000 0.861267 0.937500 8.824209 4.484046 0.000000 1.000000 0.847768 8.544004 159.443955 4.000000 -90.000000 
21.000000 70.000000 55.196734 5.000000 25.000000 22.867000 0.965831 0.454545 12.452581 3.227367 -15.998392 0.757576 0.464426 11.401754 -164.744881 3.880570 -75.963757 
46.000000 67.000000 35.586069 2.000000 1.000000 0.000000 0.000000 1.000000 1.154701 1.154701 0.000000 1.000000 1.000000 1.414214 135.000000 1.000000 -90.000000 
53.000000 67.000000 35.744934 1.000000 12.000000 12.364000 0.856384 0.600000 6.120289 3.160144 18.967979 0.800000 0.627212 5.830952 149.036243 3.478505 71.565051 
11.000000 72.000000 89.425169 2.000000 36.000000 24.339000 0.883204 0.600000 11.060216 5.187118 0.504103 0.818182 0.599046 10.440307 163.300756 6.000000 -90.000000 
42.000000 71.000000 54.978608 1.000000 33.000000 30.426000 0.977454 0.440000 16.083594 3.396009 -81.496716 0.702128 0.368030 15.297059 -101.309932 4.274374 -9.462322 
49.000000 69.000000 55.913128 1.000000 11.000000 11.810000 0.841273 0.611111 5.759393 3.113585 -82.825334 0.846154 0.618340 6.324555 -108.434949 3.000000 0.000000 
26.000000 71.000000 31.830520 6.000000 4.000000 5.053000 0.866025 0.666667 3.651484 1.825742 18.434949 1.000000 0.748540 3.605551 146.309932 2.000000 -90.000000 
55.000000 71.000000 45.038122 1.000000 16.000000 14.142000 0.916771 0.571429 7.691910 3.072245 -69.972739 0.842105 0.673072 7.615773 -113.198591 3.638034 165.963757 
50.000000 72.000000 45.801164 1.000000 9.000000 8.882000 0.907936 0.900000 5.399179 2.262845 85.268839 1.000000 0.782319 5.385165 111.801409 2.000000 0.000000 
6.000000 75.000000 72.991843 10.000000 13.000000 11.810000 0.936092 0.520000 7.110844 2.501282 -45.000000 1.000000 0.730766 7.071068 -135.000000 2.828427 -45.000000 
25.000000 74.000000 33.956950 5.000000 5.000000 4.962000 0.765092 0.833333 3.306559 2.129163 18.434949 1.000000 0.956808 3.605551 146.309932 2.000000 -90.000000 
59.000000 76.000000 96.842235 1.000000 27.000000 18.451000 0.847551 0.675000 8.339761 4.426023 19.361351 0.931034 0.727720 8.944272 153.434949 5.000000 -90.000000 
36.000000 76.000000 60.034114 1.000000 31.000000 28.623000 0.979139 0.553571 14.789683 3.005129 81.067355 0.794872 0.386087 14.317821 102.094757 3.726207 11.309932 
54.000000 78.000000 48.885029 1.000000 3.000000 3.920000 0.942809 1.000000 3.464102 1.154701 90.000000 1.000000 0.756007 3.162278 108.434949 1.000000 0.000000 
26.000000 78.000000 53.072956 1.000000 16.000000 14.142000 0.818268 0.666667 6.508271 3.741199 -77.762348 0.842105 0.673072 6.403124 -128.659808 4.000000 0.000000 
44.000000 79.000000 76.094666 1.000000 50.000000 37.836000 0.981464 0.462963 20.176114 3.866663 77.879369 0.735294 0.374186 18.439089 102.528808 5.017887 -171.253838 
14.000000 79.000000 59.104562 1.000000 22.000000 21.734000 0.931849 0.407407 10.703237 3.883631 -30.346016 0.733333 0.446772 10.000000 -143.130102 4.828079 -68.198591 
22.000000 79.000000 54.865364 1.000000 14.000000 15.457000 0.811709 0.466667 6.791032 3.966387 46.000729 0.736842 0.508602 7.071068 135.000000 4.800000 53.130102 
60.000000 80.000000 66.339628 2.000000 3.000000 3.093000 0.730297 0.750000 2.581989 1.763834 45.000000 1.000000 0.969873 2.828427 135.000000 2.000000 -90.000000 
10.000000 80.000000 120.785769 5.000000 21.000000 15.275000 0.831499 0.600000 7.222505 4.012289 -18.780782 0.875000 0.778056 7.280110 -164.054604 4.427189 -71.565051 
32.000000 81.000000 50.906412 2.000000 14.000000 14.721000 0.957108 0.400000 8.620131 2.497510 -60.281547 0.777778 0.551377 8.062258 -119.744881 3.086975 -30.963757 
54.000000 81.000000 98.100382 1.000000 23.000000 19.749000 0.859491 0.718750 8.513075 4.351465 86.136369 0.821429 0.551599 8.246211 104.036243 4.000000 0.000000 
7.000000 84.000000 41.300024 3.000000 11.000000 15.656000 0.943494 0.305556 8.227711 2.726583 49.545138 0.733333 0.391199 7.810250 129.805571 3.535534 45.000000 
44.000000 84.000000 57.921141 1.000000 31.000000 32.295000 0.976245 0.369048 16.326809 3.537521 74.523917 0.620000 0.310218 15.231546 113.198591 4.314555 11.309932 
11.000000 84.000000 45.572655 8.000000 6.000000 5.905000 0.632456 0.666667 3.333333 2.581989 45.000000 1.000000 0.921279 3.605551 123.690068 2.828427 45.000000 
28.000000 87.000000 49.319663 1.000000 50.000000 38.266000 0.975475 0.490196 18.304498 4.028998 -81.822235 0.746269 0.366454 17.262677 -100.007980 5.079850 -6.340192 
48.000000 87.000000 30.490075 1.000000 6.000000 7.220000 0.934535 0.500000 4.985233 1.774106 50.309828 1.000000 0.702276 5.000000 126.869898 2.121320 45.000000 
55.000000 86.000000 62.461551 1.000000 24.000000 25.009000 0.889513 0.480000 11.246486 5.138623 83.845992 0.631579 0.380580 10.440307 106.699244 5.000000 0.000000 
44.000000 89.000000 41.638691 1.000000 11.000000 9.461000 0.786338 0.733333 4.989887 3.082732 -87.536445 1.000000 0.870328 5.385165 -111.801409 3.000000 0.000000 
58.000000 89.000000 141.527239 1.000000 27.000000 17.235000 0.875581 0.675000 8.669380 4.187922 21.404039 1.000000 0.817166 8.944272 153.434949 4.919350 63.434949 
39.000000 90.000000 50.028951 1.000000 28.000000 17.905000 0.859472 0.583333 8.625022 4.408959 -63.613690 0.875000 0.794336 8.602325 -125.537678 4.919350 153.434949 
7.000000 92.000000 35.843401 4.000000 4.000000 4.590000 0.731925 0.666667 3.055050 2.081666 0.000000 1.000000 0.840876 3.162278 161.565051 2.000000 -90.000000 
11.000000 93.000000 35.347553 1.000000 19.000000 27.267000 0.974527 0.246753 14.065388 3.154464 65.098337 0.593750 0.258209 12.083046 114.443955 3.577709 26.565051 
51.000000 92.000000 104.373786 1.000000 24.000000 20.047000 0.926355 0.533333 9.861945 3.714511 -76.393398 0.800000 0.560883 9.486833 -108.434949 4.510671 -11.309932 
44.000000 92.000000 43.018613 2.000000 3.000000 3.920000 0.942809 1.000000 3.464102 1.154701 90.000000 1.000000 0.756007 3.162278 108.434949 1.000000 0.000000 
60.000000 93.000000 106.678592 1.000000 7.000000 6.368000 0.353094 0.777778 3.236694 3.028212 90.000000 1.000000 0.972712 3.605551 123.690068 3.000000 -90.000000 
28.000000 93.000000 38.195168 1.000000 3.000000 3.920000 0.942809 1.000000 3.464102 1.154701 90.000000 1.000000 0.756007 3.162278 108.434949 1.000000 0.000000 
24.000000 94.000000 46.412478 1.000000 17.000000 15.341000 0.926193 0.708333 8.125712 3.063800 82.696631 1.000000 0.625364 8.246211 104.036243 3.000000 0.000000 
55.000000 94.000000 43.015097 3.000000 5.000000 7.402000 0.882464 0.416667 4.587955 2.158086 25.670096 0.833333 0.565201 4.472136 153.434949 2.529822 -108.434949 
59.000000 98.000000 122.296959 1.000000 36.000000 25.067000 0.930562 0.600000 11.670892 4.273105 -11.457553 0.900000 0.568525 13.000000 -157.380135 4.638124 -83.659808 
33.000000 98.000000 84.441594 1.000000 33.000000 24.265000 0.910625 0.471429 10.957483 4.528012 64.529294 0.804878 0.552095 10.770330 111.801409 5.316456 30.963757 
55.000000 98.000000 34.101034 10.000000 2.000000 1.960000 0.866025 1.000000 2.309401 1.154701 0.000000 1.000000 0.965669 2.236068 153.434949 1.000000 -90.000000 
21.000000 100.000000 28.927884 5.000000 7.000000 8.328000 0.930558 0.700000 5.262061 1.926673 14.678877 1.000000 0.668670 5.385165 158.198591 2.000000 -90.000000 
5.000000 98.000000 38.546394 1.000000 17.000000 14.051000 0.784910 0.607143 6.300117 3.903610 6.011138 0.894737 0.722730 7.071068 171.869898 4.000000 -90.000000 
51.000000 102.000000 63.803449 1.000000 56.000000 46.073000 0.977088 0.421053 23.183043 4.934149 -79.266133 0.651163 0.290543 19.924859 -107.525568 6.135720 -4.398705 
7.000000 101.000000 49.259652 1.000000 7.000000 6.922000 0.856222 0.875000 4.312826 2.228038 81.650378 1.000000 0.868564 4.472136 116.565051 2.000000 0.000000 
25.000000 102.000000 78.035531 1.000000 21.000000 19.493000 0.952354 0.466667 10.244074 3.124403 67.577218 0.777778 0.515091 9.848858 113.962489 3.899602 21.801409 
12.000000 102.000000 49.819985 1.000000 14.000000 11.140000 0.824762 0.777778 5.723802 3.236694 90.000000 1.000000 0.862551 6.082763 99.462322 3.000000 0.000000 
4.000000 103.000000 31.622114 3.000000 5.000000 7.840000 0.979796 1.000000 5.773503 1.154701 0.000000 1.000000 0.521014 5.099020 168.690068 1.000000 -90.000000 
30.000000 103.000000 31.582086 5.000000 2.000000 2.812000 0.925820 0.500000 3.055050 1.154701 45.000000 1.000000 0.709058 2.828427 135.000000 1.414214 45.000000 
11.000000 105.000000 35.001858 1.000000 8.000000 12.273000 0.953121 0.333333 7.576948 2.292711 -61.235596 0.727273 0.423093 6.708204 -116.565051 2.683282 -26.565051 
17.000000 104.000000 58.849791 1.000000 29.000000 17.508000 0.745042 0.725000 7.620240 5.082838 -86.030601 0.935484 0.854643 8.246211 104.036243 5.000000 0.000000 
36.000000 106.000000 64.053362 1.000000 24.000000 26.671000 0.981403 0.369231 13.948236 2.677488 -70.973861 0.774194 0.339329 13.928388 -111.037511 3.478505 161.565051 
22.000000 107.000000 58.893997 1.000000 18.000000 17.715000 0.912589 0.562500 8.337527 3.409024 -78.872404 0.818182 0.519991 8.062258 97.125016 3.880570 -14.036243 
12.000000 112.000000 48.232166 1.000000 1.000000 0.000000 0.000000 1.000000 1.154701 1.154701 0.000000 1.000000 1.000000 1.414214 135.000000 1.000000 -90.000000 
29.000000 108.000000 61.343633 1.000000 13.000000 13.588000 0.937124 0.464286 7.598715 2.651926 -71.522261 0.812500 0.583690 7.280110 -105.945396 3.156821 158.198591 
56.000000 108.000000 53.540651 1.000000 9.000000 8.328000 0.760176 0.750000 4.464505 2.900668 29.518122 1.000000 0.859719 5.000000 143.130102 3.000000 -90.000000 
25.000000 110.000000 28.114209 5.000000 3.000000 4.590000 0.928995 0.500000 3.854129 1.426385 28.154966 0.750000 0.630657 3.605551 146.309932 1.788854 -116.565051 
40.000000 110.000000 51.053859 1.000000 10.000000 14.051000 0.966312 0.476190 8.287181 2.132908 71.607937 0.769231 0.425135 7.615773 113.198591 2.667892 -165.963757 
58.000000 110.000000 91.625433 2.000000 19.000000 22.950000 0.960260 0.316667 11.319508 3.159335 20.034879 0.678571 0.350721 10.770330 158.198591 4.024922 63.434949 
34.000000 110.000000 33.492096 1.000000 4.000000 5.905000 0.926289 0.444444 4.355771 1.641317 -50.309828 0.800000 0.614186 4.242641 -135.000000 2.121320 -45.000000 
47.000000 111.000000 50.206862 1.000000 26.000000 20.320000 0.873460 0.577778 8.675385 4.224007 -77.620677 0.838710 0.593565 9.055385 96.340192 4.608177 165.963757 
32.000000 113.000000 33.562706 1.000000 7.000000 13.307000 0.962860 0.291667 7.959534 2.149093 -24.077421 0.636364 0.325125 6.708204 -153.434949 2.599735 111.801409 
53.000000 114.000000 41.609652 1.000000 7.000000 7.774000 0.613667 0.583333 3.862352 3.049577 17.768839 0.875000 0.738267 4.242641 135.000000 3.000000 -90.000000 
59.000000 114.000000 92.983928 1.000000 8.000000 10.032000 0.935858 0.400000 6.142599 2.164520 52.228378 0.888889 0.579284 5.830952 120.963757 2.773501 -146.309932 
26.000000 116.000000 50.334033 1.000000 13.000000 14.605000 0.956885 0.464286 8.326905 2.418683 -74.767228 0.812500 0.518708 8.062258 -119.744881 2.910428 -14.036243 
5.000000 115.000000 30.428772 5.000000 1.000000 0.000000 0.000000 1.000000 1.154701 1.154701 0.000000 1.000000 1.000000 1.414214 135.000000 1.000000 -90.000000 
37.000000 117.000000 110.065721 1.000000 19.000000 16.772000 0.844905 0.542857 7.374619 3.944799 -72.755845 0.791667 0.602094 7.280110 -105.945396 4.427189 -18.434949 
4.000000 120.000000 54.497370 6.000000 11.000000 12.248000 0.949451 0.785714 7.094689 2.227141 -2.340222 1.000000 0.583644 7.071068 171.869898 2.000000 -90.000000 
9.000000 116.000000 41.942086 6.000000 5.000000 5.814000 0.743786 0.555556 3.529850 2.359413 -34.099295 0.833333 0.783414 3.605551 -146.309932 2.683282 116.565051 
46.000000 118.000000 75.455667 1.000000 44.000000 32.667000 0.964237 0.628571 16.377948 4.340817 -89.310715 0.758621 0.431209 14.317821 102.094757 5.000000 0.000000 
29.000000 122.000000 51.572771 1.000000 20.000000 25.307000 0.986322 0.227273 14.437570 2.379757 34.456090 0.689655 0.310541 13.038405 147.528808 3.254934 54.462322 
56.000000 119.000000 127.991279 1.000000 24.000000 20.618000 0.611635 0.571429 7.099251 5.616500 -8.656870 0.800000 0.534248 7.280110 164.054604 6.000000 -90.000000 
13.000000 122.000000 39.065196 1.000000 27.000000 33.031000 0.978362 0.385714 18.246966 3.775266 84.930867 0.519231 0.259307 14.560220 105.945396 4.152274 -175.236358 
22.000000 125.000000 54.449341 1.000000 14.000000 20.419000 0.576159 0.466667 6.216566 5.081033 41.527935 0.636364 0.316932 6.708204 153.434949 5.000000 -90.000000 
38.000000 122.000000 32.874186 2.000000 10.000000 14.250000 0.965862 0.277778 8.283805 2.145981 45.644469 0.833333 0.415462 7.810250 129.805571 2.811128 -141.340192 
60.000000 121.000000 155.214804 1.000000 8.000000 7.865000 0.717406 0.666667 4.136643 2.881814 72.703856 1.000000 0.829839 4.472136 116.565051 3.000000 0.000000 
34.000000 123.000000 26.648999 10.000000 1.000000 0.000000 0.000000 1.000000 1.154701 1.154701 0.000000 1.000000 1.000000 1.414214 135.000000 1.000000 -90.000000 
42.000000 122.000000 43.056935 1.000000 9.000000 8.907000 0.901845 0.562500 5.435641 2.348517 -49.731161 0.900000 0.779076 5.656854 -135.000000 2.828427 -45.000000 
58.000000 123.000000 40.640739 7.000000 3.000000 3.093000 0.730297 0.750000 2.581989 1.763834 -45.000000 1.000000 0.969873 2.828427 -135.000000 2.000000 -90.000000 
61.000000 125.000000 37.144772 1.000000 5.000000 4.962000 0.765092 0.833333 3.306559 2.129163 18.434949 1.000000 0.956808 3.605551 146.309932 2.000000 -90.000000 
5.000000 127.000000 42.680034 1.000000 26.000000 18.153000 0.910536 0.722222 9.282455 3.837650 5.018286 0.928571 0.720518 9.219544 167.471192 4.000000 -90.000000 
13.000000 127.000000 48.318842 1.000000 44.000000 35.686000 0.968941 0.293333 18.476600 4.569131 58.588442 0.637681 0.366760 17.204651 125.537678 5.813777 -153.434949 
50.000000 127.000000 74.519063 1.000000 44.000000 37.902000 0.984747 0.385965 18.938741 3.295225 76.846244 0.785714 0.328225 19.416488 101.888658 3.880570 14.036243 
59.000000 130.000000 50.027397 1.000000 30.000000 19.377000 0.802925 0.750000 8.290577 4.941851 6.326736 0.882353 0.743445 8.944272 153.434949 5.000000 -90.000000 
32.000000 129.000000 30.376428 1.000000 3.000000 4.590000 0.928995 0.500000 3.854129 1.426385 -61.845034 0.750000 0.630657 3.605551 -123.690068 1.788854 153.434949 
14.000000 130.000000 26.496659 1.000000 1.000000 0.000000 0.000000 1.000000 1.154701 1.154701 0.000000 1.000000 1.000000 1.414214 135.000000 1.000000 -90.000000 
19.000000 133.000000 39.412341 1.000000 1.000000 0.000000 0.000000 1.000000 1.154701 1.154701 0.000000 1.000000 1.000000 1.414214 135.000000 1.000000 -90.000000 
27.000000 133.000000 44.901016 1.000000 28.000000 37.762000 0.988997 0.169697 20.706825 3.063312 -35.037865 0.500000 0.210303 18.027756 -146.309932 4.160251 -56.309932 
42.000000 132.000000 30.812059 8.000000 4.000000 7.402000 0.965676 0.333333 5.615939 1.458730 -36.090556 0.800000 0.452160 5.000000 -143.130102 1.941451 123.690068 
32.000000 136.000000 28.577978 12.000000 1.000000 0.000000 0.000000 1.000000 1.154701 1.154701 0.000000 1.000000 1.000000 1.414214 135.000000 1.000000 -90.000000 
9.000000 142.000000 39.163094 2.000000 23.000000 25.398000 0.973939 0.255556 13.602472 3.085198 43.617119 0.696970 0.354848 13.453624 138.012788 3.986183 48.366461 
21.000000 137.000000 30.970580 1.000000 3.000000 4.590000 0.928995 0.500000 3.854129 1.426385 61.845034 0.750000 0.630657 3.605551 123.690068 1.788854 -153.434949 
60.000000 136.000000 78.473247 1.000000 13.000000 15.366000 0.762119 0.541667 6.113043 3.957807 -3.004503 0.764706 0.476929 6.324555 161.565051 4.000000 -90.000000 
48.000000 139.000000 32.743714 9.000000 3.000000 3.920000 0.942809 1.000000 3.464102 1.154701 90.000000 1.000000 0.756007 3.162278 108.434949 1.000000 0.000000 
54.000000 139.000000 80.651400 1.000000 35.000000 23.206000 0.937329 0.636364 11.789760 4.108088 83.334125 0.875000 0.633572 11.180340 100.304846 4.465250 7.125016 
19.000000 144.000000 39.393258 1.000000 16.000000 22.495000 0.970274 0.253968 11.649807 2.819339 -33.724562 0.640000 0.305921 11.401754 -142.125016 3.709993 122.005383 
41.000000 141.000000 66.188415 1.000000 57.000000 35.272000 0.969944 0.558824 18.445697 4.488353 -83.272636 0.802817 0.485417 17.117243 96.709837 5.169944 171.253838 
59.000000 141.000000 45.431278 5.000000 5.000000 7.683000 0.942029 0.416667 5.263775 1.766164 25.670096 0.714286 0.536237 5.000000 143.130102 2.213594 71.565051 
30.000000 144.000000 48.676298 1.000000 26.000000 17.343000 0.837349 0.530612 8.051751 4.401640 45.671312 0.962963 0.778625 8.062258 119.744881 4.949747 -135.000000 
51.000000 145.000000 45.242466 2.000000 19.000000 20.345000 0.842552 0.387755 8.351404 4.498192 -43.717350 0.678571 0.432836 7.615773 -156.801409 5.600000 126.869898 
60.000000 147.000000 96.651951 2.000000 11.000000 13.398000 0.816180 0.458333 6.041379 3.490693 22.940702 0.785714 0.505304 6.324555 161.565051 4.000000 -90.000000 
38.000000 147.000000 64.083718 1.000000 32.000000 31.741000 0.973146 0.326531 15.493262 3.566405 -72.813078 0.680851 0.330478 14.866069 -109.653824 4.919350 -26.565051 
25.000000 147.000000 45.659745 1.000000 9.000000 12.091000 0.889615 0.500000 6.487351 2.962850 78.846897 0.750000 0.487422 6.082763 99.462322 3.000000 0.000000 
18.000000 150.000000 38.432157 1.000000 16.000000 12.000000 0.749624 0.666667 5.787409 3.830479 81.504588 0.941176 0.876974 6.324555 108.434949 4.000000 0.000000 
56.000000 149.000000 115.201177 1.000000 35.000000 19.121000 0.387791 0.625000 7.112688 6.556101 -33.478201 0.945946 0.887414 8.246211 -165.963757 7.000000 -90.000000 
22.000000 151.000000 60.604723 1.000000 11.000000 10.776000 0.887934 0.611111 5.948078 2.735943 -79.149732 0.846154 0.713632 6.082763 99.462322 3.000000 0.000000 
47.000000 152.000000 51.852984 1.000000 49.000000 36.058000 0.950098 0.437500 17.152537 5.350739 79.620177 0.653333 0.400722 16.124515 97.125016 6.222540 -171.869898 
60.000000 150.000000 91.888498 2.000000 6.000000 6.459000 0.778499 0.666667 3.829708 2.403701 45.000000 1.000000 0.818022 4.242641 135.000000 2.828427 45.000000 
27.000000 152.000000 58.314044 1.000000 6.000000 8.328000 0.951618 0.600000 5.664082 1.740486 -75.344996 0.857143 0.573146 5.385165 -111.801409 2.000000 0.000000 
36.000000 158.000000 32.475775 1.000000 27.000000 32.436000 0.986103 0.204545 18.074473 3.002855 -38.422580 0.642857 0.268053 16.278821 -137.489553 4.338609 -49.398705 
25.000000 155.000000 34.987582 2.000000 6.000000 8.973000 0.959508 0.600000 6.121381 1.724279 -7.465709 0.750000 0.513740 5.385165 -158.198591 2.000000 -90.000000 
6.000000 156.000000 36.656279 9.000000 5.000000 7.592000 0.886943 0.416667 4.826670 2.229333 -57.387570 0.833333 0.545368 4.472136 -116.565051 2.683282 -26.565051 
59.000000 158.000000 57.770890 1.000000 12.000000 10.867000 0.905770 0.600000 6.342040 2.687558 54.736070 0.923077 0.768426 6.403124 128.659808 3.328201 33.690068 
27.000000 157.000000 42.359414 1.000000 6.000000 6.922000 0.894483 0.750000 4.513541 2.018017 77.066822 0.857143 0.744483 4.472136 116.565051 2.000000 0.000000 
21.000000 158.000000 54.780122 1.000000 18.000000 16.284000 0.938021 0.750000 8.572820 2.971151 84.452297 0.900000 0.599424 8.246211 104.036243 3.000000 0.000000 
44.000000 160.000000 41.262453 1.000000 19.000000 16.565000 0.778260 0.791667 6.845416 4.298524 74.594843 0.863636 0.614809 7.211103 123.690068 4.000000 0.000000 
8.000000 161.000000 36.857791 1.000000 25.000000 20.510000 0.751583 0.510204 8.080268 5.330059 44.124920 0.833333 0.561603 8.602325 144.462322 6.101702 56.309932 
52.000000 161.000000 100.794671 1.000000 39.000000 25.100000 0.909878 0.590909 11.429377 4.741771 76.585377 0.847826 0.614464 11.401754 105.255119 5.260768 9.462322 
17.000000 162.000000 33.803206 1.000000 5.000000 7.683000 0.942029 0.416667 5.263775 1.766164 -25.670096 0.714286 0.536237 5.000000 -143.130102 2.213594 -71.565051 
57.000000 161.000000 36.054507 1.000000 4.000000 8.436000 0.759555 0.444444 4.163332 2.708013 45.000000 0.666667 0.375002 4.242641 135.000000 2.828427 45.000000 
32.000000 164.000000 32.732802 1.000000 6.000000 7.774000 0.829891 0.500000 4.433787 2.473724 -56.599295 0.857143 0.632800 4.472136 -116.565051 2.828427 -45.000000 
13.000000 165.000000 35.473984 1.000000 18.000000 21.825000 0.791688 0.500000 7.658482 4.678768 -44.037731 0.782609 0.362881 7.810250 -140.194429 5.366563 -63.434949 
24.000000 165.000000 68.108749 1.000000 50.000000 31.443000 0.958117 0.666667 15.657754 4.483995 -87.579211 0.833333 0.525309 15.132746 97.594643 5.000000 0.000000 
59.000000 166.000000 62.076139 1.000000 1.000000 0.000000 0.000000 1.000000 1.154701 1.154701 0.000000 1.000000 1.000000 1.414214 135.000000 1.000000 -90.000000 
8.000000 164.000000 46.288601 1.000000 11.000000 12.918000 0.812539 0.611111 5.638852 3.286929 80.440137 0.785714 0.535961 6.324555 108.434949 3.000000 0.000000 
38.000000 165.000000 44.254067 1.000000 22.000000 17.971000 0.932122 0.611111 9.176971 3.323387 69.707776 0.916667 0.620225 9.848858 113.962489 4.000000 0.000000 
50.000000 167.000000 62.436508 1.000000 48.000000 52.226000 0.964058 0.315789 22.378131 5.945686 -73.862787 0.500000 0.196761 19.646883 -104.743563 6.976532 169.695154 
16.000000 168.000000 32.664910 2.000000 13.000000 15.366000 0.714900 0.650000 5.728965 4.005847 75.849622 0.812500 0.476929 5.830952 120.963757 4.000000 0.000000 
44.000000 170.000000 52.278805 4.000000 5.000000 5.814000 0.743786 0.555556 3.529850 2.359413 -55.900705 1.000000 0.783414 3.605551 -146.309932 2.683282 -26.565051 
12.000000 169.000000 32.081172 3.000000 5.000000 8.626000 0.925034 0.312500 5.604760 2.129163 45.000000 0.714286 0.453737 5.000000 126.869898 2.773501 -146.309932 
42.000000 173.000000 46.922129 1.000000 19.000000 14.812000 0.826934 0.542857 7.007325 3.940214 31.582184 0.950000 0.740731 7.615773 156.801409 4.472136 63.434949 
9.000000 175.000000 40.643840 4.000000 9.000000 9.370000 0.894762 0.600000 5.586501 2.494614 -17.347577 0.900000 0.722482 5.385165 -158.198591 2.846050 108.434949 
17.000000 176.000000 60.601040 1.000000 44.000000 33.519000 0.973004 0.392857 16.973000 3.917174 74.731313 0.771930 0.411399 16.763055 107.354025 5.032769 -159.443955 
27.000000 174.000000 27.524303 1.000000 1.000000 0.000000 0.000000 1.000000 1.154701 1.154701 0.000000 1.000000 1.000000 1.414214 135.000000 1.000000 -90.000000 
60.000000 175.000000 49.376746 1.000000 31.000000 37.505000 0.937426 0.516667 14.472874 5.039250 7.549834 0.688889 0.235789 13.000000 157.380135 5.000000 -90.000000 
55.000000 175.000000 56.294421 1.000000 16.000000 16.309000 0.797466 0.533333 6.668993 4.023829 67.500000 0.761905 0.531452 6.708204 116.565051 4.427189 18.434949 
47.000000 177.000000 68.793428 1.000000 39.000000 24.422000 0.933319 0.812500 12.055688 4.328586 86.319393 0.975000 0.645064 12.165525 99.462322 4.000000 0.000000 
32.000000 177.000000 27.966481 3.000000 1.000000 0.000000 0.000000 1.000000 1.154701 1.154701 0.000000 1.000000 1.000000 1.414214 135.000000 1.000000 -90.000000 
36.000000 177.000000 31.024849 2.000000 7.000000 9.180000 0.906434 0.700000 5.162168 2.180225 81.322988 0.875000 0.579394 5.385165 111.801409 2.000000 0.000000 
29.000000 180.000000 48.974800 1.000000 6.000000 8.510000 0.942928 0.600000 5.514176 1.836202 -4.731161 0.857143 0.555380 5.099020 168.690068 2.000000 -90.000000 
53.000000 180.000000 44.986569 5.000000 18.000000 15.730000 0.882335 0.514286 7.795123 3.668552 -13.402894 0.782609 0.635134 7.615773 -156.801409 4.642383 111.801409 
9.000000 183.000000 61.248100 1.000000 32.000000 24.339000 0.958275 0.581818 12.649666 3.615865 11.850098 0.820513 0.532485 11.704700 160.016893 4.109975 80.537678 
32.000000 180.000000 53.626282 5.000000 6.000000 6.277000 0.456435 0.666667 3.265986 2.905933 26.565051 0.857143 0.849942 3.605551 123.690068 3.000000 -90.000000 
16.000000 180.000000 26.627455 11.000000 1.000000 0.000000 0.000000 1.000000 1.154701 1.154701 0.000000 1.000000 1.000000 1.414214 135.000000 1.000000 -90.000000 
39.000000 181.000000 56.844911 1.000000 26.000000 24.265000 0.926876 0.520000 11.061214 4.152023 -9.460230 0.702703 0.434984 10.440307 -163.300756 4.931970 -80.537678 
20.000000 182.000000 29.054440 8.000000 3.000000 4.590000 0.928995 0.500000 3.854129 1.426385 -28.154966 0.750000 0.630657 3.605551 -146.309932 1.788854 116.565051 
43.000000 181.000000 39.005432 4.000000 10.000000 9.436000 0.916515 1.000000 5.773503 2.309401 0.000000 1.000000 0.794355 5.385165 158.198591 2.000000 -90.000000 
59.000000 183.000000 79.529502 1.000000 16.000000 16.863000 0.601177 0.533333 6.134661 4.902305 -8.551364 0.727273 0.502424 7.211103 -146.309932 5.000000 -90.000000 
32.000000 185.000000 77.047950 4.000000 29.000000 21.172000 0.905397 0.580000 9.849316 4.181676 -13.595169 0.906250 0.616467 10.440307 -163.300756 5.000000 -90.000000 
50.000000 183.000000 73.155785 1.000000 9.000000 8.882000 0.907936 0.900000 5.399179 2.262845 85.268839 1.000000 0.782319 5.385165 111.801409 2.000000 0.000000 
45.000000 185.000000 62.954457 1.000000 12.000000 12.736000 0.918597 0.571429 6.890164 2.722963 83.752833 0.800000 0.598166 7.071068 98.130102 3.000000 0.000000 
57.000000 187.000000 73.995615 1.000000 1.000000 0.000000 0.000000 1.000000 1.154701 1.154701 0.000000 1.000000 1.000000 1.414214 135.000000 1.000000 -90.000000 
5.000000 188.000000 28.511024 6.000000 6.000000 11.140000 0.653175 0.500000 4.382772 3.318665 -38.735596 0.750000 0.369665 4.472136 -153.434949 3.000000 -90.000000 
23.000000 187.000000 63.963933 1.000000 16.000000 17.326000 0.959990 0.444444 9.464637 2.650435 75.310490 0.761905 0.479950 9.219544 102.528808 3.162278 18.434949 
43.000000 189.000000 79.869618 1.000000 27.000000 18.641000 0.888149 0.551020 9.017623 4.144100 -37.929575 0.900000 0.715080 9.219544 -139.398705 4.949747 -45.000000 
48.000000 191.000000 44.084018 1.000000 2.000000 2.812000 0.925820 0.500000 3.055050 1.154701 -45.000000 1.000000 0.709058 2.828427 -135.000000 1.414214 -45.000000 
17.000000 189.000000 76.391239 1.000000 10.000000 9.734000 0.871779 0.666667 5.408076 2.649411 78.563167 0.909091 0.758011 5.385165 111.801409 3.000000 0.000000 
14.000000 190.000000 48.929689 1.000000 7.000000 7.592000 0.815930 0.583333 4.429339 2.560825 -71.565051 0.875000 0.763515 4.472136 -116.565051 2.846050 161.565051 
20.000000 192.000000 37.723062 7.000000 12.000000 13.935000 0.929532 0.500000 7.647966 2.820116 -18.838059 0.705882 0.517117 7.211103 -146.309932 3.342516 -68.198591 
29.000000 190.000000 47.675229 1.000000 14.000000 13.960000 0.914438 0.666667 7.385654 2.989164 85.884193 0.933333 0.601540 7.280110 105.945396 3.000000 0.000000 
10.000000 193.000000 42.911529 5.000000 21.000000 23.603000 0.965171 0.350000 12.739605 3.332920 -25.255654 0.617647 0.368941 11.180340 -153.434949 4.427189 -71.565051 
5.000000 192.000000 33.221132 5.000000 6.000000 9.180000 0.933428 0.400000 5.716842 2.051001 17.093061 0.750000 0.496624 5.385165 158.198591 2.425356 75.963757 
39.000000 193.000000 50.943919 1.000000 10.000000 11.992000 0.942895 0.416667 6.721206 2.238763 -57.363657 0.909091 0.548688 7.211103 -123.690068 2.828427 -45.000000 
28.000000 194.000000 64.665062 1.000000 37.000000 33.817000 0.942549 0.406593 14.817383 4.950012 76.200038 0.660714 0.340393 13.928388 111.037511 5.578319 14.036243 
57.000000 194.000000 53.471674 1.000000 37.000000 38.589000 0.829554 0.373737 12.322698 6.881313 50.741683 0.596774 0.266995 11.704700 109.983107 7.717436 -149.036243 
37.000000 195.000000 79.133497 1.000000 17.000000 16.119000 0.962957 0.404762 9.378320 2.528921 -43.131770 1.000000 0.575863 9.219544 -139.398705 2.828427 -45.000000 
32.000000 196.000000 31.925822 2.000000 5.000000 7.683000 0.944850 0.416667 5.384843 1.763557 49.265383 0.833333 0.536237 5.000000 126.869898 2.121320 45.000000 
47.000000 195.000000 55.673114 1.000000 24.000000 17.599000 0.722024 0.571429 7.131086 4.933768 -49.977907 0.923077 0.701098 8.062258 -119.744881 5.656854 135.000000 
18.000000 201.000000 38.142541 1.000000 1.000000 0.000000 0.000000 1.000000 1.154701 1.154701 0.000000 1.000000 1.000000 1.414214 135.000000 1.000000 -90.000000 
13.000000 200.000000 49.433932 6.000000 17.000000 12.711000 0.862568 0.944444 6.686134 3.382786 4.307824 1.000000 0.850077 6.708204 153.434949 3.000000 -90.000000 
42.000000 201.000000 52.762942 1.000000 16.000000 12.844000 0.759413 0.533333 5.907253 3.843309 -31.717474 0.941176 0.786815 6.324555 -161.565051 4.242641 -45.000000 
20.000000 208.000000 31.340644 1.000000 22.000000 33.354000 0.981168 0.169231 17.714453 3.421664 30.822869 0.488889 0.207564 16.401219 142.431408 4.096160 55.007980 
51.000000 200.000000 52.172280 1.000000 24.000000 22.768000 0.644839 0.500000 7.504711 5.735986 15.411949 0.705882 0.449262 8.944272 153.434949 5.883484 78.690068 
56.000000 203.000000 51.275816 1.000000 24.000000 23.041000 0.792626 0.500000 8.349888 5.090997 -30.530929 0.750000 0.439942 8.602325 -144.462322 5.656854 -45.000000 
27.000000 205.000000 38.690851 10.000000 4.000000 8.436000 0.983739 0.250000 6.429101 1.154701 -45.000000 1.000000 0.375002 5.656854 -135.000000 1.414214 -45.000000 
35.000000 205.000000 46.970705 1.000000 25.000000 23.876000 0.972512 0.416667 12.538522 2.919613 68.141784 0.862069 0.430384 13.000000 112.619865 3.794733 18.434949 
45.000000 204.000000 60.998191 1.000000 17.000000 13.125000 0.757289 0.566667 6.066184 3.961700 -65.691943 0.944444 0.807357 6.324555 -108.434949 4.437602 146.309932 
10.000000 209.000000 58.278799 2.000000 28.000000 28.781000 0.987310 0.233333 16.372222 2.599976 41.087789 0.875000 0.345280 15.620499 140.194429 3.321819 -131.633539 
49.000000 207.000000 64.937540 1.000000 17.000000 13.679000 0.585628 0.680000 5.532633 4.484640 -31.852605 0.894737 0.755051 5.830952 -149.036243 5.000000 -90.000000 
54.000000 206.000000 83.166301 1.000000 21.000000 16.491000 0.550405 0.500000 6.254016 5.221466 -14.067203 0.875000 0.684658 7.280110 -164.054604 5.656854 -45.000000 
46.000000 213.000000 30.310841 1.000000 7.000000 13.307000 0.931773 0.291667 7.561231 2.745044 -61.322320 0.583333 0.325125 6.708204 -116.565051 3.130495 153.434949 
53.000000 216.000000 84.117948 1.000000 47.000000 32.477000 0.961250 0.671429 15.997920 4.410249 0.270255 0.746032 0.465537 14.560220 -164.054604 5.000000 -90.000000 
29.000000 213.000000 97.783824 1.000000 41.000000 28.044000 0.957999 0.788462 14.129576 4.051980 84.849973 0.931818 0.529768 13.601471 107.102729 4.000000 0.000000 
49.000000 215.000000 35.139198 1.000000 3.000000 3.920000 0.942809 1.000000 3.464102 1.154701 90.000000 1.000000 0.756007 3.162278 108.434949 1.000000 0.000000 
59.000000 218.000000 31.052695 1.000000 7.000000 10.958000 0.943463 0.583333 6.467302 2.143776 -0.502543 0.777778 0.442481 6.082763 170.537678 2.000000 -90.000000 
18.000000 215.000000 66.613582 1.000000 18.000000 19.857000 0.880764 0.500000 8.705928 4.122735 -84.283689 0.750000 0.427642 9.055385 96.340192 4.000000 0.000000 
46.000000 216.000000 49.159361 1.000000 7.000000 10.288000 0.837981 0.466667 5.359568 2.924712 75.472698 0.700000 0.487733 5.099020 101.309932 3.000000 0.000000 
27.000000 217.000000 52.341274 1.000000 15.000000 16.383000 0.969243 0.468750 9.554506 2.351422 -72.838719 0.789474 0.494467 8.944272 -116.565051 2.846050 -18.434949 
40.000000 217.000000 81.975770 1.000000 28.000000 19.170000 0.922696 0.777778 10.086133 3.888479 -84.126594 0.903226 0.706817 9.486833 -108.434949 4.000000 0.000000 
11.000000 220.000000 42.896014 2.000000 25.000000 24.554000 0.981813 0.347222 14.086182 2.674273 23.085676 0.862069 0.409570 13.000000 157.380135 3.342516 -111.801409 
15.000000 220.000000 49.402448 2.000000 11.000000 18.360000 0.966492 0.305556 10.413763 2.673166 16.533881 0.550000 0.298993 9.219544 167.471192 3.452379 80.537678 
20.000000 220.000000 56.688006 1.000000 24.000000 28.648000 0.987194 0.285714 17.192707 2.742618 19.053788 0.648649 0.298436 15.231546 156.801409 3.745317 -110.556045 
47.000000 221.000000 107.477563 1.000000 25.000000 18.277000 0.890416 0.625000 9.014879 4.103099 -71.310086 0.862069 0.684807 8.944272 -116.565051 5.000000 0.000000 
31.000000 223.000000 40.357678 3.000000 7.000000 7.592000 0.891825 0.583333 4.776412 2.160759 29.871781 0.875000 0.763515 5.000000 143.130102 2.683282 -116.565051 
42.000000 223.000000 49.714047 2.000000 13.000000 13.960000 0.838292 0.541667 6.336495 3.454796 26.180539 0.866667 0.558573 6.708204 153.434949 4.000000 -90.000000 
52.000000 224.000000 73.403941 7.000000 13.000000 10.495000 0.812190 0.650000 5.499389 3.208304 53.271492 1.000000 0.878499 5.830952 120.963757 3.535534 45.000000 
38.000000 225.000000 31.413302 1.000000 7.000000 8.328000 0.930558 0.700000 5.262061 1.926673 75.321123 0.875000 0.668670 5.385165 111.801409 2.000000 0.000000 
58.000000 225.000000 38.720179 1.000000 3.000000 3.920000 0.942809 1.000000 3.464102 1.154701 90.000000 1.000000 0.756007 3.162278 108.434949 1.000000 0.000000 
9.000000 226.000000 30.717849 5.000000 3.000000 4.590000 0.928995 0.500000 3.854129 1.426385 -61.845034 0.750000 0.630657 3.605551 -123.690068 1.788854 153.434949 
12.000000 227.000000 29.493709 6.000000 4.000000 5.905000 0.791649 0.666667 3.586706 2.191393 -75.127559 0.800000 0.614186 3.605551 -123.690068 2.000000 0.000000 
29.000000 227.000000 39.625571 5.000000 6.000000 6.368000 0.877058 0.750000 4.163332 2.000000 18.434949 1.000000 0.833753 4.472136 153.434949 2.000000 -90.000000 
32.000000 226.000000 28.817626 1.000000 3.000000 3.920000 0.942809 1.000000 3.464102 1.154701 90.000000 1.000000 0.756007 3.162278 108.434949 1.000000 0.000000 
47.000000 227.000000 47.786223 1.000000 7.000000 7.683000 0.597259 0.777778 3.733974 2.994829 33.400705 0.875000 0.750732 4.242641 135.000000 3.000000 -90.000000 
54.000000 226.000000 78.599416 2.000000 13.000000 13.125000 0.768158 0.541667 5.654533 3.620376 70.759901 0.812500 0.617391 6.324555 108.434949 4.000000 0.000000 
40.000000 226.000000 29.892474 4.000000 3.000000 3.093000 0.730297 0.750000 2.581989 1.763834 45.000000 1.000000 0.969873 2.828427 135.000000 2.000000 -90.000000 
59.000000 227.000000 28.038694 10.000000 3.000000 3.920000 0.942809 1.000000 3.464102 1.154701 90.000000 1.000000 0.756007 3.162278 108.434949 1.000000 0.000000 
11.000000 230.000000 42.120696 6.000000 15.000000 16.309000 0.897439 0.428571 8.016192 3.536256 25.903700 0.714286 0.498236 7.615773 156.801409 4.024922 63.434949 
49.000000 230.000000 60.240760 1.000000 17.000000 17.252000 0.903053 0.404762 8.170221 3.509349 33.125253 0.772727 0.513655 8.602325 144.462322 4.242641 45.000000 
53.000000 232.000000 102.546824 1.000000 26.000000 18.616000 0.923883 0.722222 9.644742 3.690792 0.888287 0.928571 0.690179 9.219544 167.471192 4.000000 -90.000000 
31.000000 232.000000 89.538867 1.000000 71.000000 38.729000 0.960703 0.657407 18.707968 5.192905 -80.153850 0.876543 0.508921 18.439089 -102.528808 5.798276 -8.130102 
59.000000 234.000000 29.029567 1.000000 4.000000 5.880000 0.968246 1.000000 4.618802 1.154701 0.000000 1.000000 0.617595 4.123106 165.963757 1.000000 -90.000000 
6.000000 234.000000 57.987799 1.000000 13.000000 11.330000 0.884107 0.722222 6.184232 2.889799 -77.042082 0.928571 0.780047 6.324555 -108.434949 3.000000 0.000000 
18.000000 235.000000 39.394020 1.000000 4.000000 4.408000 0.870424 0.666667 3.435909 1.691507 31.717474 1.000000 0.881907 3.605551 146.309932 2.000000 -90.000000 
13.000000 235.000000 90.230945 1.000000 20.000000 18.269000 0.919284 0.500000 8.961355 3.527150 -77.593561 0.769231 0.548255 8.544004 -110.556045 4.274374 170.537678 
39.000000 234.000000 51.070064 9.000000 7.000000 8.419000 0.853277 0.583333 4.811222 2.508849 27.231161 0.875000 0.658185 5.000000 143.130102 3.000000 -90.000000 
19.000000 237.000000 46.103445 7.000000 4.000000 5.880000 0.968246 1.000000 4.618802 1.154701 90.000000 1.000000 0.617595 4.123106 104.036243 1.000000 0.000000 
54.000000 237.000000 57.368130 6.000000 6.000000 9.362000 0.832469 0.500000 4.808685 2.664353 61.845034 0.750000 0.482271 5.000000 126.869898 3.000000 0.000000 
