282
31.000000 121.000000 10.375133 1.000000 10355.000000 591.556000 0.961033 0.674154 278.071496 76.867879 0.009354 0.674154 0.367932 248.386795 165.068583 64.000000 -90.000000 
11.000000 7.000000 48.902799 5.000000 15.000000 13.290000 0.910595 0.625000 7.216744 2.982682 17.944321 0.833333 0.698139 7.211103 146.309932 3.395499 -104.036243 
25.000000 7.000000 45.952879 2.000000 15.000000 15.366000 0.927234 0.535714 7.903086 2.959562 12.535949 0.789474 0.550302 7.615773 156.801409 3.478505 71.565051 
49.000000 7.000000 124.115640 1.000000 34.000000 19.005000 0.777601 0.708333 8.436112 5.304277 19.327026 0.971429 0.871114 8.944272 153.434949 6.000000 -90.000000 
59.000000 5.000000 45.437265 1.000000 10.000000 10.197000 0.884897 0.666667 5.671656 2.641777 -76.391944 0.909091 0.706301 5.830952 -120.963757 3.000000 0.000000 
32.000000 8.000000 35.100635 7.000000 9.000000 10.288000 0.942932 0.750000 6.161450 2.051676 -10.278023 1.000000 0.627085 6.324555 -161.565051 2.000000 -90.000000 
18.000000 10.000000 27.089504 1.000000 2.000000 2.812000 0.925820 0.500000 3.055050 1.154701 45.000000 1.000000 0.709058 2.828427 135.000000 1.414214 45.000000 
58.000000 10.000000 41.313656 1.000000 14.000000 14.605000 0.950720 0.500000 8.302866 2.574305 -71.092134 0.823529 0.558609 8.062258 -119.744881 3.152963 -14.036243 
12.000000 9.000000 34.460738 5.000000 5.000000 7.402000 0.765173 0.555556 3.931770 2.531373 49.065051 0.833333 0.565201 4.242641 135.000000 2.828427 45.000000 
13.000000 14.000000 38.486349 1.000000 16.000000 20.601000 0.957422 0.296296 11.328946 3.270573 38.491284 0.640000 0.356676 10.295630 150.945396 3.969143 50.194429 
27.000000 10.000000 40.539109 1.000000 7.000000 8.328000 0.930558 0.700000 5.262061 1.926673 75.321123 0.875000 0.668670 5.385165 111.801409 2.000000 0.000000 
9.000000 12.000000 65.099101 4.000000 27.000000 16.863000 0.786048 0.675000 7.658452 4.734193 -7.691471 0.964286 0.847841 8.246211 -165.963757 5.000000 -90.000000 
40.000000 11.000000 52.271634 1.000000 41.000000 30.583000 0.971928 0.683333 15.797859 3.716897 -89.715474 0.854167 0.453002 15.132746 97.594643 4.000000 0.000000 
24.000000 12.000000 35.481644 2.000000 7.000000 7.774000 0.613667 0.583333 3.862352 3.049577 -17.768839 0.875000 0.738267 4.242641 -135.000000 3.000000 -90.000000 
24.000000 16.000000 39.755518 1.000000 33.000000 35.686000 0.988795 0.242647 19.152717 2.859083 67.541492 0.647059 0.275070 18.384776 112.380135 3.876974 21.037511 
47.000000 14.000000 89.427896 5.000000 20.000000 15.548000 0.556417 0.666667 5.951107 4.944795 -3.562508 0.909091 0.719516 6.708204 -153.434949 5.000000 -90.000000 
55.000000 16.000000 70.320065 1.000000 33.000000 31.650000 0.944082 0.550000 13.659375 4.503644 -82.472336 0.634615 0.342590 12.649111 -108.434949 5.000000 0.000000 
35.000000 17.000000 25.966173 5.000000 4.000000 6.550000 0.946293 0.500000 4.820546 1.558527 17.608796 0.800000 0.535155 4.472136 153.434949 1.897367 71.565051 
7.000000 20.000000 43.756010 3.000000 12.000000 15.656000 0.975587 0.285714 9.497630 2.085806 48.157813 0.857143 0.426763 8.602325 125.537678 2.811128 -141.340192 
46.000000 19.000000 55.076685 1.000000 25.000000 21.453000 0.767736 0.520833 7.839262 5.023131 87.608091 0.781250 0.519363 8.246211 104.036243 6.000000 0.000000 
11.000000 20.000000 43.411175 6.000000 5.000000 4.962000 0.765092 0.833333 3.306559 2.129163 -18.434949 1.000000 0.956808 3.605551 -146.309932 2.000000 -90.000000 
32.000000 21.000000 40.357587 1.000000 9.000000 8.146000 0.536748 0.750000 3.954101 3.336243 82.372441 0.900000 0.887666 4.472136 116.565051 3.000000 0.000000 
44.000000 23.000000 89.850414 1.000000 32.000000 26.986000 0.891450 0.444444 11.551660 5.234280 -82.362445 0.727273 0.443028 12.165525 -99.462322 5.522681 -5.194429 
27.000000 22.000000 54.875488 1.000000 16.000000 14.051000 0.926957 0.571429 7.769083 2.914707 64.982351 1.000000 0.680216 8.062258 119.744881 3.577709 26.565051 
54.000000 23.000000 83.576399 1.000000 32.000000 27.333000 0.817112 0.457143 10.143668 5.847610 -82.809626 0.680851 0.432996 10.440307 -106.699244 6.905428 -20.556045 
11.000000 25.000000 43.476718 1.000000 19.000000 20.419000 0.974678 0.380000 11.629710 2.600534 -72.316169 0.791667 0.430121 10.770330 -111.801409 3.395499 -14.036243 
30.000000 23.000000 43.098421 1.000000 9.000000 9.552000 0.821806 0.562500 4.967848 2.830520 47.720166 0.900000 0.701913 5.656854 135.000000 3.478505 -161.565051 
34.000000 24.000000 29.131636 1.000000 8.000000 8.882000 0.920807 0.800000 5.445698 2.123921 -81.322988 1.000000 0.695395 5.385165 -111.801409 2.000000 0.000000 
48.000000 27.000000 173.763045 1.000000 26.000000 19.468000 0.904434 0.722222 9.276719 3.957576 9.415463 0.866667 0.639143 9.219544 167.471192 4.000000 -90.000000 
59.000000 25.000000 45.641131 3.000000 8.000000 10.214000 0.558096 0.500000 4.261662 3.536228 -22.500000 0.800000 0.563603 4.472136 153.434949 3.794733 -71.565051 
5.000000 28.000000 32.305675 3.000000 1.000000 0.000000 0.000000 1.000000 1.154701 1.154701 0.000000 1.000000 1.000000 1.414214 135.000000 1.000000 -90.000000 
16.000000 27.000000 34.169459 1.000000 4.000000 4.590000 0.731925 0.666667 3.055050 2.081666 90.000000 1.000000 0.840876 3.162278 108.434949 2.000000 0.000000 
29.000000 31.000000 33.237183 2.000000 14.000000 15.548000 0.932389 0.583333 7.758252 2.804273 0.000000 0.777778 0.503661 8.062258 172.874984 3.000000 -90.000000 
42.000000 29.000000 40.966653 11.000000 4.000000 4.408000 0.870424 0.666667 3.435909 1.691507 -58.282526 1.000000 0.881907 3.605551 -123.690068 2.000000 0.000000 
15.000000 29.000000 56.243390 6.000000 8.000000 7.501000 0.765333 0.666667 4.260095 2.741945 -24.407037 0.888889 0.887575 4.472136 -153.434949 3.000000 -90.000000 
36.000000 31.000000 29.928929 9.000000 5.000000 9.180000 0.974599 0.333333 6.723064 1.505683 -31.717474 0.714286 0.413853 5.830952 -149.036243 1.941451 -56.309932 
45.000000 30.000000 47.293744 1.000000 5.000000 7.402000 0.765173 0.555556 3.931770 2.531373 49.065051 0.833333 0.565201 4.242641 135.000000 2.828427 -135.000000 
14.000000 31.000000 32.308906 9.000000 3.000000 3.093000 0.730297 0.750000 2.581989 1.763834 -45.000000 1.000000 0.969873 2.828427 -135.000000 2.000000 -90.000000 
47.000000 32.000000 114.616935 1.000000 17.000000 13.307000 0.705283 0.566667 5.810054 4.118895 -82.157047 0.944444 0.789589 6.324555 -108.434949 4.919350 -26.565051 
57.000000 34.000000 46.352846 1.000000 3.000000 3.920000 0.942809 1.000000 3.464102 1.154701 0.000000 1.000000 0.756007 3.162278 161.565051 1.000000 -90.000000 
16.000000 33.000000 61.289371 7.000000 10.000000 10.214000 0.710448 0.500000 4.736589 3.333375 -11.652445 0.909091 0.704504 5.099020 168.690068 3.794733 108.434949 
40.000000 33.000000 36.698508 1.000000 6.000000 5.905000 0.632456 0.666667 3.333333 2.581989 45.000000 1.000000 0.921279 3.605551 123.690068 2.828427 45.000000 
5.000000 39.000000 34.379014 2.000000 18.000000 23.322000 0.957175 0.409091 12.698432 3.676309 -2.416016 0.580645 0.322987 11.180340 -169.695154 3.880645 -84.289407 
22.000000 35.000000 46.717580 1.000000 26.000000 26.018000 0.971999 0.433333 13.792921 3.241118 84.549970 0.666667 0.384256 12.165525 99.462322 4.242641 8.130102 
43.000000 34.000000 58.072007 1.000000 15.000000 11.810000 0.579133 0.600000 5.085928 4.146216 -45.000000 0.937500 0.843191 5.656854 -135.000000 4.242641 -45.000000 
33.000000 37.000000 42.518855 1.000000 22.000000 20.345000 0.943536 0.407407 10.103284 3.346922 -59.634597 0.785714 0.501179 9.486833 -108.434949 4.024922 -26.565051 
40.000000 37.000000 42.727562 2.000000 19.000000 13.406000 0.562554 0.633333 5.686227 4.701149 17.739989 0.904762 0.871954 6.324555 -161.565051 5.000000 -90.000000 
47.000000 37.000000 72.497055 2.000000 26.000000 18.360000 0.781097 0.742857 7.683390 4.797582 6.725900 0.896552 0.706711 8.062258 150.255119 5.000000 -90.000000 
17.000000 38.000000 36.175713 5.000000 10.000000 8.626000 0.592258 0.625000 4.163332 3.354599 -45.000000 1.000000 0.907475 4.472136 -153.434949 3.535534 -45.000000 
15.000000 40.000000 30.995184 2.000000 5.000000 7.683000 0.910814 0.625000 4.914358 2.028731 76.717474 0.833333 0.536237 4.472136 116.565051 2.000000 0.000000 
56.000000 40.000000 38.017424 1.000000 18.000000 14.051000 0.868910 0.642857 7.041394 3.485279 -67.286214 0.947368 0.765243 7.615773 -113.198591 4.000000 0.000000 
30.000000 41.000000 34.998343 1.000000 15.000000 17.806000 0.833193 0.428571 7.333322 4.055196 -66.496576 0.714286 0.429569 7.615773 -113.198591 4.600000 143.130102 
17.000000 43.000000 38.955211 5.000000 16.000000 15.457000 0.913870 0.761905 7.785414 3.160932 4.260136 0.842105 0.581259 7.615773 156.801409 3.000000 -90.000000 
37.000000 42.000000 49.276684 1.000000 26.000000 23.049000 0.869103 0.406250 9.957104 4.925087 38.227833 0.702703 0.476313 9.219544 139.398705 5.656854 45.000000 
53.000000 43.000000 48.577147 1.000000 12.000000 16.011000 0.714850 0.400000 6.498920 4.544549 -53.377874 0.666667 0.411089 6.708204 -153.434949 4.919350 -26.565051 
47.000000 44.000000 151.118392 1.000000 24.000000 16.590000 0.817551 0.571429 7.639834 4.399450 32.173612 0.923077 0.774634 8.062258 150.255119 4.949747 45.000000 
43.000000 45.000000 39.363129 1.000000 5.000000 4.962000 0.765092 0.833333 3.306559 2.129163 71.565051 1.000000 0.956808 3.605551 123.690068 2.000000 0.000000 
22.000000 48.000000 56.799004 1.000000 27.000000 23.115000 0.918226 0.600000 10.400406 4.119145 -70.224326 0.818182 0.492149 10.295630 -119.054604 4.850713 -14.036243 
51.000000 48.000000 184.803723 1.000000 19.000000 14.696000 0.782255 0.633333 6.667227 4.153403 2.149231 0.863636 0.750397 6.708204 153.434949 4.706787 78.690068 
31.000000 47.000000 38.555805 1.000000 26.000000 27.912000 0.836192 0.412698 9.806951 5.378499 71.066930 0.634146 0.338813 9.486833 108.434949 6.800000 36.869898 
5.000000 51.000000 29.470770 1.000000 8.000000 12.736000 0.979832 0.380952 8.214169 1.641371 21.092222 0.800000 0.398777 7.615773 156.801409 2.213594 -108.434949 
14.000000 50.000000 42.794011 5.000000 7.000000 7.220000 0.692996 0.583333 3.827022 2.759060 -10.900705 1.000000 0.819322 4.123106 165.963757 3.000000 -90.000000 
45.000000 50.000000 121.013429 1.000000 26.000000 20.436000 0.856683 0.481481 8.769366 4.523617 -16.518481 0.838710 0.587739 9.486833 -161.565051 5.578319 -75.963757 
55.000000 48.000000 41.042725 1.000000 3.000000 3.093000 0.730297 0.750000 2.581989 1.763834 45.000000 1.000000 0.969873 2.828427 135.000000 2.000000 -90.000000 
59.000000 51.000000 39.132315 1.000000 34.000000 38.018000 0.956165 0.435897 17.099803 5.007303 4.684100 0.531250 0.252201 13.928388 158.962489 6.000000 -90.000000 
19.000000 52.000000 43.811083 1.000000 20.000000 18.641000 0.926535 0.555556 9.219369 3.468416 -77.342599 0.740741 0.529689 9.055385 96.340192 3.945576 -9.462322 
35.000000 50.000000 30.318723 6.000000 4.000000 7.220000 0.866025 0.500000 4.618802 2.309401 0.000000 0.666667 0.468184 4.123106 165.963757 2.000000 -90.000000 
54.000000 51.000000 44.881988 10.000000 5.000000 6.550000 0.889464 0.625000 4.253087 1.943686 84.847577 0.833333 0.668944 4.123106 104.036243 2.000000 0.000000 
43.000000 53.000000 47.049869 1.000000 10.000000 14.994000 0.944971 0.333333 8.212660 2.686798 -54.939537 0.714286 0.382073 7.810250 -129.805571 3.528211 158.198591 
50.000000 54.000000 127.814321 1.000000 31.000000 19.865000 0.701604 0.632653 7.757793 5.527950 28.789100 0.861111 0.735982 8.062258 150.255119 6.708204 -116.565051 
13.000000 54.000000 56.027278 1.000000 21.000000 16.863000 0.893749 0.656250 8.308477 3.726908 2.907813 0.875000 0.659432 8.246211 -165.963757 4.000000 -90.000000 
24.000000 55.000000 30.911726 1.000000 1.000000 0.000000 0.000000 1.000000 1.154701 1.154701 0.000000 1.000000 1.000000 1.414214 135.000000 1.000000 -90.000000 
19.000000 59.000000 102.450389 1.000000 30.000000 21.891000 0.950368 0.681818 11.465299 3.567168 -79.561318 0.909091 0.601616 11.401754 -105.255119 4.000000 0.000000 
11.000000 59.000000 49.250025 5.000000 6.000000 8.510000 0.942928 0.600000 5.514176 1.836202 4.731161 0.857143 0.555380 5.099020 168.690068 2.000000 -90.000000 
31.000000 59.000000 47.700289 1.000000 33.000000 26.324000 0.952709 0.550000 13.183250 4.006180 -83.771483 0.750000 0.477632 12.165525 99.462322 5.000000 0.000000 
8.000000 61.000000 35.618366 1.000000 9.000000 9.552000 0.898456 0.600000 5.542552 2.433534 -74.674666 0.818182 0.701913 5.385165 -111.801409 2.846050 -18.434949 
42.000000 60.000000 60.061318 1.000000 54.000000 34.462000 0.900406 0.519231 14.247797 6.198501 84.448618 0.710526 0.479894 13.601471 107.102729 7.050240 12.528808 
52.000000 62.000000 122.404907 1.000000 36.000000 19.865000 0.823929 0.642857 9.188548 5.207091 -38.850048 0.972973 0.854688 9.433981 -147.994617 5.656854 -45.000000 
56.000000 62.000000 39.358555 1.000000 3.000000 3.920000 0.942809 1.000000 3.464102 1.154701 90.000000 1.000000 0.756007 3.162278 108.434949 1.000000 0.000000 
61.000000 63.000000 23.832143 3.000000 2.000000 1.960000 0.866025 1.000000 2.309401 1.154701 0.000000 1.000000 0.965669 2.236068 153.434949 1.000000 -90.000000 
12.000000 63.000000 30.603878 1.000000 5.000000 6.368000 0.923687 0.625000 4.492622 1.721341 -69.006394 1.000000 0.694794 4.472136 -116.565051 2.000000 0.000000 
37.000000 62.000000 42.408273 1.000000 6.000000 7.402000 0.795357 0.500000 4.379109 2.654360 -59.221464 0.857143 0.678241 4.472136 -116.565051 2.828427 -45.000000 
48.000000 65.000000 183.369851 5.000000 18.000000 14.878000 0.917880 0.750000 7.857094 3.118150 -4.368945 0.947368 0.696614 8.062258 172.874984 3.000000 -90.000000 
56.000000 66.000000 147.977058 7.000000 13.000000 13.497000 0.796367 0.541667 5.993188 3.624761 58.069534 0.866667 0.590092 6.708204 116.565051 4.000000 0.000000 
31.000000 67.000000 35.009558 10.000000 7.000000 9.180000 0.946040 0.466667 5.909170 1.914873 -58.014796 0.875000 0.579394 5.830952 -120.963757 2.496151 146.309932 
9.000000 70.000000 48.551445 1.000000 34.000000 35.107000 0.930119 0.472222 13.809514 5.071663 88.345560 0.576271 0.292050 13.000000 112.619865 5.870719 -174.289407 
45.000000 69.000000 49.842269 1.000000 10.000000 12.182000 0.944815 0.555556 7.026252 2.301837 -72.751095 0.833333 0.535166 6.708204 -116.565051 2.846050 161.565051 
34.000000 69.000000 33.359877 1.000000 6.000000 7.774000 0.833348 0.500000 4.481684 2.477243 78.760283 0.857143 0.632800 4.472136 116.565051 2.846050 -161.565051 
51.000000 69.000000 125.380575 1.000000 15.000000 11.049000 0.537216 0.750000 4.915504 4.145954 -84.115856 1.000000 0.936052 5.385165 111.801409 4.000000 0.000000 
18.000000 70.000000 38.591800 1.000000 13.000000 12.066000 0.904828 0.722222 6.688382 2.847757 -78.108985 0.928571 0.706370 6.708204 -116.565051 3.000000 0.000000 
37.000000 72.000000 29.218825 8.000000 8.000000 9.089000 0.911321 0.500000 5.503066 2.265598 -41.861351 1.000000 0.672055 5.656854 -135.000000 2.828427 135.000000 
49.000000 72.000000 155.396441 1.000000 11.000000 12.364000 0.556521 0.687500 4.747984 3.944785 26.348026 0.846154 0.574944 5.000000 126.869898 4.000000 -90.000000 
55.000000 71.000000 196.732354 3.000000 19.000000 13.381000 0.765338 0.791667 6.368500 4.098950 4.291811 1.000000 0.874595 6.708204 153.434949 4.000000 -90.000000 
16.000000 72.000000 38.781959 10.000000 2.000000 1.960000 0.866025 1.000000 2.309401 1.154701 0.000000 1.000000 0.965669 2.236068 153.434949 1.000000 -90.000000 
57.000000 75.000000 117.811727 8.000000 6.000000 6.459000 0.778499 0.666667 3.829708 2.403701 -45.000000 1.000000 0.818022 4.242641 -135.000000 2.828427 135.000000 
6.000000 80.000000 71.631462 5.000000 45.000000 30.914000 0.946357 0.535714 14.487524 4.681250 -17.032731 0.789474 0.487580 14.866069 -160.346176 5.692100 108.434949 
50.000000 77.000000 165.583347 1.000000 31.000000 23.992000 0.888019 0.484375 10.034340 4.613864 -34.802129 0.794872 0.529123 10.000000 -143.130102 5.309908 128.659808 
41.000000 77.000000 29.526503 1.000000 8.000000 10.288000 0.955077 0.666667 6.262737 1.856014 76.717474 0.888889 0.557409 6.324555 108.434949 2.000000 0.000000 
56.000000 78.000000 134.233714 1.000000 32.000000 19.005000 0.784314 0.800000 8.319629 5.161196 -3.202603 0.969697 0.819872 8.544004 -159.443955 5.000000 -90.000000 
48.000000 79.000000 33.062859 11.000000 4.000000 7.402000 0.965676 0.333333 5.615939 1.458730 -53.909444 0.800000 0.452160 5.000000 -126.869898 1.941451 -33.690068 
28.000000 82.000000 39.055505 1.000000 20.000000 19.749000 0.968577 0.500000 10.704160 2.662258 75.339125 0.800000 0.479651 10.770330 111.801409 3.333974 11.309932 
40.000000 83.000000 28.911716 7.000000 6.000000 9.461000 0.965176 0.400000 6.545658 1.712351 -22.725569 0.857143 0.474724 5.830952 -149.036243 2.213594 108.434949 
19.000000 83.000000 43.802360 9.000000 4.000000 5.905000 0.926289 0.444444 4.355771 1.641317 -39.690172 0.800000 0.614186 4.242641 -135.000000 2.121320 -45.000000 
58.000000 84.000000 89.181266 7.000000 20.000000 18.641000 0.708690 0.476190 7.456152 5.260462 21.948589 0.714286 0.529689 7.280110 164.054604 5.570860 -111.801409 
50.000000 85.000000 70.445459 1.000000 30.000000 30.269000 0.949627 0.416667 13.700355 4.293437 71.296056 0.681818 0.337725 12.369317 104.036243 5.491252 -168.690068 
17.000000 86.000000 47.323286 2.000000 11.000000 10.685000 0.927226 0.550000 6.534149 2.447057 56.897418 0.916667 0.723056 6.403124 128.659808 3.050851 -146.309932 
39.000000 87.000000 45.859403 1.000000 13.000000 10.776000 0.739137 0.650000 5.255949 3.540168 -56.835269 0.928571 0.843383 5.656854 -135.000000 4.000000 0.000000 
35.000000 88.000000 23.989858 3.000000 1.000000 0.000000 0.000000 1.000000 1.154701 1.154701 0.000000 1.000000 1.000000 1.414214 135.000000 1.000000 -90.000000 
43.000000 88.000000 63.910871 1.000000 10.000000 8.998000 0.773102 0.666667 4.712847 2.989271 82.311874 1.000000 0.852711 5.099020 101.309932 3.000000 0.000000 
5.000000 93.000000 45.362010 5.000000 15.000000 14.787000 0.928321 0.535714 7.685752 2.857406 -21.707573 0.833333 0.586420 8.062258 -150.255119 3.478505 -71.565051 
11.000000 91.000000 33.111252 2.000000 15.000000 20.717000 0.870101 0.375000 9.256139 4.562103 79.192611 0.576923 0.331140 8.246211 104.036243 5.000000 0.000000 
28.000000 89.000000 37.063704 1.000000 12.000000 12.736000 0.954612 0.571429 7.580114 2.257749 -71.163812 0.923077 0.598166 7.615773 -113.198591 2.846050 161.565051 
33.000000 89.000000 25.822270 2.000000 1.000000 0.000000 0.000000 1.000000 1.154701 1.154701 0.000000 1.000000 1.000000 1.414214 135.000000 1.000000 -90.000000 
54.000000 89.000000 88.061291 1.000000 42.000000 40.665000 0.922917 0.350000 16.043025 6.176545 86.764459 0.575342 0.275030 15.297059 101.309932 7.949958 163.300756 
25.000000 90.000000 52.263203 9.000000 11.000000 14.250000 0.979398 0.305556 9.018500 1.821210 -45.000000 1.000000 0.457008 8.485281 -135.000000 2.121320 -45.000000 
33.000000 93.000000 38.619806 8.000000 12.000000 11.810000 0.911625 0.500000 6.576400 2.703058 -55.982932 0.923077 0.674553 6.708204 -116.565051 3.328201 -33.690068 
58.000000 94.000000 126.970952 2.000000 34.000000 23.322000 0.859991 0.566667 10.089189 5.148608 14.062268 0.829268 0.610086 11.180340 153.434949 6.000000 -90.000000 
23.000000 98.000000 66.342322 1.000000 62.000000 43.113000 0.974967 0.287037 21.072251 4.685362 -60.869194 0.704545 0.364160 20.000000 -126.869898 6.058824 -28.072487 
47.000000 96.000000 49.257889 1.000000 14.000000 16.590000 0.967719 0.437500 9.527747 2.401304 -69.251766 0.777778 0.451870 8.944272 -116.565051 3.130495 -26.565051 
40.000000 98.000000 57.872324 1.000000 40.000000 29.417000 0.966955 0.408163 15.261632 3.890920 -66.086495 0.816327 0.474175 14.866069 -109.653824 5.013774 158.198591 
6.000000 96.000000 34.575432 5.000000 5.000000 6.368000 0.796217 0.833333 3.759433 2.274496 90.000000 0.833333 0.694794 3.605551 123.690068 2.000000 0.000000 
9.000000 98.000000 38.650533 8.000000 4.000000 7.402000 0.965676 0.333333 5.615939 1.458730 -36.090556 0.800000 0.452160 5.000000 -143.130102 1.941451 -56.309932 
33.000000 98.000000 25.764886 3.000000 3.000000 5.624000 0.970143 0.333333 4.760952 1.154701 45.000000 1.000000 0.490646 4.242641 135.000000 1.414214 45.000000 
53.000000 99.000000 73.981039 1.000000 21.000000 13.381000 0.734965 0.875000 6.363809 4.315335 -82.797502 1.000000 0.966658 6.708204 -116.565051 4.000000 0.000000 
13.000000 102.000000 29.606119 1.000000 8.000000 12.455000 0.934221 0.400000 6.819116 2.432350 34.721977 0.727273 0.413276 6.403124 141.340192 3.000000 53.130102 
35.000000 102.000000 44.077231 1.000000 17.000000 17.971000 0.919522 0.485714 8.560581 3.364645 -68.405131 0.739130 0.479265 8.062258 -119.744881 4.427189 -18.434949 
59.000000 101.000000 131.327650 1.000000 26.000000 20.601000 0.775289 0.619048 7.910641 4.996415 -29.215144 0.812500 0.579598 8.485281 -135.000000 6.000000 -90.000000 
8.000000 104.000000 27.819023 1.000000 8.000000 10.495000 0.860501 0.533333 5.522736 2.813548 13.140706 0.800000 0.540615 5.385165 158.198591 3.000000 -90.000000 
40.000000 103.000000 31.585919 2.000000 7.000000 11.810000 0.973043 0.291667 7.306066 1.684959 61.434339 0.700000 0.393489 7.211103 123.690068 2.236068 -153.434949 
47.000000 102.000000 28.420346 1.000000 2.000000 1.960000 0.866025 1.000000 2.309401 1.154701 0.000000 1.000000 0.965669 2.236068 153.434949 1.000000 -90.000000 
56.000000 104.000000 40.189425 1.000000 1.000000 0.000000 0.000000 1.000000 1.154701 1.154701 0.000000 1.000000 1.000000 1.414214 135.000000 1.000000 -90.000000 
13.000000 104.000000 29.943198 2.000000 4.000000 7.402000 0.493197 0.444444 3.511885 3.055050 90.000000 0.666667 0.452160 3.605551 123.690068 3.000000 -90.000000 
5.000000 106.000000 32.510636 3.000000 3.000000 3.093000 0.730297 0.750000 2.581989 1.763834 45.000000 1.000000 0.969873 2.828427 135.000000 2.000000 -90.000000 
60.000000 107.000000 114.671994 1.000000 7.000000 9.734000 0.895330 0.466667 5.577421 2.484208 -22.500000 0.777778 0.530608 5.385165 -158.198591 3.000000 -90.000000 
7.000000 113.000000 33.149410 1.000000 18.000000 24.058000 0.985671 0.375000 13.312734 2.245602 11.300452 0.692308 0.305744 12.369317 165.963757 2.910428 75.963757 
21.000000 109.000000 38.046750 1.000000 16.000000 18.616000 0.980234 0.533333 10.881498 2.152829 -77.139771 0.842105 0.424725 10.440307 -106.699244 2.667892 -14.036243 
40.000000 109.000000 71.793343 1.000000 16.000000 14.878000 0.929077 0.666667 7.880796 2.914998 79.334973 0.888889 0.619213 8.246211 104.036243 3.000000 0.000000 
57.000000 108.000000 27.290459 1.000000 6.000000 7.683000 0.723566 0.666667 3.956404 2.730930 65.300647 0.857143 0.643484 4.242641 135.000000 3.000000 -90.000000 
34.000000 110.000000 64.226808 1.000000 19.000000 14.787000 0.861947 0.678571 7.258219 3.679907 88.572037 0.904762 0.742799 7.280110 -105.945396 4.000000 0.000000 
46.000000 112.000000 68.491084 1.000000 32.000000 27.250000 0.975593 0.410256 14.653824 3.217759 73.770955 0.800000 0.435364 13.928388 111.037511 4.096440 -159.443955 
17.000000 113.000000 28.941630 6.000000 5.000000 9.180000 0.837331 0.416667 4.871687 2.663331 -11.309932 0.714286 0.413853 4.472136 -153.434949 2.846050 -71.565051 
61.000000 112.000000 36.351025 2.000000 14.000000 17.392000 0.973291 0.518519 9.922560 2.277953 -9.288836 0.777778 0.417261 9.486833 -161.565051 2.910428 104.036243 
31.000000 112.000000 32.860305 1.000000 5.000000 4.962000 0.765092 0.833333 3.306559 2.129163 -71.565051 1.000000 0.956808 3.605551 -123.690068 2.000000 0.000000 
38.000000 114.000000 58.704060 1.000000 8.000000 10.867000 0.885469 0.400000 5.906242 2.744625 -26.774538 0.727273 0.512284 5.830952 -149.036243 3.395499 104.036243 
24.000000 116.000000 63.096400 1.000000 41.000000 26.481000 0.954859 0.630769 13.737261 4.080774 -80.287367 0.891304 0.587148 13.341664 -102.994617 4.589285 -7.125016 
35.000000 116.000000 46.264089 1.000000 15.000000 17.392000 0.963900 0.555556 9.626313 2.563132 -89.006010 0.750000 0.447066 9.219544 -102.528808 2.976834 172.874984 
49.000000 118.000000 70.898577 7.000000 10.000000 10.776000 0.927672 0.500000 6.476057 2.418129 -39.893014 0.909091 0.648756 6.403124 -141.340192 2.828427 -45.000000 
54.000000 119.000000 44.396972 1.000000 11.000000 12.736000 0.936988 0.458333 7.331997 2.561519 33.801201 0.846154 0.548319 7.211103 146.309932 3.200000 53.130102 
40.000000 116.000000 56.315037 1.000000 8.000000 6.831000 0.580948 0.888889 3.651484 2.972092 45.000000 1.000000 1.000000 4.242641 135.000000 3.000000 -90.000000 
46.000000 119.000000 68.217958 1.000000 11.000000 12.182000 0.945358 0.458333 7.120317 2.321475 -64.538818 0.846154 0.588683 7.211103 -123.690068 2.846050 -18.434949 
40.000000 121.000000 55.998035 1.000000 45.000000 45.676000 0.989429 0.357143 23.717878 3.439571 -80.034292 0.616438 0.237285 21.377558 -100.784298 4.301873 -8.530766 
57.000000 120.000000 35.626950 1.000000 16.000000 20.783000 0.928801 0.444444 10.038235 3.719947 76.855646 0.640000 0.351270 9.486833 108.434949 3.945576 -170.537678 
22.000000 125.000000 29.338760 3.000000 7.000000 10.313000 0.969572 0.350000 7.111576 1.740958 55.462251 0.777778 0.485922 6.403124 128.659808 2.218801 33.690068 
33.000000 129.000000 53.580646 1.000000 9.000000 10.958000 0.937614 0.500000 6.359595 2.211083 -18.434949 0.900000 0.568904 6.324555 -161.565051 2.683282 -63.434949 
50.000000 124.000000 50.987765 1.000000 12.000000 13.770000 0.911549 0.571429 6.803326 2.797475 -2.319961 0.857143 0.527257 7.071068 171.869898 3.000000 -90.000000 
18.000000 129.000000 30.950094 2.000000 7.000000 11.992000 0.965067 0.291667 7.781449 2.038760 59.172847 0.636364 0.384082 6.708204 116.565051 2.683282 -153.434949 
24.000000 130.000000 69.709287 1.000000 13.000000 17.136000 0.905892 0.464286 7.718702 3.268936 -71.276585 0.722222 0.397302 7.615773 -113.198591 4.000000 0.000000 
50.000000 130.000000 46.166049 1.000000 9.000000 8.328000 0.760176 0.750000 4.464505 2.900668 29.518122 1.000000 0.859719 5.000000 143.130102 3.000000 -90.000000 
30.000000 131.000000 99.952042 1.000000 30.000000 19.766000 0.673126 0.625000 7.735727 5.720788 -73.019516 0.909091 0.718410 8.944272 -116.565051 6.000000 0.000000 
45.000000 131.000000 65.620754 1.000000 30.000000 28.094000 0.826958 0.625000 9.602903 5.399366 -80.524582 0.750000 0.386395 10.000000 -126.869898 6.000000 0.000000 
10.000000 132.000000 36.324892 1.000000 20.000000 24.827000 0.982757 0.333333 14.375046 2.657955 75.885399 0.666667 0.321291 12.649111 108.434949 3.333974 -168.690068 
59.000000 131.000000 35.119204 1.000000 9.000000 10.288000 0.942932 0.750000 6.161450 2.051676 -79.721977 0.900000 0.627085 6.324555 -108.434949 2.000000 0.000000 
38.000000 132.000000 46.696859 1.000000 18.000000 16.491000 0.830915 0.514286 7.242440 4.029693 80.943120 0.782609 0.586850 7.280110 105.945396 4.850713 14.036243 
19.000000 134.000000 100.957617 1.000000 40.000000 23.603000 0.895066 0.800000 11.338854 5.056387 84.707770 0.888889 0.702745 10.770330 111.801409 5.000000 0.000000 
40.000000 138.000000 38.682235 1.000000 23.000000 23.967000 0.973546 0.418182 13.108868 2.995277 17.210970 0.718750 0.393300 11.704700 160.016893 4.096440 69.443955 
58.000000 136.000000 34.676449 1.000000 12.000000 17.144000 0.975554 0.300000 9.869494 2.168918 -62.940477 0.750000 0.366451 9.433981 -122.005383 2.683282 -26.565051 
12.000000 136.000000 65.959705 1.000000 19.000000 15.738000 0.900631 0.542857 7.956653 3.457843 66.765600 0.826087 0.669851 7.810250 129.805571 3.899602 21.801409 
29.000000 136.000000 48.174269 1.000000 30.000000 37.067000 0.938631 0.306122 15.719912 5.422170 -75.331827 0.566038 0.233181 14.317821 -102.094757 6.405029 173.659808 
6.000000 137.000000 45.470411 1.000000 7.000000 10.313000 0.962213 0.350000 6.573993 1.790080 58.073421 0.777778 0.485922 6.403124 128.659808 2.236068 26.565051 
6.000000 143.000000 39.416815 1.000000 22.000000 27.267000 0.930277 0.333333 12.821015 4.703503 17.077683 0.500000 0.298978 12.083046 155.556045 5.335784 -104.036243 
17.000000 142.000000 42.066123 1.000000 17.000000 16.772000 0.927540 0.425000 8.305984 3.104153 -69.618197 0.772727 0.538716 8.944272 -116.565051 3.478505 -18.434949 
58.000000 142.000000 41.364039 1.000000 15.000000 14.423000 0.952044 0.535714 8.493776 2.598759 -70.767405 0.833333 0.610977 8.062258 -119.744881 3.152963 165.963757 
29.000000 142.000000 52.008635 1.000000 16.000000 14.696000 0.905035 0.761905 7.555705 3.213718 89.387304 0.842105 0.631913 7.280110 -105.945396 3.000000 0.000000 
45.000000 143.000000 69.945682 1.000000 43.000000 36.538000 0.944256 0.477778 15.696511 5.167461 -84.279083 0.651515 0.343197 15.297059 -101.309932 6.000000 0.000000 
54.000000 142.000000 33.989853 2.000000 3.000000 3.920000 0.942809 1.000000 3.464102 1.154701 90.000000 1.000000 0.756007 3.162278 108.434949 1.000000 0.000000 
24.000000 143.000000 33.826389 1.000000 12.000000 10.015000 0.821945 0.800000 5.418787 3.086363 85.163322 1.000000 0.871173 5.385165 111.801409 3.000000 0.000000 
32.000000 146.000000 58.586240 1.000000 14.000000 14.878000 0.945010 0.583333 8.158882 2.668281 -11.733597 0.875000 0.541811 8.246211 -165.963757 3.000000 -90.000000 
21.000000 145.000000 36.057667 1.000000 2.000000 1.960000 0.866025 1.000000 2.309401 1.154701 0.000000 1.000000 0.965669 2.236068 153.434949 1.000000 -90.000000 
55.000000 147.000000 64.399772 1.000000 12.000000 10.958000 0.882039 0.666667 5.992948 2.823732 75.749320 0.923077 0.758539 6.324555 108.434949 3.000000 0.000000 
49.000000 148.000000 90.425293 1.000000 23.000000 19.286000 0.944727 0.575000 10.101249 3.311784 81.263957 0.821429 0.574609 10.049876 95.710593 3.726207 11.309932 
36.000000 150.000000 52.107909 1.000000 1.000000 0.000000 0.000000 1.000000 1.154701 1.154701 0.000000 1.000000 1.000000 1.414214 135.000000 1.000000 -90.000000 
58.000000 151.000000 82.719125 2.000000 13.000000 13.588000 0.748463 0.541667 5.780537 3.833516 64.420418 0.866667 0.583690 6.324555 108.434949 4.000000 0.000000 
14.000000 152.000000 61.985708 1.000000 54.000000 43.460000 0.972104 0.337500 22.844103 5.358114 -73.521152 0.606742 0.312466 20.880613 -106.699244 5.981926 -16.389540 
29.000000 152.000000 54.504772 1.000000 29.000000 17.235000 0.828759 0.725000 8.288803 4.638461 72.706479 0.935484 0.877697 8.544004 110.556045 5.000000 0.000000 
52.000000 153.000000 77.607087 1.000000 44.000000 35.595000 0.965682 0.419048 17.473134 4.538274 -77.455383 0.647059 0.368485 16.552945 -115.016893 5.456006 -10.304846 
5.000000 151.000000 40.048938 1.000000 8.000000 13.406000 0.904591 0.444444 7.368826 3.141189 9.523312 0.571429 0.367139 6.324555 161.565051 3.000000 -90.000000 
35.000000 156.000000 29.953971 1.000000 7.000000 7.683000 0.871772 0.583333 4.651537 2.278845 48.421387 1.000000 0.750732 5.000000 126.869898 2.828427 -135.000000 
60.000000 154.000000 35.329297 1.000000 7.000000 7.683000 0.597259 0.777778 3.733974 2.994829 33.400705 0.875000 0.750732 4.242641 135.000000 3.000000 -90.000000 
23.000000 159.000000 65.915697 1.000000 38.000000 26.432000 0.931610 0.422222 12.484429 4.537581 45.178343 0.826087 0.545991 12.041595 131.633539 5.656854 -135.000000 
29.000000 156.000000 41.717196 1.000000 6.000000 6.922000 0.894483 0.750000 4.513541 2.018017 -77.066822 1.000000 0.744483 4.472136 -116.565051 2.000000 0.000000 
44.000000 158.000000 64.493047 1.000000 62.000000 43.071000 0.971750 0.387500 20.376206 4.809080 -76.721691 0.746988 0.364822 20.880613 -106.699244 5.589566 170.537678 
58.000000 158.000000 31.046666 1.000000 6.000000 9.800000 0.986013 1.000000 6.928203 1.154701 90.000000 1.000000 0.450179 6.082763 99.462322 1.000000 0.000000 
18.000000 160.000000 34.615259 1.000000 6.000000 6.277000 0.456435 0.666667 3.265986 2.905933 26.565051 0.857143 0.849942 3.605551 123.690068 3.000000 -90.000000 
35.000000 159.000000 30.166172 1.000000 5.000000 7.592000 0.886943 0.416667 4.826670 2.229333 57.387570 0.714286 0.545368 4.472136 116.565051 2.683282 -153.434949 
29.000000 166.000000 37.227363 1.000000 30.000000 27.656000 0.961138 0.357143 13.533080 3.736036 20.533777 0.769231 0.397464 12.649111 161.565051 4.919350 63.434949 
40.000000 163.000000 28.136211 5.000000 7.000000 7.592000 0.658784 0.583333 3.879126 2.918391 -18.434949 0.875000 0.763515 4.472136 -153.434949 3.000000 -90.000000 
6.000000 163.000000 32.248125 2.000000 8.000000 11.628000 0.971747 0.333333 7.374750 1.740612 -59.405397 0.800000 0.460853 7.211103 -123.690068 2.236068 -26.565051 
58.000000 163.000000 54.321587 1.000000 10.000000 11.330000 0.954460 0.555556 7.136759 2.129163 71.565051 0.833333 0.600036 6.708204 116.565051 2.529822 18.434949 
14.000000 163.000000 36.593159 1.000000 18.000000 19.013000 0.969736 0.500000 10.969632 2.678309 75.598985 0.750000 0.460845 9.848858 113.962489 3.287980 -170.537678 
18.000000 166.000000 71.097180 2.000000 24.000000 19.030000 0.862615 0.500000 8.325716 4.211652 22.521819 0.800000 0.613518 8.246211 165.963757 4.743416 71.565051 
50.000000 165.000000 53.955701 1.000000 16.000000 17.996000 0.789333 0.457143 7.336041 4.504073 83.098438 0.695652 0.450007 7.280110 -105.945396 5.000000 0.000000 
55.000000 166.000000 46.947983 2.000000 2.000000 1.960000 0.866025 1.000000 2.309401 1.154701 90.000000 1.000000 0.965669 2.236068 116.565051 1.000000 0.000000 
8.000000 167.000000 30.829569 1.000000 7.000000 7.592000 0.815930 0.583333 4.429339 2.560825 18.434949 0.875000 0.763515 4.472136 153.434949 2.846050 -108.434949 
42.000000 169.000000 78.175920 1.000000 52.000000 36.331000 0.957336 0.433333 17.325517 5.006704 69.511549 0.712329 0.419394 15.524175 104.931417 6.593307 -164.054604 
59.000000 168.000000 64.925805 1.000000 18.000000 12.918000 0.737381 0.750000 6.012364 4.061213 87.116056 0.947368 0.877028 6.324555 108.434949 4.000000 0.000000 
6.000000 170.000000 36.275041 1.000000 10.000000 10.586000 0.790891 0.500000 5.248771 3.212020 -74.335654 0.833333 0.666839 5.385165 -111.801409 3.638034 165.963757 
10.000000 169.000000 28.529155 1.000000 5.000000 4.962000 0.765092 0.833333 3.306559 2.129163 71.565051 1.000000 0.956808 3.605551 123.690068 2.000000 0.000000 
15.000000 169.000000 36.099931 1.000000 3.000000 3.920000 0.942809 1.000000 3.464102 1.154701 90.000000 1.000000 0.756007 3.162278 108.434949 1.000000 0.000000 
52.000000 171.000000 83.527676 1.000000 37.000000 22.561000 0.910713 0.740000 11.104271 4.586507 79.183192 0.880952 0.703814 10.770330 111.801409 5.000000 0.000000 
16.000000 175.000000 42.667799 1.000000 31.000000 27.796000 0.963437 0.369048 14.239181 3.815162 17.248518 0.645833 0.407004 13.416408 153.434949 4.743416 71.565051 
26.000000 172.000000 44.715988 1.000000 14.000000 10.958000 0.728706 0.700000 5.295723 3.626651 -71.062508 1.000000 0.884962 5.830952 -120.963757 4.000000 0.000000 
31.000000 171.000000 83.552722 1.000000 21.000000 14.324000 0.732084 0.700000 6.455216 4.397384 66.512533 0.954545 0.865092 7.211103 123.690068 4.949747 45.000000 
34.000000 174.000000 57.410818 2.000000 10.000000 11.992000 0.913747 0.555556 6.382912 2.593280 5.972089 0.769231 0.548688 6.082763 170.537678 3.000000 -90.000000 
44.000000 175.000000 40.202038 1.000000 13.000000 19.394000 0.876917 0.464286 7.646084 3.675029 -86.856553 0.619048 0.321673 7.280110 105.945396 4.000000 0.000000 
38.000000 176.000000 35.417788 1.000000 8.000000 13.100000 0.971679 0.380952 8.122941 1.919504 80.637106 0.666667 0.381103 7.280110 105.945396 2.301586 -170.537678 
21.000000 177.000000 25.007093 1.000000 1.000000 0.000000 0.000000 1.000000 1.154701 1.154701 0.000000 1.000000 1.000000 1.414214 135.000000 1.000000 -90.000000 
54.000000 176.000000 77.099348 1.000000 42.000000 40.069000 0.950410 0.500000 16.240403 5.050750 -87.777141 0.646154 0.282669 14.317821 102.094757 6.000000 0.000000 
40.000000 179.000000 30.247716 4.000000 6.000000 7.220000 0.934535 0.500000 4.985233 1.774106 39.690172 1.000000 0.702276 5.000000 143.130102 2.121320 45.000000 
33.000000 183.000000 65.710244 1.000000 39.000000 26.969000 0.958891 0.500000 13.913093 3.948193 -11.726464 0.812500 0.540550 13.341664 -167.005383 4.555540 -77.471192 
48.000000 179.000000 72.743831 4.000000 12.000000 10.032000 0.746796 0.600000 4.996019 3.322619 -36.650378 1.000000 0.868926 5.385165 -158.198591 3.535534 -45.000000 
61.000000 180.000000 40.940920 1.000000 12.000000 12.248000 0.948458 0.857143 7.211103 2.285218 0.000000 1.000000 0.636703 7.071068 171.869898 2.000000 -90.000000 
27.000000 185.000000 30.634191 1.000000 25.000000 20.576000 0.944338 0.555556 10.630572 3.497199 -9.548862 0.833333 0.558481 9.848858 -156.037511 4.101219 98.130102 
45.000000 183.000000 35.706314 1.000000 10.000000 13.497000 0.931813 0.333333 7.469727 2.711059 33.326166 0.769231 0.453917 7.211103 146.309932 3.528211 68.198591 
50.000000 181.000000 33.999050 7.000000 3.000000 3.093000 0.730297 0.750000 2.581989 1.763834 45.000000 1.000000 0.969873 2.828427 135.000000 2.000000 -90.000000 
55.000000 183.000000 36.990486 1.000000 14.000000 15.250000 0.963560 0.583333 9.027127 2.414685 78.973018 0.823529 0.520115 8.544004 110.556045 2.794783 9.462322 
52.000000 191.000000 49.901819 1.000000 40.000000 45.792000 0.972456 0.180995 24.502038 5.711110 -31.376713 0.449438 0.209921 20.248457 -147.094757 6.742363 -54.462322 
10.000000 183.000000 33.553334 1.000000 12.000000 13.406000 0.853568 0.400000 6.298860 3.281586 53.033200 0.800000 0.550708 6.708204 116.565051 3.535534 45.000000 
5.000000 193.000000 46.482333 1.000000 32.000000 25.166000 0.961837 0.615385 12.622655 3.453837 -13.483522 0.941176 0.501827 13.601471 -162.897271 4.000000 -90.000000 
13.000000 189.000000 42.102148 1.000000 17.000000 15.432000 0.933473 0.708333 8.101975 2.905745 -13.654555 0.944444 0.619251 8.544004 -159.443955 3.000000 -90.000000 
40.000000 188.000000 38.519260 1.000000 15.000000 15.250000 0.950070 0.625000 8.402456 2.621886 -81.834094 0.882353 0.557266 8.246211 -104.036243 3.000000 0.000000 
36.000000 191.000000 42.742911 5.000000 15.000000 13.216000 0.749774 0.600000 5.805593 3.841524 -26.005929 0.882353 0.704470 5.830952 -149.036243 4.427189 108.434949 
57.000000 190.000000 51.117776 1.000000 22.000000 16.747000 0.902388 0.687500 8.485645 3.656670 85.948654 0.916667 0.698915 8.246211 104.036243 4.000000 0.000000 
54.000000 191.000000 39.834547 1.000000 4.000000 5.905000 0.926289 0.444444 4.355771 1.641317 -39.690172 0.800000 0.614186 4.242641 -135.000000 2.121320 -45.000000 
19.000000 194.000000 35.957013 1.000000 13.000000 15.275000 0.905675 0.464286 7.495869 3.178037 -71.423814 0.722222 0.481653 8.062258 -119.744881 3.713907 -21.801409 
60.000000 196.000000 55.679740 1.000000 8.000000 7.865000 0.717406 0.666667 4.136643 2.881814 17.296144 1.000000 0.829839 4.472136 153.434949 3.000000 -90.000000 
38.000000 195.000000 53.107026 1.000000 15.000000 13.216000 0.824449 0.500000 6.302547 3.566839 -36.737102 0.882353 0.704470 6.403124 -141.340192 4.000000 126.869898 
13.000000 198.000000 52.282505 1.000000 1.000000 0.000000 0.000000 1.000000 1.154701 1.154701 0.000000 1.000000 1.000000 1.414214 135.000000 1.000000 -90.000000 
23.000000 200.000000 31.829424 5.000000 13.000000 15.548000 0.939243 0.541667 8.044969 2.761452 6.418977 0.722222 0.467685 8.246211 165.963757 3.000000 -90.000000 
25.000000 198.000000 25.737917 8.000000 2.000000 1.960000 0.866025 1.000000 2.309401 1.154701 0.000000 1.000000 0.965669 2.236068 153.434949 1.000000 -90.000000 
31.000000 201.000000 64.019286 1.000000 42.000000 35.413000 0.983686 0.328125 18.330350 3.297505 64.854282 0.777778 0.355064 17.888544 116.565051 4.024922 26.565051 
48.000000 203.000000 56.245690 1.000000 60.000000 52.276000 0.959574 0.288462 22.024343 6.198879 -57.971709 0.571429 0.245508 19.416488 -124.508523 8.451007 -24.775141 
58.000000 203.000000 69.884300 1.000000 47.000000 35.570000 0.877034 0.712121 12.922858 6.208505 7.249274 0.783333 0.394117 12.529964 151.389540 6.000000 -90.000000 
11.000000 211.000000 52.171814 1.000000 57.000000 56.329000 0.983911 0.157895 27.856538 4.976870 44.156653 0.581633 0.202526 26.870058 135.000000 6.363961 -135.000000 
37.000000 204.000000 24.743560 2.000000 2.000000 1.960000 0.866025 1.000000 2.309401 1.154701 90.000000 1.000000 0.965669 2.236068 116.565051 1.000000 0.000000 
6.000000 205.000000 44.512823 3.000000 17.000000 16.127000 0.941701 0.404762 8.774722 2.952272 35.635615 0.850000 0.575385 8.485281 135.000000 3.600000 -126.869898 
21.000000 207.000000 32.181358 2.000000 5.000000 8.998000 0.974418 0.333333 6.444305 1.448307 62.876944 0.714286 0.426355 5.830952 120.963757 1.788854 26.565051 
24.000000 210.000000 37.572151 3.000000 12.000000 18.468000 0.987522 0.214286 10.975293 1.728406 47.849904 0.923077 0.322922 10.630146 131.185925 2.121320 45.000000 
32.000000 214.000000 48.143881 1.000000 26.000000 29.616000 0.978276 0.270833 14.911139 3.091175 29.660756 0.722222 0.304480 13.892444 149.743563 3.885143 -119.054604 
11.000000 221.000000 55.561984 1.000000 50.000000 48.257000 0.985565 0.216450 24.159438 4.090113 26.169466 0.649351 0.237836 23.259407 154.536655 5.570860 -111.801409 
40.000000 212.000000 40.580059 1.000000 13.000000 12.554000 0.885136 0.541667 6.719407 3.126754 26.963765 0.866667 0.663129 6.708204 153.434949 3.794733 -108.434949 
45.000000 213.000000 56.454551 1.000000 22.000000 23.901000 0.984143 0.285714 14.253112 2.528140 64.095374 0.733333 0.378038 12.529964 118.610460 3.130495 26.565051 
56.000000 212.000000 59.831947 1.000000 1.000000 0.000000 0.000000 1.000000 1.154701 1.154701 0.000000 1.000000 1.000000 1.414214 135.000000 1.000000 -90.000000 
38.000000 217.000000 57.327821 1.000000 26.000000 16.772000 0.576888 0.619048 6.912391 5.646203 8.124985 0.866667 0.823918 7.615773 -156.801409 6.000000 -90.000000 
48.000000 215.000000 37.597522 2.000000 8.000000 10.404000 0.949321 0.400000 6.429101 2.020726 34.992020 0.800000 0.547903 6.403124 141.340192 2.683282 -116.565051 
52.000000 217.000000 95.374581 1.000000 53.000000 35.661000 0.906696 0.509615 15.379346 6.486779 7.935811 0.716216 0.442348 14.317821 155.224859 7.276069 75.963757 
22.000000 217.000000 59.557932 1.000000 9.000000 8.882000 0.907936 0.900000 5.399179 2.262845 -85.268839 1.000000 0.782319 5.385165 -111.801409 2.000000 0.000000 
59.000000 220.000000 39.725860 1.000000 8.000000 11.628000 0.972446 0.320000 7.831560 1.825742 45.000000 0.888889 0.460853 7.071068 135.000000 2.121320 45.000000 
27.000000 219.000000 81.043637 1.000000 13.000000 11.512000 0.893927 0.722222 6.379097 2.859190 -80.307742 0.928571 0.760790 6.324555 -108.434949 3.000000 0.000000 
33.000000 220.000000 35.324232 1.000000 12.000000 14.994000 0.919490 0.571429 7.516120 2.954686 83.547649 0.750000 0.458488 7.071068 98.130102 3.000000 0.000000 
23.000000 222.000000 32.071697 2.000000 9.000000 12.273000 0.932133 0.500000 6.705795 2.428272 12.245951 0.692308 0.475980 6.324555 161.565051 2.745626 78.690068 
55.000000 222.000000 58.712460 1.000000 10.000000 11.628000 0.794648 0.500000 5.583629 3.389654 67.829272 0.769231 0.576067 5.385165 111.801409 3.794733 -161.565051 
38.000000 223.000000 76.210297 1.000000 23.000000 22.007000 0.900483 0.410714 10.147211 4.412928 47.493861 0.741935 0.456994 10.000000 126.869898 5.466082 -141.340192 
59.000000 224.000000 33.466154 1.000000 6.000000 9.180000 0.631095 0.500000 4.011711 3.111905 73.154966 0.857143 0.496624 4.472136 116.565051 3.000000 0.000000 
21.000000 227.000000 36.296647 2.000000 9.000000 9.180000 0.880917 0.562500 5.291503 2.504317 45.000000 1.000000 0.744936 5.656854 135.000000 2.828427 45.000000 
29.000000 227.000000 47.601446 1.000000 26.000000 26.324000 0.960409 0.472727 12.332591 3.435787 -79.479856 0.722222 0.376316 11.704700 -109.983107 4.093146 -7.125016 
52.000000 227.000000 115.797194 1.000000 44.000000 23.206000 0.855802 0.733333 10.688474 5.529192 -11.611185 0.916667 0.796491 11.180340 -153.434949 5.918364 99.462322 
45.000000 224.000000 36.984237 1.000000 25.000000 19.030000 0.683566 0.510204 7.833676 5.717709 -36.753269 0.781250 0.639081 8.062258 -150.255119 6.101702 123.690068 
14.000000 230.000000 66.506232 1.000000 28.000000 27.821000 0.936660 0.424242 12.784163 4.477518 73.317814 0.636364 0.367023 11.180340 100.304846 5.374012 8.130102 
21.000000 230.000000 28.446951 1.000000 4.000000 5.880000 0.968246 1.000000 4.618802 1.154701 90.000000 1.000000 0.617595 4.123106 104.036243 1.000000 0.000000 
38.000000 231.000000 49.311016 1.000000 24.000000 29.781000 0.965990 0.333333 13.281554 3.434351 -77.459135 0.571429 0.278249 12.165525 -99.462322 4.510671 168.690068 
59.000000 231.000000 46.525211 1.000000 8.000000 8.328000 0.908403 0.800000 5.109174 2.136119 79.099295 1.000000 0.764194 5.385165 111.801409 2.000000 0.000000 
8.000000 231.000000 46.909927 5.000000 8.000000 11.512000 0.898462 0.533333 5.963353 2.618222 -28.362556 0.727273 0.468179 5.830952 -149.036243 3.000000 -90.000000 
49.000000 232.000000 81.418239 2.000000 9.000000 12.844000 0.930160 0.375000 6.772479 2.486547 66.693231 0.750000 0.442583 6.708204 116.565051 3.130495 26.565051 
26.000000 235.000000 32.423420 4.000000 7.000000 9.643000 0.938577 0.466667 6.067435 2.093683 12.508447 0.700000 0.538188 5.385165 158.198591 2.425356 -104.036243 
58.000000 233.000000 33.250497 1.000000 8.000000 13.125000 0.979823 0.266667 8.416473 1.682158 -54.883584 0.727273 0.379933 7.810250 -129.805571 2.218801 -33.690068 
29.000000 235.000000 29.620969 1.000000 3.000000 5.624000 0.769800 0.500000 3.464102 2.211083 0.000000 0.750000 0.490646 3.162278 161.565051 2.000000 -90.000000 
52.000000 234.000000 151.064813 5.000000 12.000000 10.586000 0.811458 0.600000 5.422403 3.168911 56.664061 1.000000 0.800207 5.830952 120.963757 3.535534 45.000000 
11.000000 235.000000 68.885160 5.000000 8.000000 8.791000 0.780625 0.666667 4.618802 2.886751 -33.690068 0.888889 0.706041 5.000000 -143.130102 3.000000 -90.000000 
33.000000 236.000000 42.287177 1.000000 15.000000 14.878000 0.943235 0.625000 8.127965 2.699500 -79.730091 0.937500 0.580512 8.246211 -104.036243 3.000000 0.000000 
9.000000 235.000000 30.995528 4.000000 6.000000 7.774000 0.857489 0.750000 4.436156 2.282414 5.309828 0.857143 0.632800 4.472136 153.434949 2.000000 -90.000000 
50.000000 236.000000 105.130557 6.000000 6.000000 6.459000 0.778499 0.666667 3.829708 2.403701 -45.000000 1.000000 0.818022 4.242641 -135.000000 2.828427 -45.000000 
53.000000 236.000000 46.419669 4.000000 5.000000 4.962000 0.765092 0.833333 3.306559 2.129163 18.434949 1.000000 0.956808 3.605551 146.309932 2.000000 -90.000000 
