241
32.000000 117.000000 13.074042 1.000000 10487.000000 591.556000 0.964646 0.682747 284.202806 74.901243 0.173993 0.682747 0.372622 248.386795 165.068583 64.000000 -90.000000 
4.000000 7.000000 40.006233 6.000000 8.000000 10.288000 0.948334 0.666667 6.370371 2.021150 -4.731161 0.888889 0.557409 6.082763 170.537678 2.000000 -90.000000 
12.000000 5.000000 35.753323 1.000000 6.000000 7.865000 0.881691 0.750000 4.591736 2.166504 -6.264404 0.857143 0.622380 4.472136 -153.434949 2.000000 -90.000000 
40.000000 4.000000 35.217761 1.000000 4.000000 5.880000 0.968246 1.000000 4.618802 1.154701 90.000000 1.000000 0.617595 4.123106 104.036243 1.000000 0.000000 
45.000000 23.000000 56.260986 1.000000 79.000000 80.700000 0.987002 0.225071 42.704117 6.862946 -7.452596 0.448864 0.141227 39.204592 -174.143986 7.373916 -84.644175 
26.000000 6.000000 37.853510 1.000000 7.000000 10.288000 0.967353 0.583333 6.877645 1.743024 79.177782 0.875000 0.487733 6.324555 108.434949 2.000000 0.000000 
17.000000 8.000000 50.756596 1.000000 11.000000 18.178000 0.985177 0.244444 10.608718 1.819847 66.911428 0.733333 0.304120 10.295630 119.054604 2.414039 21.801409 
30.000000 10.000000 58.387173 1.000000 47.000000 41.640000 0.990721 0.373016 21.939718 2.981895 76.152558 0.783333 0.294516 21.840330 105.945396 3.880570 -165.963757 
58.000000 10.000000 40.202342 2.000000 5.000000 5.624000 0.000000 0.555556 2.780887 2.780887 0.000000 1.000000 0.817744 3.162278 108.434949 2.828427 -45.000000 
10.000000 13.000000 72.265407 1.000000 18.000000 17.326000 0.962481 0.500000 9.712770 2.635536 -69.435972 0.857143 0.539944 9.848858 -113.962489 3.395499 -14.036243 
51.000000 12.000000 49.304015 1.000000 18.000000 22.536000 0.986377 0.500000 12.685779 2.086854 78.055452 0.818182 0.343063 12.369317 104.036243 2.667892 14.036243 
56.000000 16.000000 44.349639 5.000000 22.000000 19.749000 0.967102 0.550000 11.213226 2.852514 15.875501 0.846154 0.527617 10.770330 158.198591 3.530090 78.690068 
49.000000 18.000000 41.242904 7.000000 9.000000 12.248000 0.969266 0.642857 7.393691 1.818967 -11.309932 0.900000 0.477527 7.280110 -164.054604 2.000000 -90.000000 
9.000000 19.000000 41.432886 2.000000 7.000000 15.838000 0.991359 0.166667 10.812036 1.418255 -42.063686 0.700000 0.244194 9.219544 -139.398705 2.048590 129.805571 
14.000000 19.000000 50.090244 3.000000 16.000000 25.208000 0.950737 0.400000 11.163673 3.460718 2.929628 0.551724 0.250171 10.440307 163.300756 4.000000 -90.000000 
36.000000 17.000000 38.037448 10.000000 5.000000 10.032000 0.979796 0.250000 7.023769 1.404754 -54.462322 0.833333 0.362052 6.403124 -128.659808 1.941451 146.309932 
57.000000 21.000000 39.859765 12.000000 2.000000 1.960000 0.866025 1.000000 2.309401 1.154701 90.000000 1.000000 0.965669 2.236068 116.565051 1.000000 0.000000 
7.000000 23.000000 68.065953 1.000000 16.000000 14.233000 0.913371 0.571429 7.491021 3.049798 70.861238 0.842105 0.666040 7.615773 113.198591 3.638034 -165.963757 
55.000000 28.000000 43.621460 1.000000 21.000000 22.718000 0.978468 0.583333 12.097357 2.496888 3.047215 0.807692 0.394626 12.165525 170.537678 3.000000 -90.000000 
16.000000 27.000000 76.266450 1.000000 22.000000 21.635000 0.958944 0.550000 10.970804 3.111274 -7.194523 0.758621 0.450349 10.198039 -168.690068 3.676955 98.130102 
27.000000 30.000000 35.293107 2.000000 10.000000 10.404000 0.925369 0.500000 6.130731 2.323962 53.677012 1.000000 0.684879 6.403124 128.659808 2.828427 45.000000 
10.000000 29.000000 64.103333 1.000000 16.000000 17.326000 0.952318 0.500000 9.066529 2.766266 74.341005 0.800000 0.479950 8.544004 110.556045 3.162278 18.434949 
37.000000 32.000000 45.369317 7.000000 7.000000 8.328000 0.930558 0.700000 5.262061 1.926673 -14.678877 1.000000 0.668670 5.385165 -158.198591 2.000000 -90.000000 
21.000000 32.000000 64.201849 1.000000 27.000000 18.823000 0.891548 0.750000 9.074410 4.110037 -88.904608 0.931034 0.703278 9.219544 102.528808 4.000000 0.000000 
14.000000 33.000000 56.956839 2.000000 10.000000 10.222000 0.661080 0.500000 4.665884 3.500884 68.863155 0.909091 0.703661 5.099020 101.309932 4.000000 0.000000 
51.000000 34.000000 35.034600 1.000000 4.000000 4.408000 0.870424 0.666667 3.435909 1.691507 58.282526 1.000000 0.881907 3.605551 123.690068 2.000000 0.000000 
25.000000 34.000000 48.937287 1.000000 4.000000 4.590000 0.731925 0.666667 3.055050 2.081666 90.000000 1.000000 0.840876 3.162278 108.434949 2.000000 0.000000 
8.000000 36.000000 105.761775 1.000000 27.000000 19.658000 0.936617 0.675000 10.149381 3.555893 75.484863 0.931034 0.652709 10.440307 106.699244 4.000000 0.000000 
37.000000 36.000000 39.156324 1.000000 7.000000 7.774000 0.613667 0.583333 3.862352 3.049577 -72.231161 0.875000 0.738267 4.242641 -135.000000 3.000000 0.000000 
56.000000 45.000000 63.604247 2.000000 65.000000 40.044000 0.971710 0.650000 19.931510 4.707331 0.941299 0.844156 0.437971 20.024984 177.137595 5.000000 -90.000000 
40.000000 37.000000 42.001444 1.000000 8.000000 7.476000 0.866025 1.000000 4.618802 2.309401 90.000000 1.000000 0.891759 4.472136 116.565051 2.000000 0.000000 
13.000000 38.000000 45.134988 7.000000 8.000000 12.273000 0.967670 0.333333 7.598903 1.916597 24.656252 0.727273 0.423093 7.211103 146.309932 2.414039 68.198591 
41.000000 49.000000 78.963868 1.000000 48.000000 40.441000 0.988843 0.421053 21.518004 3.205329 -12.847631 0.750000 0.317559 19.924859 -162.474432 4.121679 -77.471192 
14.000000 42.000000 72.665557 1.000000 16.000000 13.406000 0.750986 0.533333 5.925253 3.912550 57.311782 0.800000 0.734277 6.403124 128.659808 4.437602 33.690068 
9.000000 44.000000 84.399544 1.000000 20.000000 13.960000 0.736833 0.666667 6.392745 4.321976 65.233425 0.952381 0.859343 6.708204 116.565051 4.919350 26.565051 
48.000000 48.000000 55.236202 1.000000 13.000000 17.144000 0.982090 0.361111 10.281391 1.937154 68.515990 0.812500 0.396988 9.848858 113.962489 2.529822 18.434949 
21.000000 48.000000 39.018461 1.000000 5.000000 7.402000 0.765173 0.555556 3.931770 2.531373 40.934949 0.833333 0.565201 4.242641 135.000000 2.828427 -135.000000 
37.000000 47.000000 43.264987 3.000000 1.000000 0.000000 0.000000 1.000000 1.154701 1.154701 0.000000 1.000000 1.000000 1.414214 135.000000 1.000000 -90.000000 
8.000000 48.000000 53.041988 4.000000 6.000000 6.368000 0.877058 0.750000 4.163332 2.000000 71.565051 1.000000 0.833753 4.472136 116.565051 2.000000 0.000000 
4.000000 58.000000 119.868473 6.000000 24.000000 31.848000 0.994010 0.705882 18.584992 2.031217 -2.222065 0.857143 0.246345 17.029386 176.633539 2.000000 -90.000000 
24.000000 49.000000 44.937762 1.000000 18.000000 16.565000 0.947308 0.750000 9.151613 2.931495 82.068671 0.857143 0.582451 8.544004 110.556045 3.000000 0.000000 
9.000000 48.000000 43.165575 2.000000 6.000000 10.032000 0.973572 0.300000 6.878242 1.570846 38.119607 0.857143 0.434463 6.403124 141.340192 2.121320 45.000000 
50.000000 53.000000 74.582167 1.000000 8.000000 8.998000 0.904964 0.533333 5.339096 2.271721 -21.632148 0.888889 0.682168 5.385165 -158.198591 2.683282 -63.434949 
12.000000 57.000000 75.873210 4.000000 23.000000 20.990000 0.938788 0.383333 10.157657 3.499259 28.197251 0.793103 0.496325 10.770330 158.198591 4.287465 59.036243 
57.000000 54.000000 47.731801 1.000000 5.000000 5.814000 0.743786 0.555556 3.529850 2.359413 55.900705 0.833333 0.783414 3.605551 123.690068 2.683282 -153.434949 
53.000000 55.000000 50.766271 5.000000 11.000000 11.248000 0.624536 0.550000 4.658001 3.637878 90.000000 0.916667 0.667583 5.099020 101.309932 4.000000 0.000000 
51.000000 58.000000 121.517571 1.000000 13.000000 11.421000 0.882645 0.722222 6.252548 2.938944 -11.529137 0.928571 0.770328 6.324555 -161.565051 3.000000 -90.000000 
55.000000 59.000000 48.378999 1.000000 18.000000 13.199000 0.789775 0.750000 6.404142 3.928283 3.994663 0.947368 0.847124 6.708204 153.434949 4.000000 -90.000000 
41.000000 59.000000 35.425833 1.000000 3.000000 4.590000 0.928995 0.500000 3.854129 1.426385 61.845034 1.000000 0.630657 3.605551 123.690068 1.788854 26.565051 
22.000000 61.000000 44.115747 1.000000 29.000000 33.676000 0.986006 0.568627 17.915792 2.986728 87.344911 0.690476 0.268842 17.117243 96.709837 3.000000 0.000000 
44.000000 65.000000 66.271042 1.000000 26.000000 29.384000 0.977209 0.666667 14.246556 3.024253 -3.464875 0.722222 0.308839 13.152946 171.253838 3.000000 -90.000000 
12.000000 61.000000 42.243860 2.000000 2.000000 1.960000 0.866025 1.000000 2.309401 1.154701 90.000000 1.000000 0.965669 2.236068 116.565051 1.000000 0.000000 
36.000000 62.000000 54.092759 1.000000 18.000000 21.246000 0.976264 0.409091 11.566086 2.505005 -72.213103 0.818182 0.380316 11.704700 -109.983107 3.162278 161.565051 
8.000000 63.000000 68.360392 2.000000 11.000000 11.909000 0.912927 0.440000 6.667276 2.721061 35.847193 0.916667 0.610233 6.403124 128.659808 3.535534 -135.000000 
31.000000 63.000000 34.427438 8.000000 2.000000 2.812000 0.925820 0.500000 3.055050 1.154701 -45.000000 1.000000 0.709058 2.828427 -135.000000 1.414214 -45.000000 
52.000000 65.000000 75.953991 1.000000 31.000000 20.113000 0.913361 0.775000 10.119431 4.120139 -1.262238 0.968750 0.720367 10.198039 168.690068 4.000000 -90.000000 
58.000000 67.000000 53.206890 1.000000 30.000000 28.284000 0.959560 0.384615 13.623314 3.835042 -10.574175 0.666667 0.381737 13.152946 -171.253838 4.706787 101.309932 
33.000000 67.000000 41.697714 7.000000 7.000000 8.328000 0.930558 0.700000 5.262061 1.926673 -14.678877 0.875000 0.668670 5.385165 -158.198591 2.000000 -90.000000 
14.000000 69.000000 82.576695 1.000000 49.000000 41.938000 0.984170 0.408333 20.405487 3.616391 80.165764 0.700000 0.303002 20.615528 104.036243 4.790491 6.709837 
5.000000 67.000000 226.481007 5.000000 12.000000 9.643000 0.773769 0.800000 5.029344 3.185929 9.416876 1.000000 0.922608 5.385165 158.198591 3.000000 -90.000000 
48.000000 71.000000 63.984583 1.000000 16.000000 14.142000 0.907794 0.571429 7.455034 3.126761 80.275646 0.842105 0.673072 7.280110 105.945396 3.638034 -165.963757 
5.000000 74.000000 195.728381 5.000000 29.000000 19.559000 0.878603 0.805556 9.134666 4.362287 -1.930677 0.966667 0.707186 9.219544 167.471192 4.000000 -90.000000 
54.000000 71.000000 71.547557 1.000000 12.000000 10.313000 0.434445 0.600000 4.423683 3.984403 86.544386 0.923077 0.833010 5.099020 101.309932 4.000000 0.000000 
34.000000 74.000000 52.021392 1.000000 43.000000 41.210000 0.977215 0.358333 22.211287 4.714375 -81.391921 0.589041 0.274701 20.223748 -98.530766 5.257856 173.290163 
12.000000 76.000000 95.409757 1.000000 32.000000 27.176000 0.971640 0.380952 13.913198 3.289980 64.754136 0.888889 0.437492 13.416408 116.565051 4.024922 26.565051 
44.000000 74.000000 51.292471 2.000000 8.000000 10.958000 0.903861 0.533333 6.110101 2.614065 -5.194429 0.666667 0.505693 5.385165 158.198591 3.000000 -90.000000 
57.000000 78.000000 85.657369 1.000000 40.000000 25.257000 0.949337 0.666667 13.222010 4.155131 -10.444868 0.888889 0.623270 12.649111 -161.565051 4.525483 98.130102 
21.000000 78.000000 64.640750 1.000000 11.000000 11.438000 0.783565 0.550000 5.351344 3.324843 66.890562 0.846154 0.650297 5.385165 111.801409 3.794733 18.434949 
53.000000 81.000000 59.253281 6.000000 22.000000 23.140000 0.965032 0.314286 12.437141 3.260187 -35.740947 0.709677 0.400248 11.661904 -149.036243 4.200000 -53.130102 
46.000000 85.000000 52.317251 2.000000 45.000000 40.292000 0.986990 0.450000 21.297286 3.424234 -2.308817 0.671642 0.299758 20.024984 177.137595 4.264706 96.709837 
17.000000 80.000000 133.981940 1.000000 9.000000 10.958000 0.876202 0.600000 5.683321 2.739039 78.760283 0.818182 0.568904 5.385165 111.801409 3.000000 0.000000 
6.000000 82.000000 184.572501 6.000000 26.000000 15.457000 0.679178 0.742857 6.856955 5.032823 6.047379 1.000000 0.944546 7.280110 164.054604 5.000000 -90.000000 
14.000000 81.000000 61.879863 2.000000 5.000000 7.402000 0.882464 0.416667 4.587955 2.158086 64.329904 0.833333 0.565201 4.472136 116.565051 2.529822 -161.565051 
15.000000 83.000000 45.878102 4.000000 2.000000 2.812000 0.925820 0.500000 3.055050 1.154701 45.000000 1.000000 0.709058 2.828427 135.000000 1.414214 45.000000 
10.000000 86.000000 120.414031 1.000000 15.000000 16.400000 0.921793 0.535714 8.415136 3.262401 -78.596311 0.750000 0.493607 7.615773 -113.198591 4.000000 0.000000 
19.000000 86.000000 46.557268 2.000000 5.000000 4.962000 0.765092 0.833333 3.306559 2.129163 -71.565051 1.000000 0.956808 3.605551 -123.690068 2.000000 0.000000 
58.000000 86.000000 83.672612 6.000000 11.000000 10.313000 0.571506 0.687500 4.499158 3.691999 -45.000000 0.916667 0.763592 5.000000 -143.130102 4.000000 -90.000000 
6.000000 89.000000 168.247034 5.000000 29.000000 18.641000 0.742024 0.604167 7.831177 5.249810 -13.831158 0.906250 0.768049 8.246211 165.963757 5.687368 101.309932 
16.000000 88.000000 69.838919 1.000000 20.000000 14.696000 0.836160 0.714286 7.148098 3.920633 -86.139087 0.869565 0.789891 7.280110 105.945396 4.000000 0.000000 
57.000000 89.000000 75.179442 5.000000 18.000000 14.233000 0.833650 0.642857 6.825062 3.769437 -17.499590 0.947368 0.749295 7.280110 -164.054604 4.000000 -90.000000 
20.000000 89.000000 49.417406 1.000000 5.000000 4.962000 0.765092 0.833333 3.306559 2.129163 71.565051 1.000000 0.956808 3.605551 123.690068 2.000000 0.000000 
34.000000 92.000000 43.898912 1.000000 16.000000 15.250000 0.955671 0.666667 8.767952 2.581606 77.858221 0.888889 0.594417 8.544004 110.556045 3.000000 0.000000 
53.000000 92.000000 39.509370 1.000000 11.000000 12.802000 0.960985 0.785714 7.631749 2.110954 -84.041162 0.916667 0.543789 7.280110 -105.945396 2.000000 0.000000 
17.000000 95.000000 84.432891 1.000000 40.000000 30.054000 0.948003 0.476190 14.579954 4.640217 -79.123800 0.784314 0.456151 14.866069 -109.653824 5.260768 -9.462322 
26.000000 95.000000 62.128640 1.000000 8.000000 8.146000 0.864375 0.666667 4.866132 2.446923 68.645305 0.888889 0.789037 5.000000 126.869898 2.846050 18.434949 
8.000000 99.000000 156.684004 2.000000 57.000000 31.534000 0.942547 0.678571 15.448894 5.161075 -5.021258 0.863636 0.595713 14.317821 167.905243 5.918364 99.462322 
59.000000 102.000000 73.129084 1.000000 59.000000 42.972000 0.982388 0.491667 21.365582 3.992220 -10.129346 0.776316 0.348661 20.396078 -168.690068 4.651021 -79.695154 
43.000000 98.000000 39.077656 1.000000 5.000000 8.328000 0.969048 0.500000 6.024504 1.487286 -72.856562 0.714286 0.477622 5.385165 -111.801409 1.897367 -18.434949 
22.000000 98.000000 51.710989 4.000000 3.000000 5.624000 0.970143 0.333333 4.760952 1.154701 45.000000 1.000000 0.490646 4.242641 135.000000 1.414214 45.000000 
27.000000 99.000000 47.357989 1.000000 11.000000 16.400000 0.878497 0.458333 6.946165 3.318509 -66.492701 0.687500 0.361978 7.211103 -123.690068 3.577709 -26.565051 
19.000000 102.000000 45.903077 1.000000 19.000000 23.694000 0.957080 0.271429 12.206508 3.537722 -63.766145 0.633333 0.331544 12.206556 -124.992020 4.273658 150.945396 
31.000000 99.000000 42.077884 1.000000 11.000000 8.791000 0.684690 0.916667 4.496908 3.277500 -15.070693 1.000000 0.970807 5.000000 -143.130102 3.000000 -90.000000 
49.000000 102.000000 34.608939 2.000000 2.000000 1.960000 0.866025 1.000000 2.309401 1.154701 90.000000 1.000000 0.965669 2.236068 116.565051 1.000000 0.000000 
54.000000 103.000000 33.802621 1.000000 9.000000 9.370000 0.924724 0.600000 5.837408 2.221940 -65.300647 0.900000 0.722482 5.830952 -120.963757 2.683282 -26.565051 
42.000000 105.000000 41.532735 5.000000 9.000000 11.810000 0.813284 0.360000 5.691336 3.311604 -42.354959 0.750000 0.505915 5.830952 -149.036243 4.024922 116.565051 
12.000000 106.000000 90.737639 1.000000 16.000000 18.732000 0.934672 0.444444 9.474158 3.368158 -83.552323 0.695652 0.420232 9.219544 -102.528808 4.000000 0.000000 
48.000000 107.000000 65.748068 1.000000 30.000000 25.166000 0.964508 0.576923 12.882450 3.401671 -85.227622 0.833333 0.470463 13.038405 94.398705 3.845077 172.874984 
9.000000 110.000000 142.570077 6.000000 23.000000 20.601000 0.838594 0.718750 8.193326 4.463375 -2.683623 0.884615 0.512721 8.246211 165.963757 4.000000 -90.000000 
28.000000 110.000000 99.094734 1.000000 107.000000 57.924000 0.980840 0.495370 28.688058 5.588865 84.878276 0.737931 0.360579 27.166155 96.340192 7.310633 -177.397438 
44.000000 112.000000 53.646211 1.000000 1.000000 0.000000 0.000000 1.000000 1.154701 1.154701 0.000000 1.000000 1.000000 1.414214 135.000000 1.000000 -90.000000 
56.000000 112.000000 54.931571 8.000000 18.000000 17.624000 0.921266 0.450000 8.703509 3.385085 -19.068726 0.750000 0.524558 8.246211 -165.963757 3.899602 -68.198591 
13.000000 113.000000 91.837114 2.000000 10.000000 15.085000 0.730097 0.400000 5.726560 3.913205 56.874747 0.714286 0.378267 5.385165 111.801409 4.160251 -146.309932 
60.000000 114.000000 39.986615 1.000000 5.000000 4.962000 0.765092 0.833333 3.306559 2.129163 18.434949 1.000000 0.956808 3.605551 146.309932 2.000000 -90.000000 
43.000000 117.000000 48.884668 1.000000 27.000000 31.534000 0.986826 0.421875 16.354465 2.645864 78.623219 0.818182 0.282180 16.492423 104.036243 3.333974 -168.690068 
23.000000 117.000000 53.069147 2.000000 12.000000 9.552000 0.625163 0.750000 4.566475 3.564107 -57.933178 0.923077 0.935884 5.000000 -143.130102 4.000000 -90.000000 
59.000000 119.000000 81.399745 2.000000 27.000000 21.916000 0.931808 0.540000 10.400251 3.774790 -12.659713 0.794118 0.540375 10.198039 -168.690068 4.384062 -81.869898 
11.000000 118.000000 143.089525 6.000000 24.000000 20.411000 0.833082 0.500000 8.066243 4.461833 -26.085692 0.800000 0.543680 8.944272 -153.434949 4.992302 -56.309932 
18.000000 120.000000 113.747568 1.000000 32.000000 25.952000 0.911783 0.457143 11.177620 4.590340 65.493232 0.800000 0.475078 11.401754 127.874984 5.366563 26.565051 
10.000000 121.000000 79.371477 5.000000 11.000000 11.628000 0.882464 0.440000 6.122182 2.879756 -42.661291 0.916667 0.633673 6.403124 -141.340192 3.535534 -45.000000 
24.000000 122.000000 70.553104 1.000000 18.000000 15.656000 0.668891 0.500000 6.050585 4.497769 -38.819910 0.900000 0.640144 6.324555 -161.565051 4.949747 -45.000000 
53.000000 122.000000 35.054838 8.000000 1.000000 0.000000 0.000000 1.000000 1.154701 1.154701 0.000000 1.000000 1.000000 1.414214 135.000000 1.000000 -90.000000 
37.000000 124.000000 63.068260 1.000000 69.000000 51.159000 0.990506 0.552000 27.611263 3.795776 -86.980689 0.758242 0.294069 25.079872 -94.573921 4.227986 176.633539 
49.000000 124.000000 53.489771 2.000000 4.000000 4.590000 0.731925 0.666667 3.055050 2.081666 90.000000 1.000000 0.840876 3.162278 108.434949 2.000000 0.000000 
56.000000 124.000000 42.792093 1.000000 9.000000 8.882000 0.907936 0.900000 5.399179 2.262845 -85.268839 1.000000 0.782319 5.385165 -111.801409 2.000000 0.000000 
18.000000 126.000000 91.860100 1.000000 31.000000 21.891000 0.928418 0.620000 11.036774 4.100569 -89.718346 0.837838 0.621670 10.440307 -106.699244 4.858987 -6.340192 
61.000000 126.000000 80.218323 1.000000 12.000000 13.563000 0.939334 0.571429 7.540907 2.586557 -9.297720 0.857143 0.540405 7.280110 -164.054604 3.000000 -90.000000 
12.000000 126.000000 117.582301 7.000000 13.000000 12.736000 0.877995 0.541667 6.497931 3.110358 23.325020 0.812500 0.648013 6.708204 153.434949 3.882901 56.309932 
23.000000 127.000000 49.007452 12.000000 6.000000 6.459000 0.778499 0.666667 3.829708 2.403701 45.000000 1.000000 0.818022 4.242641 135.000000 2.828427 45.000000 
14.000000 131.000000 131.700905 6.000000 29.000000 16.954000 0.745298 0.725000 7.576184 5.051279 4.185928 1.000000 0.902415 8.246211 165.963757 5.000000 -90.000000 
56.000000 134.000000 49.667951 7.000000 16.000000 19.286000 0.978634 0.400000 11.143046 2.291109 -14.872441 0.761905 0.399728 10.440307 -163.300756 2.884572 105.945396 
19.000000 134.000000 82.274105 1.000000 30.000000 23.231000 0.958883 0.545455 12.361050 3.508087 73.482747 0.833333 0.542033 11.704700 109.983107 4.314555 11.309932 
45.000000 133.000000 33.730069 6.000000 1.000000 0.000000 0.000000 1.000000 1.154701 1.154701 0.000000 1.000000 1.000000 1.414214 135.000000 1.000000 -90.000000 
31.000000 134.000000 32.353821 9.000000 1.000000 0.000000 0.000000 1.000000 1.154701 1.154701 0.000000 1.000000 1.000000 1.414214 135.000000 1.000000 -90.000000 
44.000000 139.000000 68.808064 4.000000 24.000000 22.288000 0.968256 0.436364 11.994661 2.998203 -16.579950 0.774194 0.466383 11.401754 -164.744881 3.745317 -69.443955 
12.000000 137.000000 101.358813 2.000000 10.000000 14.060000 0.915417 0.416667 6.908931 2.780887 71.565051 0.714286 0.424690 6.324555 108.434949 3.162278 18.434949 
35.000000 139.000000 59.462232 1.000000 14.000000 17.343000 0.971909 0.285714 10.064800 2.368833 -45.513261 0.736842 0.419260 9.219544 -139.398705 3.328959 -39.805571 
51.000000 137.000000 74.010585 5.000000 17.000000 14.878000 0.877268 0.809524 7.067762 3.392530 -3.224767 0.894737 0.657914 7.280110 164.054604 3.000000 -90.000000 
15.000000 140.000000 172.320597 3.000000 26.000000 19.195000 0.908950 0.577778 9.417776 3.926315 -10.663582 0.838710 0.654861 9.486833 -161.565051 4.510671 -78.690068 
26.000000 141.000000 58.993393 3.000000 8.000000 13.398000 0.937110 0.320000 7.444170 2.598268 -42.642623 0.615385 0.367494 7.071068 -135.000000 3.400000 -36.869898 
8.000000 140.000000 50.890499 2.000000 12.000000 10.867000 0.723702 0.600000 5.176342 3.572260 5.477031 0.923077 0.768426 5.385165 158.198591 4.000000 -90.000000 
55.000000 139.000000 61.610569 1.000000 7.000000 6.922000 0.856222 0.875000 4.312826 2.228038 -81.650378 1.000000 0.868564 4.472136 -116.565051 2.000000 0.000000 
30.000000 141.000000 54.297201 2.000000 6.000000 5.905000 0.632456 0.666667 3.333333 2.581989 45.000000 1.000000 0.921279 3.605551 123.690068 2.828427 45.000000 
53.000000 143.000000 70.174271 1.000000 15.000000 15.176000 0.899434 0.500000 7.295753 3.188659 -31.548213 0.882353 0.561777 7.810250 -140.194429 3.772969 -59.036243 
59.000000 141.000000 120.835702 1.000000 12.000000 10.867000 0.821020 0.800000 5.477226 3.126944 -78.690068 0.923077 0.768426 5.830952 -120.963757 3.000000 0.000000 
13.000000 144.000000 90.337695 1.000000 15.000000 16.383000 0.912444 0.416667 8.153839 3.336568 -49.210788 0.750000 0.494467 8.485281 -135.000000 4.242641 135.000000 
31.000000 143.000000 42.460752 1.000000 3.000000 3.920000 0.942809 1.000000 3.464102 1.154701 90.000000 1.000000 0.756007 3.162278 108.434949 1.000000 0.000000 
7.000000 144.000000 43.021933 3.000000 10.000000 9.370000 0.843828 0.625000 5.200028 2.790407 42.855423 0.909091 0.802758 5.656854 135.000000 3.535534 45.000000 
21.000000 146.000000 89.671223 1.000000 35.000000 30.360000 0.968259 0.336538 15.626716 3.905906 62.817098 0.686275 0.391874 14.422205 123.690068 5.366563 -153.434949 
10.000000 145.000000 46.599485 2.000000 4.000000 4.408000 0.870424 0.666667 3.435909 1.691507 -31.717474 1.000000 0.881907 3.605551 -146.309932 2.000000 -90.000000 
39.000000 145.000000 88.977174 8.000000 19.000000 14.051000 0.813333 0.633333 6.750478 3.927414 -32.659500 0.950000 0.807757 7.071068 -135.000000 4.437602 123.690068 
51.000000 149.000000 61.963507 1.000000 33.000000 26.324000 0.844852 0.611111 10.535735 5.636619 -13.463087 0.750000 0.477632 10.816654 -146.309932 6.000000 -90.000000 
47.000000 147.000000 61.785500 1.000000 14.000000 13.952000 0.903559 0.500000 7.098924 3.041634 -7.238698 0.875000 0.602104 7.280110 -164.054604 3.880570 -75.963757 
58.000000 150.000000 83.892710 1.000000 24.000000 23.802000 0.587499 0.500000 7.602188 6.151880 56.604533 0.750000 0.415442 8.246211 104.036243 6.000000 0.000000 
32.000000 150.000000 50.432817 1.000000 2.000000 1.960000 0.866025 1.000000 2.309401 1.154701 0.000000 1.000000 0.965669 2.236068 153.434949 1.000000 -90.000000 
44.000000 150.000000 115.934408 1.000000 24.000000 17.343000 0.889808 0.489796 8.549038 3.901218 -47.381821 0.960000 0.718731 8.602325 -144.462322 4.242641 -45.000000 
13.000000 151.000000 72.325722 6.000000 29.000000 21.544000 0.701024 0.604167 7.853113 5.600348 19.953441 0.852941 0.598027 8.544004 159.443955 6.000000 -90.000000 
21.000000 153.000000 96.209091 1.000000 28.000000 24.703000 0.933214 0.560000 10.900274 3.916694 -80.516299 0.777778 0.453823 10.770330 -111.801409 4.101219 -8.130102 
56.000000 154.000000 115.377002 5.000000 13.000000 16.218000 0.940398 0.371429 8.523763 2.898734 -62.641254 0.650000 0.435874 7.615773 -113.198591 3.577709 153.434949 
28.000000 155.000000 85.795014 9.000000 9.000000 10.776000 0.938527 0.500000 6.635981 2.290787 -73.316817 0.818182 0.583881 6.324555 -108.434949 2.667892 165.963757 
14.000000 156.000000 123.122091 5.000000 18.000000 15.176000 0.750261 0.750000 6.264348 4.141619 19.049836 0.900000 0.674133 7.211103 146.309932 4.000000 -90.000000 
48.000000 157.000000 134.753673 1.000000 40.000000 24.819000 0.889091 0.571429 11.561231 5.291938 26.044435 0.833333 0.642950 11.180340 153.434949 6.324555 71.565051 
54.000000 158.000000 128.756593 2.000000 18.000000 17.880000 0.896760 0.428571 8.437679 3.733816 -52.293804 0.720000 0.511860 8.602325 -144.462322 4.529039 -38.659808 
60.000000 157.000000 128.910818 1.000000 7.000000 7.592000 0.815930 0.583333 4.429339 2.560825 -71.565051 0.875000 0.763515 4.472136 -116.565051 2.846050 161.565051 
9.000000 159.000000 38.983683 5.000000 2.000000 1.960000 0.866025 1.000000 2.309401 1.154701 0.000000 1.000000 0.965669 2.236068 153.434949 1.000000 -90.000000 
20.000000 160.000000 71.305415 1.000000 1.000000 0.000000 0.000000 1.000000 1.154701 1.154701 0.000000 1.000000 1.000000 1.414214 135.000000 1.000000 -90.000000 
31.000000 159.000000 127.000092 1.000000 18.000000 19.286000 0.962615 0.600000 10.355794 2.805109 -81.147189 0.782609 0.449694 10.198039 -101.309932 3.000000 0.000000 
40.000000 161.000000 131.649005 1.000000 26.000000 20.510000 0.928168 0.577778 10.074036 3.749161 -72.488106 0.866667 0.584067 9.848858 -113.962489 4.110961 -18.434949 
59.000000 162.000000 132.746314 2.000000 12.000000 10.313000 0.849837 0.600000 5.656854 2.981424 -56.309932 0.923077 0.833010 5.830952 -120.963757 3.535534 -45.000000 
15.000000 162.000000 103.788341 5.000000 18.000000 12.273000 0.757462 0.720000 6.041012 3.944053 -45.000000 1.000000 0.951959 6.403124 -141.340192 4.242641 -45.000000 
27.000000 162.000000 79.874339 1.000000 15.000000 17.326000 0.970519 0.416667 9.978330 2.405004 -75.979090 0.789474 0.449953 9.219544 -102.528808 2.884572 164.054604 
36.000000 162.000000 55.969157 3.000000 3.000000 3.093000 0.730297 0.750000 2.581989 1.763834 -45.000000 1.000000 0.969873 2.828427 -135.000000 2.000000 -90.000000 
10.000000 163.000000 32.102313 3.000000 1.000000 0.000000 0.000000 1.000000 1.154701 1.154701 0.000000 1.000000 1.000000 1.414214 135.000000 1.000000 -90.000000 
13.000000 164.000000 61.723361 5.000000 5.000000 5.814000 0.743786 0.555556 3.529850 2.359413 -55.900705 0.833333 0.783414 3.605551 -146.309932 2.683282 153.434949 
33.000000 164.000000 64.328402 2.000000 7.000000 8.328000 0.930558 0.700000 5.262061 1.926673 75.321123 0.875000 0.668670 5.385165 111.801409 2.000000 0.000000 
41.000000 168.000000 172.553235 1.000000 37.000000 22.859000 0.925833 0.528571 11.460931 4.331455 31.076409 0.925000 0.687773 11.661904 149.036243 5.200000 53.130102 
48.000000 165.000000 82.333309 1.000000 13.000000 16.193000 0.917209 0.464286 8.075559 3.217363 -69.248918 0.722222 0.437002 7.615773 -113.198591 3.713907 -21.801409 
15.000000 174.000000 139.474667 1.000000 76.000000 44.642000 0.981283 0.452381 24.023292 4.626152 12.276803 0.783505 0.418279 21.840330 164.054604 5.651515 79.380345 
28.000000 166.000000 64.996935 1.000000 13.000000 14.142000 0.936286 0.619048 7.615569 2.674880 81.221152 0.812500 0.546871 7.280110 105.945396 3.000000 0.000000 
55.000000 167.000000 157.296263 1.000000 35.000000 24.083000 0.916808 0.636364 11.213411 4.477833 87.084816 0.795455 0.593410 11.180340 100.304846 5.000000 0.000000 
49.000000 169.000000 56.895781 1.000000 5.000000 4.962000 0.765092 0.833333 3.306559 2.129163 -71.565051 1.000000 0.956808 3.605551 -123.690068 2.000000 0.000000 
9.000000 173.000000 44.716862 1.000000 10.000000 13.290000 0.972850 0.476190 8.445485 1.954595 16.355374 0.769231 0.465426 7.615773 156.801409 2.425356 -104.036243 
23.000000 171.000000 49.082954 1.000000 6.000000 8.328000 0.951618 0.600000 5.664082 1.740486 -75.344996 0.857143 0.573146 5.385165 -111.801409 2.000000 0.000000 
45.000000 170.000000 46.965137 1.000000 2.000000 1.960000 0.866025 1.000000 2.309401 1.154701 90.000000 1.000000 0.965669 2.236068 116.565051 1.000000 0.000000 
59.000000 172.000000 136.315343 1.000000 24.000000 22.305000 0.870414 0.444444 9.349963 4.603184 26.060401 0.750000 0.465760 9.848858 156.037511 5.400000 53.130102 
34.000000 174.000000 106.386368 1.000000 30.000000 32.419000 0.914560 0.389610 13.284664 5.372972 75.125848 0.600000 0.298121 11.401754 105.255119 6.201737 -172.874984 
42.000000 174.000000 105.396730 1.000000 15.000000 22.561000 0.963457 0.416667 11.161222 2.989689 82.588764 0.555556 0.285330 9.848858 113.962489 3.880570 -165.963757 
51.000000 174.000000 136.717043 1.000000 44.000000 23.140000 0.756870 0.628571 9.508791 6.214617 77.905510 0.897959 0.800496 10.198039 101.309932 6.640783 18.434949 
25.000000 177.000000 121.053983 1.000000 22.000000 15.341000 0.843433 0.785714 7.515370 4.037521 -89.245662 0.956522 0.809295 7.615773 -113.198591 4.000000 0.000000 
44.000000 178.000000 119.019991 1.000000 39.000000 26.688000 0.928470 0.541667 12.849010 4.772220 86.318255 0.764706 0.550782 12.165525 99.462322 5.953667 7.125016 
33.000000 178.000000 141.807164 1.000000 22.000000 16.383000 0.914513 0.687500 8.643176 3.496662 74.947067 0.880000 0.725218 8.544004 110.556045 4.000000 0.000000 
49.000000 182.000000 160.240499 1.000000 49.000000 43.286000 0.978871 0.240196 21.956510 4.489637 62.070614 0.597561 0.285663 20.808652 125.217593 5.487955 30.963757 
24.000000 181.000000 87.421591 1.000000 42.000000 40.665000 0.889860 0.461538 14.519149 6.624131 -87.418711 0.608696 0.275030 13.152946 -98.746162 7.000000 0.000000 
36.000000 183.000000 171.643290 5.000000 24.000000 19.195000 0.896533 0.750000 9.262944 4.103262 4.729264 0.827586 0.604487 8.544004 159.443955 4.000000 -90.000000 
57.000000 183.000000 56.811394 5.000000 5.000000 4.962000 0.765092 0.833333 3.306559 2.129163 18.434949 1.000000 0.956808 3.605551 146.309932 2.000000 -90.000000 
40.000000 185.000000 120.840598 1.000000 6.000000 9.089000 0.843837 0.500000 4.699494 2.521745 23.645305 0.750000 0.504041 4.472136 153.434949 2.683282 63.434949 
59.000000 185.000000 86.348583 2.000000 11.000000 9.089000 0.724342 0.687500 4.678064 3.225246 41.028264 1.000000 0.924076 5.000000 126.869898 3.535534 45.000000 
10.000000 185.000000 84.475119 5.000000 4.000000 4.590000 0.731925 0.666667 3.055050 2.081666 90.000000 1.000000 0.840876 3.162278 108.434949 2.000000 0.000000 
16.000000 186.000000 47.789949 1.000000 1.000000 0.000000 0.000000 1.000000 1.154701 1.154701 0.000000 1.000000 1.000000 1.414214 135.000000 1.000000 -90.000000 
11.000000 189.000000 125.988439 1.000000 25.000000 16.400000 0.682079 0.714286 6.777876 4.956517 15.340641 0.925926 0.822678 7.280110 164.054604 5.000000 -90.000000 
51.000000 188.000000 180.033691 1.000000 47.000000 33.825000 0.934663 0.435185 15.162751 5.390905 64.916278 0.691176 0.432204 13.601471 126.027373 6.685032 21.801409 
22.000000 190.000000 44.847509 4.000000 6.000000 7.220000 0.934535 0.500000 4.985233 1.774106 39.690172 1.000000 0.702276 5.000000 143.130102 2.121320 45.000000 
42.000000 189.000000 100.105114 3.000000 16.000000 16.011000 0.918894 0.571429 8.184783 3.228931 -65.259447 0.842105 0.548119 8.062258 -119.744881 4.000000 0.000000 
37.000000 191.000000 153.062601 2.000000 28.000000 21.825000 0.929722 0.622222 10.662011 3.926418 -13.487416 0.777778 0.564481 10.295630 -150.945396 4.510671 -78.690068 
59.000000 193.000000 85.584838 2.000000 32.000000 28.466000 0.920993 0.581818 13.056281 5.086459 -7.400301 0.666667 0.402510 11.704700 -160.016893 5.000000 -90.000000 
53.000000 193.000000 115.712113 1.000000 24.000000 20.436000 0.935017 0.380952 10.204349 3.618491 59.252209 0.827586 0.542528 9.848858 113.962489 4.529039 -141.340192 
16.000000 193.000000 88.976779 1.000000 21.000000 21.453000 0.959915 0.525000 10.933164 3.064488 -79.761738 0.750000 0.436265 10.440307 -106.699244 3.452379 170.537678 
43.000000 193.000000 97.280006 1.000000 18.000000 25.299000 0.758379 0.514286 7.860985 5.123896 78.552279 0.620690 0.279644 7.615773 113.198591 5.000000 0.000000 
10.000000 196.000000 159.877273 3.000000 29.000000 18.823000 0.866862 0.644444 9.040865 4.507312 11.312663 0.906250 0.755373 9.219544 167.471192 4.902903 78.690068 
29.000000 196.000000 33.805148 11.000000 2.000000 1.960000 0.866025 1.000000 2.309401 1.154701 90.000000 1.000000 0.965669 2.236068 116.565051 1.000000 0.000000 
19.000000 200.000000 75.536296 1.000000 18.000000 18.178000 0.941683 0.375000 9.331568 3.140082 62.907275 0.750000 0.497651 9.219544 130.601295 3.807887 23.198591 
35.000000 200.000000 90.570739 2.000000 27.000000 21.453000 0.936504 0.540000 10.817747 3.793316 10.356895 0.818182 0.560912 10.198039 168.690068 4.438773 -99.462322 
41.000000 197.000000 115.186567 1.000000 19.000000 16.863000 0.772674 0.527778 6.975337 4.427968 -41.318217 0.760000 0.596629 7.211103 -146.309932 5.656854 135.000000 
47.000000 198.000000 120.784545 2.000000 25.000000 30.815000 0.838074 0.446429 10.009158 5.460569 28.785188 0.675676 0.272459 9.433981 147.994617 5.659453 -120.963757 
13.000000 201.000000 77.709687 1.000000 13.000000 12.918000 0.861090 0.722222 6.182852 3.143691 -79.632383 0.866667 0.633409 6.324555 -108.434949 3.000000 0.000000 
54.000000 201.000000 93.903243 1.000000 27.000000 18.087000 0.881273 0.551020 8.910472 4.211153 45.938270 0.900000 0.752889 9.219544 130.601295 4.949747 45.000000 
7.000000 210.000000 125.854604 4.000000 95.000000 44.634000 0.960106 0.646259 21.549173 6.025943 7.618506 0.863636 0.523024 21.213203 171.869898 6.766545 -98.746162 
59.000000 202.000000 87.475208 1.000000 17.000000 15.457000 0.911003 0.607143 7.921429 3.266796 15.983322 0.809524 0.617588 8.062258 150.255119 4.000000 -90.000000 
47.000000 203.000000 76.439390 2.000000 1.000000 0.000000 0.000000 1.000000 1.154701 1.154701 0.000000 1.000000 1.000000 1.414214 135.000000 1.000000 -90.000000 
19.000000 208.000000 74.133852 1.000000 51.000000 30.468000 0.954420 0.386364 15.301349 4.566924 -40.752186 0.864407 0.567353 14.866069 -137.726311 5.314796 130.601295 
34.000000 204.000000 45.722333 6.000000 2.000000 1.960000 0.866025 1.000000 2.309401 1.154701 90.000000 1.000000 0.965669 2.236068 116.565051 1.000000 0.000000 
38.000000 206.000000 55.176349 1.000000 28.000000 34.073000 0.965500 0.222222 18.843028 4.906766 58.954054 0.482759 0.254063 16.124515 119.744881 5.734623 34.992020 
61.000000 205.000000 33.494084 1.000000 2.000000 2.812000 0.925820 0.500000 3.055050 1.154701 45.000000 1.000000 0.709058 2.828427 135.000000 1.414214 45.000000 
47.000000 207.000000 64.630101 1.000000 16.000000 13.108000 0.873719 0.666667 6.880425 3.346851 -64.763227 0.888889 0.761456 7.211103 -123.690068 4.000000 0.000000 
51.000000 207.000000 77.624888 1.000000 21.000000 24.918000 0.721471 0.500000 7.545198 5.224629 9.949600 0.724138 0.335171 7.615773 -156.801409 5.692100 -108.434949 
59.000000 209.000000 111.201069 1.000000 24.000000 24.447000 0.874964 0.533333 9.195861 4.452532 2.732985 0.705882 0.396243 9.486833 161.565051 5.000000 -90.000000 
34.000000 215.000000 70.226483 1.000000 40.000000 38.887000 0.989298 0.213904 21.889844 3.193961 56.497426 0.677966 0.284564 19.723083 120.465545 4.606821 30.256437 
14.000000 211.000000 59.058170 2.000000 7.000000 6.922000 0.856222 0.875000 4.312826 2.228038 -81.650378 1.000000 0.868564 4.472136 -116.565051 2.000000 0.000000 
18.000000 213.000000 84.542730 1.000000 17.000000 13.588000 0.825962 0.607143 6.546724 3.690558 -79.341044 0.944444 0.763287 7.280110 -105.945396 4.000000 0.000000 
52.000000 214.000000 74.766916 1.000000 28.000000 30.724000 0.786375 0.400000 10.500590 6.486736 12.254621 0.636364 0.306797 10.198039 -168.690068 7.000000 -90.000000 
15.000000 215.000000 47.888708 2.000000 5.000000 6.550000 0.889464 0.625000 4.253087 1.943686 84.847577 1.000000 0.668944 4.123106 104.036243 2.000000 0.000000 
23.000000 215.000000 79.532475 1.000000 13.000000 14.051000 0.839112 0.541667 6.442733 3.504585 14.112667 0.764706 0.552676 7.211103 146.309932 3.880570 75.963757 
42.000000 219.000000 45.488967 4.000000 6.000000 14.060000 0.992933 0.166667 9.729680 1.154701 45.000000 1.000000 0.254814 8.485281 135.000000 1.414214 45.000000 
59.000000 215.000000 96.424047 3.000000 17.000000 14.605000 0.712622 0.566667 6.085600 4.269343 -2.872079 0.809524 0.678311 6.708204 153.434949 4.365641 -75.963757 
14.000000 221.000000 124.477614 1.000000 49.000000 31.443000 0.952512 0.653333 15.509213 4.722560 -85.263374 0.816667 0.514802 15.297059 101.309932 5.000000 0.000000 
24.000000 219.000000 59.756694 1.000000 9.000000 11.322000 0.926779 0.500000 6.438906 2.418497 -73.154966 0.900000 0.540630 6.324555 -108.434949 3.000000 0.000000 
54.000000 221.000000 42.385433 7.000000 14.000000 16.218000 0.966809 0.350000 9.221387 2.356068 -28.685422 0.777778 0.469403 8.944272 -153.434949 3.050851 -56.309932 
49.000000 224.000000 56.885443 1.000000 27.000000 21.891000 0.967211 0.613636 12.308146 3.125949 8.928452 0.843750 0.541454 11.401754 164.744881 3.535534 -98.130102 
5.000000 223.000000 130.841480 3.000000 22.000000 14.878000 0.800304 0.785714 7.126561 4.273050 0.000000 1.000000 0.851418 7.280110 164.054604 4.000000 -90.000000 
36.000000 222.000000 34.120797 1.000000 5.000000 7.683000 0.886943 0.625000 4.826670 2.229333 83.952621 0.714286 0.536237 4.472136 116.565051 2.000000 0.000000 
20.000000 222.000000 56.736788 3.000000 1.000000 0.000000 0.000000 1.000000 1.154701 1.154701 0.000000 1.000000 1.000000 1.414214 135.000000 1.000000 -90.000000 
29.000000 226.000000 42.594190 1.000000 10.000000 14.208000 0.977675 0.625000 8.456320 1.776884 -79.721977 0.833333 0.417476 8.246211 -104.036243 2.000000 0.000000 
10.000000 226.000000 77.693269 1.000000 18.000000 19.377000 0.964730 0.500000 10.595733 2.789234 -84.220236 0.692308 0.446067 9.219544 102.528808 3.252691 -8.130102 
16.000000 227.000000 56.505331 1.000000 7.000000 10.288000 0.416652 0.777778 3.879126 3.526383 0.000000 0.777778 0.487733 4.242641 135.000000 3.000000 -90.000000 
39.000000 229.000000 37.962056 3.000000 11.000000 20.618000 0.979811 0.196429 11.664941 2.332123 55.997633 0.647059 0.244864 10.630146 131.185925 3.123475 -141.340192 
5.000000 232.000000 134.928664 5.000000 28.000000 21.221000 0.956432 0.848485 11.403156 3.329217 2.401414 0.965517 0.592817 11.180340 169.695154 3.000000 -90.000000 
14.000000 231.000000 50.886380 1.000000 16.000000 19.766000 0.838293 0.380952 8.229375 4.486819 -48.431846 0.695652 0.383152 8.062258 -119.744881 4.949747 -45.000000 
24.000000 231.000000 51.511925 1.000000 5.000000 7.840000 0.979796 1.000000 5.773503 1.154701 90.000000 1.000000 0.521014 5.099020 101.309932 1.000000 0.000000 
31.000000 232.000000 63.240063 1.000000 15.000000 18.641000 0.972173 0.416667 9.973257 2.336361 -73.551659 0.750000 0.397267 9.848858 -113.962489 2.846050 -18.434949 
26.000000 233.000000 35.424129 7.000000 3.000000 3.920000 0.942809 1.000000 3.464102 1.154701 0.000000 1.000000 0.756007 3.162278 161.565051 1.000000 -90.000000 
49.000000 236.000000 44.371086 1.000000 21.000000 29.392000 0.980277 0.350000 16.475140 3.255995 -83.414879 0.552632 0.249325 15.132746 -97.594643 3.528039 -4.398705 
37.000000 235.000000 46.812001 1.000000 5.000000 6.368000 0.923687 0.625000 4.492622 1.721341 -69.006394 1.000000 0.694794 4.472136 -116.565051 2.000000 0.000000 
